0 207
8 207
16 208
24 207
32 207
40 207
48 206
56 206
64 206
72 205
80 205
88 204
96 204
104 204
112 204
120 205
128 206
136 206
144 207
152 208
160 208
168 208
176 208
184 207
192 206
200 205
208 204
216 203
224 203
232 204
240 205
248 206
256 207
264 208
272 208
280 208
288 208
296 207
304 207
312 206
320 206
328 205
336 205
344 205
352 205
360 204
368 204
376 205
384 205
392 206
400 206
408 207
416 208
424 209
432 209
440 208
448 208
456 207
464 206
472 206
480 205
488 205
496 205
504 205
512 206
520 206
528 206
536 206
544 205
552 205
560 205
568 205
576 205
584 206
592 206
600 207
608 207
616 208
624 208
632 208
640 207
648 207
656 206
664 206
672 205
680 205
688 205
696 205
704 205
712 205
720 206
728 206
736 206
744 206
752 206
760 206
768 206
776 206
784 206
792 206
800 205
808 205
816 204
824 204
832 205
840 205
848 206
856 207
864 208
872 208
880 208
888 207
896 206
904 205
912 204
920 204
928 204
936 204
944 205
952 206
960 207
968 208
976 209
984 209
992 208
1000 207
1008 206
1016 205
1024 204
1032 203
1040 203
1048 204
1056 205
1064 206
1072 207
1080 208
1088 209
1096 209
1104 208
1112 208
1120 207
1128 206
1136 205
1144 204
1152 204
1160 204
1168 205
1176 205
1184 206
