0 209
8 209
16 209
24 209
32 209
40 209
48 209
56 209
64 208
72 208
80 208
88 208
96 208
104 208
112 208
120 208
128 208
136 209
144 209
152 209
160 210
168 209
176 209
184 209
192 208
200 208
208 208
216 207
224 207
232 208
240 208
248 209
256 209
264 209
272 209
280 209
288 209
296 209
304 209
312 209
320 208
328 208
336 208
344 208
352 208
360 208
368 208
376 208
384 208
392 208
400 209
408 209
416 209
424 210
432 210
440 210
448 209
456 209
464 209
472 208
480 208
488 208
496 208
504 208
512 208
520 209
528 209
536 208
544 208
552 208
560 208
568 208
576 208
584 208
592 209
600 209
608 209
616 209
624 209
632 209
640 209
648 209
656 209
664 208
672 208
680 208
688 208
696 208
704 208
712 208
720 208
728 208
736 208
744 209
752 209
760 209
768 209
776 209
784 209
792 208
800 208
808 208
816 208
824 208
832 208
840 208
848 208
856 209
864 209
872 209
880 209
888 209
896 209
904 208
912 208
920 208
928 207
936 208
944 208
952 209
960 209
968 210
976 210
984 210
992 209
1000 209
1008 208
1016 208
1024 208
1032 208
1040 208
1048 208
1056 208
1064 209
1072 209
1080 209
1088 210
1096 210
1104 210
1112 209
1120 209
1128 209
1136 208
1144 208
1152 208
1160 208
1168 208
1176 208
1184 209
