0 221
8 225
16 227
24 227
32 226
40 223
48 219
56 214
64 208
72 203
80 199
88 196
96 195
104 196
112 199
120 204
128 212
136 220
144 226
152 230
160 231
168 230
176 226
184 219
190 211
197 203
205 197
213 193
221 193
229 194
237 198
245 206
252 214
260 222
268 227
276 230
284 230
292 229
300 226
308 221
316 215
324 209
332 204
340 201
348 198
356 197
364 197
372 198
380 201
388 206
396 213
404 221
412 227
420 230
428 232
436 231
444 229
452 225
460 219
468 214
476 209
484 206
492 205
500 205
508 205
516 206
524 206
532 206
540 206
548 205
556 204
564 205
572 206
580 209
588 213
596 218
604 222
612 225
620 226
628 226
636 225
644 222
652 218
660 213
668 210
676 207
684 205
692 204
700 205
708 206
716 208
724 210
732 213
740 215
748 217
756 218
764 217
772 216
780 213
788 209
796 206
804 202
812 201
820 201
828 203
836 207
844 213
852 219
860 223
868 226
876 226
884 223
892 218
900 210
908 203
916 198
924 197
932 198
940 202
948 210
955 218
962 226
970 230
978 232
986 231
994 228
1002 220
1008 212
1013 204
1021 197
1029 193
1037 192
1045 194
1053 198
1061 205
1066 213
1072 221
1080 228
1088 232
1096 233
1104 232
1112 228
1120 221
1127 213
1135 205
1143 200
1151 198
1159 197
1167 199
1175 203
1183 209
1191 215
