0 209
8 211
16 212
24 212
32 211
40 209
48 207
56 204
64 201
72 198
80 195
88 193
96 193
104 193
112 195
120 198
128 202
136 207
144 211
152 214
160 215
168 214
176 212
184 207
192 201
200 196
208 192
216 191
224 191
232 193
240 197
248 202
256 207
264 211
272 213
280 214
288 214
296 212
304 210
312 206
320 203
328 200
336 197
344 195
352 194
360 194
368 194
376 195
384 198
392 202
400 206
408 210
416 213
424 215
432 216
440 215
448 212
456 209
464 206
472 202
480 200
488 199
496 199
504 199
512 199
520 200
528 200
536 200
544 199
552 198
560 198
568 199
576 200
584 202
592 205
600 208
608 210
616 212
624 212
632 211
640 210
648 208
656 205
664 203
672 201
680 199
688 198
696 198
704 199
712 200
720 201
728 203
736 204
744 205
752 206
760 206
768 206
776 205
784 203
792 200
800 198
808 196
816 196
824 196
832 198
840 201
848 205
856 209
864 211
872 212
880 211
888 208
896 204
904 199
912 196
920 193
928 193
936 195
944 199
952 205
960 210
968 214
976 216
984 216
992 213
1000 209
1008 203
1016 197
1024 193
1032 190
1040 190
1048 192
1056 196
1064 202
1072 208
1080 213
1088 216
1096 216
1104 215
1112 213
1120 208
1128 203
1136 198
1144 195
1152 194
1160 194
1168 195
1176 198
1184 202
