0 211
8 212
16 212
24 212
32 212
40 211
48 210
56 208
64 207
72 206
80 204
88 204
96 203
104 203
112 204
120 205
128 207
136 210
144 212
152 213
160 214
168 213
176 212
184 210
192 207
200 205
208 203
216 202
224 202
232 203
240 205
248 208
256 210
264 212
272 213
280 213
288 213
296 212
304 211
312 209
320 208
328 207
336 206
344 205
352 204
360 204
368 204
376 205
384 206
392 207
400 209
408 211
416 213
424 214
432 214
440 214
448 213
456 211
464 209
472 207
480 206
488 206
496 206
504 206
512 207
520 207
528 207
536 207
544 206
552 206
560 206
568 206
576 206
584 208
592 209
600 210
608 212
616 212
624 212
632 212
640 211
648 210
656 209
664 208
672 207
680 206
688 206
696 206
704 206
712 207
720 207
728 208
736 208
744 209
752 209
760 209
768 209
776 209
784 208
792 207
800 206
808 205
816 204
824 204
832 205
840 207
848 209
856 210
864 212
872 212
880 212
888 211
896 209
904 206
912 204
920 203
928 203
936 204
944 206
952 209
960 211
968 213
976 215
984 214
992 213
1000 211
1008 208
1016 205
1024 203
1032 202
1040 202
1048 203
1056 205
1064 208
1072 210
1080 213
1088 214
1096 215
1104 214
1112 213
1120 210
1128 208
1136 206
1144 204
1152 204
1160 204
1168 205
1176 206
1184 208
