0 203
8 204
16 204
24 204
32 203
40 203
48 203
56 202
64 202
72 202
80 201
88 201
96 201
104 201
112 201
120 201
128 202
136 203
144 203
152 204
160 204
168 204
176 204
184 203
192 202
200 201
208 200
216 200
224 200
232 201
240 201
248 202
256 203
264 204
272 204
280 204
288 204
296 204
304 203
312 203
320 202
328 202
336 202
344 201
352 201
360 201
368 201
376 201
384 202
392 202
400 203
408 203
416 204
424 205
432 205
440 204
448 204
456 203
464 203
472 202
480 202
488 202
496 202
504 202
512 202
520 202
528 202
536 202
544 202
552 202
560 201
568 201
576 202
584 202
592 203
600 203
608 204
616 204
624 204
632 204
640 203
648 203
656 203
664 202
672 202
680 202
688 202
696 202
704 202
712 202
720 202
728 202
736 202
744 202
752 203
760 203
768 203
776 203
784 202
792 202
800 202
808 201
816 201
824 201
832 201
840 202
848 202
856 203
864 204
872 204
880 204
888 203
896 203
904 202
912 201
920 200
928 200
936 201
944 202
952 203
960 204
968 204
976 205
984 205
992 204
1000 203
1008 202
1016 201
1024 201
1032 200
1040 200
1048 201
1056 201
1064 202
1072 203
1080 204
1088 205
1096 205
1104 204
1112 204
1120 203
1128 202
1136 202
1144 201
1152 201
1160 201
1168 201
1176 202
1184 202
