0 213
8 216
16 217
24 217
32 216
40 214
48 211
56 207
64 203
72 200
80 197
88 195
96 194
104 194
112 196
120 200
128 205
136 211
144 216
152 219
160 220
168 219
176 216
184 211
192 204
200 198
208 194
216 192
224 192
232 194
240 198
248 204
256 211
264 215
272 218
280 219
288 219
296 217
304 214
312 210
320 206
328 203
336 199
344 197
352 195
360 195
368 195
376 197
384 200
392 205
400 210
408 215
416 218
424 220
432 221
440 220
448 217
456 214
464 209
472 205
480 203
488 201
496 201
504 201
512 202
520 202
528 202
536 202
544 201
552 201
560 201
568 201
576 203
584 206
592 209
600 212
608 215
616 216
624 217
632 216
640 214
648 212
656 209
664 206
672 203
680 202
688 201
696 201
704 201
712 202
720 204
728 206
736 208
744 209
752 210
760 210
768 210
776 208
784 206
792 203
800 200
808 198
816 197
824 198
832 200
840 204
848 209
856 213
864 216
872 217
880 216
888 212
896 208
904 202
912 197
920 195
928 195
936 197
944 201
952 208
960 215
968 219
976 221
984 221
992 218
1000 213
1008 206
1016 199
1024 194
1032 192
1040 191
1048 194
1056 198
1064 205
1072 212
1080 218
1088 221
1096 222
1104 221
1112 218
1120 213
1128 206
1136 201
1144 197
1152 195
1160 195
1168 197
1176 200
1184 205
