0 204
8 206
16 207
24 207
32 206
40 205
48 203
56 200
64 198
72 196
80 194
88 192
96 192
104 192
112 193
120 196
128 199
136 203
144 206
152 208
160 209
168 209
176 206
184 203
192 198
200 194
208 192
216 190
224 190
232 192
240 195
248 199
256 203
264 206
272 208
280 208
288 208
296 207
304 205
312 202
320 200
328 198
336 196
344 194
352 193
360 193
368 193
376 194
384 196
392 199
400 202
408 205
416 208
424 209
432 210
440 209
448 207
456 204
464 202
472 199
480 197
488 197
496 196
504 197
512 197
520 198
528 198
536 197
544 197
552 196
560 196
568 196
576 198
584 199
592 201
600 204
608 205
616 207
624 207
632 206
640 205
648 203
656 201
664 200
672 198
680 197
688 196
696 196
704 197
712 197
720 198
728 199
736 200
744 201
752 202
760 202
768 202
776 201
784 200
792 198
800 196
808 195
816 194
824 194
832 196
840 198
848 201
856 204
864 206
872 207
880 206
888 204
896 201
904 197
912 194
920 192
928 192
936 194
944 197
952 201
960 205
968 208
976 210
984 210
992 208
1000 204
1008 200
1016 195
1024 192
1032 190
1040 190
1048 192
1056 195
1064 199
1072 204
1080 207
1088 209
1096 210
1104 209
1112 207
1120 204
1128 200
1136 196
1144 194
1152 193
1160 193
1168 194
1176 196
1184 199
