0 225
8 229
16 231
24 231
32 230
40 227
48 222
56 216
64 209
72 203
80 199
88 196
96 195
104 196
112 199
120 204
127 212
133 220
140 228
148 233
156 235
164 235
172 233
180 227
187 219
192 211
197 203
205 196
213 193
221 192
229 194
237 198
245 206
250 214
256 222
264 229
272 233
280 234
288 234
296 232
304 228
312 222
320 214
328 208
336 203
344 199
352 197
360 196
368 197
376 200
384 204
392 212
400 220
407 228
415 233
423 236
431 236
439 235
447 232
455 227
463 220
471 214
479 209
487 207
495 206
503 206
511 207
519 207
527 208
535 207
543 206
551 206
559 206
567 207
575 209
583 213
591 218
599 223
607 227
615 230
623 231
631 230
639 228
647 224
655 219
663 214
671 210
679 207
687 206
695 205
703 206
711 208
719 211
727 214
735 217
743 219
751 221
759 221
767 220
775 218
783 214
791 210
799 205
807 202
815 201
823 202
831 205
839 210
847 218
855 225
863 228
871 230
879 229
887 225
895 218
901 210
909 203
917 198
925 197
933 198
941 203
948 211
953 219
959 227
967 234
975 236
983 236
991 234
999 228
1005 220
1009 212
1014 204
1022 196
1030 193
1038 192
1046 194
1054 198
1061 206
1066 214
1070 222
1077 230
1085 235
1093 237
1101 237
1109 234
1117 228
1124 220
1130 212
1137 204
1145 199
1153 197
1161 198
1169 200
1177 205
1185 212
