0 215
8 215
16 215
24 215
32 215
40 215
48 215
56 215
64 215
72 215
80 215
88 215
96 214
104 214
112 214
120 214
128 214
136 215
144 215
152 215
160 215
168 215
176 215
184 215
192 215
200 214
208 214
216 214
224 214
232 214
240 215
248 215
256 215
264 215
272 215
280 215
288 215
296 215
304 215
312 215
320 215
328 215
336 215
344 215
352 215
360 215
368 215
376 215
384 214
392 215
400 215
408 215
416 215
424 215
432 215
440 215
448 215
456 215
464 215
472 215
480 214
488 214
496 215
504 215
512 215
520 215
528 215
536 215
544 215
552 214
560 214
568 214
576 214
584 215
592 215
600 215
608 215
616 215
624 215
632 215
640 215
648 215
656 215
664 215
672 215
680 215
688 215
696 215
704 215
712 215
720 215
728 215
736 215
744 215
752 215
760 215
768 215
776 215
784 215
792 215
800 215
808 214
816 214
824 214
832 214
840 214
848 214
856 215
864 215
872 215
880 215
888 215
896 215
904 215
912 214
920 214
928 214
936 214
944 214
952 215
960 215
968 215
976 215
984 215
992 215
1000 215
1008 215
1016 215
1024 214
1032 214
1040 214
1048 214
1056 215
1064 215
1072 215
1080 215
1088 215
1096 215
1104 215
1112 215
1120 215
1128 215
1136 214
1144 214
1152 214
1160 214
1168 214
1176 215
1184 215
