0 217
8 220
16 222
24 222
32 221
40 218
48 215
56 211
64 206
72 201
80 198
88 196
96 195
104 195
112 198
120 202
128 209
136 216
144 221
152 225
160 226
168 225
176 221
184 215
192 207
200 199
208 195
216 193
224 193
232 195
240 200
248 207
256 215
264 220
272 223
280 225
288 224
296 222
304 219
312 214
320 209
328 205
336 201
344 198
352 197
360 196
368 197
376 199
384 202
392 207
400 213
408 219
416 224
424 226
432 226
440 225
448 222
456 218
464 213
472 208
480 205
488 204
496 203
504 203
512 204
520 204
528 205
536 204
544 203
552 203
560 203
568 204
576 206
584 209
592 212
600 216
608 219
616 221
624 222
632 221
640 219
648 216
656 212
664 209
672 206
680 204
688 203
696 203
704 203
712 205
720 207
728 209
736 211
744 213
752 214
760 214
768 213
776 211
784 209
792 205
800 202
808 200
816 199
824 200
832 203
840 207
848 212
856 217
864 220
872 221
880 220
888 217
896 211
904 204
912 199
920 196
928 196
936 198
944 203
951 211
959 219
967 224
975 227
983 227
991 224
999 219
1006 211
1013 203
1021 196
1029 193
1037 192
1045 193
1053 197
1061 204
1068 212
1076 220
1084 225
1092 227
1100 227
1108 225
1116 220
1124 213
1132 206
1140 200
1148 197
1156 196
1164 197
1172 200
1180 205
1188 210
