0 216
8 217
16 217
24 217
32 217
40 216
48 215
56 214
64 214
72 213
80 212
88 211
96 211
104 211
112 211
120 212
128 214
136 215
144 217
152 218
160 218
168 218
176 217
184 216
192 214
200 212
208 210
216 210
224 210
232 211
240 212
248 214
256 216
264 217
272 218
280 218
288 218
296 217
304 216
312 215
320 214
328 213
336 213
344 212
352 212
360 211
368 211
376 212
384 213
392 214
400 215
408 217
416 218
424 219
432 219
440 218
448 218
456 216
464 215
472 214
480 213
488 213
496 213
504 213
512 213
520 214
528 214
536 213
544 213
552 213
560 212
568 213
576 213
584 214
592 215
600 216
608 217
616 217
624 217
632 217
640 217
648 216
656 215
664 214
672 213
680 213
688 213
696 213
704 213
712 213
720 214
728 214
736 214
744 215
752 215
760 215
768 215
776 215
784 214
792 213
800 213
808 212
816 211
824 212
832 212
840 213
848 215
856 216
864 217
872 217
880 217
888 216
896 215
904 213
912 212
920 211
928 210
936 211
944 213
952 215
960 217
968 218
976 219
984 219
992 218
1000 216
1008 214
1016 212
1024 211
1032 210
1040 210
1048 211
1056 212
1064 214
1072 216
1080 218
1088 219
1096 219
1104 219
1112 217
1120 216
1128 214
1136 213
1144 212
1152 211
1160 211
1168 212
1176 213
1184 214
