0 172
3 176
5 180
8 184
10 188
13 192
15 196
18 200
20 204
22 208
24 212
26 216
28 220
29 224
31 228
32 232
34 236
35 240
35 244
36 248
36 252
35 256
34 260
33 264
30 268
26 271
22 273
18 274
14 273
10 271
6 267
4 263
3 259
2 255
1 251
0 247
1198 243
1196 239
1192 236
1188 235
1184 235
1180 237
1176 240
1173 244
1171 248
1169 252
1168 256
1167 260
1166 264
1165 268
1164 272
1164 276
1164 280
1164 284
1164 288
1164 292
1165 296
1166 300
1167 304
1168 308
1169 312
1171 316
1174 320
1176 324
1179 328
1183 332
1187 335
1191 338
1195 340
1199 342
3 344
7 345
11 346
15 347
19 348
23 348
27 348
31 348
35 348
39 347
43 347
47 346
51 345
55 344
59 342
63 340
67 338
71 336
75 333
79 331
83 327
87 324
91 320
95 316
99 312
102 308
106 304
109 300
112 296
115 292
117 288
120 284
122 280
125 276
127 272
129 268
131 264
133 260
134 256
136 252
137 248
139 244
140 240
141 236
142 232
142 228
143 224
144 220
144 216
145 212
145 208
146 204
146 200
146 196
146 192
146 188
146 184
145 180
145 176
144 172
142 168
140 164
137 160
133 156
129 154
125 152
121 152
117 152
113 153
109 156
106 160
104 164
104 168
104 172
104 176
104 180
104 184
104 188
104 192
103 196
103 200
103 204
103 208
103 212
103 216
103 220
102 224
101 228
99 232
95 236
91 238
87 238
83 237
79 233
76 229
73 225
71 221
69 217
68 213
66 209
65 205
63 201
62 197
61 193
59 189
58 185
57 181
56 177
55 173
54 169
53 165
53 161
52 157
51 153
51 149
51 145
50 141
50 137
50 133
50 129
51 125
51 121
52 117
53 113
54 109
55 105
56 101
58 97
60 93
62 89
65 85
68 81
72 77
76 73
80 70
84 67
88 64
92 62
96 61
100 59
104 58
108 56
112 55
116 55
120 54
124 54
128 53
132 53
136 53
140 53
144 54
148 54
152 55
156 56
160 57
164 58
168 60
172 62
176 64
180 66
184 69
188 72
192 76
195 80
198 84
201 88
202 92
204 96
205 100
206 104
207 108
207 112
208 116
207 120
207 124
207 128
206 132
205 136
205 140
204 144
203 148
202 152
202 156
202 160
201 164
201 168
201 172
201 176
201 180
201 184
201 188
201 192
201 196
201 200
201 204
201 208
201 212
201 216
201 220
201 224
201 228
201 232
202 236
202 240
202 244
203 248
203 252
204 256
204 260
205 264
206 268
207 272
208 276
209 280
210 284
211 288
212 292
213 296
214 300
216 304
217 308
219 312
220 316
222 320
223 324
225 328
226 332
228 336
230 340
231 344
233 348
233 352
229 354
225 353
221 350
217 346
214 342
212 338
210 334
208 330
206 326
205 322
203 318
202 314
200 310
199 306
197 302
196 298
195 294
194 290
193 286
193 282
192 278
191 274
191 270
190 266
190 262
189 258
189 254
188 250
188 246
188 242
187 238
187 234
186 230
186 226
185 222
184 218
183 214
182 210
178 208
177 212
177 216
177 220
177 224
178 228
178 232
178 236
178 240
178 244
178 248
177 252
177 256
177 260
177 264
176 268
176 272
175 276
175 280
174 284
173 288
172 292
171 296
171 300
170 304
169 308
169 312
168 316
168 320
168 324
168 328
168 332
168 336
169 340
170 344
172 348
174 352
176 356
179 360
183 364
187 367
191 370
195 372
199 374
203 375
207 377
211 378
215 379
219 380
223 380
227 381
231 381
235 382
239 382
243 382
247 382
251 381
255 381
259 380
263 380
267 379
271 378
275 377
279 376
283 375
287 373
291 372
295 370
299 368
303 365
307 362
311 358
314 354
317 350
319 346
321 342
322 338
323 334
323 330
323 326
323 322
323 318
322 314
321 310
320 306
318 302
316 298
314 294
312 290
309 286
305 282
301 278
297 275
293 272
289 269
285 268
281 266
277 265
273 264
269 264
265 264
261 268
261 272
261 276
263 280
264 284
266 288
268 292
269 296
269 300
269 304
269 308
269 312
268 316
268 320
267 324
267 328
267 332
266 336
266 340
264 344
262 348
258 351
254 352
250 349
248 345
247 341
246 337
244 333
242 329
240 325
238 321
236 317
235 313
233 309
231 305
229 301
228 297
226 293
225 289
224 285
223 281
221 277
221 273
220 269
219 265
219 261
218 257
218 253
218 249
218 245
218 241
218 237
218 233
218 229
219 225
220 221
220 217
221 213
222 209
223 205
225 201
226 197
227 193
229 189
231 185
232 181
235 177
237 173
239 169
242 165
244 161
247 157
250 153
253 149
256 145
260 141
263 137
266 133
269 129
272 125
274 121
277 117
279 113
281 109
283 105
285 101
288 97
291 93
294 89
298 85
302 82
306 79
310 77
314 75
318 73
322 72
326 72
330 71
334 71
338 71
342 72
346 73
350 74
354 75
358 77
362 80
366 83
370 86
373 90
376 94
379 98
381 102
382 106
383 110
384 114
385 118
385 122
385 126
384 130
384 134
382 138
381 142
378 146
374 150
370 153
366 155
362 157
358 157
354 158
350 157
346 156
342 154
338 151
335 147
333 143
330 139
327 135
323 131
319 129
315 128
311 129
307 130
303 131
299 133
295 136
291 139
287 143
283 147
279 151
276 155
273 159
271 163
269 167
267 171
265 175
264 179
264 183
264 187
265 191
267 195
271 198
275 201
279 202
283 203
287 204
291 204
295 205
299 205
303 205
307 205
311 205
315 205
319 204
323 204
327 204
331 204
335 203
339 203
343 203
347 203
351 203
355 203
359 203
363 203
367 203
371 203
375 203
379 204
383 204
387 205
391 205
395 206
399 207
403 208
407 209
411 211
415 213
419 215
423 218
427 221
431 225
434 229
435 233
436 237
435 241
432 245
429 249
427 253
427 257
428 261
430 265
433 269
437 273
441 275
445 277
449 279
453 280
457 280
461 281
465 281
469 280
473 280
477 279
481 278
485 277
489 275
493 274
497 272
501 270
505 268
509 265
513 263
517 260
521 258
525 255
529 252
533 250
537 247
541 244
545 240
549 237
553 233
556 229
559 225
560 221
560 217
559 213
555 209
551 207
547 207
543 206
539 207
535 208
531 209
527 211
523 212
519 214
515 215
511 216
507 216
503 215
499 213
496 209
494 205
493 201
492 197
492 193
493 189
495 185
497 181
500 177
504 173
508 170
512 169
516 167
520 166
524 166
528 166
532 166
536 166
540 167
544 168
548 169
552 170
556 172
560 173
564 175
568 176
572 178
576 180
580 182
584 184
588 186
592 188
596 190
600 193
604 195
608 198
612 201
616 204
620 208
624 211
628 215
632 219
635 223
638 227
640 231
642 235
644 239
645 243
645 247
645 251
645 255
644 259
642 263
640 267
637 271
634 275
630 278
626 281
622 284
618 286
614 287
610 287
606 287
602 285
598 281
597 277
595 273
594 269
593 265
592 261
591 257
589 253
585 250
581 250
577 251
573 253
569 256
565 259
561 263
557 267
553 271
550 275
547 279
544 283
541 287
539 291
538 295
536 299
536 303
535 307
535 311
535 315
536 319
538 323
540 327
542 331
546 335
550 338
554 341
558 343
562 345
566 346
570 347
574 348
578 348
582 348
586 348
590 348
594 347
598 347
602 345
606 344
610 342
614 340
618 338
622 335
626 332
630 328
634 324
638 320
641 316
644 312
647 308
650 304
653 300
657 296
660 292
663 288
666 284
668 280
671 276
674 272
676 268
678 264
680 260
682 256
684 252
685 248
687 244
688 240
689 236
689 232
690 228
690 224
691 220
691 216
691 212
691 208
691 204
691 200
691 196
691 192
690 188
690 184
690 180
690 176
690 172
689 168
689 164
689 160
689 156
689 152
688 148
688 144
688 140
687 136
686 132
684 128
680 125
676 124
672 125
668 127
665 131
664 135
664 139
664 143
664 147
665 151
665 155
666 159
666 163
666 167
667 171
668 175
668 179
669 183
669 187
670 191
670 195
670 199
669 203
665 206
661 203
657 199
653 195
649 191
645 187
641 183
637 179
633 175
629 171
625 167
621 163
618 159
615 155
612 151
610 147
607 143
606 139
604 135
603 131
602 127
601 123
600 119
600 115
600 111
601 107
601 103
602 99
603 95
605 91
606 87
608 83
611 79
614 75
617 71
621 67
625 63
629 60
633 57
637 55
641 53
645 51
649 50
653 48
657 47
661 46
665 45
669 44
673 43
677 43
681 43
685 42
689 42
693 42
697 42
701 42
705 42
709 43
713 43
717 44
721 44
725 45
729 46
733 47
737 49
741 50
745 52
749 54
753 56
757 58
761 61
765 64
769 68
773 72
776 76
779 80
781 84
783 88
785 92
786 96
788 100
788 104
789 108
790 112
790 116
790 120
789 124
789 128
788 132
786 136
785 140
783 144
781 148
778 152
775 156
771 160
767 164
763 168
759 172
755 176
751 179
747 183
743 187
739 191
736 195
733 199
731 203
729 207
728 211
727 215
727 219
726 223
726 227
726 231
726 235
726 239
726 243
722 247
721 243
721 239
720 235
720 231
720 227
720 223
720 219
720 215
720 211
720 207
720 203
720 199
720 195
721 191
721 187
721 183
721 179
722 175
722 171
722 167
722 163
723 159
723 155
723 151
723 147
723 143
722 139
721 135
719 131
715 129
711 131
709 135
709 139
709 143
709 147
709 151
709 155
709 159
709 163
709 167
710 171
710 175
710 179
710 183
710 187
710 191
710 195
710 199
711 203
711 207
711 211
711 215
711 219
711 223
712 227
712 231
712 235
712 239
713 243
713 247
713 251
713 255
714 259
714 263
714 267
715 271
715 275
715 279
715 283
715 287
715 291
715 295
715 299
716 303
716 307
717 311
718 315
719 319
720 323
722 327
724 331
727 335
729 339
733 343
737 347
741 350
745 353
749 355
753 357
757 358
761 360
765 361
769 361
773 362
777 362
781 362
785 362
789 362
793 361
797 361
801 360
805 358
809 357
813 355
817 352
821 349
825 345
828 341
830 337
832 333
833 329
834 325
834 321
834 317
834 313
833 309
832 305
831 301
830 297
828 293
827 289
825 285
823 281
821 277
819 273
816 269
814 265
811 261
809 257
806 253
802 249
798 245
794 244
790 245
788 249
787 253
787 257
786 261
786 265
786 269
785 273
785 277
784 281
783 285
782 289
781 293
780 297
780 301
779 305
778 309
776 313
772 317
768 318
764 317
760 315
756 311
753 307
752 303
751 299
750 295
749 291
749 287
749 283
748 279
748 275
748 271
747 267
747 263
747 259
747 255
747 251
747 247
747 243
748 239
749 235
750 231
752 227
754 223
756 219
759 215
763 211
767 207
771 204
775 201
779 199
783 196
787 194
791 192
795 190
799 189
803 187
807 186
811 184
815 183
819 182
823 180
827 179
831 178
835 178
839 177
843 177
847 176
851 177
855 177
859 178
863 179
867 181
871 183
875 185
879 188
883 191
887 195
890 199
893 203
896 207
898 211
901 215
903 219
904 223
906 227
907 231
909 235
910 239
911 243
911 247
912 251
912 255
912 259
911 263
910 267
906 270
902 270
898 269
894 266
890 262
887 258
884 254
880 250
876 246
872 242
868 239
864 236
860 232
856 229
852 225
848 221
844 218
840 216
836 215
832 215
828 216
824 220
823 224
824 228
826 232
829 236
831 240
834 244
837 248
841 252
844 256
847 260
850 264
853 268
856 272
859 276
862 280
865 284
868 288
872 292
876 296
879 300
883 303
887 307
891 309
895 312
899 314
903 316
907 318
911 319
915 320
919 320
923 321
927 321
931 320
935 320
939 318
943 317
947 315
951 312
955 308
959 304
961 300
963 296
965 292
966 288
967 284
967 280
968 276
968 272
968 268
967 264
967 260
966 256
966 252
965 248
964 244
963 240
963 236
962 232
961 228
960 224
960 220
959 216
958 212
958 208
957 204
957 200
956 196
956 192
956 188
956 184
955 180
955 176
955 172
955 168
956 164
955 160
951 156
948 160
947 164
946 168
945 172
945 176
944 180
944 184
944 188
944 192
944 196
943 200
943 204
943 208
943 212
943 216
943 220
943 224
942 228
942 232
941 236
940 240
936 244
934 240
934 236
934 232
934 228
933 224
933 220
932 216
931 212
930 208
929 204
928 200
927 196
926 192
925 188
923 184
922 180
921 176
920 172
919 168
918 164
917 160
916 156
916 152
916 148
916 144
916 140
916 136
917 132
917 128
919 124
920 120
922 116
923 112
926 108
928 104
931 100
935 96
939 92
943 89
947 86
951 84
955 82
959 81
963 79
967 78
971 78
975 78
979 78
983 78
987 79
991 79
995 81
999 82
1003 84
1007 87
1011 90
1015 94
1018 98
1021 102
1023 106
1025 110
1026 114
1027 118
1028 122
1029 126
1029 130
1029 134
1029 138
1029 142
1029 146
1028 150
1028 154
1027 158
1026 162
1025 166
1024 170
1023 174
1022 178
1021 182
1020 186
1019 190
1017 194
1016 198
1015 202
1012 206
1008 207
1004 203
1002 199
1001 195
1000 191
999 187
998 183
997 179
996 175
996 171
995 167
994 163
993 159
992 155
990 151
989 147
986 143
982 140
978 141
975 145
974 149
973 153
973 157
974 161
974 165
974 169
975 173
975 177
975 181
976 185
976 189
977 193
978 197
979 201
980 205
981 209
982 213
983 217
984 221
986 225
987 229
989 233
991 237
993 241
996 245
998 249
1000 253
1003 257
1006 261
1008 265
1011 269
1014 273
1017 277
1020 281
1023 285
1027 289
1031 292
1035 295
1039 297
1043 299
1047 300
1051 301
1055 301
1059 301
1063 300
1067 300
1071 298
1075 297
1079 295
1083 292
1087 289
1091 286
1095 282
1098 278
1101 274
1104 270
1106 266
1108 262
1111 258
1112 254
1114 250
1115 246
1117 242
1118 238
1119 234
1119 230
1120 226
1120 222
1119 218
1118 214
1116 210
1113 206
1109 202
1105 201
1101 201
1097 202
1093 204
1089 208
1086 212
1083 216
1081 220
1078 224
1076 228
1073 232
1070 236
1066 240
1062 241
1058 242
1054 242
1050 240
1046 236
1043 232
1042 228
1042 224
1042 220
1042 216
1043 212
1044 208
1045 204
1047 200
1048 196
1050 192
1051 188
1053 184
1055 180
1057 176
1059 172
1061 168
1064 164
1066 160
1068 156
1071 152
1074 148
1077 144
1080 140
1083 136
1087 132
1091 129
1095 126
1099 123
1103 121
1107 119
1111 117
1115 116
1119 116
1123 115
1127 115
1131 115
1135 116
1139 117
1143 118
1147 119
1151 121
1155 123
1159 126
1163 129
1167 132
1171 136
1175 140
1179 144
1182 148
1186 152
1189 156
1192 160
1195 164
