0 210
6 212
12 214
18 215
24 217
30 217
36 217
42 217
48 216
54 214
60 211
66 208
72 205
78 201
84 198
90 194
96 192
102 190
108 188
114 186
120 185
126 185
132 184
138 184
144 183
150 184
156 184
162 185
168 186
174 189
180 192
186 195
192 201
198 207
202 213
207 219
213 224
219 228
225 231
231 233
237 234
243 234
249 233
255 230
261 227
267 221
272 215
276 209
280 203
285 197
291 191
297 187
303 185
309 183
315 183
321 183
327 185
333 187
339 190
345 193
351 196
357 199
363 202
369 203
375 204
381 204
387 204
393 203
399 202
405 202
411 201
417 201
423 201
429 202
435 203
441 204
447 206
453 207
459 208
465 208
471 208
477 207
483 206
489 204
495 202
501 201
507 199
513 198
519 198
525 198
531 199
537 201
543 204
549 207
555 211
561 214
567 217
573 218
579 219
585 220
591 219
597 218
603 216
609 213
615 210
621 206
627 202
633 199
639 196
645 193
651 191
657 189
663 187
669 186
675 184
681 183
687 183
693 182
699 182
705 182
711 183
717 184
723 185
729 187
735 190
741 194
747 199
753 205
758 211
764 216
770 221
776 224
782 226
788 227
794 227
800 226
806 224
812 220
818 216
824 210
830 204
836 199
842 196
848 194
854 193
860 194
866 195
872 198
878 202
884 206
890 210
896 213
902 215
908 217
914 217
920 216
926 214
932 211
938 207
944 203
950 199
956 195
962 193
968 191
974 189
980 189
986 189
992 190
998 191
1004 194
1010 196
1016 199
1022 203
1028 206
1034 208
1040 210
1046 211
1052 212
1058 211
1064 210
1070 208
1076 206
1082 203
1088 201
1094 199
1100 197
1106 196
1112 195
1118 195
1124 195
1130 196
1136 197
1142 198
1148 200
1154 201
1160 202
1166 203
1172 204
1178 205
1184 206
1190 208
