0 202
6 203
12 203
18 203
24 203
30 203
36 203
42 203
48 203
54 203
60 202
66 202
72 202
78 201
84 201
90 201
96 200
102 200
108 200
114 200
120 200
126 200
132 200
138 200
144 200
150 200
156 200
162 200
168 200
174 200
180 201
186 201
192 202
198 202
204 203
210 203
216 204
222 205
228 205
234 205
240 205
246 205
252 205
258 205
264 204
270 203
276 203
282 202
288 201
294 201
300 200
306 200
312 200
318 200
324 200
330 200
336 200
342 200
348 201
354 201
360 201
366 202
372 202
378 202
384 202
390 202
396 201
402 201
408 201
414 201
420 201
426 201
432 201
438 202
444 202
450 202
456 202
462 202
468 202
474 202
480 202
486 202
492 202
498 202
504 202
510 201
516 201
522 201
528 201
534 202
540 202
546 202
552 203
558 203
564 203
570 203
576 204
582 204
588 204
594 203
600 203
606 203
612 202
618 202
624 201
630 201
636 201
642 200
648 200
654 200
660 200
666 200
672 200
678 199
684 199
690 199
696 199
702 199
708 199
714 199
720 200
726 200
732 200
738 201
744 201
750 201
756 202
762 203
768 203
774 204
780 204
786 204
792 205
798 205
804 205
810 204
816 204
822 203
828 203
834 202
840 201
846 201
852 201
858 201
864 201
870 201
876 202
882 202
888 203
894 203
900 203
906 204
912 203
918 203
924 203
930 203
936 202
942 202
948 201
954 201
960 201
966 201
972 200
978 200
984 200
990 200
996 201
1002 201
1008 201
1014 201
1020 201
1026 202
1032 202
1038 202
1044 202
1050 203
1056 203
1062 202
1068 202
1074 202
1080 202
1086 201
1092 201
1098 201
1104 201
1110 201
1116 201
1122 201
1128 201
1134 201
1140 202
1146 202
1152 202
1158 202
1164 202
1170 202
1176 202
1182 202
1188 202
