0 178
3 183
5 188
8 193
10 198
12 203
14 208
15 213
16 218
17 223
17 228
16 233
14 238
10 243
5 245
0 244
1195 240
1190 236
1185 234
1180 236
1175 241
1173 246
1171 251
1170 256
1170 261
1170 266
1171 271
1171 276
1173 281
1174 286
1176 291
1179 296
1182 301
1185 306
1190 311
1195 315
0 318
5 321
10 323
15 325
20 326
25 327
30 327
35 327
40 326
45 326
50 324
55 323
60 321
65 318
70 315
75 312
80 308
85 303
90 298
95 293
99 288
103 283
107 278
110 273
113 268
116 263
119 258
122 253
125 248
127 243
129 238
131 233
133 228
135 223
136 218
137 213
138 208
139 203
139 198
138 193
138 188
136 183
134 178
130 173
125 168
120 166
115 165
110 165
105 168
102 173
101 178
100 183
100 188
100 193
99 198
98 203
97 208
93 213
88 215
83 215
78 213
73 209
69 204
66 199
64 194
62 189
60 184
58 179
57 174
56 169
55 164
55 159
55 154
54 149
55 144
55 139
55 134
56 129
57 124
59 119
61 114
63 109
66 104
69 99
73 94
77 89
82 85
87 81
92 78
97 75
102 73
107 71
112 70
117 68
122 68
127 67
132 67
137 67
142 67
147 68
152 69
157 70
162 71
167 73
172 76
177 79
182 82
187 87
192 92
196 97
198 102
201 107
203 112
204 117
205 122
206 127
207 132
207 137
207 142
208 147
208 152
208 157
208 162
209 167
209 172
209 177
210 182
210 187
210 192
210 197
211 202
211 207
211 212
211 217
211 222
211 227
211 232
211 237
212 242
212 247
212 252
213 257
214 262
214 267
215 272
216 277
217 282
218 287
219 292
220 297
221 302
222 307
223 312
224 317
223 322
218 322
213 318
210 313
208 308
206 303
204 298
202 293
200 288
199 283
197 278
196 273
194 268
193 263
192 258
191 253
191 248
190 243
189 238
189 233
188 228
187 223
185 218
180 216
178 221
176 226
175 231
174 236
173 241
173 246
172 251
171 256
170 261
170 266
169 271
168 276
168 281
168 286
167 291
167 296
167 301
168 306
168 311
169 316
171 321
172 326
174 331
177 336
180 341
185 346
190 351
195 355
200 358
205 360
210 362
215 364
220 365
225 366
230 367
235 367
240 367
245 367
250 366
255 366
260 365
265 364
270 362
275 360
280 358
285 355
290 352
295 348
300 343
304 338
307 333
309 328
311 323
312 318
313 313
314 308
314 303
314 298
313 293
312 288
310 283
308 278
306 273
303 268
299 263
294 258
289 254
284 251
279 248
274 247
269 247
264 252
263 257
264 262
264 267
265 272
265 277
264 282
263 287
263 292
262 297
261 302
260 307
259 312
257 317
253 322
248 325
243 323
240 318
239 313
238 308
237 303
236 298
235 293
234 288
233 283
232 278
231 273
230 268
229 263
229 258
228 253
228 248
228 243
228 238
228 233
228 228
229 223
230 218
230 213
231 208
232 203
234 198
235 193
236 188
238 183
240 178
242 173
244 168
246 163
248 158
250 153
253 148
255 143
258 138
260 133
263 128
265 123
268 118
271 113
274 108
278 103
282 98
287 94
292 90
297 87
302 84
307 82
312 81
317 80
322 80
327 80
332 81
337 82
342 83
347 85
352 88
357 92
362 97
366 102
369 107
371 112
372 117
373 122
373 127
372 132
371 137
368 142
364 147
359 150
354 152
349 153
344 153
339 151
334 148
329 144
324 140
319 137
314 136
309 137
304 138
299 141
294 146
290 151
286 156
284 161
283 166
282 171
282 176
283 181
285 186
290 191
295 195
300 197
305 199
310 201
315 202
320 203
325 203
330 204
335 204
340 204
345 203
350 203
355 202
360 202
365 201
370 200
375 199
380 199
385 199
390 199
395 199
400 199
405 200
410 201
415 203
420 206
425 209
430 214
433 219
434 224
434 229
434 234
434 239
435 244
438 249
443 254
448 257
453 259
458 260
463 261
468 261
473 260
478 259
483 258
488 256
493 253
498 251
503 248
508 244
513 241
518 236
523 232
527 227
530 222
532 217
533 212
531 207
526 202
521 201
516 201
511 201
506 201
501 199
496 194
494 189
494 184
494 179
496 174
499 169
504 164
509 160
514 158
519 157
524 156
529 156
534 157
539 158
544 159
549 161
554 163
559 166
564 169
569 173
574 176
579 180
584 184
589 189
594 193
599 198
603 203
608 208
612 213
615 218
618 223
620 228
622 233
623 238
622 243
621 248
619 253
615 258
610 262
605 264
600 266
595 265
590 263
585 258
581 253
577 248
572 245
567 244
562 245
557 249
552 254
548 259
545 264
543 269
541 274
540 279
539 284
539 289
540 294
541 299
543 304
546 309
550 314
555 319
560 323
565 325
570 327
575 329
580 330
585 330
590 330
595 330
600 329
605 328
610 326
615 324
620 321
625 317
630 313
635 309
639 304
644 299
647 294
651 289
654 284
657 279
660 274
663 269
665 264
668 259
670 254
672 249
674 244
676 239
677 234
679 229
680 224
681 219
682 214
682 209
683 204
683 199
684 194
684 189
684 184
683 179
683 174
682 169
680 164
678 159
673 155
668 154
663 157
660 162
660 167
660 172
660 177
660 182
660 187
659 192
659 197
658 202
654 207
649 206
645 201
641 196
637 191
633 186
630 181
627 176
624 171
621 166
618 161
616 156
614 151
613 146
611 141
610 136
610 131
610 126
610 121
611 116
612 111
613 106
615 101
618 96
621 91
625 86
629 81
634 77
639 73
644 70
649 67
654 65
659 63
664 61
669 60
674 58
679 58
684 57
689 57
694 56
699 56
704 57
709 57
714 58
719 59
724 60
729 61
734 63
739 65
744 68
749 71
754 74
759 78
764 83
768 88
771 93
774 98
776 103
778 108
780 113
780 118
781 123
781 128
781 133
780 138
779 143
777 148
775 153
773 158
771 163
768 168
765 173
762 178
759 183
756 188
753 193
750 198
747 203
744 208
742 213
740 218
739 223
738 228
737 233
736 238
736 243
737 248
736 253
731 251
729 246
728 241
727 236
727 231
727 226
726 221
726 216
726 211
726 206
726 201
726 196
726 191
726 186
727 181
726 176
726 171
724 166
719 165
715 170
713 175
712 180
712 185
712 190
711 195
711 200
711 205
711 210
711 215
711 220
711 225
711 230
711 235
711 240
711 245
711 250
711 255
711 260
712 265
712 270
713 275
714 280
715 285
716 290
718 295
719 300
721 305
724 310
727 315
730 320
735 325
740 330
745 334
750 337
755 340
760 342
765 344
770 345
775 345
780 346
785 345
790 345
795 344
800 343
805 341
810 338
815 335
820 330
824 325
827 320
829 315
831 310
832 305
832 300
832 295
832 290
831 285
830 280
828 275
827 270
825 265
822 260
820 255
817 250
813 245
808 240
803 240
798 244
796 249
794 254
792 259
790 264
788 269
786 274
784 279
781 284
777 289
772 291
767 291
762 289
758 284
755 279
754 274
754 269
754 264
754 259
755 254
756 249
757 244
758 239
760 234
762 229
764 224
767 219
770 214
774 209
779 204
784 199
789 194
794 190
799 185
804 182
809 178
814 175
819 171
824 169
829 166
834 164
839 162
844 161
849 161
854 161
859 162
864 163
869 166
874 169
879 173
883 178
887 183
891 188
894 193
896 198
899 203
901 208
903 213
904 218
905 223
906 228
906 233
905 238
900 243
895 244
890 242
885 238
880 234
875 229
870 225
865 221
860 217
855 213
850 212
845 212
840 217
839 222
840 227
842 232
845 237
848 242
852 247
855 252
859 257
863 262
867 267
871 272
876 277
881 282
886 286
891 290
896 293
901 296
906 298
911 299
916 300
921 300
926 300
931 299
936 298
941 296
946 293
951 288
955 283
958 278
961 273
962 268
964 263
965 258
965 253
966 248
966 243
966 238
965 233
965 228
965 223
964 218
963 213
962 208
962 203
961 198
960 193
960 188
959 183
958 178
953 173
949 178
948 183
946 188
945 193
945 198
944 203
943 208
941 213
940 218
935 223
931 218
930 213
929 208
928 203
927 198
926 193
924 188
923 183
922 178
921 173
920 168
920 163
919 158
919 153
919 148
920 143
921 138
922 133
923 128
925 123
928 118
931 113
935 108
939 103
944 99
949 96
954 93
959 91
964 90
969 89
974 88
979 88
984 88
989 89
994 90
999 92
1004 95
1009 98
1014 102
1018 107
1022 112
1024 117
1027 122
1028 127
1029 132
1030 137
1030 142
1030 147
1030 152
1029 157
1028 162
1027 167
1026 172
1024 177
1023 182
1020 187
1016 192
1011 192
1007 187
1004 182
1002 177
1000 172
998 167
995 162
990 158
985 158
981 163
980 168
980 173
981 178
981 183
982 188
983 193
984 198
986 203
987 208
989 213
991 218
993 223
995 228
998 233
1000 238
1003 243
1006 248
1009 253
1012 258
1016 263
1020 268
1025 273
1030 276
1035 279
1040 282
1045 283
1050 284
1055 284
1060 284
1065 283
1070 281
1075 279
1080 276
1085 272
1090 267
1094 262
1098 257
1101 252
1103 247
1105 242
1107 237
1108 232
1108 227
1108 222
1108 217
1106 212
1102 207
1097 204
1092 204
1087 206
1082 211
1077 215
1072 219
1067 221
1062 221
1057 218
1054 213
1052 208
1052 203
1053 198
1054 193
1055 188
1057 183
1059 178
1061 173
1064 168
1067 163
1070 158
1073 153
1076 148
1080 143
1085 138
1090 133
1095 129
1100 126
1105 124
1110 122
1115 120
1120 119
1125 119
1130 119
1135 120
1140 121
1145 122
1150 124
1155 127
1160 130
1165 134
1170 138
1175 143
1180 148
1184 153
1187 158
1191 163
1194 168
