0 214
6 214
12 215
18 215
24 216
30 216
36 216
42 216
48 215
54 215
60 214
66 213
72 212
78 211
84 210
90 209
96 209
102 208
108 208
114 207
120 207
126 207
132 207
138 207
144 207
150 207
156 207
162 207
168 208
174 208
180 209
186 210
192 212
198 213
204 215
210 216
216 218
222 219
228 220
234 221
240 221
246 221
252 220
258 219
264 217
270 216
276 214
282 212
288 210
294 209
300 208
306 207
312 207
318 207
324 207
330 207
336 208
342 209
348 210
354 211
360 211
366 212
372 212
378 212
384 212
390 212
396 212
402 211
408 211
414 211
420 211
426 211
432 212
438 212
444 213
450 213
456 213
462 214
468 214
474 214
480 213
486 213
492 213
498 212
504 212
510 211
516 211
522 211
528 211
534 212
540 212
546 213
552 214
558 215
564 216
570 216
576 217
582 217
588 216
594 216
600 215
606 215
612 214
618 213
624 212
630 211
636 210
642 209
648 209
654 208
660 208
666 207
672 207
678 207
684 206
690 206
696 206
702 206
708 206
714 206
720 207
726 208
732 208
738 209
744 210
750 212
756 213
762 214
768 216
774 217
780 218
786 219
792 219
798 219
804 219
810 218
816 216
822 215
828 214
834 212
840 211
846 210
852 210
858 210
864 210
870 211
876 212
882 213
888 214
894 215
900 216
906 216
912 216
918 216
924 215
930 214
936 213
942 212
948 211
954 210
960 210
966 209
972 209
978 209
984 208
990 209
996 209
1002 209
1008 210
1014 211
1020 211
1026 212
1032 213
1038 213
1044 214
1050 214
1056 214
1062 214
1068 213
1074 213
1080 212
1086 211
1092 211
1098 210
1104 210
1110 210
1116 210
1122 210
1128 210
1134 211
1140 211
1146 212
1152 212
1158 212
1164 212
1170 212
1176 213
1182 213
1188 213
