0 214
6 215
12 215
18 216
24 216
30 217
36 217
42 217
48 216
54 215
60 214
66 213
72 211
78 210
84 208
90 207
96 206
102 205
108 204
114 204
120 204
126 203
132 203
138 203
144 203
150 203
156 203
162 204
168 204
174 205
180 207
186 208
192 210
198 213
204 215
210 218
216 220
222 222
228 223
234 224
240 224
246 224
252 223
258 221
264 219
270 217
276 214
282 211
288 208
294 206
300 204
306 203
312 203
318 203
324 203
330 204
336 205
342 206
348 208
354 209
360 210
366 211
372 211
378 211
384 211
390 211
396 210
402 210
408 210
414 210
420 210
426 210
432 210
438 211
444 212
450 212
456 213
462 213
468 213
474 213
480 213
486 212
492 211
498 211
504 210
510 209
516 209
522 209
528 209
534 210
540 211
546 212
552 214
558 215
564 216
570 217
576 218
582 218
588 218
594 217
600 216
606 215
612 214
618 212
624 211
630 209
636 208
642 207
648 206
654 205
660 205
666 204
672 203
678 203
684 202
690 202
696 202
702 202
708 202
714 202
720 203
726 204
732 205
738 207
744 208
750 210
756 213
762 215
768 217
774 219
780 220
786 221
792 221
798 221
804 220
810 219
816 217
822 215
828 213
834 211
840 209
846 208
852 207
858 207
864 208
870 209
876 210
882 212
888 214
894 215
900 216
906 217
912 217
918 216
924 216
930 214
936 213
942 211
948 210
954 208
960 207
966 206
972 206
978 205
984 205
990 206
996 206
1002 207
1008 208
1014 209
1020 210
1026 211
1032 212
1038 213
1044 214
1050 214
1056 214
1062 214
1068 213
1074 212
1080 211
1086 210
1092 209
1098 208
1104 208
1110 208
1116 208
1122 208
1128 208
1134 209
1140 209
1146 210
1152 210
1158 211
1164 211
1170 211
1176 212
1182 212
1188 213
