0 292
6 297
12 300
18 302
24 304
30 305
36 305
42 305
48 304
54 303
60 300
66 298
72 294
78 290
84 284
90 278
95 272
99 266
103 260
106 254
108 248
111 242
112 236
114 230
114 224
114 218
113 212
111 206
107 200
101 197
95 199
89 204
83 208
77 207
71 202
68 196
66 190
64 184
64 178
63 172
64 166
65 160
66 154
68 148
71 142
74 136
79 130
84 124
90 119
96 114
102 111
108 108
114 106
120 104
126 103
132 103
138 102
144 103
150 104
156 105
162 107
168 109
174 112
180 116
186 121
191 127
196 133
199 139
202 145
205 151
207 157
209 163
210 169
211 175
213 181
214 187
215 193
216 199
217 205
217 211
218 217
218 223
219 229
219 235
219 241
220 247
220 253
220 259
219 265
218 271
213 277
207 274
203 268
200 262
198 256
196 250
194 244
191 238
185 235
179 238
175 244
173 250
171 256
170 262
169 268
169 274
169 280
170 286
171 292
173 298
175 304
178 310
182 316
187 322
193 328
199 332
205 336
211 338
217 341
223 342
229 343
235 343
241 343
247 343
253 342
259 341
265 339
271 336
277 333
283 328
289 323
293 317
297 311
300 305
302 299
303 293
303 287
303 281
302 275
301 269
299 263
295 257
291 251
285 246
279 243
273 244
269 250
267 256
265 262
263 268
260 274
254 279
248 279
243 273
241 267
240 261
240 255
240 249
240 243
240 237
241 231
241 225
242 219
243 213
244 207
245 201
246 195
247 189
249 183
250 177
252 171
254 165
256 159
259 153
262 147
265 141
269 135
274 129
280 123
286 118
292 115
298 113
304 111
310 110
316 110
322 111
328 112
334 114
340 117
346 122
351 128
354 134
356 140
356 146
355 152
352 158
346 162
340 164
334 164
328 164
322 165
316 169
313 175
312 181
312 187
314 193
318 199
324 205
330 209
336 213
342 215
348 217
354 218
360 218
366 218
372 216
378 215
384 213
390 211
396 209
402 208
408 208
414 208
420 210
426 214
431 220
435 226
437 232
440 238
445 244
451 248
457 251
463 252
469 251
475 250
481 248
487 244
493 239
498 233
501 227
503 221
503 215
501 209
499 203
497 197
497 191
499 185
503 179
509 174
515 171
521 169
527 169
533 170
539 171
545 174
551 177
557 182
563 188
569 194
573 200
577 206
580 212
582 218
584 224
585 230
585 236
583 242
578 248
572 250
566 250
560 250
554 253
549 259
547 265
546 271
546 277
548 283
550 289
554 295
560 301
566 305
572 308
578 310
584 311
590 311
596 311
602 310
608 308
614 306
620 303
626 299
632 294
638 288
643 282
647 276
651 270
654 264
656 258
658 252
660 246
661 240
662 234
663 228
663 222
662 216
661 210
658 204
652 201
646 203
640 209
634 211
628 207
625 201
622 195
621 189
619 183
619 177
618 171
618 165
619 159
620 153
621 147
624 141
626 135
630 129
634 123
640 117
646 112
652 107
658 104
664 101
670 99
676 97
682 96
688 95
694 94
700 94
706 95
712 96
718 97
724 99
730 101
736 104
742 107
748 112
754 118
759 124
763 130
766 136
768 142
770 148
771 154
771 160
771 166
771 172
770 178
770 184
769 190
767 196
766 202
764 208
762 214
760 220
758 226
756 232
751 238
745 236
742 230
740 224
738 218
735 212
729 210
723 216
720 222
718 228
717 234
716 240
716 246
716 252
717 258
717 264
719 270
720 276
722 282
725 288
728 294
732 300
737 306
743 312
749 316
755 320
761 323
767 324
773 326
779 326
785 326
791 325
797 324
803 322
809 319
815 315
821 309
825 303
828 297
829 291
830 285
831 279
830 273
829 267
827 261
824 255
818 251
812 251
806 255
800 261
794 264
788 265
782 261
779 255
779 249
780 243
781 237
784 231
786 225
789 219
793 213
796 207
800 201
804 195
809 189
814 183
820 177
826 172
832 169
838 166
844 164
850 164
856 164
862 166
868 169
874 173
880 179
884 185
887 191
890 197
892 203
893 209
893 215
892 221
886 226
880 225
874 225
868 225
863 231
863 237
864 243
867 249
870 255
874 261
879 267
884 273
890 278
896 282
902 284
908 286
914 288
920 288
926 287
932 286
938 283
944 279
950 274
954 268
957 262
959 256
961 250
962 244
963 238
963 232
962 226
961 220
959 214
956 208
950 206
944 209
938 211
932 209
928 203
927 197
926 191
925 185
925 179
925 173
926 167
928 161
929 155
932 149
935 143
940 137
946 131
952 127
958 124
964 122
970 120
976 119
982 119
988 120
994 122
1000 124
1006 128
1012 132
1017 138
1021 144
1024 150
1026 156
1027 162
1027 168
1027 174
1026 180
1024 186
1019 192
1013 193
1007 193
1001 197
998 203
998 209
998 215
999 221
1001 227
1003 233
1006 239
1008 245
1012 251
1016 257
1022 263
1028 268
1034 271
1040 273
1046 275
1052 275
1058 274
1064 273
1070 271
1076 267
1082 261
1087 255
1090 249
1092 243
1093 237
1093 231
1091 225
1086 219
1080 216
1074 211
1071 205
1071 199
1072 193
1073 187
1075 181
1078 175
1082 169
1086 163
1092 157
1098 153
1104 149
1110 147
1116 145
1122 145
1128 145
1134 145
1140 147
1146 149
1152 152
1158 156
1164 161
1170 167
1175 173
1179 179
1182 185
1185 191
1187 197
1189 203
1191 209
1192 215
1192 221
1192 227
1191 233
1189 239
1186 245
1184 251
1183 257
1184 263
1185 269
1187 275
1190 281
