0 215
6 215
12 215
18 215
24 215
30 215
36 215
42 215
48 215
54 215
60 215
66 214
72 214
78 214
84 214
90 214
96 213
102 213
108 213
114 213
120 213
126 213
132 213
138 213
144 213
150 213
156 213
162 213
168 213
174 213
180 214
186 214
192 214
198 214
204 215
210 215
216 215
222 216
228 216
234 216
240 216
246 216
252 216
258 216
264 215
270 215
276 215
282 214
288 214
294 214
300 213
306 213
312 213
318 213
324 213
330 213
336 213
342 214
348 214
354 214
360 214
366 214
372 214
378 214
384 214
390 214
396 214
402 214
408 214
414 214
420 214
426 214
432 214
438 214
444 214
450 214
456 214
462 215
468 215
474 215
480 215
486 214
492 214
498 214
504 214
510 214
516 214
522 214
528 214
534 214
540 214
546 214
552 215
558 215
564 215
570 215
576 215
582 215
588 215
594 215
600 215
606 215
612 214
618 214
624 214
630 214
636 214
642 214
648 213
654 213
660 213
666 213
672 213
678 213
684 213
690 213
696 213
702 213
708 213
714 213
720 213
726 213
732 213
738 214
744 214
750 214
756 214
762 215
768 215
774 215
780 215
786 215
792 216
798 216
804 216
810 216
816 215
822 215
828 215
834 214
840 214
846 214
852 214
858 214
864 214
870 214
876 214
882 215
888 215
894 215
900 215
906 215
912 215
918 215
924 215
930 215
936 214
942 214
948 214
954 214
960 214
966 214
972 214
978 214
984 214
990 214
996 214
1002 214
1008 214
1014 214
1020 214
1026 214
1032 214
1038 214
1044 215
1050 215
1056 215
1062 215
1068 214
1074 214
1080 214
1086 214
1092 214
1098 214
1104 214
1110 214
1116 214
1122 214
1128 214
1134 214
1140 214
1146 214
1152 214
1158 214
1164 214
1170 214
1176 214
1182 214
1188 214
