0 200
6 200
12 200
18 200
24 200
30 200
36 200
42 200
48 200
54 200
60 200
66 199
72 199
78 199
84 199
90 199
96 199
102 199
108 199
114 199
120 199
126 199
132 199
138 199
144 199
150 199
156 199
162 199
168 199
174 199
180 199
186 199
192 199
198 199
204 200
210 200
216 200
222 200
228 200
234 200
240 200
246 200
252 200
258 200
264 200
270 200
276 200
282 199
288 199
294 199
300 199
306 199
312 199
318 199
324 199
330 199
336 199
342 199
348 199
354 199
360 199
366 199
372 199
378 199
384 199
390 199
396 199
402 199
408 199
414 199
420 199
426 199
432 199
438 199
444 199
450 200
456 200
462 200
468 200
474 200
480 200
486 200
492 200
498 199
504 199
510 199
516 199
522 199
528 199
534 199
540 199
546 200
552 200
558 200
564 200
570 200
576 200
582 200
588 200
594 200
600 200
606 200
612 199
618 199
624 199
630 199
636 199
642 199
648 199
654 199
660 199
666 199
672 199
678 199
684 199
690 199
696 199
702 199
708 199
714 199
720 199
726 199
732 199
738 199
744 199
750 199
756 199
762 200
768 200
774 200
780 200
786 200
792 200
798 200
804 200
810 200
816 200
822 200
828 200
834 200
840 199
846 199
852 199
858 199
864 199
870 199
876 200
882 200
888 200
894 200
900 200
906 200
912 200
918 200
924 200
930 200
936 199
942 199
948 199
954 199
960 199
966 199
972 199
978 199
984 199
990 199
996 199
1002 199
1008 199
1014 199
1020 199
1026 199
1032 199
1038 200
1044 200
1050 200
1056 200
1062 200
1068 200
1074 199
1080 199
1086 199
1092 199
1098 199
1104 199
1110 199
1116 199
1122 199
1128 199
1134 199
1140 199
1146 199
1152 199
1158 200
1164 200
1170 199
1176 199
1182 199
1188 199
