0 217
6 217
12 218
18 218
24 219
30 219
36 219
42 219
48 218
54 218
60 217
66 216
72 214
78 213
84 212
90 211
96 211
102 210
108 209
114 209
120 209
126 209
132 208
138 208
144 208
150 208
156 208
162 209
168 209
174 210
180 211
186 212
192 214
198 216
204 218
210 219
216 221
222 223
228 224
234 224
240 225
246 224
252 224
258 222
264 221
270 219
276 217
282 214
288 212
294 211
300 209
306 209
312 208
318 208
324 208
330 209
336 210
342 211
348 212
354 213
360 213
366 214
372 214
378 215
384 214
390 214
396 214
402 214
408 213
414 213
420 213
426 214
432 214
438 214
444 215
450 215
456 216
462 216
468 216
474 216
480 216
486 215
492 215
498 214
504 214
510 213
516 213
522 213
528 213
534 214
540 215
546 215
552 216
558 218
564 218
570 219
576 220
582 220
588 219
594 219
600 218
606 217
612 216
618 215
624 214
630 213
636 212
642 211
648 211
654 210
660 209
666 209
672 208
678 208
684 208
690 207
696 207
702 207
708 208
714 208
720 208
726 209
732 210
738 211
744 212
750 214
756 215
762 217
768 219
774 220
780 221
786 222
792 222
798 222
804 222
810 221
816 219
822 218
828 216
834 214
840 213
846 212
852 212
858 212
864 212
870 213
876 214
882 215
888 217
894 218
900 219
906 219
912 219
918 219
924 218
930 217
936 216
942 215
948 213
954 212
960 212
966 211
972 210
978 210
984 210
990 210
996 211
1002 211
1008 212
1014 213
1020 214
1026 214
1032 215
1038 216
1044 217
1050 217
1056 217
1062 217
1068 216
1074 215
1080 215
1086 214
1092 213
1098 212
1104 212
1110 212
1116 212
1122 212
1128 212
1134 213
1140 213
1146 214
1152 214
1158 214
1164 215
1170 215
1176 215
1182 215
1188 216
