0 200
6 200
12 200
18 201
24 201
30 201
36 201
42 201
48 201
54 200
60 200
66 199
72 199
78 198
84 198
90 197
96 197
102 197
108 196
114 196
120 196
126 196
132 196
138 196
144 196
150 196
156 196
162 196
168 197
174 197
180 197
186 198
192 199
198 199
204 200
210 201
216 202
222 203
228 203
234 204
240 204
246 204
252 203
258 203
264 202
270 201
276 200
282 199
288 198
294 197
300 197
306 196
312 196
318 196
324 196
330 196
336 197
342 197
348 198
354 198
360 198
366 199
372 199
378 199
384 199
390 199
396 199
402 198
408 198
414 198
420 198
426 198
432 199
438 199
444 199
450 199
456 200
462 200
468 200
474 200
480 200
486 199
492 199
498 199
504 199
510 198
516 198
522 198
528 198
534 199
540 199
546 199
552 200
558 200
564 201
570 201
576 201
582 201
588 201
594 201
600 201
606 200
612 200
618 199
624 198
630 198
636 198
642 197
648 197
654 197
660 196
666 196
672 196
678 196
684 196
690 196
696 195
702 196
708 196
714 196
720 196
726 196
732 197
738 197
744 198
750 199
756 199
762 200
768 201
774 201
780 202
786 202
792 203
798 203
804 203
810 202
816 201
822 201
828 200
834 199
840 198
846 198
852 198
858 198
864 198
870 198
876 199
882 200
888 200
894 201
900 201
906 201
912 201
918 201
924 201
930 200
936 199
942 199
948 198
954 198
960 198
966 197
972 197
978 197
984 197
990 197
996 197
1002 197
1008 198
1014 198
1020 198
1026 199
1032 199
1038 200
1044 200
1050 200
1056 200
1062 200
1068 200
1074 199
1080 199
1086 199
1092 198
1098 198
1104 198
1110 198
1116 198
1122 198
1128 198
1134 198
1140 199
1146 199
1152 199
1158 199
1164 199
1170 199
1176 199
1182 199
1188 199
