0 229
6 232
12 235
18 238
24 240
30 241
36 241
42 241
48 240
54 237
60 233
66 228
71 222
75 216
78 210
82 204
87 198
93 192
99 188
105 185
111 182
117 180
123 178
129 177
135 176
141 176
147 176
153 177
159 178
165 179
171 182
177 185
183 189
189 195
193 201
196 207
197 213
198 219
199 225
199 231
200 237
202 243
205 249
209 255
215 260
221 263
227 266
233 267
239 267
245 267
251 265
257 263
263 259
269 253
273 247
275 241
276 235
276 229
276 223
275 217
275 211
276 205
278 199
282 193
287 187
293 182
299 179
305 177
311 177
317 177
323 178
329 180
335 184
341 190
346 196
351 202
357 208
363 212
369 215
375 216
381 217
387 216
393 215
399 214
405 212
411 211
417 211
423 211
429 212
435 214
441 217
447 219
453 221
459 223
465 223
471 223
477 221
483 218
489 215
495 211
501 207
507 204
513 202
519 202
525 202
531 204
537 207
543 212
548 218
552 224
556 230
562 236
568 241
574 243
580 245
586 246
592 245
598 244
604 241
610 237
616 231
620 225
624 219
627 213
631 207
636 201
642 195
648 190
654 187
660 183
666 181
672 179
678 177
684 175
690 174
696 174
702 174
708 174
714 175
720 177
726 179
732 183
738 187
743 193
747 199
749 205
751 211
752 217
753 223
754 229
756 235
759 241
764 247
770 252
776 255
782 256
788 257
794 257
800 255
806 252
812 247
817 241
820 235
821 229
823 223
825 217
827 211
831 205
837 199
843 196
849 194
855 194
861 195
867 197
873 202
878 208
882 214
885 220
889 226
894 232
900 236
906 238
912 239
918 239
924 237
930 234
936 229
940 223
943 217
946 211
948 205
952 199
958 193
964 189
970 187
976 185
982 185
988 186
994 187
1000 190
1006 194
1012 200
1016 206
1020 212
1025 218
1031 224
1037 227
1043 230
1049 231
1055 231
1061 230
1067 227
1073 223
1079 218
1085 212
1091 207
1097 202
1103 199
1109 197
1115 196
1121 196
1127 197
1133 199
1139 201
1145 203
1151 205
1157 208
1163 210
1169 213
1175 215
1181 218
1187 221
1193 224
