0 200
6 201
12 201
18 201
24 201
30 201
36 201
42 201
48 201
54 201
60 200
66 200
72 199
78 199
84 199
90 198
96 198
102 198
108 197
114 197
120 197
126 197
132 197
138 197
144 197
150 197
156 197
162 197
168 197
174 198
180 198
186 199
192 199
198 200
204 201
210 202
216 202
222 203
228 203
234 204
240 204
246 204
252 203
258 203
264 202
270 201
276 200
282 200
288 199
294 198
300 198
306 197
312 197
318 197
324 197
330 197
336 198
342 198
348 198
354 199
360 199
366 199
372 199
378 200
384 199
390 199
396 199
402 199
408 199
414 199
420 199
426 199
432 199
438 199
444 200
450 200
456 200
462 200
468 200
474 200
480 200
486 200
492 200
498 200
504 199
510 199
516 199
522 199
528 199
534 199
540 200
546 200
552 200
558 201
564 201
570 202
576 202
582 202
588 202
594 201
600 201
606 201
612 200
618 200
624 199
630 199
636 198
642 198
648 198
654 198
660 197
666 197
672 197
678 197
684 197
690 197
696 197
702 197
708 197
714 197
720 197
726 197
732 198
738 198
744 199
750 199
756 200
762 200
768 201
774 202
780 202
786 203
792 203
798 203
804 203
810 202
816 202
822 201
828 200
834 200
840 199
846 199
852 199
858 199
864 199
870 199
876 200
882 200
888 201
894 201
900 202
906 202
912 202
918 201
924 201
930 201
936 200
942 200
948 199
954 199
960 198
966 198
972 198
978 198
984 198
990 198
996 198
1002 198
1008 198
1014 199
1020 199
1026 199
1032 200
1038 200
1044 200
1050 200
1056 201
1062 200
1068 200
1074 200
1080 200
1086 199
1092 199
1098 199
1104 198
1110 198
1116 198
1122 199
1128 199
1134 199
1140 199
1146 199
1152 200
1158 200
1164 200
1170 200
1176 200
1182 200
1188 200
