0 215
6 217
12 219
18 221
24 222
30 223
36 223
42 222
48 221
54 219
60 216
66 213
72 209
78 204
84 200
90 196
96 193
102 191
108 189
114 187
120 186
126 185
132 184
138 184
144 183
150 184
156 184
162 185
168 187
174 189
180 192
186 197
192 203
196 209
200 215
204 221
209 227
215 233
221 237
227 240
233 241
239 242
245 241
251 240
257 237
263 233
268 227
272 221
275 215
278 209
281 203
285 197
291 191
297 187
303 185
309 183
315 183
321 184
327 185
333 188
339 191
345 195
351 199
357 202
363 205
369 207
375 208
381 208
387 208
393 207
399 206
405 205
411 204
417 204
423 204
429 205
435 206
441 208
447 210
453 211
459 212
465 212
471 212
477 211
483 210
489 208
495 205
501 203
507 201
513 200
519 200
525 200
531 202
537 204
543 207
549 211
555 215
561 219
567 222
573 224
579 225
585 226
591 225
597 224
603 221
609 218
615 214
621 210
627 206
633 201
639 198
645 195
651 192
657 190
663 188
669 186
675 185
681 183
687 183
693 182
699 182
705 182
711 182
717 184
723 185
729 188
735 191
741 196
747 202
752 208
756 214
761 220
767 225
773 229
779 232
785 234
791 234
797 233
803 232
809 229
815 224
821 218
825 212
830 206
836 201
842 197
848 195
854 195
860 195
866 197
872 200
878 204
884 210
890 214
896 218
902 221
908 222
914 222
920 221
926 219
932 216
938 212
944 207
950 201
956 197
962 194
968 192
974 190
980 190
986 190
992 191
998 193
1004 195
1010 198
1016 202
1022 206
1028 209
1034 212
1040 215
1046 216
1052 216
1058 216
1064 215
1070 213
1076 210
1082 207
1088 204
1094 201
1100 199
1106 198
1112 197
1118 197
1124 197
1130 198
1136 199
1142 201
1148 202
1154 203
1160 205
1166 206
1172 207
1178 209
1184 210
1190 212
