0 221
6 224
12 225
18 225
24 224
30 224
36 223
42 222
48 221
54 219
60 216
66 212
71 206
75 200
78 194
81 188
87 182
93 178
99 177
105 178
111 180
117 186
120 192
123 198
126 204
131 210
137 214
143 216
149 216
155 214
161 211
167 206
173 203
179 202
185 202
191 204
197 207
203 209
209 209
215 209
221 206
227 200
232 194
238 188
244 184
250 182
256 181
262 182
268 185
274 190
279 196
283 202
287 208
293 214
299 218
305 220
311 220
317 218
323 214
329 208
334 202
340 197
346 194
352 194
358 197
364 203
368 209
373 215
379 221
385 224
391 224
397 223
403 219
408 213
410 207
412 201
414 195
417 189
422 183
428 180
434 179
440 181
446 184
451 190
456 196
462 202
468 206
474 207
480 206
486 204
492 201
498 199
504 197
510 197
516 198
522 201
528 204
534 208
540 212
546 215
552 217
558 218
564 218
570 217
576 215
582 212
588 208
594 204
600 200
606 198
612 198
618 199
624 202
630 207
636 212
642 216
648 218
654 218
660 216
666 210
670 204
672 198
675 192
680 186
686 183
692 182
698 184
704 189
710 195
715 201
721 206
727 208
733 209
739 207
745 202
750 196
755 190
759 184
765 178
771 175
777 174
783 175
789 178
795 184
798 190
800 196
801 202
802 208
804 214
809 220
815 225
821 227
827 227
833 226
839 223
845 218
850 212
855 206
861 201
867 198
873 196
879 196
885 197
891 200
897 204
903 208
909 213
915 216
921 218
927 219
933 219
939 217
945 214
951 209
957 204
963 200
969 197
975 196
981 196
987 197
993 199
999 201
1005 203
1011 203
1017 203
1023 200
1029 197
1035 194
1041 191
1047 189
1053 189
1059 191
1065 194
1070 200
1074 206
1078 212
1083 218
1089 223
1095 226
1101 227
1107 227
1113 225
1119 222
1125 216
1128 210
1130 204
1132 198
1133 192
1134 186
1137 180
1140 174
1146 169
1152 167
1158 166
1164 167
1170 170
1176 175
1179 181
1181 187
1182 193
1183 199
1185 205
1188 211
