0 221
6 222
12 222
18 222
24 221
30 221
36 221
42 221
48 221
54 221
60 220
66 219
72 218
78 217
84 215
90 214
96 213
102 213
108 213
114 214
120 216
126 217
132 219
138 220
144 220
150 220
156 219
162 219
168 218
174 217
180 217
186 217
192 218
198 218
204 219
210 219
216 219
222 218
228 217
234 216
240 215
246 214
252 214
258 214
264 214
270 215
276 216
282 217
288 218
294 219
300 220
306 221
312 221
318 221
324 220
330 218
336 217
342 216
348 216
354 216
360 217
366 218
372 220
378 221
384 222
390 222
396 221
402 220
408 219
414 217
420 215
426 214
432 213
438 213
444 214
450 215
456 216
462 218
468 218
474 219
480 218
486 218
492 217
498 217
504 216
510 217
516 217
522 217
528 218
534 219
540 219
546 220
552 220
558 220
564 220
570 220
576 220
582 220
588 219
594 218
600 218
606 217
612 217
618 217
624 217
630 218
636 219
642 220
648 221
654 221
660 220
666 218
672 217
678 215
684 214
690 213
696 213
702 214
708 216
714 217
720 218
726 218
732 218
738 218
744 217
750 216
756 214
762 213
768 212
774 212
780 212
786 213
792 214
798 216
804 218
810 220
816 222
822 222
828 223
834 222
840 221
846 220
852 219
858 218
864 217
870 217
876 217
882 217
888 218
894 218
900 219
906 220
912 220
918 221
924 221
930 221
936 221
942 220
948 219
954 219
960 218
966 217
972 217
978 217
984 217
990 217
996 217
1002 218
1008 218
1014 218
1020 218
1026 217
1032 216
1038 216
1044 215
1050 215
1056 215
1062 216
1068 217
1074 218
1080 219
1086 221
1092 222
1098 222
1104 222
1110 222
1116 221
1122 220
1128 218
1134 216
1140 213
1146 212
1152 210
1158 210
1164 211
1170 212
1176 214
1182 216
1188 218
