0 199
6 199
12 199
18 199
24 199
30 198
36 198
42 198
48 198
54 198
60 198
66 198
72 197
78 197
84 196
90 196
96 195
102 195
108 195
114 196
120 196
126 197
132 198
138 198
144 198
150 198
156 198
162 197
168 197
174 197
180 197
186 197
192 197
198 197
204 198
210 198
216 197
222 197
228 197
234 196
240 196
246 196
252 195
258 196
264 196
270 196
276 196
282 197
288 197
294 198
300 198
306 198
312 199
318 198
324 198
330 198
336 197
342 197
348 196
354 196
360 197
366 197
372 198
378 199
384 199
390 199
396 199
402 198
408 198
414 197
420 196
426 195
432 195
438 195
444 196
450 196
456 197
462 197
468 197
474 197
480 197
486 197
492 197
498 197
504 197
510 197
516 197
522 197
528 198
534 198
540 198
546 198
552 198
558 198
564 198
570 198
576 198
582 198
588 198
594 198
600 197
606 197
612 197
618 197
624 197
630 197
636 198
642 198
648 198
654 199
660 198
666 198
672 197
678 196
684 195
690 195
696 195
702 196
708 196
714 197
720 197
726 197
732 197
738 197
744 197
750 196
756 196
762 195
768 195
774 195
780 195
786 195
792 196
798 196
804 197
810 198
816 199
822 199
828 199
834 199
840 199
846 198
852 198
858 198
864 197
870 197
876 197
882 197
888 197
894 198
900 198
906 198
912 198
918 198
924 199
930 199
936 199
942 198
948 198
954 198
960 197
966 197
972 197
978 197
984 197
990 197
996 197
1002 197
1008 197
1014 197
1020 197
1026 197
1032 197
1038 197
1044 196
1050 196
1056 196
1062 197
1068 197
1074 197
1080 198
1086 198
1092 199
1098 199
1104 199
1110 199
1116 198
1122 198
1128 197
1134 196
1140 196
1146 195
1152 194
1158 194
1164 194
1170 195
1176 196
1182 197
1188 197
