0 213
6 215
12 216
18 216
24 215
30 215
36 214
42 214
48 213
54 212
60 210
66 207
72 203
78 197
84 191
90 187
96 185
102 184
108 186
114 189
120 194
126 200
132 206
138 209
144 210
150 210
156 208
162 206
168 203
174 201
180 200
186 201
192 202
198 204
204 205
210 206
216 205
222 202
228 199
234 195
240 191
246 189
252 188
258 188
264 189
270 192
276 195
282 200
288 204
294 208
300 211
306 213
312 213
318 211
324 208
330 204
336 200
342 197
348 195
354 196
360 199
366 204
372 209
378 213
384 215
390 216
396 215
402 211
408 205
413 199
418 193
424 188
430 186
436 186
442 188
448 191
454 195
460 200
466 203
472 204
478 204
484 203
490 201
496 199
502 198
508 197
514 198
520 200
526 202
532 204
538 207
544 209
550 210
556 211
562 211
568 211
574 210
580 208
586 206
592 204
598 201
604 199
610 198
616 199
622 200
628 203
634 206
640 209
646 211
652 212
658 210
664 207
670 201
675 195
681 190
687 188
693 188
699 189
705 193
711 197
717 201
723 204
729 205
735 205
741 202
747 199
753 194
759 189
765 185
771 183
777 182
783 183
789 186
795 192
799 198
803 204
808 210
814 215
820 217
826 218
832 218
838 215
844 212
850 208
856 204
862 201
868 199
874 198
880 198
886 199
892 201
898 203
904 206
910 208
916 210
922 212
928 212
934 212
940 210
946 208
952 205
958 202
964 199
970 198
976 197
982 197
988 198
994 199
1000 201
1006 202
1012 202
1018 201
1024 200
1030 197
1036 195
1042 193
1048 192
1054 193
1060 194
1066 197
1072 202
1078 207
1084 211
1090 215
1096 217
1102 218
1108 217
1114 215
1120 212
1126 206
1130 200
1134 194
1138 188
1143 182
1149 178
1155 176
1161 176
1167 178
1173 183
1178 189
1182 195
1186 201
1191 207
