0 202
6 202
12 202
18 202
24 202
30 201
36 201
42 201
48 201
54 201
60 201
66 201
72 200
78 200
84 199
90 198
96 198
102 198
108 198
114 198
120 199
126 200
132 200
138 201
144 201
150 201
156 201
162 200
168 200
174 199
180 199
186 200
192 200
198 200
204 200
210 201
216 200
222 200
228 200
234 199
240 198
246 198
252 198
258 198
264 198
270 199
276 199
282 200
288 200
294 201
300 201
306 201
312 202
318 201
324 201
330 200
336 200
342 199
348 199
354 199
360 200
366 200
372 201
378 202
384 202
390 202
396 202
402 201
408 200
414 199
420 199
426 198
432 198
438 198
444 198
450 199
456 200
462 200
468 200
474 200
480 200
486 200
492 200
498 200
504 200
510 200
516 200
522 200
528 200
534 201
540 201
546 201
552 201
558 201
564 201
570 201
576 201
582 201
588 201
594 200
600 200
606 200
612 200
618 200
624 200
630 200
636 201
642 201
648 202
654 201
660 201
666 200
672 199
678 199
684 198
690 198
696 198
702 198
708 199
714 200
720 200
726 200
732 200
738 200
744 199
750 199
756 198
762 198
768 198
774 197
780 197
786 198
792 198
798 199
804 200
810 201
816 202
822 202
828 202
834 202
840 202
846 201
852 201
858 200
864 200
870 200
876 200
882 200
888 200
894 200
900 201
906 201
912 201
918 201
924 202
930 202
936 202
942 201
948 201
954 200
960 200
966 200
972 200
978 200
984 200
990 200
996 200
1002 200
1008 200
1014 200
1020 200
1026 200
1032 200
1038 199
1044 199
1050 199
1056 199
1062 199
1068 200
1074 200
1080 201
1086 201
1092 202
1098 202
1104 202
1110 202
1116 201
1122 201
1128 200
1134 199
1140 198
1146 197
1152 197
1158 197
1164 197
1170 197
1176 198
1182 199
1188 200
