0 266
6 269
12 271
18 272
24 272
30 272
36 270
42 268
48 265
54 261
60 256
64 250
68 244
70 238
72 232
73 226
73 220
73 214
72 208
71 202
68 196
62 190
58 184
58 178
58 172
60 166
62 160
66 154
70 148
76 142
82 139
88 136
94 135
100 135
106 136
112 138
118 142
123 148
126 154
127 160
126 166
123 172
117 177
112 183
110 189
110 195
110 201
111 207
112 213
114 219
117 225
121 231
127 237
133 241
139 243
145 243
151 241
156 235
158 229
160 223
165 217
171 213
177 211
183 211
189 213
195 215
201 218
207 221
213 222
219 221
225 217
231 211
234 205
236 199
238 193
238 187
237 181
234 175
231 169
229 163
230 157
232 151
238 145
244 141
250 139
256 138
262 138
268 140
274 143
280 148
285 154
287 160
289 166
289 172
289 178
287 184
284 190
281 196
278 202
276 208
275 214
274 220
274 226
275 232
277 238
280 244
285 250
291 254
297 256
303 257
309 256
315 253
321 247
325 241
327 235
327 229
327 223
326 217
327 211
329 205
333 199
339 193
345 191
351 190
357 192
363 195
369 201
373 207
375 213
377 219
377 225
375 231
373 237
372 243
373 249
376 255
382 261
388 264
394 265
400 264
406 262
412 258
417 252
420 246
422 240
422 234
422 228
421 222
420 216
417 210
414 204
410 198
406 192
404 186
402 180
401 174
400 168
401 162
403 156
406 150
411 144
417 140
423 138
429 137
435 137
441 139
447 143
451 149
452 155
450 161
446 167
444 173
444 179
445 185
448 191
451 197
457 203
463 207
469 208
475 208
481 205
487 201
493 195
499 191
505 187
511 186
517 186
523 189
529 195
531 201
532 207
532 213
531 219
530 225
529 231
530 237
532 243
536 249
542 255
548 258
554 260
560 260
566 260
572 258
578 254
583 248
587 242
588 236
589 230
589 224
589 218
589 212
590 206
593 200
598 194
604 192
610 191
616 193
622 197
628 203
632 209
635 215
637 221
638 227
640 233
643 239
649 245
655 248
661 248
667 247
673 243
678 237
680 231
682 225
682 219
681 213
680 207
677 201
673 195
668 189
664 183
662 177
661 171
662 165
664 159
669 153
675 150
681 148
687 148
693 150
699 155
704 161
707 167
708 173
708 179
709 185
710 191
713 197
716 203
722 209
728 213
734 214
740 213
746 210
752 205
758 199
762 193
765 187
767 181
768 175
768 169
766 163
762 157
760 151
760 145
762 139
767 133
773 129
779 127
785 127
791 127
797 129
803 132
809 137
813 143
816 149
818 155
819 161
818 167
817 173
815 179
812 185
808 191
802 195
797 201
793 207
790 213
788 219
786 225
785 231
785 237
786 243
787 249
789 255
793 261
799 267
805 270
811 273
817 273
823 273
829 271
835 267
840 261
843 255
844 249
843 243
840 237
839 231
839 225
840 219
842 213
846 207
850 201
856 195
862 190
868 187
874 186
880 186
886 188
892 193
896 199
898 205
899 211
899 217
899 223
899 229
901 235
903 241
906 247
912 253
918 257
924 260
930 260
936 260
942 258
948 255
953 249
957 243
958 237
959 231
957 225
955 219
953 213
952 207
952 201
954 195
957 189
963 184
969 182
975 182
981 184
987 188
993 193
999 197
1005 201
1011 202
1017 202
1023 201
1029 197
1034 191
1037 185
1038 179
1040 173
1046 167
1052 165
1058 165
1064 167
1070 170
1076 175
1081 181
1085 187
1088 193
1091 199
1092 205
1092 211
1091 217
1086 223
1080 228
1076 234
1074 240
1075 246
1076 252
1079 258
1085 264
1091 268
1097 270
1103 270
1109 270
1115 268
1121 265
1127 259
1132 253
1135 247
1138 241
1140 235
1141 229
1142 223
1143 217
1144 211
1145 205
1145 199
1145 193
1144 187
1143 181
1140 175
1134 171
1128 168
1125 162
1123 156
1122 150
1122 144
1123 138
1126 132
1130 126
1136 121
1142 117
1148 115
1154 113
1160 113
1166 114
1172 115
1178 118
1184 122
1190 128
1194 134
1197 140
1199 146
0 152
0 158
1199 164
1197 170
1191 173
1185 171
1179 177
1177 183
1176 189
1175 195
1175 201
1175 207
1175 213
1176 219
1177 225
1178 231
1180 237
1182 243
1185 249
1189 255
