0 222
6 222
12 222
18 222
24 222
30 222
36 222
42 222
48 222
54 222
60 222
66 222
72 222
78 221
84 221
90 221
96 221
102 221
108 221
114 221
120 221
126 221
132 222
138 222
144 222
150 222
156 222
162 221
168 221
174 221
180 221
186 221
192 221
198 221
204 222
210 222
216 222
222 221
228 221
234 221
240 221
246 221
252 221
258 221
264 221
270 221
276 221
282 221
288 221
294 222
300 222
306 222
312 222
318 222
324 222
330 222
336 221
342 221
348 221
354 221
360 221
366 221
372 222
378 222
384 222
390 222
396 222
402 222
408 222
414 221
420 221
426 221
432 221
438 221
444 221
450 221
456 221
462 221
468 222
474 222
480 222
486 221
492 221
498 221
504 221
510 221
516 221
522 221
528 222
534 222
540 222
546 222
552 222
558 222
564 222
570 222
576 222
582 222
588 222
594 222
600 222
606 221
612 221
618 221
624 221
630 221
636 222
642 222
648 222
654 222
660 222
666 222
672 221
678 221
684 221
690 221
696 221
702 221
708 221
714 221
720 221
726 222
732 221
738 221
744 221
750 221
756 221
762 221
768 221
774 221
780 221
786 221
792 221
798 221
804 221
810 222
816 222
822 222
828 222
834 222
840 222
846 222
852 222
858 222
864 222
870 221
876 222
882 222
888 222
894 222
900 222
906 222
912 222
918 222
924 222
930 222
936 222
942 222
948 222
954 222
960 222
966 222
972 221
978 221
984 221
990 221
996 221
1002 221
1008 221
1014 221
1020 222
1026 221
1032 221
1038 221
1044 221
1050 221
1056 221
1062 221
1068 221
1074 221
1080 222
1086 222
1092 222
1098 222
1104 222
1110 222
1116 222
1122 222
1128 221
1134 221
1140 221
1146 221
1152 221
1158 221
1164 221
1170 221
1176 221
1182 221
1188 222
