0 217
6 218
12 218
18 217
24 217
30 217
36 217
42 217
48 217
54 217
60 216
66 216
72 215
78 213
84 212
90 211
96 210
102 210
108 210
114 211
120 212
126 214
132 215
138 216
144 216
150 216
156 216
162 215
168 214
174 214
180 213
186 214
192 214
198 215
204 215
210 215
216 215
222 214
228 213
234 212
240 212
246 211
252 211
258 211
264 211
270 212
276 213
282 214
288 215
294 215
300 216
306 217
312 217
318 217
324 216
330 215
336 214
342 213
348 213
354 213
360 214
366 215
372 216
378 217
384 218
390 218
396 217
402 216
408 215
414 213
420 212
426 211
432 210
438 210
444 211
450 212
456 213
462 214
468 215
474 215
480 215
486 214
492 214
498 213
504 213
510 213
516 214
522 214
528 215
534 215
540 216
546 216
552 216
558 217
564 217
570 216
576 216
582 216
588 215
594 215
600 214
606 214
612 214
618 214
624 214
630 215
636 216
642 216
648 217
654 217
660 216
666 215
672 213
678 212
684 211
690 210
696 211
702 211
708 212
714 213
720 214
726 215
732 215
738 214
744 214
750 213
756 211
762 211
768 210
774 209
780 210
786 210
792 211
798 213
804 214
810 216
816 217
822 218
828 218
834 218
840 217
846 216
852 215
858 215
864 214
870 214
876 214
882 214
888 214
894 215
900 215
906 216
912 216
918 217
924 217
930 217
936 217
942 216
948 216
954 215
960 214
966 214
972 213
978 213
984 213
990 214
996 214
1002 214
1008 214
1014 214
1020 214
1026 214
1032 213
1038 213
1044 212
1050 212
1056 212
1062 213
1068 214
1074 215
1080 216
1086 217
1092 217
1098 218
1104 218
1110 218
1116 217
1122 216
1128 214
1134 212
1140 211
1146 209
1152 208
1158 208
1164 208
1170 210
1176 211
1182 213
1188 215
