0 218
6 219
12 220
18 219
24 219
30 219
36 218
42 218
48 218
54 217
60 216
66 214
72 212
78 209
84 206
90 203
96 202
102 201
108 202
114 204
120 207
126 210
132 213
138 216
144 216
150 216
156 215
162 213
168 212
174 210
180 210
186 210
192 211
198 213
204 213
210 214
216 213
222 212
228 210
234 207
240 205
246 204
252 203
258 203
264 204
270 206
276 208
282 210
288 212
294 215
300 217
306 218
312 218
318 217
324 215
330 213
336 210
342 208
348 207
354 208
360 210
366 213
372 216
378 218
384 220
390 220
396 219
402 217
408 213
414 209
420 206
426 203
432 202
438 202
444 204
450 206
456 209
462 211
468 212
474 213
480 213
486 212
492 211
498 210
504 209
510 209
516 210
522 211
528 212
534 213
540 215
546 216
552 216
558 217
564 217
570 216
576 216
582 215
588 214
594 212
600 211
606 210
612 209
618 210
624 211
630 213
636 215
642 216
648 217
654 217
660 216
666 213
672 209
678 206
684 204
690 203
696 203
702 205
708 207
714 210
720 212
726 213
732 213
738 212
744 210
750 208
756 205
762 203
768 201
774 200
780 200
786 202
792 204
798 208
804 212
810 216
816 219
822 221
828 221
834 220
840 219
846 217
852 214
858 212
864 211
870 210
876 209
882 210
888 211
894 212
900 213
906 214
912 216
918 217
924 217
930 218
936 217
942 216
948 215
954 213
960 211
966 210
972 209
978 209
984 209
990 210
996 211
1002 211
1008 212
1014 212
1020 211
1026 210
1032 209
1038 207
1044 206
1050 206
1056 206
1062 208
1068 210
1074 212
1080 215
1086 218
1092 219
1098 220
1104 221
1110 220
1116 218
1122 215
1128 211
1134 207
1140 202
1146 199
1152 197
1158 196
1164 197
1170 200
1176 203
1182 208
1188 212
