0 227
6 222
11 216
14 210
18 204
21 198
26 192
32 187
38 184
44 182
50 182
56 183
62 186
68 190
74 196
77 202
80 208
83 214
86 220
91 226
97 231
103 234
109 235
115 235
121 233
127 230
133 225
138 219
142 213
147 207
153 201
159 197
165 195
171 194
177 194
183 195
189 198
195 202
201 208
207 214
213 219
219 224
225 226
231 228
237 229
243 228
249 227
255 224
261 221
267 217
273 214
279 211
285 209
291 208
297 209
303 210
309 213
315 217
321 221
327 226
333 230
339 233
345 235
351 235
357 235
363 233
369 230
375 224
379 218
381 212
383 206
384 200
385 194
387 188
389 182
393 176
399 170
405 166
411 164
417 163
423 162
429 163
435 165
441 168
447 172
453 178
456 184
459 190
460 196
461 202
461 208
461 214
461 220
463 226
465 232
469 238
474 244
480 248
486 251
492 253
498 253
504 253
510 252
516 249
522 246
528 241
533 235
537 229
541 223
544 217
547 211
551 205
556 199
562 193
568 189
574 186
580 184
586 183
592 183
598 184
604 187
610 190
616 195
621 201
625 207
628 213
631 219
634 225
639 231
645 235
651 238
657 240
663 240
669 239
675 237
681 233
687 228
692 222
696 216
702 210
708 205
714 202
720 200
726 200
732 200
738 202
744 204
750 207
756 209
762 212
768 213
774 214
780 213
786 212
792 210
798 207
804 204
810 202
816 200
822 198
828 198
834 198
840 199
846 201
852 203
858 207
864 210
870 214
876 218
882 222
888 225
894 228
900 230
906 231
912 232
918 233
924 233
930 233
936 232
942 231
948 229
954 226
960 223
966 218
972 213
978 207
984 202
990 197
996 193
1002 190
1008 188
1014 187
1020 187
1026 188
1032 190
1038 193
1044 197
1050 202
1056 207
1062 212
1068 215
1074 218
1080 220
1086 221
1092 220
1098 220
1104 218
1110 217
1116 215
1122 214
1128 213
1134 213
1140 214
1146 216
1152 219
1158 222
1164 225
1170 228
1176 230
1182 231
1188 231
