0 293
4 291
8 289
12 286
16 283
20 279
23 275
25 271
27 267
29 263
31 259
33 255
34 251
35 247
37 243
38 239
39 235
40 231
41 227
41 223
42 219
43 215
43 211
44 207
45 203
45 199
45 195
46 191
46 187
46 183
46 179
46 175
46 171
46 167
45 163
45 159
45 155
44 151
43 147
41 143
37 140
33 139
29 142
26 146
24 150
22 154
21 158
20 162
18 166
16 170
12 173
8 174
4 173
0 171
1196 168
1193 164
1190 160
1188 156
1187 152
1186 148
1185 144
1185 140
1185 136
1185 132
1185 128
1186 124
1188 120
1189 116
1191 112
1193 108
1196 104
0 100
4 96
8 92
12 90
16 87
20 85
24 84
28 83
32 82
36 81
40 81
44 80
48 80
52 81
56 81
60 82
64 84
68 85
72 87
76 90
80 93
84 97
87 101
90 105
92 109
93 113
94 117
95 121
95 125
95 129
95 133
95 137
94 141
93 145
93 149
91 153
90 157
89 161
88 165
87 169
86 173
85 177
85 181
84 185
80 188
77 184
76 180
74 176
73 172
72 168
71 164
69 160
68 156
64 152
61 156
61 160
61 164
62 168
62 172
63 176
63 180
63 184
63 188
64 192
64 196
64 200
64 204
65 208
65 212
66 216
66 220
67 224
67 228
68 232
68 236
69 240
69 244
70 248
71 252
71 256
72 260
73 264
74 268
76 272
77 276
79 280
82 284
86 288
90 291
94 294
98 296
102 297
106 298
110 298
114 298
118 297
122 296
126 294
130 292
134 288
138 284
141 280
143 276
145 272
147 268
148 264
149 260
149 256
150 252
150 248
150 244
150 240
150 236
150 232
149 228
149 224
148 220
147 216
146 212
145 208
142 204
138 203
134 205
131 209
128 213
125 217
122 221
118 224
114 224
110 222
107 218
106 214
105 210
105 206
105 202
106 198
107 194
108 190
109 186
111 182
113 178
114 174
117 170
119 166
121 162
124 158
127 154
130 150
133 146
136 142
140 138
144 134
148 130
152 127
156 125
160 123
164 121
168 119
172 118
176 118
180 117
184 117
188 118
192 118
196 120
200 121
204 123
208 126
212 129
216 133
219 137
222 141
224 145
225 149
226 153
227 157
228 161
228 165
227 169
227 173
226 177
224 181
223 185
220 189
217 193
213 197
209 198
205 197
201 195
197 191
193 187
189 184
185 182
181 183
177 185
174 189
173 193
172 197
172 201
173 205
173 209
174 213
175 217
176 221
177 225
179 229
180 233
182 237
183 241
185 245
187 249
189 253
191 257
194 261
197 265
200 269
204 273
208 276
212 279
216 281
220 283
224 284
228 284
232 285
236 285
240 284
244 283
248 282
252 280
256 277
260 274
263 270
266 266
268 262
270 258
271 254
272 250
272 246
271 242
268 238
264 236
260 234
256 232
253 228
252 224
252 220
253 216
255 212
258 208
261 204
265 200
269 196
273 193
277 190
281 188
285 186
289 184
293 183
297 181
301 180
305 180
309 179
313 179
317 179
321 179
325 179
329 179
333 180
337 180
341 181
345 182
349 183
353 184
357 185
361 186
365 188
369 190
373 192
377 195
381 199
383 203
384 207
383 211
382 215
380 219
376 223
372 226
368 227
364 228
360 229
356 229
352 229
348 229
344 230
340 231
336 233
333 237
330 241
329 245
329 249
329 253
330 257
331 261
333 265
336 269
340 272
344 275
348 277
352 278
356 278
360 278
364 277
368 276
372 274
376 272
380 270
384 267
388 263
392 260
396 256
400 252
403 248
407 244
410 240
414 236
417 232
420 228
423 224
425 220
428 216
430 212
432 208
434 204
435 200
437 196
438 192
439 188
440 184
441 180
442 176
442 172
443 168
443 164
443 160
443 156
443 152
443 148
443 144
443 140
443 136
443 132
442 128
442 124
442 120
441 116
440 112
438 108
435 104
431 101
427 100
423 99
419 100
415 101
411 104
409 108
407 112
407 116
406 120
406 124
405 128
405 132
405 136
404 140
404 144
403 148
400 152
396 154
392 154
388 153
384 152
380 151
376 149
372 147
368 144
364 141
360 137
357 133
354 129
352 125
351 121
350 117
349 113
348 109
348 105
349 101
350 97
351 93
352 89
354 85
356 81
359 77
362 73
366 69
370 66
374 63
378 60
382 58
386 56
390 55
394 53
398 52
402 51
406 51
410 50
414 50
418 49
422 49
426 50
430 50
434 50
438 51
442 52
446 53
450 55
454 56
458 58
462 61
466 63
470 67
474 71
478 75
480 79
483 83
484 87
486 91
487 95
488 99
488 103
488 107
488 111
488 115
488 119
487 123
487 127
486 131
485 135
484 139
483 143
482 147
482 151
481 155
480 159
480 163
479 167
479 171
478 175
478 179
477 183
477 187
477 191
477 195
476 199
476 203
476 207
476 211
476 215
476 219
476 223
477 227
477 231
477 235
476 239
472 237
470 233
470 229
469 225
469 221
469 217
469 213
468 209
468 205
468 201
468 197
468 193
468 189
468 185
468 181
468 177
467 173
467 169
467 165
467 161
467 157
466 153
466 149
465 145
465 141
464 137
460 134
458 138
459 142
460 146
460 150
460 154
460 158
461 162
461 166
461 170
461 174
460 178
460 182
460 186
460 190
460 194
459 198
459 202
459 206
458 210
457 214
457 218
456 222
455 226
454 230
452 234
451 238
450 242
448 246
447 250
445 254
444 258
443 262
441 266
440 270
439 274
439 278
438 282
438 286
437 290
437 294
438 298
439 302
440 306
441 310
443 314
445 318
448 322
451 326
455 330
459 333
463 335
467 338
471 339
475 341
479 342
483 343
487 344
491 344
495 344
499 344
503 344
507 343
511 342
515 341
519 340
523 338
527 336
531 334
535 331
539 328
542 324
545 320
548 316
550 312
552 308
553 304
554 300
555 296
556 292
556 288
556 284
556 280
556 276
556 272
556 268
555 264
554 260
554 256
553 252
552 248
551 244
550 240
549 236
548 232
547 228
545 224
544 220
542 216
540 212
536 208
532 209
529 213
527 217
526 221
525 225
524 229
523 233
522 237
521 241
520 245
519 249
519 253
518 257
516 261
515 265
512 269
508 271
504 271
500 269
497 265
496 261
495 257
494 253
494 249
495 245
495 241
495 237
495 233
496 229
496 225
497 221
497 217
498 213
498 209
499 205
500 201
501 197
502 193
503 189
505 185
506 181
508 177
510 173
512 169
514 165
517 161
519 157
522 153
525 149
528 145
531 141
534 137
537 133
541 129
544 125
548 121
552 117
556 113
560 110
564 107
568 105
572 103
576 101
580 100
584 98
588 98
592 97
596 97
600 97
604 97
608 98
612 99
616 100
620 102
624 104
628 107
632 111
635 115
638 119
640 123
641 127
642 131
643 135
643 139
643 143
643 147
642 151
642 155
641 159
639 163
638 167
637 171
635 175
633 179
632 183
630 187
628 191
626 195
624 199
622 203
619 207
617 211
615 215
612 219
608 221
604 218
602 214
600 210
599 206
598 202
597 198
596 194
595 190
594 186
593 182
589 179
585 178
581 179
577 182
574 186
572 190
571 194
571 198
571 202
572 206
573 210
574 214
575 218
576 222
577 226
579 230
580 234
582 238
584 242
586 246
588 250
590 254
593 258
595 262
598 266
601 270
604 274
607 278
610 282
614 286
617 290
621 294
625 297
629 301
633 304
637 307
641 309
645 311
649 312
653 314
657 315
661 315
665 316
669 316
673 316
677 315
681 314
685 313
689 311
693 309
697 306
701 302
704 298
707 294
709 290
711 286
712 282
713 278
713 274
713 270
713 266
712 262
710 258
708 254
705 250
701 246
697 243
693 242
689 242
685 243
681 245
677 248
673 251
669 255
665 258
661 260
657 261
653 261
649 261
645 259
641 256
637 252
635 248
634 244
634 240
634 236
635 232
636 228
637 224
639 220
641 216
644 212
646 208
649 204
652 200
655 196
658 192
661 188
664 184
667 180
671 176
675 172
679 168
683 165
687 162
691 159
695 157
699 155
703 154
707 153
711 153
715 153
719 154
723 155
727 158
731 162
733 166
734 170
734 174
733 178
731 182
729 186
728 190
728 194
729 198
732 202
736 206
740 209
744 211
748 212
752 214
756 215
760 215
764 216
768 216
772 216
776 216
780 215
784 215
788 213
792 212
796 210
800 208
804 205
808 202
812 199
815 195
818 191
820 187
821 183
821 179
821 175
819 171
815 167
811 165
807 161
804 157
803 153
803 149
803 145
805 141
807 137
809 133
813 129
817 126
821 124
825 122
829 121
833 120
837 119
841 119
845 119
849 120
853 121
857 122
861 124
865 126
869 129
873 132
877 135
880 139
884 143
887 147
890 151
892 155
894 159
896 163
898 167
900 171
902 175
903 179
905 183
906 187
907 191
908 195
909 199
910 203
911 207
911 211
911 215
911 219
910 223
909 227
907 231
904 235
900 238
896 239
892 238
888 235
884 232
880 228
876 227
872 227
868 229
864 233
862 237
860 241
858 245
857 249
857 253
856 257
856 261
857 265
857 269
858 273
859 277
861 281
862 285
865 289
867 293
870 297
874 301
878 305
882 308
886 311
890 313
894 315
898 317
902 318
906 319
910 320
914 321
918 321
922 321
926 321
930 321
934 320
938 320
942 319
946 317
950 316
954 314
958 312
962 309
966 306
970 303
974 299
977 295
980 291
982 287
984 283
986 279
988 275
989 271
990 267
991 263
992 259
992 255
993 251
993 247
993 243
993 239
992 235
992 231
991 227
991 223
990 219
989 215
988 211
987 207
986 203
984 199
982 195
980 191
976 188
972 191
970 195
968 199
967 203
965 207
963 211
959 213
955 211
952 207
950 203
949 199
948 195
947 191
946 187
946 183
945 179
945 175
945 171
944 167
944 163
945 159
945 155
945 151
946 147
946 143
947 139
948 135
949 131
950 127
952 123
954 119
956 115
958 111
961 107
965 103
969 99
973 95
977 93
981 90
985 88
989 86
993 85
997 84
1001 83
1005 82
1009 82
1013 82
1017 82
1021 82
1025 82
1029 83
1033 84
1037 85
1041 86
1045 88
1049 90
1053 93
1057 96
1061 99
1065 103
1068 107
1071 111
1073 115
1075 119
1076 123
1078 127
1078 131
1079 135
1079 139
1078 143
1077 147
1076 151
1074 155
1070 159
1066 162
1062 163
1058 162
1054 161
1050 158
1046 154
1042 150
1038 147
1034 146
1030 146
1026 148
1022 151
1019 155
1017 159
1016 163
1016 167
1016 171
1017 175
1018 179
1019 183
1020 187
1022 191
1023 195
1025 199
1028 203
1030 207
1033 211
1036 215
1039 219
1042 223
1046 226
1050 230
1054 232
1058 234
1062 236
1066 237
1070 237
1074 237
1078 236
1082 235
1086 233
1090 231
1094 228
1098 225
1102 222
1106 219
1110 217
1114 215
1118 214
1122 212
1126 211
1130 211
1134 210
1138 210
1142 210
1146 211
1150 211
1154 212
1158 213
1162 214
1166 216
1170 218
1174 220
1178 224
1181 228
1183 232
1184 236
1184 240
1182 244
1180 248
1176 251
1172 254
1168 257
1164 261
1162 265
1160 269
1160 273
1161 277
1163 281
1165 285
1169 288
1173 291
1177 293
1181 294
1185 295
1189 295
1193 295
