0 287
6 284
12 280
18 275
22 269
26 263
29 257
31 251
33 245
35 239
37 233
38 227
39 221
41 215
41 209
42 203
43 197
43 191
43 185
43 179
42 173
39 167
33 163
27 165
22 171
17 177
11 181
5 181
1199 176
1195 170
1192 164
1190 158
1190 152
1190 146
1190 140
1192 134
1194 128
1198 122
2 116
8 110
14 105
20 102
26 99
32 98
38 97
44 96
50 96
56 97
62 99
68 101
74 105
80 110
86 116
89 122
92 128
94 134
95 140
95 146
95 152
95 158
94 164
93 170
92 176
90 182
88 188
83 194
77 188
74 182
69 176
64 182
63 188
63 194
63 200
63 206
64 212
64 218
65 224
66 230
66 236
67 242
68 248
70 254
71 260
74 266
76 272
80 278
86 284
92 288
98 291
104 292
110 293
116 292
122 290
128 288
134 283
139 277
143 271
146 265
148 259
149 253
149 247
150 241
149 235
149 229
147 223
144 217
138 215
132 218
126 222
120 223
114 217
112 211
112 205
113 199
115 193
117 187
120 181
123 175
127 169
131 163
135 157
140 151
145 145
151 140
157 136
163 134
169 132
175 131
181 130
187 131
193 132
199 135
205 138
211 143
216 149
219 155
222 161
223 167
223 173
223 179
222 185
220 191
215 197
209 200
203 200
197 198
191 197
185 200
182 206
181 212
181 218
182 224
183 230
185 236
187 242
190 248
193 254
197 260
202 266
208 272
214 276
220 278
226 280
232 281
238 280
244 279
250 276
256 272
262 266
266 260
268 254
268 248
267 242
264 236
260 230
259 224
260 218
262 212
267 206
273 200
279 195
285 192
291 189
297 187
303 186
309 186
315 186
321 187
327 188
333 189
339 191
345 193
351 196
357 199
363 205
367 211
368 217
366 223
361 229
355 232
349 234
343 236
337 240
333 246
331 252
332 258
334 264
338 270
344 275
350 278
356 279
362 279
368 277
374 275
380 271
386 267
392 261
397 255
402 249
406 243
411 237
414 231
418 225
421 219
424 213
427 207
429 201
431 195
433 189
435 183
436 177
437 171
438 165
439 159
439 153
439 147
438 141
437 135
433 129
427 124
421 122
415 123
409 127
406 133
404 139
403 145
401 151
399 157
394 163
388 164
382 163
376 160
370 156
364 150
360 144
357 138
355 132
354 126
354 120
354 114
355 108
357 102
360 96
364 90
369 84
375 79
381 74
387 71
393 68
399 67
405 65
411 64
417 64
423 64
429 64
435 65
441 66
447 68
453 71
459 74
465 79
471 84
476 90
480 96
483 102
485 108
486 114
487 120
488 126
488 132
488 138
487 144
487 150
486 156
485 162
484 168
482 174
481 180
480 186
479 192
478 198
478 204
477 210
476 216
476 222
470 224
468 218
467 212
467 206
467 200
466 194
466 188
466 182
466 176
465 170
464 164
462 158
457 164
457 170
457 176
457 182
456 188
455 194
454 200
453 206
452 212
450 218
449 224
448 230
446 236
445 242
444 248
442 254
441 260
441 266
440 272
440 278
440 284
441 290
442 296
444 302
447 308
451 314
457 320
463 325
469 328
475 331
481 333
487 334
493 335
499 335
505 334
511 333
517 331
523 329
529 326
535 321
541 315
546 309
549 303
552 297
553 291
555 285
555 279
556 273
556 267
555 261
555 255
554 249
552 243
551 237
549 231
546 225
540 220
534 222
529 228
527 234
525 240
523 246
520 252
514 258
508 259
502 254
499 248
498 242
498 236
498 230
499 224
500 218
502 212
504 206
506 200
508 194
511 188
514 182
517 176
520 170
524 164
528 158
532 152
537 146
541 140
546 134
552 128
558 123
564 119
570 116
576 113
582 111
588 110
594 110
600 110
606 111
612 113
618 116
624 120
630 126
634 132
637 138
639 144
640 150
641 156
641 162
640 168
639 174
638 180
636 186
634 192
632 198
629 204
626 210
622 216
616 219
610 214
607 208
604 202
601 196
595 193
589 195
585 201
583 207
582 213
583 219
584 225
586 231
588 237
590 243
593 249
596 255
599 261
603 267
607 273
611 279
616 285
621 291
627 296
633 300
639 304
645 307
651 309
657 310
663 311
669 310
675 310
681 308
687 305
693 301
699 296
703 290
706 284
708 278
709 272
709 266
708 260
705 254
699 248
693 245
687 246
681 248
675 252
669 254
663 255
657 253
651 247
648 241
648 235
649 229
651 223
653 217
656 211
659 205
663 199
667 193
672 187
677 181
683 175
689 170
695 166
701 163
707 161
713 161
719 162
725 164
731 169
734 175
736 181
735 187
735 193
736 199
739 205
745 210
751 214
757 217
763 218
769 219
775 219
781 218
787 216
793 214
799 210
805 204
810 198
812 192
813 186
812 180
809 174
806 168
805 162
806 156
808 150
813 144
819 139
825 136
831 134
837 133
843 133
849 134
855 136
861 139
867 142
873 147
879 153
884 159
888 165
891 171
894 177
896 183
898 189
899 195
901 201
901 207
901 213
900 219
897 225
891 231
885 232
879 231
873 231
867 235
864 241
862 247
861 253
861 259
862 265
863 271
866 277
869 283
873 289
879 295
885 300
891 304
897 306
903 309
909 310
915 311
921 312
927 312
933 311
939 310
945 308
951 305
957 302
963 298
969 293
974 287
979 281
982 275
985 269
987 263
988 257
989 251
990 245
990 239
990 233
989 227
988 221
987 215
985 209
981 203
975 201
969 205
963 209
957 207
953 201
950 195
949 189
948 183
948 177
948 171
948 165
949 159
950 153
952 147
954 141
957 135
960 129
964 123
969 117
975 112
981 108
987 104
993 102
999 100
1005 99
1011 98
1017 98
1023 99
1029 100
1035 101
1041 104
1047 107
1053 111
1059 116
1064 122
1068 128
1071 134
1072 140
1073 146
1073 152
1072 158
1069 164
1063 169
1057 170
1051 168
1045 166
1039 165
1033 168
1029 174
1027 180
1027 186
1028 192
1029 198
1031 204
1034 210
1037 216
1041 222
1046 228
1052 233
1058 237
1064 239
1070 241
1076 241
1082 240
1088 238
1094 234
1100 230
1106 225
1112 221
1118 218
1124 216
1130 215
1136 215
1142 215
1148 216
1154 218
1160 220
1166 224
1171 230
1174 236
1174 242
1172 248
1169 254
1165 260
1163 266
1164 272
1166 278
1172 284
1178 287
1184 288
1190 289
