0 239
6 235
12 229
15 223
17 217
19 211
19 205
18 199
17 193
15 187
13 181
12 175
12 169
13 163
16 157
20 151
26 146
32 143
38 141
44 140
50 139
56 140
62 142
68 145
74 150
79 156
82 162
84 168
84 174
84 180
83 186
81 192
78 198
77 204
76 210
77 216
78 222
80 228
83 234
88 240
94 245
100 247
106 249
112 249
118 248
124 245
130 241
135 235
138 229
139 223
140 217
140 211
140 205
139 199
139 193
140 187
142 181
145 175
150 169
156 164
162 161
168 159
174 159
180 159
186 161
192 164
198 169
202 175
204 181
205 187
206 193
206 199
206 205
206 211
208 217
210 223
215 229
221 234
227 237
233 238
239 238
245 236
251 233
257 227
261 221
265 215
267 209
271 203
276 197
282 193
288 190
294 189
300 190
306 192
312 195
318 201
322 207
325 213
327 219
329 225
332 231
336 237
342 242
348 245
354 246
360 246
366 245
372 242
378 238
384 232
389 226
392 220
394 214
396 208
398 202
398 196
398 190
397 184
393 178
387 174
381 169
377 163
375 157
375 151
376 145
378 139
381 133
386 127
392 122
398 118
404 116
410 114
416 113
422 112
428 113
434 114
440 116
446 118
452 122
458 126
464 132
468 138
471 144
473 150
475 156
475 162
476 168
475 174
474 180
471 186
465 191
459 194
453 200
450 206
449 212
448 218
448 224
449 230
450 236
451 242
454 248
457 254
461 260
466 266
472 271
478 274
484 277
490 278
496 279
502 279
508 278
514 276
520 273
526 269
532 264
536 258
540 252
542 246
543 240
544 234
543 228
541 222
539 216
537 210
535 204
535 198
535 192
537 186
539 180
541 174
545 168
549 162
555 156
561 151
567 148
573 145
579 143
585 143
591 143
597 143
603 145
609 148
615 152
621 158
625 164
628 170
629 176
629 182
629 188
627 194
625 200
622 206
621 212
621 218
621 224
622 230
625 236
628 242
633 248
639 253
645 256
651 259
657 260
663 260
669 259
675 257
681 253
687 247
691 241
692 235
693 229
693 223
692 217
691 211
691 205
691 199
693 193
696 187
701 181
707 176
713 174
719 172
725 172
731 174
737 177
743 182
749 188
755 194
761 199
767 202
773 204
779 203
785 202
791 198
797 192
801 186
805 180
811 174
817 169
823 167
829 165
835 165
841 165
847 167
853 170
859 175
864 181
868 187
870 193
872 199
873 205
874 211
876 217
878 223
882 229
886 235
892 240
898 245
904 248
910 250
916 251
922 251
928 251
934 250
940 249
946 246
952 243
958 238
964 232
967 226
970 220
971 214
972 208
972 202
972 196
972 190
972 184
973 178
975 172
978 166
982 160
988 154
994 150
1000 148
1006 146
1012 145
1018 145
1024 146
1030 147
1036 150
1042 154
1047 160
1051 166
1053 172
1054 178
1055 184
1055 190
1056 196
1058 202
1061 208
1067 214
1073 218
1079 220
1085 220
1091 219
1097 217
1103 214
1109 211
1115 207
1121 205
1127 203
1133 203
1139 205
1145 208
1151 213
1155 219
1159 225
1163 231
1169 236
1175 240
1181 242
1187 242
1193 242
