0 214
6 214
12 212
18 211
24 210
30 208
36 207
42 207
48 206
54 206
60 207
66 208
72 209
78 211
84 212
90 214
96 215
102 216
108 216
114 216
120 215
126 215
132 214
138 213
144 212
150 211
156 210
162 209
168 209
174 209
180 209
186 210
192 211
198 211
204 212
210 213
216 214
222 214
228 215
234 215
240 215
246 215
252 215
258 214
264 214
270 213
276 213
282 212
288 212
294 212
300 212
306 212
312 212
318 213
324 214
330 214
336 215
342 216
348 216
354 216
360 215
366 214
372 213
378 211
384 209
390 208
396 206
402 204
408 203
414 202
420 202
426 202
432 203
438 204
444 205
450 208
456 210
462 212
468 214
474 216
480 218
486 219
492 219
498 220
504 219
510 219
516 218
522 217
528 216
534 215
540 214
546 213
552 212
558 211
564 210
570 209
576 208
582 208
588 208
594 207
600 208
606 208
612 209
618 210
624 211
630 213
636 214
642 215
648 216
654 217
660 217
666 217
672 217
678 216
684 215
690 214
696 213
702 212
708 211
714 210
720 210
726 210
732 210
738 210
744 211
750 211
756 212
762 212
768 212
774 212
780 212
786 212
792 211
798 211
804 210
810 210
816 210
822 210
828 210
834 210
840 210
846 211
852 211
858 212
864 212
870 213
876 213
882 214
888 214
894 215
900 215
906 215
912 215
918 215
924 215
930 215
936 215
942 215
948 215
954 214
960 214
966 213
972 212
978 212
984 211
990 210
996 209
1002 208
1008 208
1014 208
1020 208
1026 208
1032 208
1038 209
1044 209
1050 210
1056 211
1062 212
1068 212
1074 213
1080 213
1086 213
1092 213
1098 213
1104 213
1110 213
1116 212
1122 212
1128 212
1134 212
1140 212
1146 213
1152 213
1158 213
1164 214
1170 215
1176 215
1182 215
1188 215
