0 237
6 232
11 226
14 220
16 214
17 208
17 202
16 196
15 190
13 184
13 178
14 172
16 166
19 160
24 154
30 150
36 147
42 145
48 145
54 146
60 147
66 150
72 155
77 161
80 167
82 173
83 179
83 185
82 191
80 197
79 203
78 209
78 215
79 221
81 227
85 233
90 239
96 243
102 246
108 247
114 246
120 245
126 242
132 236
136 230
138 224
139 218
140 212
140 206
140 200
141 194
143 188
145 182
149 176
155 170
161 167
167 165
173 164
179 164
185 166
191 169
197 175
201 181
204 187
205 193
206 199
206 205
207 211
209 217
212 223
217 229
223 233
229 236
235 236
241 236
247 234
253 230
259 224
263 218
266 212
270 206
276 200
282 196
288 193
294 193
300 193
306 196
312 200
318 206
322 212
325 218
327 224
331 230
335 236
341 241
347 244
353 245
359 245
365 243
371 241
377 237
383 231
387 225
390 219
392 213
394 207
395 201
394 195
393 189
390 183
385 177
380 171
378 165
377 159
377 153
378 147
381 141
385 135
391 129
397 125
403 122
409 120
415 118
421 118
427 118
433 119
439 121
445 123
451 127
457 132
463 138
467 144
469 150
471 156
473 162
473 168
473 174
472 180
470 186
466 192
460 197
455 203
452 209
451 215
450 221
450 227
451 233
453 239
455 245
458 251
462 257
468 263
474 268
480 271
486 273
492 274
498 275
504 275
510 273
516 271
522 268
528 263
534 257
537 251
540 245
541 239
542 233
542 227
541 221
539 215
538 209
538 203
538 197
539 191
540 185
543 179
546 173
550 167
556 161
562 156
568 152
574 150
580 148
586 148
592 148
598 149
604 151
610 154
616 158
621 164
624 170
627 176
628 182
628 188
627 194
626 200
625 206
623 212
623 218
624 224
625 230
628 236
632 242
637 248
643 252
649 255
655 256
661 257
667 256
673 254
679 251
685 246
689 240
691 234
692 228
692 222
692 216
692 210
693 204
694 198
697 192
701 186
707 181
713 178
719 177
725 177
731 178
737 181
743 185
749 191
755 197
761 201
767 204
773 205
779 205
785 203
791 200
797 194
802 188
807 182
813 177
819 173
825 171
831 170
837 170
843 172
849 174
855 178
861 184
865 190
868 196
871 202
873 208
875 214
878 220
881 226
886 232
892 237
898 241
904 244
910 246
916 247
922 248
928 248
934 247
940 245
946 243
952 240
958 235
963 229
967 223
969 217
971 211
972 205
973 199
973 193
974 187
975 181
978 175
981 169
986 163
992 158
998 155
1004 152
1010 151
1016 151
1022 151
1028 153
1034 155
1040 159
1046 165
1050 171
1052 177
1054 183
1055 189
1056 195
1058 201
1061 207
1066 213
1072 217
1078 219
1084 220
1090 220
1096 218
1102 216
1108 213
1114 209
1120 207
1126 205
1132 205
1138 206
1144 209
1150 214
1155 220
1160 226
1165 232
1171 236
1177 239
1183 240
1189 240
