0 234
6 229
10 223
13 217
14 211
15 205
15 199
15 193
16 187
18 181
21 175
27 169
33 165
39 163
45 161
51 161
57 162
63 165
69 169
75 175
78 181
80 187
81 193
81 199
81 205
80 211
81 217
83 223
85 229
90 235
96 240
102 242
108 243
114 243
120 242
126 238
132 233
136 227
138 221
140 215
141 209
143 203
145 197
148 191
153 185
159 181
165 179
171 177
177 178
183 179
189 182
195 187
200 193
203 199
205 205
207 211
210 217
213 223
219 229
225 232
231 234
237 234
243 234
249 231
255 228
261 222
266 216
272 210
278 205
284 202
290 201
296 201
302 202
308 205
314 210
319 216
323 222
327 228
333 234
339 239
345 242
351 243
357 243
363 241
369 239
375 235
380 229
384 223
387 217
388 211
389 205
388 199
386 193
384 187
382 181
381 175
381 169
382 163
385 157
389 151
395 146
401 142
407 139
413 138
419 137
425 137
431 137
437 139
443 142
449 145
455 150
460 156
464 162
466 168
468 174
468 180
468 186
467 192
464 198
461 204
458 210
456 216
455 222
455 228
456 234
458 240
461 246
465 252
471 258
477 262
483 265
489 267
495 268
501 268
507 267
513 266
519 263
525 259
531 253
535 247
538 241
540 235
541 229
541 223
541 217
541 211
542 205
543 199
545 193
548 187
552 181
558 175
564 170
570 167
576 165
582 163
588 163
594 163
600 165
606 167
612 171
618 177
622 183
625 189
626 195
627 201
627 207
627 213
627 219
628 225
630 231
633 237
639 243
645 247
651 250
657 251
663 252
669 251
675 248
681 244
687 238
690 232
692 226
693 220
694 214
696 208
699 202
704 196
710 191
716 188
722 187
728 188
734 189
740 192
746 196
752 200
758 205
764 208
770 209
776 210
782 209
788 207
794 203
800 198
806 193
812 189
818 186
824 184
830 183
836 183
842 184
848 187
854 190
860 196
865 202
869 208
873 214
878 220
883 226
889 231
895 235
901 238
907 241
913 242
919 243
925 243
931 243
937 242
943 240
949 237
955 233
961 228
965 222
969 216
971 210
974 204
976 198
978 192
982 186
987 180
993 174
999 171
1005 169
1011 167
1017 167
1023 168
1029 169
1035 172
1041 176
1046 182
1050 188
1053 194
1056 200
1060 206
1064 212
1070 217
1076 220
1082 221
1088 222
1094 221
1100 219
1106 217
1112 214
1118 212
1124 210
1130 209
1136 210
1142 212
1148 216
1154 221
1160 226
1166 231
1172 235
1178 237
1184 238
1190 238
