0 215
6 215
12 214
18 214
24 214
30 214
36 213
42 213
48 213
54 213
60 213
66 213
72 214
78 214
84 214
90 215
96 215
102 215
108 215
114 215
120 215
126 215
132 214
138 214
144 214
150 214
156 214
162 214
168 214
174 214
180 214
186 214
192 214
198 214
204 214
210 214
216 215
222 215
228 215
234 215
240 215
246 215
252 215
258 215
264 215
270 214
276 214
282 214
288 214
294 214
300 214
306 214
312 214
318 214
324 214
330 214
336 215
342 215
348 215
354 215
360 215
366 215
372 214
378 214
384 214
390 213
396 213
402 213
408 212
414 212
420 212
426 212
432 212
438 213
444 213
450 213
456 214
462 214
468 215
474 215
480 215
486 215
492 215
498 216
504 216
510 215
516 215
522 215
528 215
534 215
540 215
546 214
552 214
558 214
564 214
570 214
576 214
582 214
588 214
594 213
600 213
606 214
612 214
618 214
624 214
630 214
636 215
642 215
648 215
654 215
660 215
666 215
672 215
678 215
684 215
690 215
696 214
702 214
708 214
714 214
720 214
726 214
732 214
738 214
744 214
750 214
756 214
762 214
768 214
774 214
780 214
786 214
792 214
798 214
804 214
810 214
816 214
822 214
828 214
834 214
840 214
846 214
852 214
858 214
864 214
870 214
876 215
882 215
888 215
894 215
900 215
906 215
912 215
918 215
924 215
930 215
936 215
942 215
948 215
954 215
960 215
966 214
972 214
978 214
984 214
990 214
996 214
1002 214
1008 213
1014 213
1020 213
1026 213
1032 213
1038 213
1044 214
1050 214
1056 214
1062 214
1068 214
1074 214
1080 214
1086 214
1092 214
1098 214
1104 214
1110 214
1116 214
1122 214
1128 214
1134 214
1140 214
1146 214
1152 214
1158 214
1164 214
1170 215
1176 215
1182 215
1188 215
