0 212
6 208
12 204
18 198
24 193
30 189
36 186
42 184
48 183
54 184
60 185
66 188
72 192
78 198
83 204
89 209
95 213
101 216
107 217
113 218
119 217
125 215
131 211
137 207
143 203
149 199
155 195
161 193
167 192
173 191
179 192
185 193
191 196
197 199
203 202
209 205
215 208
221 211
227 212
233 213
239 213
245 213
251 212
257 210
263 208
269 206
275 204
281 202
287 201
293 201
299 201
305 202
311 204
317 207
323 210
329 213
335 215
341 217
347 218
353 218
359 217
365 215
371 211
377 205
381 199
385 193
389 187
394 181
400 175
406 172
412 170
418 169
424 168
430 169
436 171
442 175
448 180
453 186
456 192
459 198
462 204
465 210
469 216
475 222
481 226
487 229
493 230
499 231
505 230
511 229
517 227
523 224
529 220
535 215
541 209
547 204
553 199
559 194
565 191
571 188
577 186
583 185
589 184
595 185
601 186
607 188
613 191
619 195
625 201
631 207
637 212
643 216
649 219
655 221
661 221
667 221
673 220
679 217
685 214
691 210
697 205
703 201
709 198
715 196
721 195
727 195
733 196
739 197
745 198
751 200
757 202
763 203
769 204
775 204
781 203
787 202
793 201
799 199
805 197
811 196
817 195
823 194
829 194
835 194
841 195
847 196
853 198
859 200
865 203
871 205
877 207
883 209
889 211
895 213
901 214
907 215
913 216
919 216
925 216
931 216
937 215
943 214
949 213
955 211
961 209
967 206
973 203
979 200
985 196
991 193
997 191
1003 189
1009 188
1015 187
1021 187
1027 188
1033 189
1039 191
1045 194
1051 197
1057 200
1063 203
1069 205
1075 207
1081 208
1087 208
1093 208
1099 207
1105 207
1111 205
1117 204
1123 204
1129 203
1135 204
1141 204
1147 206
1153 207
1159 209
1165 211
1171 213
1177 214
1183 215
1189 215
