0 167
1 173
2 179
6 185
12 190
18 191
24 192
30 198
32 204
33 210
33 216
32 222
31 228
30 234
28 240
26 246
23 252
20 258
15 264
9 269
3 272
1197 274
1191 275
1185 275
1179 274
1173 271
1167 265
1164 259
1163 253
1162 247
1162 241
1160 235
1156 229
1150 224
1144 220
1138 219
1132 218
1126 219
1120 221
1114 224
1108 228
1102 233
1096 237
1090 240
1084 242
1078 242
1072 242
1066 239
1060 236
1054 230
1050 224
1047 218
1045 212
1044 206
1044 200
1045 194
1049 188
1055 182
1060 176
1062 170
1062 164
1061 158
1059 152
1055 146
1050 140
1044 135
1038 131
1032 129
1026 127
1020 126
1014 126
1008 126
1002 127
996 129
990 132
984 136
978 140
973 146
968 152
965 158
963 164
961 170
960 176
959 182
960 188
961 194
963 200
968 206
974 211
978 217
981 223
982 229
982 235
982 241
981 247
979 253
977 259
973 265
969 271
963 277
957 282
951 285
945 288
939 290
933 291
927 291
921 292
915 291
909 290
903 288
897 285
891 282
885 277
879 271
875 265
872 259
871 253
870 247
870 241
872 235
875 229
879 223
882 217
883 211
883 205
883 199
882 193
880 187
877 181
873 175
868 169
862 163
856 160
850 157
844 156
838 155
832 156
826 157
820 160
814 165
810 171
807 177
806 183
805 189
804 195
802 201
799 207
793 213
787 217
781 219
775 220
769 220
763 218
757 215
751 209
747 203
744 197
741 191
738 185
733 179
727 175
721 173
715 172
709 173
703 175
697 179
691 184
686 190
682 196
678 202
676 208
674 214
673 220
673 226
674 232
677 238
683 242
689 244
695 248
699 254
701 260
701 266
699 272
697 278
692 284
686 289
680 292
674 294
668 296
662 296
656 296
650 295
644 293
638 290
632 286
626 282
621 276
616 270
612 264
609 258
606 252
604 246
603 240
602 234
602 228
603 222
606 216
612 212
618 212
624 212
630 207
633 201
635 195
636 189
636 183
636 177
636 171
634 165
632 159
629 153
625 147
619 141
613 136
607 133
601 132
595 131
589 130
583 131
577 132
571 134
565 137
559 141
553 146
547 152
542 158
538 164
534 170
530 176
527 182
524 188
522 194
519 200
517 206
516 212
515 218
515 224
516 230
520 236
526 239
532 237
538 234
544 236
549 242
551 248
552 254
552 260
552 266
551 272
550 278
547 284
544 290
540 296
535 302
529 306
523 310
517 312
511 314
505 315
499 316
493 316
487 315
481 313
475 311
469 308
463 304
457 298
452 292
449 286
446 280
445 274
443 268
442 262
442 256
442 250
442 244
442 238
442 232
443 226
444 220
445 214
446 208
447 202
449 196
452 190
458 190
462 196
464 202
467 208
473 210
478 204
480 198
482 192
483 186
484 180
485 174
485 168
485 162
485 156
484 150
483 144
482 138
480 132
478 126
474 120
470 114
465 108
459 103
453 99
447 95
441 93
435 91
429 90
423 90
417 90
411 90
405 92
399 94
393 96
387 100
381 104
375 110
371 116
368 122
365 128
364 134
363 140
363 146
364 152
366 158
369 164
374 170
380 173
386 174
392 171
397 165
403 160
409 159
415 162
419 168
421 174
422 180
422 186
421 192
420 198
418 204
416 210
414 216
411 222
409 228
406 234
403 240
399 246
395 252
390 258
384 264
378 268
372 271
366 273
360 274
354 274
348 272
342 269
337 263
334 257
334 251
335 245
338 239
340 233
342 227
341 221
338 215
334 209
328 204
322 201
316 198
310 197
304 196
298 196
292 197
286 199
280 202
274 208
270 214
267 220
266 226
265 232
265 238
265 244
263 250
260 256
255 262
249 266
243 268
237 270
231 270
225 269
219 267
213 263
207 258
202 252
199 246
197 240
195 234
195 228
195 222
197 216
201 210
207 204
211 198
213 192
214 186
213 180
212 174
209 168
204 162
198 156
192 153
186 151
180 150
174 150
168 151
162 153
156 156
150 160
144 166
139 172
136 178
133 184
130 190
129 196
128 202
128 208
129 214
134 220
140 225
144 231
145 237
146 243
145 249
144 255
141 261
138 267
132 273
126 277
120 280
114 281
108 281
102 281
96 279
90 276
84 271
78 265
75 259
72 253
70 247
69 241
67 235
67 229
66 223
67 217
68 211
70 205
76 200
82 199
88 193
90 187
92 181
92 175
92 169
92 163
90 157
88 151
86 145
81 139
76 133
70 129
64 126
58 123
52 122
46 122
40 122
34 124
28 126
22 129
16 133
10 139
6 145
3 151
1 157
1195 163
