0 209
6 209
12 208
18 208
24 207
30 207
36 207
42 206
48 206
54 206
60 207
66 207
72 207
78 208
84 208
90 209
96 209
102 209
108 209
114 209
120 209
126 209
132 209
138 208
144 208
150 208
156 207
162 207
168 207
174 207
180 207
186 208
192 208
198 208
204 208
210 209
216 209
222 209
228 209
234 209
240 209
246 209
252 209
258 209
264 209
270 208
276 208
282 208
288 208
294 208
300 208
306 208
312 208
318 208
324 208
330 209
336 209
342 209
348 209
354 209
360 209
366 209
372 208
378 208
384 207
390 207
396 206
402 206
408 205
414 205
420 205
426 205
432 205
438 206
444 206
450 207
456 207
462 208
468 209
474 209
480 210
486 210
492 210
498 210
504 210
510 210
516 210
522 210
528 209
534 209
540 209
546 208
552 208
558 208
564 208
570 207
576 207
582 207
588 207
594 207
600 207
606 207
612 207
618 208
624 208
630 208
636 209
642 209
648 209
654 210
660 210
666 210
672 210
678 209
684 209
690 209
696 208
702 208
708 208
714 208
720 208
726 208
732 208
738 208
744 208
750 208
756 208
762 208
768 208
774 208
780 208
786 208
792 208
798 208
804 208
810 208
816 207
822 207
828 207
834 207
840 208
846 208
852 208
858 208
864 208
870 208
876 209
882 209
888 209
894 209
900 209
906 209
912 209
918 209
924 209
930 209
936 209
942 209
948 209
954 209
960 209
966 208
972 208
978 208
984 208
990 207
996 207
1002 207
1008 207
1014 207
1020 207
1026 207
1032 207
1038 207
1044 207
1050 207
1056 208
1062 208
1068 208
1074 208
1080 208
1086 208
1092 208
1098 208
1104 208
1110 208
1116 208
1122 208
1128 208
1134 208
1140 208
1146 208
1152 208
1158 208
1164 209
1170 209
1176 209
1182 209
1188 209
