0 212
6 212
12 212
18 212
24 211
30 211
36 211
42 210
48 210
54 210
60 210
66 211
72 211
78 211
84 212
90 212
96 212
102 213
108 213
114 213
120 213
126 212
132 212
138 212
144 212
150 211
156 211
162 211
168 211
174 211
180 211
186 211
192 211
198 212
204 212
210 212
216 212
222 212
228 213
234 213
240 213
246 212
252 212
258 212
264 212
270 212
276 212
282 212
288 212
294 212
300 212
306 212
312 212
318 212
324 212
330 212
336 212
342 212
348 213
354 213
360 212
366 212
372 212
378 211
384 211
390 210
396 210
402 210
408 209
414 209
420 209
426 209
432 209
438 210
444 210
450 211
456 211
462 212
468 212
474 213
480 213
486 213
492 213
498 214
504 213
510 213
516 213
522 213
528 213
534 212
540 212
546 212
552 212
558 212
564 211
570 211
576 211
582 211
588 211
594 211
600 211
606 211
612 211
618 211
624 212
630 212
636 212
642 213
648 213
654 213
660 213
666 213
672 213
678 213
684 213
690 212
696 212
702 212
708 211
714 211
720 211
726 211
732 211
738 211
744 212
750 212
756 212
762 212
768 212
774 212
780 212
786 212
792 212
798 211
804 211
810 211
816 211
822 211
828 211
834 211
840 211
846 211
852 212
858 212
864 212
870 212
876 212
882 212
888 212
894 212
900 212
906 213
912 213
918 213
924 213
930 213
936 213
942 212
948 212
954 212
960 212
966 212
972 212
978 212
984 211
990 211
996 211
1002 211
1008 211
1014 211
1020 211
1026 211
1032 211
1038 211
1044 211
1050 211
1056 211
1062 212
1068 212
1074 212
1080 212
1086 212
1092 212
1098 212
1104 212
1110 212
1116 212
1122 212
1128 212
1134 212
1140 212
1146 212
1152 212
1158 212
1164 212
1170 212
1176 212
1182 212
1188 213
