0 200
6 200
12 200
18 199
24 199
30 199
36 199
42 199
48 199
54 199
60 199
66 199
72 199
78 199
84 199
90 200
96 200
102 200
108 200
114 200
120 200
126 200
132 199
138 199
144 199
150 199
156 199
162 199
168 199
174 199
180 199
186 199
192 199
198 199
204 199
210 200
216 200
222 200
228 200
234 200
240 200
246 200
252 200
258 200
264 200
270 200
276 200
282 200
288 199
294 199
300 199
306 199
312 199
318 199
324 199
330 200
336 200
342 200
348 200
354 200
360 200
366 200
372 199
378 199
384 199
390 199
396 199
402 199
408 199
414 199
420 199
426 199
432 199
438 199
444 199
450 199
456 199
462 199
468 200
474 200
480 200
486 200
492 200
498 200
504 200
510 200
516 200
522 200
528 200
534 200
540 200
546 200
552 200
558 199
564 199
570 199
576 199
582 199
588 199
594 199
600 199
606 199
612 199
618 199
624 199
630 200
636 200
642 200
648 200
654 200
660 200
666 200
672 200
678 200
684 200
690 200
696 200
702 199
708 199
714 199
720 199
726 199
732 199
738 199
744 199
750 199
756 199
762 199
768 199
774 199
780 199
786 199
792 199
798 199
804 199
810 199
816 199
822 199
828 199
834 199
840 199
846 199
852 199
858 199
864 200
870 200
876 200
882 200
888 200
894 200
900 200
906 200
912 200
918 200
924 200
930 200
936 200
942 200
948 200
954 200
960 200
966 200
972 199
978 199
984 199
990 199
996 199
1002 199
1008 199
1014 199
1020 199
1026 199
1032 199
1038 199
1044 199
1050 199
1056 199
1062 199
1068 199
1074 199
1080 199
1086 199
1092 199
1098 199
1104 199
1110 199
1116 199
1122 199
1128 199
1134 199
1140 199
1146 199
1152 199
1158 199
1164 199
1170 200
1176 200
1182 200
1188 200
