0 258
6 255
12 250
17 244
21 238
23 232
25 226
26 220
27 214
27 208
25 202
22 196
16 190
10 184
7 178
5 172
5 166
6 160
8 154
11 148
16 142
22 137
28 133
34 131
40 129
46 129
52 129
58 130
64 132
70 136
76 140
81 146
85 152
87 158
89 164
89 170
89 176
89 182
87 188
83 194
77 199
73 205
71 211
70 217
70 223
71 229
72 235
74 241
77 247
81 253
87 259
93 263
99 265
105 267
111 267
117 266
123 264
129 260
135 255
139 249
141 243
143 237
143 231
142 225
140 219
137 213
135 207
134 201
134 195
135 189
136 183
139 177
143 171
148 165
154 160
160 156
166 154
172 153
178 153
184 154
190 156
196 160
202 165
206 171
208 177
210 183
210 189
208 195
206 201
203 207
201 213
200 219
201 225
202 231
204 237
208 243
214 249
220 252
226 255
232 255
238 255
244 254
250 251
256 246
260 240
263 234
265 228
266 222
267 216
270 210
274 204
280 198
286 195
292 193
298 193
304 193
310 195
316 198
322 202
328 208
331 214
333 220
333 226
333 232
333 238
333 244
336 250
341 256
347 259
353 261
359 262
365 261
371 259
377 256
383 252
389 246
393 240
397 234
400 228
403 222
406 216
408 210
409 204
411 198
411 192
412 186
411 180
408 174
402 169
396 169
390 171
384 172
378 170
372 164
369 158
368 152
368 146
368 140
369 134
372 128
375 122
380 116
386 110
392 106
398 103
404 101
410 100
416 99
422 99
428 99
434 100
440 101
446 104
452 107
458 111
464 117
469 123
473 129
476 135
479 141
480 147
481 153
482 159
482 165
482 171
482 177
480 183
479 189
476 195
470 200
464 199
458 194
452 194
448 200
446 206
445 212
444 218
443 224
443 230
443 236
443 242
444 248
445 254
447 260
449 266
452 272
456 278
461 284
467 290
473 293
479 296
485 298
491 299
497 300
503 300
509 299
515 297
521 294
527 291
533 286
539 280
542 274
545 268
547 262
549 256
549 250
549 244
547 238
544 232
538 228
532 226
526 220
524 214
524 208
525 202
526 196
528 190
530 184
532 178
536 172
539 166
543 160
549 154
555 148
561 143
567 140
573 137
579 136
585 135
591 135
597 135
603 137
609 139
615 143
621 148
626 154
629 160
632 166
633 172
634 178
634 184
633 190
631 196
627 202
621 207
615 211
612 217
610 223
610 229
611 235
613 241
615 247
618 253
622 259
627 265
633 271
639 274
645 277
651 279
657 280
663 280
669 279
675 278
681 275
687 271
692 265
695 259
697 253
697 247
696 241
692 235
687 229
683 223
682 217
681 211
682 205
684 199
687 193
691 187
696 181
702 177
708 174
714 172
720 172
726 173
732 175
738 180
743 186
746 192
750 198
755 204
761 209
767 211
773 213
779 212
785 211
791 207
796 201
800 195
802 189
805 183
807 177
811 171
817 165
823 162
829 160
835 159
841 159
847 161
853 163
859 167
865 172
870 178
873 184
875 190
877 196
877 202
877 208
876 214
875 220
874 226
873 232
874 238
876 244
879 250
883 256
889 261
895 266
901 269
907 271
913 273
919 274
925 274
931 273
937 272
943 270
949 268
955 264
961 260
966 254
971 248
974 242
976 236
977 230
977 224
977 218
976 212
973 206
970 200
967 194
966 188
965 182
966 176
967 170
969 164
972 158
976 152
982 146
988 141
994 138
1000 136
1006 134
1012 133
1018 133
1024 134
1030 136
1036 138
1042 142
1048 147
1053 153
1056 159
1057 165
1058 171
1057 177
1054 183
1052 189
1050 195
1050 201
1051 207
1053 213
1056 219
1061 225
1067 229
1073 231
1079 232
1085 232
1091 231
1097 228
1103 225
1109 220
1115 216
1121 213
1127 212
1133 211
1139 212
1145 215
1151 220
1156 226
1159 232
1161 238
1163 244
1166 250
1172 256
1178 259
1184 260
1190 260
