0 207
6 207
12 206
18 205
24 204
30 203
36 202
42 202
48 201
54 201
60 202
66 203
72 204
78 205
84 206
90 207
96 208
102 208
108 208
114 208
120 208
126 207
132 207
138 206
144 205
150 205
156 204
162 204
168 203
174 203
180 204
186 204
192 205
198 205
204 206
210 206
216 207
222 207
228 208
234 208
240 208
246 208
252 207
258 207
264 207
270 206
276 206
282 206
288 205
294 205
300 205
306 206
312 206
318 206
324 207
330 207
336 208
342 208
348 208
354 208
360 208
366 207
372 206
378 205
384 204
390 202
396 201
402 200
408 199
414 198
420 198
426 198
432 199
438 200
444 201
450 202
456 204
462 206
468 207
474 208
480 209
486 210
492 211
498 211
504 211
510 211
516 210
522 209
528 209
534 208
540 207
546 206
552 205
558 205
564 204
570 203
576 203
582 203
588 202
594 202
600 202
606 203
612 203
618 204
624 205
630 206
636 207
642 208
648 209
654 209
660 209
666 209
672 209
678 208
684 208
690 207
696 206
702 205
708 205
714 204
720 204
726 204
732 204
738 204
744 205
750 205
756 205
762 206
768 206
774 206
780 206
786 205
792 205
798 205
804 204
810 204
816 204
822 204
828 204
834 204
840 204
846 205
852 205
858 205
864 206
870 206
876 207
882 207
888 207
894 208
900 208
906 208
912 208
918 208
924 208
930 208
936 208
942 208
948 207
954 207
960 207
966 206
972 206
978 205
984 205
990 204
996 203
1002 203
1008 203
1014 202
1020 202
1026 202
1032 203
1038 203
1044 204
1050 204
1056 205
1062 205
1068 206
1074 206
1080 206
1086 206
1092 206
1098 206
1104 206
1110 206
1116 206
1122 206
1128 206
1134 206
1140 206
1146 206
1152 206
1158 207
1164 207
1170 207
1176 208
1182 208
1188 208
