0 216
8 216
16 216
24 216
32 216
40 216
48 216
56 216
64 216
72 216
80 216
88 216
96 216
104 216
112 216
120 216
128 216
136 216
144 216
152 216
160 216
168 216
176 216
184 215
192 215
200 215
208 215
216 215
224 215
232 215
240 215
248 215
256 215
264 215
272 216
280 216
288 216
296 216
304 216
312 216
320 216
328 216
336 216
344 216
352 216
360 215
368 215
376 215
384 215
392 216
400 216
408 216
416 216
424 216
432 216
440 216
448 216
456 216
464 216
472 216
480 216
488 216
496 216
504 216
512 216
520 216
528 216
536 216
544 216
552 215
560 216
568 216
576 216
584 216
592 216
600 216
608 216
616 216
624 216
632 216
640 216
648 216
656 216
664 216
672 216
680 216
688 216
696 216
704 216
712 216
720 215
728 215
736 215
744 215
752 215
760 215
768 215
776 215
784 216
792 216
800 216
808 216
816 216
824 216
832 216
840 216
848 216
856 216
864 216
872 216
880 216
888 216
896 216
904 216
912 216
920 216
928 215
936 215
944 215
952 215
960 215
968 215
976 215
984 215
992 215
1000 215
1008 216
1016 216
1024 216
1032 216
1040 216
1048 217
1056 217
1064 217
1072 217
1080 216
1088 216
1096 216
1104 216
1112 215
1120 215
1128 215
1136 215
1144 215
1152 215
1160 215
1168 215
1176 216
1184 216
