0 207
8 207
16 208
24 208
32 208
40 208
48 208
56 208
64 208
72 207
80 207
88 207
96 207
104 207
112 207
120 207
128 207
136 207
144 207
152 207
160 207
168 206
176 206
184 206
192 205
200 205
208 205
216 205
224 205
232 205
240 205
248 205
256 205
264 206
272 206
280 207
288 207
296 207
304 207
312 207
320 207
328 207
336 207
344 206
352 206
360 206
368 206
376 206
384 206
392 206
400 206
408 207
416 207
424 208
432 208
440 208
448 209
456 209
464 208
472 208
480 208
488 208
496 207
504 207
512 206
520 206
528 206
536 206
544 206
552 206
560 206
568 206
576 206
584 206
592 206
600 207
608 207
616 207
624 207
632 207
640 207
648 207
656 207
664 207
672 207
680 206
688 206
696 206
704 206
712 206
720 206
728 206
736 206
744 206
752 206
760 206
768 206
776 206
784 206
792 206
800 206
808 207
816 207
824 207
832 207
840 208
848 208
856 208
864 208
872 208
880 208
888 208
896 208
904 207
912 207
920 206
928 206
936 205
944 204
952 204
960 204
968 204
976 204
984 204
992 205
1000 205
1008 206
1016 207
1024 208
1032 208
1040 209
1048 209
1056 210
1064 209
1072 209
1080 209
1088 208
1096 207
1104 206
1112 206
1120 205
1128 205
1136 204
1144 204
1152 204
1160 205
1168 205
1176 206
1184 206
