0 209
8 210
16 210
24 210
32 210
40 210
48 210
56 210
64 210
72 210
80 209
88 209
96 209
104 209
112 209
120 209
128 209
136 209
144 209
152 209
160 209
168 209
176 209
184 209
192 209
200 209
208 208
216 208
224 208
232 208
240 208
248 208
256 209
264 209
272 209
280 209
288 209
296 209
304 209
312 209
320 209
328 209
336 209
344 209
352 209
360 209
368 209
376 209
384 209
392 209
400 209
408 209
416 210
424 210
432 210
440 210
448 210
456 210
464 210
472 210
480 210
488 210
496 209
504 209
512 209
520 209
528 209
536 209
544 209
552 209
560 209
568 209
576 209
584 209
592 209
600 209
608 209
616 209
624 209
632 209
640 209
648 209
656 209
664 209
672 209
680 209
688 209
696 209
704 209
712 209
720 209
728 209
736 209
744 209
752 209
760 209
768 209
776 209
784 209
792 209
800 209
808 209
816 209
824 209
832 209
840 210
848 210
856 210
864 210
872 210
880 210
888 210
896 210
904 209
912 209
920 209
928 209
936 209
944 208
952 208
960 208
968 208
976 208
984 208
992 208
1000 209
1008 209
1016 209
1024 210
1032 210
1040 210
1048 210
1056 210
1064 210
1072 210
1080 210
1088 210
1096 209
1104 209
1112 209
1120 209
1128 208
1136 208
1144 208
1152 208
1160 208
1168 209
1176 209
1184 209
