0 208
8 209
16 210
24 210
32 210
40 210
48 210
56 210
64 209
72 209
80 209
88 208
96 208
104 208
112 208
120 208
128 208
136 208
144 208
152 207
160 207
168 206
176 205
184 204
192 203
200 203
208 202
216 202
224 202
232 202
240 202
248 203
256 204
264 205
272 206
280 207
288 208
296 209
304 209
312 209
320 208
328 207
336 207
344 206
352 205
360 204
368 204
376 204
384 204
392 205
400 206
408 207
416 208
424 210
432 211
440 211
448 212
456 212
464 212
472 211
480 210
488 209
496 208
504 207
512 206
520 205
528 204
536 204
544 204
552 204
560 204
568 204
576 205
584 205
592 206
600 207
608 207
616 207
624 208
632 208
640 208
648 208
656 208
664 207
672 207
680 206
688 206
696 206
704 205
712 205
720 204
728 204
736 204
744 204
752 204
760 204
768 204
776 204
784 205
792 205
800 206
808 207
816 207
824 208
832 209
840 210
848 211
856 211
864 211
872 211
880 211
888 211
896 210
904 208
912 207
920 205
928 204
936 202
944 200
952 199
960 199
968 198
976 199
984 200
992 201
1000 203
1008 205
1016 207
1024 210
1032 212
1040 213
1048 215
1056 215
1064 215
1072 214
1080 212
1088 210
1096 208
1104 206
1112 204
1120 202
1128 201
1136 200
1144 200
1152 200
1160 201
1168 202
1176 203
1184 205
