0 211
8 211
16 211
24 212
32 212
40 212
48 212
56 211
64 211
72 211
80 211
88 211
96 211
104 211
112 211
120 211
128 211
136 211
144 210
152 210
160 210
168 210
176 209
184 209
192 209
200 208
208 208
216 208
224 208
232 208
240 208
248 208
256 209
264 209
272 210
280 210
288 211
296 211
304 211
312 211
320 211
328 210
336 210
344 210
352 209
360 209
368 209
376 209
384 209
392 209
400 210
408 210
416 211
424 211
432 212
440 212
448 212
456 212
464 212
472 212
480 212
488 211
496 211
504 210
512 210
520 209
528 209
536 209
544 209
552 209
560 209
568 209
576 209
584 210
592 210
600 210
608 210
616 210
624 210
632 210
640 210
648 210
656 210
664 210
672 210
680 210
688 210
696 210
704 209
712 209
720 209
728 209
736 209
744 209
752 209
760 209
768 209
776 209
784 209
792 209
800 210
808 210
816 210
824 211
832 211
840 211
848 212
856 212
864 212
872 212
880 212
888 212
896 211
904 211
912 210
920 210
928 209
936 208
944 208
952 207
960 207
968 207
976 207
984 207
992 208
1000 208
1008 209
1016 210
1024 211
1032 212
1040 213
1048 213
1056 213
1064 213
1072 213
1080 212
1088 212
1096 211
1104 210
1112 209
1120 208
1128 208
1136 207
1144 207
1152 207
1160 208
1168 208
1176 209
1184 209
