0 216
8 217
16 217
24 217
32 218
40 218
48 217
56 217
64 217
72 217
80 217
88 216
96 216
104 216
112 216
120 216
128 216
136 216
144 216
152 216
160 215
168 215
176 215
184 214
192 214
200 213
208 213
216 213
224 212
232 213
240 213
248 213
256 214
264 214
272 215
280 216
288 216
296 216
304 217
312 217
320 216
328 216
336 215
344 215
352 214
360 214
368 214
376 214
384 214
392 214
400 215
408 216
416 216
424 217
432 218
440 218
448 218
456 219
464 218
472 218
480 217
488 217
496 216
504 216
512 215
520 214
528 214
536 214
544 214
552 214
560 214
568 214
576 214
584 215
592 215
600 215
608 216
616 216
624 216
632 216
640 216
648 216
656 216
664 216
672 215
680 215
688 215
696 215
704 215
712 214
720 214
728 214
736 214
744 214
752 214
760 214
768 214
776 214
784 214
792 215
800 215
808 215
816 216
824 216
832 217
840 217
848 217
856 218
864 218
872 218
880 218
888 218
896 217
904 216
912 216
920 215
928 214
936 213
944 212
952 211
960 211
968 211
976 211
984 211
992 212
1000 213
1008 215
1016 216
1024 217
1032 218
1040 219
1048 220
1056 220
1064 220
1072 219
1080 219
1088 217
1096 216
1104 215
1112 214
1120 213
1128 212
1136 212
1144 212
1152 212
1160 212
1168 213
1176 214
1184 215
