0 213
8 214
16 215
24 215
32 215
40 215
48 215
56 215
64 215
72 214
80 214
88 214
96 214
104 214
112 214
120 214
128 214
136 213
144 213
152 213
160 213
168 212
176 212
184 211
192 210
200 210
208 209
216 209
224 209
232 209
240 209
248 210
256 210
264 211
272 212
280 213
288 213
296 214
304 214
312 214
320 214
328 213
336 212
344 212
352 211
360 211
368 210
376 210
384 211
392 211
400 212
408 213
416 214
424 215
432 216
440 216
448 216
456 216
464 216
472 216
480 215
488 214
496 213
504 213
512 212
520 211
528 211
536 210
544 210
552 210
560 211
568 211
576 211
584 212
592 212
600 213
608 213
616 213
624 213
632 213
640 213
648 213
656 213
664 213
672 213
680 212
688 212
696 212
704 211
712 211
720 211
728 211
736 210
744 210
752 210
760 210
768 211
776 211
784 211
792 211
800 212
808 213
816 213
824 214
832 214
840 215
848 215
856 216
864 216
872 216
880 216
888 215
896 215
904 214
912 213
920 212
928 210
936 209
944 208
952 207
960 207
968 207
976 207
984 207
992 208
1000 210
1008 211
1016 213
1024 215
1032 216
1040 217
1048 218
1056 219
1064 218
1072 218
1080 217
1088 215
1096 214
1104 212
1112 211
1120 209
1128 208
1136 208
1144 208
1152 208
1160 208
1168 209
1176 210
1184 211
