0 213
8 213
16 213
24 213
32 213
40 213
48 213
56 213
64 213
72 213
80 213
88 213
96 213
104 213
112 213
120 213
128 213
136 213
144 213
152 213
160 213
168 213
176 213
184 213
192 213
200 213
208 213
216 213
224 213
232 213
240 213
248 213
256 213
264 213
272 213
280 213
288 213
296 213
304 213
312 213
320 213
328 213
336 213
344 213
352 213
360 213
368 213
376 213
384 213
392 213
400 213
408 213
416 213
424 213
432 213
440 214
448 214
456 214
464 214
472 213
480 213
488 213
496 213
504 213
512 213
520 213
528 213
536 213
544 213
552 213
560 213
568 213
576 213
584 213
592 213
600 213
608 213
616 213
624 213
632 213
640 213
648 213
656 213
664 213
672 213
680 213
688 213
696 213
704 213
712 213
720 213
728 213
736 213
744 213
752 213
760 213
768 213
776 213
784 213
792 213
800 213
808 213
816 213
824 213
832 213
840 213
848 213
856 213
864 213
872 213
880 213
888 213
896 213
904 213
912 213
920 213
928 213
936 213
944 213
952 212
960 212
968 212
976 212
984 212
992 213
1000 213
1008 213
1016 213
1024 213
1032 213
1040 214
1048 214
1056 214
1064 214
1072 214
1080 214
1088 213
1096 213
1104 213
1112 213
1120 213
1128 213
1136 212
1144 212
1152 213
1160 213
1168 213
1176 213
1184 213
