0 204
8 204
16 204
24 204
32 204
40 204
48 204
56 204
64 204
72 204
80 204
88 204
96 204
104 204
112 203
120 203
128 203
136 203
144 203
152 203
160 203
168 203
176 203
184 202
192 202
200 202
208 202
216 201
224 201
232 201
240 202
248 202
256 202
264 202
272 203
280 203
288 203
296 204
304 204
312 204
320 204
328 203
336 203
344 203
352 202
360 202
368 202
376 202
384 202
392 203
400 203
408 203
416 204
424 204
432 204
440 205
448 205
456 205
464 205
472 204
480 204
488 204
496 203
504 203
512 203
520 203
528 202
536 202
544 202
552 202
560 202
568 202
576 203
584 203
592 203
600 203
608 203
616 203
624 203
632 203
640 203
648 203
656 203
664 203
672 203
680 203
688 203
696 203
704 203
712 202
720 202
728 202
736 202
744 202
752 202
760 202
768 202
776 202
784 202
792 203
800 203
808 203
816 203
824 203
832 204
840 204
848 204
856 204
864 204
872 204
880 204
888 204
896 204
904 204
912 203
920 203
928 202
936 202
944 201
952 201
960 201
968 201
976 201
984 201
992 201
1000 202
1008 203
1016 203
1024 204
1032 205
1040 205
1048 205
1056 206
1064 205
1072 205
1080 205
1088 204
1096 203
1104 203
1112 202
1120 202
1128 201
1136 201
1144 201
1152 201
1160 201
1168 202
1176 202
1184 203
