0 379
8 376
0 373
6 381
11 389
18 381
26 385
24 393
32 393
40 391
48 393
56 391
64 391
72 392
80 384
87 392
95 392
103 391
111 393
119 392
127 393
135 392
143 391
149 383
146 375
154 373
154 381
157 389
165 391
173 391
181 392
189 392
197 393
202 385
210 392
208 384
216 392
224 393
232 393
240 386
248 392
245 384
237 378
232 386
231 378
223 379
226 387
218 384
210 377
202 379
194 387
186 380
181 372
189 374
181 366
189 361
181 360
186 368
194 363
189 355
197 356
205 360
213 368
221 365
229 360
237 360
245 362
253 368
261 366
269 371
272 379
274 371
282 364
289 372
290 380
296 372
295 380
303 388
311 393
318 385
326 393
334 393
342 391
350 393
358 393
366 392
374 384
379 392
387 391
395 391
399 383
401 375
404 383
412 391
420 391
428 392
436 393
444 391
452 393
460 392
468 390
476 392
484 392
492 392
500 393
508 391
516 391
524 393
532 392
540 392
548 393
556 393
564 393
572 393
580 385
580 393
585 385
590 393
598 393
603 385
611 391
619 383
627 381
623 389
631 392
639 390
647 392
655 384
652 392
660 393
668 391
660 383
658 375
650 378
642 370
650 372
656 364
664 361
672 369
672 377
677 369
677 377
685 373
693 375
692 367
684 362
676 360
684 356
692 360
697 368
705 369
713 363
705 363
697 361
705 355
697 354
689 349
697 342
696 334
689 326
683 334
675 326
683 319
682 327
674 319
667 311
662 319
657 327
650 319
642 311
635 303
627 295
627 303
619 311
611 319
604 311
597 319
589 311
581 303
574 311
571 303
566 311
559 319
555 311
548 303
540 311
534 319
526 311
521 319
514 327
512 335
507 327
501 319
493 311
485 319
481 327
479 335
471 334
465 342
457 350
455 342
451 334
455 326
449 318
441 310
441 302
437 294
440 286
443 294
446 302
446 310
441 318
433 326
426 334
418 342
413 350
415 358
423 361
415 364
423 372
425 380
431 372
430 380
437 372
445 368
437 363
429 361
427 353
435 356
437 348
430 340
433 332
441 336
441 328
433 320
425 328
427 320
435 313
431 305
431 297
424 289
416 281
409 289
402 297
398 289
390 297
386 305
380 313
374 321
379 329
371 337
363 335
356 343
362 351
354 359
362 363
354 371
356 379
348 378
356 384
348 383
340 375
336 367
344 361
342 369
334 372
326 380
318 378
324 386
332 387
334 379
327 371
319 363
327 362
319 354
311 362
303 368
295 360
287 360
295 365
301 357
309 349
301 341
296 333
291 341
285 333
277 337
269 329
266 321
261 329
258 321
253 329
245 321
237 329
234 321
226 329
219 337
212 345
204 337
197 329
190 337
190 329
182 337
178 345
170 337
162 345
156 337
148 345
140 342
132 334
131 342
124 350
117 342
125 335
122 343
118 351
113 359
110 367
102 370
110 372
102 364
94 364
86 372
78 375
85 383
78 391
74 383
70 375
62 370
69 362
77 360
85 359
77 366
85 365
92 357
93 349
87 341
79 347
71 355
63 363
56 371
48 373
40 371
48 367
40 362
32 363
28 355
20 351
12 357
4 360
12 362
5 370
1197 363
