0 215
8 216
16 216
24 216
32 216
40 216
48 216
56 216
64 216
72 216
80 216
88 215
96 215
104 215
112 215
120 215
128 215
136 215
144 215
152 215
160 215
168 215
176 215
184 215
192 215
200 215
208 215
216 215
224 215
232 215
240 215
248 215
256 215
264 215
272 215
280 215
288 215
296 215
304 216
312 216
320 215
328 215
336 215
344 215
352 215
360 215
368 215
376 215
384 215
392 215
400 215
408 215
416 216
424 216
432 216
440 216
448 216
456 216
464 216
472 216
480 216
488 216
496 215
504 215
512 215
520 215
528 215
536 215
544 215
552 215
560 215
568 215
576 215
584 215
592 215
600 215
608 215
616 215
624 215
632 215
640 215
648 215
656 215
664 215
672 215
680 215
688 215
696 215
704 215
712 215
720 215
728 215
736 215
744 215
752 215
760 215
768 215
776 215
784 215
792 215
800 215
808 215
816 215
824 215
832 215
840 216
848 216
856 216
864 216
872 216
880 216
888 216
896 216
904 215
912 215
920 215
928 215
936 215
944 215
952 215
960 215
968 214
976 214
984 215
992 215
1000 215
1008 215
1016 215
1024 216
1032 216
1040 216
1048 216
1056 216
1064 216
1072 216
1080 216
1088 216
1096 215
1104 215
1112 215
1120 215
1128 215
1136 215
1144 215
1152 215
1160 215
1168 215
1176 215
1184 215
