0 243
6 248
12 250
18 251
24 251
30 249
36 246
42 240
46 234
49 228
51 222
52 216
52 210
49 204
43 201
37 201
32 195
33 189
35 183
39 177
44 171
50 165
56 160
62 156
68 154
74 152
80 152
86 153
92 155
98 160
104 166
107 172
110 178
111 184
113 190
113 196
113 202
113 208
111 214
108 220
102 221
96 218
90 222
87 228
85 234
84 240
84 246
84 252
85 258
86 264
88 270
91 276
96 282
102 288
108 292
114 294
120 296
126 297
132 296
138 295
144 294
150 291
156 287
162 281
166 275
170 269
172 263
173 257
174 251
173 245
168 239
162 238
157 232
157 226
158 220
160 214
162 208
165 202
168 196
171 190
175 184
178 178
182 172
185 166
187 160
190 154
191 148
193 142
196 136
200 130
206 124
212 120
218 117
224 115
230 114
236 114
242 115
248 116
254 118
260 121
266 126
272 132
276 138
279 144
280 150
281 156
280 162
278 168
278 174
279 180
281 186
284 192
288 198
293 204
297 210
302 216
307 222
311 228
315 234
317 240
317 246
312 252
306 258
305 264
306 270
308 276
311 282
316 288
322 294
328 297
334 300
340 301
346 302
352 302
358 302
364 300
370 298
376 294
382 289
387 283
391 277
394 271
396 265
397 259
398 253
399 247
399 241
399 235
399 229
399 223
398 217
398 211
397 205
395 199
393 193
390 187
384 183
379 189
376 195
370 197
365 191
362 185
361 179
360 173
359 167
359 161
359 155
360 149
362 143
364 137
367 131
371 125
377 119
383 114
389 111
395 109
401 107
407 107
413 107
419 108
425 110
431 113
437 117
443 123
448 129
451 135
453 141
455 147
456 153
456 159
456 165
455 171
451 177
445 177
439 172
433 171
429 177
428 183
427 189
428 195
428 201
430 207
431 213
432 219
434 225
436 231
439 237
441 243
444 249
448 255
453 261
459 267
465 271
471 274
477 275
483 276
489 276
495 275
501 272
507 269
513 264
519 258
523 252
526 246
529 240
531 234
533 228
534 222
535 216
535 210
534 204
533 198
528 192
524 186
523 180
522 174
523 168
524 162
525 156
526 150
528 144
530 138
533 132
537 126
542 120
548 114
554 110
560 107
566 105
572 103
578 102
584 102
590 103
596 104
602 106
608 108
614 112
620 118
625 124
628 130
630 136
631 142
632 148
632 154
631 160
631 166
630 172
628 178
627 184
625 190
624 196
622 202
620 208
618 214
612 218
610 212
608 206
602 202
597 208
594 214
592 220
591 226
590 232
590 238
590 244
590 250
591 256
592 262
594 268
597 274
600 280
604 286
609 292
615 297
621 301
627 303
633 305
639 305
645 305
651 305
657 303
663 300
669 296
674 290
678 284
680 278
682 272
682 266
681 260
679 254
677 248
673 242
667 238
661 239
655 245
649 247
644 241
642 235
643 229
643 223
645 217
647 211
649 205
652 199
655 193
658 187
661 181
665 175
670 169
675 163
681 157
687 153
693 150
699 148
705 148
711 150
717 153
722 159
724 165
726 171
725 177
723 183
717 188
711 191
705 197
703 203
703 209
705 215
708 221
712 227
716 233
722 239
728 244
734 247
740 250
746 252
752 253
758 252
764 250
770 247
776 241
780 235
781 229
782 223
781 217
779 211
777 205
776 199
776 193
777 187
780 181
783 175
787 169
793 163
799 159
805 156
811 155
817 154
823 155
829 157
835 161
841 167
844 173
845 179
846 185
845 191
845 197
845 203
846 209
849 215
853 221
859 226
865 228
871 229
877 229
883 226
889 223
894 217
898 211
900 205
902 199
904 193
909 187
915 184
921 183
927 184
933 186
939 190
945 194
950 200
955 206
957 212
958 218
957 224
951 230
945 234
941 240
939 246
940 252
943 258
949 264
955 267
961 269
967 269
973 268
979 266
985 262
991 258
996 252
1000 246
1004 240
1007 234
1009 228
1011 222
1012 216
1013 210
1013 204
1013 198
1012 192
1010 186
1007 180
1001 175
995 175
989 179
983 176
978 170
975 164
973 158
971 152
971 146
972 140
973 134
976 128
980 122
986 117
992 113
998 110
1004 109
1010 108
1016 108
1022 108
1028 110
1034 112
1040 115
1046 119
1052 125
1057 131
1061 137
1064 143
1067 149
1069 155
1071 161
1073 167
1074 173
1076 179
1077 185
1077 191
1077 197
1075 203
1069 209
1063 215
1061 221
1059 227
1059 233
1058 239
1058 245
1059 251
1060 257
1062 263
1064 269
1068 275
1072 281
1078 287
1084 291
1090 294
1096 296
1102 297
1108 297
1114 296
1120 295
1126 293
1132 289
1138 284
1143 278
1147 272
1149 266
1151 260
1152 254
1153 248
1153 242
1153 236
1153 230
1152 224
1151 218
1150 212
1150 206
1148 200
1147 194
1146 188
1144 182
1142 176
1136 176
1133 182
1127 188
1124 182
1123 176
1122 170
1121 164
1121 158
1121 152
1122 146
1123 140
1124 134
1126 128
1129 122
1133 116
1138 110
1144 105
1150 102
1156 99
1162 98
1168 97
1174 97
1180 97
1186 99
1192 101
1198 105
4 110
9 116
11 122
13 128
13 134
13 140
11 146
9 152
5 158
1199 163
1193 160
1190 154
1184 150
1178 151
1173 157
1171 163
1170 169
1170 175
1171 181
1172 187
1173 193
1175 199
1177 205
1179 211
1182 217
1185 223
1188 229
1193 235
