0 200
2 206
5 212
11 218
17 221
23 222
29 222
35 220
41 216
46 210
50 204
54 198
59 192
65 188
71 186
77 186
83 188
89 193
93 199
96 205
98 211
102 217
107 223
113 227
119 229
125 230
131 229
137 227
143 223
149 217
155 211
161 206
167 202
173 200
179 199
185 198
191 197
197 195
203 193
209 190
215 187
221 185
227 183
233 182
239 183
245 184
251 187
257 191
263 195
269 198
275 201
281 202
287 203
293 204
299 206
305 208
311 211
317 215
323 220
329 225
335 229
341 231
347 233
353 233
359 231
365 229
371 224
376 218
379 212
381 206
382 200
384 194
387 188
391 182
397 177
403 175
409 173
415 174
421 175
427 178
433 183
438 189
442 195
445 201
449 207
454 213
460 218
466 222
472 223
478 224
484 224
490 223
496 220
502 217
508 213
514 208
520 203
526 198
532 194
538 191
544 187
550 184
556 181
562 179
568 176
574 175
580 174
586 174
592 176
598 178
604 183
609 189
612 195
614 201
615 207
617 213
619 219
623 225
629 230
635 234
641 236
647 236
653 235
659 233
665 230
670 224
674 218
676 212
678 206
681 200
685 194
691 189
697 186
703 186
709 187
715 190
721 195
726 201
731 207
737 212
743 214
749 216
755 216
761 214
767 212
773 209
779 205
785 202
791 200
797 198
803 197
809 196
815 195
821 195
827 196
833 196
839 198
845 200
851 202
857 205
863 207
869 209
875 209
881 208
887 206
893 203
899 200
905 198
911 197
917 197
923 199
929 203
935 209
941 215
947 219
953 222
959 222
965 222
971 219
977 215
981 209
984 203
987 197
990 191
995 185
1001 180
1007 177
1013 176
1019 177
1025 178
1031 180
1037 183
1043 187
1049 191
1055 196
1061 201
1067 207
1073 213
1079 219
1085 223
1091 227
1097 229
1103 231
1109 231
1115 230
1121 229
1127 225
1133 220
1138 214
1140 208
1142 202
1143 196
1145 190
1148 184
1151 178
1157 173
1163 170
1169 168
1175 168
1181 170
1187 173
1193 179
1196 185
1198 191
