0 218
6 221
12 223
18 224
24 225
30 225
36 224
42 223
48 221
54 219
60 218
66 216
72 216
78 216
84 218
90 219
96 221
102 223
108 225
114 226
120 227
126 227
132 226
138 225
144 224
150 223
156 221
162 220
168 220
174 219
180 219
186 219
192 219
198 219
204 218
210 217
216 217
222 216
228 215
234 215
240 215
246 216
252 217
258 218
264 219
270 220
276 220
282 220
288 221
294 221
300 221
306 221
312 222
318 223
324 224
330 225
336 227
342 227
348 228
354 228
360 227
366 225
372 224
378 221
384 219
390 217
396 215
402 214
408 213
414 213
420 214
426 214
432 216
438 217
444 219
450 221
456 222
462 223
468 224
474 225
480 225
486 224
492 224
498 223
504 222
510 221
516 220
522 219
528 218
534 217
540 217
546 216
552 215
558 215
564 214
570 214
576 213
582 213
588 213
594 214
600 215
606 217
612 219
618 221
624 223
630 226
636 227
642 228
648 229
654 229
660 228
666 226
672 224
678 222
684 220
690 218
696 217
702 216
708 216
714 217
720 219
726 220
732 221
738 222
744 223
750 223
756 223
762 222
768 222
774 221
780 220
786 220
792 219
798 219
804 219
810 219
816 219
822 219
828 219
834 219
840 219
846 219
852 220
858 220
864 221
870 221
876 222
882 222
888 221
894 220
900 220
906 219
912 218
918 218
924 219
930 220
936 221
942 223
948 224
954 225
960 225
966 224
972 223
978 221
984 219
990 217
996 216
1002 214
1008 214
1014 214
1020 214
1026 215
1032 215
1038 216
1044 217
1050 218
1056 219
1062 220
1068 221
1074 222
1080 223
1086 224
1092 225
1098 226
1104 227
1110 227
1116 227
1122 226
1128 224
1134 222
1140 220
1146 218
1152 215
1158 213
1164 212
1170 211
1176 211
1182 212
1188 214
