0 199
6 200
12 200
18 201
24 201
30 201
36 201
42 201
48 200
54 200
60 199
66 199
72 199
78 199
84 199
90 200
96 200
102 201
108 201
114 202
120 202
126 202
132 202
138 201
144 201
150 201
156 200
162 200
168 200
174 200
180 200
186 200
192 200
198 200
204 200
210 199
216 199
222 199
228 199
234 199
240 199
246 199
252 199
258 199
264 200
270 200
276 200
282 200
288 200
294 200
300 200
306 200
312 200
318 201
324 201
330 201
336 202
342 202
348 202
354 202
360 202
366 201
372 201
378 200
384 200
390 199
396 199
402 199
408 198
414 198
420 198
426 199
432 199
438 199
444 200
450 200
456 200
462 201
468 201
474 201
480 201
486 201
492 201
498 200
504 200
510 200
516 200
522 199
528 199
534 199
540 199
546 199
552 199
558 199
564 198
570 198
576 198
582 198
588 198
594 198
600 199
606 199
612 200
618 200
624 201
630 201
636 202
642 202
648 202
654 202
660 202
666 201
672 201
678 200
684 200
690 200
696 199
702 199
708 199
714 199
720 200
726 200
732 200
738 201
744 201
750 201
756 201
762 200
768 200
774 200
780 200
786 200
792 200
798 200
804 200
810 200
816 200
822 200
828 200
834 200
840 200
846 200
852 200
858 200
864 200
870 200
876 200
882 200
888 200
894 200
900 200
906 200
912 199
918 199
924 200
930 200
936 200
942 201
948 201
954 201
960 201
966 201
972 200
978 200
984 200
990 199
996 199
1002 198
1008 198
1014 198
1020 198
1026 199
1032 199
1038 199
1044 199
1050 199
1056 200
1062 200
1068 200
1074 200
1080 200
1086 201
1092 201
1098 201
1104 201
1110 201
1116 201
1122 201
1128 201
1134 200
1140 200
1146 199
1152 199
1158 198
1164 198
1170 198
1176 198
1182 198
1188 198
