0 128
5 134
7 140
9 146
10 152
9 158
8 164
4 170
1198 173
1192 171
1186 172
1181 178
1179 184
1179 190
1179 196
1180 202
1181 208
1183 214
1185 220
1188 226
1191 232
1195 238
0 244
6 249
12 252
18 253
24 253
30 251
36 247
42 241
45 235
48 229
49 223
49 217
47 211
42 205
41 199
42 193
45 187
48 181
54 175
60 170
66 166
72 164
78 164
84 165
90 167
96 171
102 177
105 183
107 189
108 195
109 201
108 207
107 213
103 219
97 222
91 227
89 233
88 239
87 245
88 251
89 257
91 263
94 269
99 275
105 280
111 283
117 286
123 287
129 287
135 286
141 284
147 282
153 277
159 271
163 265
165 259
166 253
166 247
164 241
160 235
158 229
159 223
160 217
163 211
166 205
171 199
176 193
181 187
186 181
190 175
194 169
197 163
200 157
203 151
209 145
215 141
221 138
227 136
233 136
239 136
245 137
251 139
257 142
263 147
268 153
271 159
273 165
274 171
274 177
274 183
276 189
279 195
283 201
289 207
295 213
301 219
306 225
311 231
314 237
315 243
314 249
312 255
311 261
312 267
315 273
319 279
325 284
331 288
337 290
343 292
349 292
355 292
361 291
367 288
373 285
379 281
384 275
388 269
391 263
393 257
395 251
396 245
396 239
396 233
396 227
396 221
395 215
393 209
390 203
384 198
378 200
372 200
367 194
365 188
364 182
364 176
364 170
365 164
367 158
369 152
372 146
377 140
383 135
389 131
395 128
401 127
407 126
413 126
419 127
425 129
431 132
437 137
443 143
447 149
449 155
451 161
452 167
452 173
451 179
446 185
440 187
435 193
433 199
433 205
434 211
434 217
436 223
438 229
440 235
442 241
446 247
450 253
455 259
461 264
467 267
473 270
479 271
485 271
491 270
497 268
503 265
509 261
515 255
519 249
523 243
525 237
527 231
528 225
529 219
528 213
527 207
526 201
525 195
525 189
526 183
527 177
529 171
530 165
533 159
536 153
540 147
544 141
550 135
556 131
562 128
568 126
574 124
580 123
586 124
592 124
598 126
604 129
610 132
616 138
621 144
624 150
626 156
627 162
628 168
629 174
628 180
628 186
627 192
626 198
625 204
622 210
616 216
610 212
604 213
600 219
597 225
596 231
595 237
595 243
596 249
597 255
598 261
601 267
604 273
608 279
614 285
620 289
626 293
632 295
638 296
644 296
650 295
656 294
662 291
668 287
674 281
677 275
679 269
680 263
681 257
680 251
677 245
673 239
667 237
661 238
655 232
654 226
654 220
656 214
657 208
659 202
662 196
665 190
668 184
672 178
677 172
683 167
689 163
695 161
701 161
707 161
713 164
719 169
722 175
723 181
723 187
720 193
716 199
713 205
713 211
714 217
717 223
720 229
724 235
730 241
736 245
742 248
748 249
754 250
760 249
766 246
772 242
776 236
779 230
780 224
780 218
780 212
780 206
781 200
783 194
786 188
791 182
797 177
803 174
809 172
815 171
821 171
827 173
833 176
839 181
843 187
845 193
846 199
847 205
849 211
851 217
856 223
862 228
868 230
874 230
880 228
886 225
891 219
895 213
898 207
901 201
905 195
911 191
917 190
923 191
929 194
935 198
940 204
944 210
946 216
947 222
945 228
942 234
940 240
940 246
942 252
946 258
952 262
958 264
964 265
970 264
976 262
982 259
988 254
993 248
997 242
1000 236
1002 230
1003 224
1004 218
1004 212
1004 206
1002 200
999 194
993 189
987 188
981 183
978 177
976 171
976 165
976 159
978 153
981 147
985 141
991 136
997 132
1003 130
1009 128
1015 128
1021 128
1027 129
1033 131
1039 135
1045 139
1051 145
1056 151
1060 157
1063 163
1065 169
1067 175
1068 181
1069 187
1070 193
1070 199
1069 205
1068 211
1065 217
1063 223
1062 229
1061 235
1061 241
1062 247
1063 253
1066 259
1069 265
1073 271
1078 277
1084 281
1090 284
1096 286
1102 287
1108 288
1114 287
1120 285
1126 283
1132 279
1138 274
1142 268
1146 262
1148 256
1150 250
1151 244
1152 238
1152 232
1152 226
1151 220
1151 214
1150 208
1149 202
1147 196
1143 190
1137 190
1131 192
1127 186
1125 180
1125 174
1125 168
1125 162
1126 156
1128 150
1130 144
1134 138
1138 132
1144 126
1150 122
1156 119
1162 117
1168 116
1174 116
1180 117
1186 119
1192 122
