0 214
6 217
12 220
18 221
24 222
30 222
36 221
42 220
48 218
54 215
60 213
66 212
72 211
78 212
84 213
90 215
96 218
102 220
108 222
114 224
120 225
126 225
132 224
138 223
144 221
150 219
156 218
162 217
168 216
174 215
180 215
186 215
192 215
198 214
204 214
210 213
216 212
222 211
228 210
234 210
240 210
246 211
252 212
258 213
264 214
270 215
276 216
282 217
288 217
294 217
300 217
306 218
312 218
318 220
324 221
330 223
336 224
342 225
348 226
354 226
360 225
366 223
372 221
378 218
384 215
390 212
396 210
402 209
408 208
414 208
420 208
426 209
432 211
438 213
444 215
450 217
456 219
462 220
468 221
474 222
480 222
486 222
492 221
498 220
504 219
510 217
516 216
522 215
528 214
534 213
540 212
546 211
552 211
558 210
564 209
570 208
576 208
582 208
588 208
594 209
600 210
606 212
612 215
618 218
624 221
630 223
636 225
642 226
648 227
654 227
660 226
666 224
672 221
678 218
684 216
690 213
696 212
702 211
708 212
714 213
720 214
726 216
732 218
738 219
744 220
750 220
756 220
762 219
768 218
774 217
780 216
786 216
792 215
798 215
804 215
810 215
816 215
822 214
828 214
834 214
840 215
846 215
852 216
858 217
864 217
870 218
876 218
882 218
888 217
894 216
900 215
906 215
912 214
918 214
924 215
930 216
936 218
942 220
948 221
954 222
960 222
966 221
972 220
978 218
984 215
990 213
996 211
1002 209
1008 209
1014 208
1020 209
1026 210
1032 210
1038 211
1044 212
1050 214
1056 215
1062 216
1068 217
1074 219
1080 220
1086 222
1092 223
1098 224
1104 225
1110 225
1116 224
1122 223
1128 222
1134 219
1140 216
1146 213
1152 211
1158 208
1164 206
1170 205
1176 205
1182 206
1188 208
