0 200
6 201
12 201
18 202
24 202
30 202
36 202
42 202
48 201
54 200
60 200
66 200
72 199
78 200
84 200
90 201
96 201
102 202
108 203
114 203
120 203
126 203
132 203
138 202
144 202
150 202
156 201
162 201
168 201
174 200
180 200
186 200
192 200
198 200
204 200
210 200
216 200
222 199
228 199
234 199
240 199
246 199
252 200
258 200
264 200
270 201
276 201
282 201
288 201
294 201
300 201
306 201
312 201
318 202
324 202
330 203
336 203
342 203
348 203
354 203
360 203
366 203
372 202
378 201
384 200
390 200
396 199
402 199
408 199
414 199
420 199
426 199
432 199
438 200
444 200
450 201
456 201
462 202
468 202
474 202
480 202
486 202
492 202
498 201
504 201
510 201
516 200
522 200
528 200
534 200
540 199
546 199
552 199
558 199
564 199
570 199
576 198
582 198
588 198
594 199
600 199
606 200
612 200
618 201
624 202
630 202
636 203
642 203
648 204
654 204
660 203
666 203
672 202
678 201
684 201
690 200
696 200
702 200
708 200
714 200
720 200
726 201
732 201
738 202
744 202
750 202
756 202
762 201
768 201
774 201
780 201
786 201
792 200
798 200
804 200
810 200
816 200
822 200
828 200
834 200
840 200
846 200
852 201
858 201
864 201
870 201
876 201
882 201
888 201
894 201
900 201
906 200
912 200
918 200
924 200
930 201
936 201
942 202
948 202
954 202
960 202
966 202
972 202
978 201
984 200
990 200
996 199
1002 199
1008 199
1014 199
1020 199
1026 199
1032 199
1038 199
1044 200
1050 200
1056 200
1062 200
1068 201
1074 201
1080 202
1086 202
1092 202
1098 203
1104 203
1110 203
1116 203
1122 202
1128 202
1134 201
1140 201
1146 200
1152 199
1158 199
1164 198
1170 198
1176 198
1182 198
1188 199
