0 195
3 201
7 207
13 212
19 215
25 216
31 215
37 213
43 208
48 202
53 196
59 190
65 187
71 185
77 185
83 187
89 192
94 198
98 204
101 210
107 216
113 220
119 222
125 222
131 221
137 219
143 215
149 211
155 205
161 201
167 198
173 197
179 195
185 195
191 194
197 193
203 191
209 189
215 186
221 184
227 182
233 182
239 182
245 183
251 186
257 189
263 192
269 195
275 197
281 199
287 199
293 200
299 201
305 203
311 205
317 209
323 213
329 218
335 221
341 224
347 225
353 225
359 223
365 221
371 216
376 210
379 204
382 198
385 192
388 186
394 180
400 177
406 175
412 174
418 175
424 177
430 180
436 185
441 191
445 197
450 203
456 209
462 213
468 215
474 217
480 217
486 216
492 215
498 212
504 209
510 205
516 201
522 197
528 194
534 191
540 188
546 185
552 183
558 180
564 178
570 176
576 175
582 175
588 175
594 177
600 180
606 185
611 191
614 197
616 203
619 209
623 215
628 221
634 225
640 227
646 228
652 228
658 226
664 223
670 217
674 211
677 205
680 199
684 193
690 188
696 185
702 184
708 185
714 188
720 192
726 197
732 203
738 207
744 209
750 210
756 209
762 208
768 206
774 203
780 200
786 198
792 196
798 195
804 194
810 193
816 193
822 193
828 193
834 194
840 195
846 197
852 199
858 201
864 203
870 204
876 204
882 203
888 201
894 199
900 196
906 195
912 194
918 194
924 196
930 200
936 205
942 210
948 213
954 215
960 215
966 214
972 212
978 207
983 201
986 195
990 189
996 183
1002 180
1008 177
1014 177
1020 177
1026 179
1032 181
1038 184
1044 187
1050 190
1056 194
1062 198
1068 203
1074 208
1080 212
1086 217
1092 220
1098 222
1104 223
1110 223
1116 222
1122 220
1128 217
1134 211
1138 205
1141 199
1144 193
1147 187
1150 181
1156 175
1162 171
1168 170
1174 169
1180 171
1186 173
1192 179
1196 185
