0 235
4 241
10 246
16 249
22 250
28 249
34 247
40 242
44 236
46 230
48 224
49 218
51 212
52 206
55 200
60 194
66 190
72 188
78 188
84 189
90 194
95 200
97 206
98 212
98 218
97 224
96 230
96 236
97 242
99 248
102 254
108 260
114 263
120 265
126 265
132 265
138 263
144 259
149 253
153 247
155 241
156 235
158 229
161 223
166 217
172 212
178 209
184 206
190 204
196 200
202 196
208 190
214 185
220 181
226 178
232 177
238 177
244 179
250 182
256 187
261 193
264 199
269 205
275 211
281 214
287 217
293 220
299 223
305 226
311 232
315 238
317 244
320 250
324 256
329 262
335 266
341 268
347 269
353 270
359 268
365 266
371 262
377 256
381 250
383 244
385 238
385 232
385 226
383 220
381 214
380 208
378 202
378 196
379 190
381 184
385 178
391 172
397 168
403 166
409 165
415 165
421 167
427 170
433 174
437 180
440 186
442 192
443 198
443 204
443 210
443 216
444 222
446 228
448 234
451 240
456 246
462 251
468 254
474 256
480 257
486 256
492 255
498 252
504 247
510 241
514 235
517 229
520 223
522 217
525 211
529 205
533 199
537 193
542 187
548 181
554 176
560 172
566 169
572 167
578 165
584 165
590 166
596 168
602 171
608 177
613 183
615 189
617 195
618 201
618 207
616 213
614 219
612 225
610 231
609 237
610 243
611 249
614 255
618 261
624 267
630 271
636 273
642 274
648 274
654 273
660 270
666 266
671 260
674 254
676 248
676 242
676 236
674 230
674 224
673 218
674 212
676 206
679 200
684 194
690 189
696 187
702 186
708 188
714 191
719 197
721 203
723 209
725 215
727 221
730 227
734 233
740 238
746 241
752 242
758 241
764 238
770 234
775 228
780 222
784 216
790 210
796 206
802 203
808 201
814 200
820 200
826 201
832 202
838 205
844 210
850 216
856 222
862 226
868 228
874 229
880 228
886 224
892 219
898 213
904 208
910 206
916 206
922 208
928 213
932 219
935 225
937 231
939 237
942 243
948 248
954 251
960 252
966 252
972 250
978 246
983 240
986 234
988 228
989 222
989 216
988 210
987 204
986 198
987 192
989 186
992 180
998 174
1004 171
1010 169
1016 168
1022 169
1028 171
1034 173
1040 178
1046 184
1051 190
1054 196
1057 202
1060 208
1062 214
1064 220
1066 226
1068 232
1070 238
1073 244
1076 250
1081 256
1087 261
1093 264
1099 266
1105 267
1111 267
1117 266
1123 264
1129 260
1135 254
1139 248
1142 242
1144 236
1145 230
1145 224
1145 218
1143 212
1141 206
1140 200
1139 194
1139 188
1140 182
1143 176
1146 170
1152 164
1158 161
1164 159
1170 158
1176 158
1182 160
1188 163
1194 169
1198 175
1199 181
0 187
1199 193
1197 199
1196 205
1195 211
1195 217
1195 223
