0 220
6 220
12 221
18 221
24 221
30 221
36 221
42 221
48 221
54 220
60 220
66 220
72 220
78 220
84 220
90 221
96 221
102 221
108 221
114 221
120 221
126 221
132 221
138 221
144 221
150 221
156 221
162 221
168 220
174 220
180 220
186 220
192 220
198 220
204 220
210 220
216 220
222 220
228 220
234 220
240 220
246 220
252 220
258 220
264 220
270 221
276 221
282 221
288 221
294 221
300 221
306 221
312 221
318 221
324 221
330 221
336 221
342 221
348 221
354 221
360 221
366 221
372 221
378 221
384 220
390 220
396 220
402 220
408 220
414 220
420 220
426 220
432 220
438 220
444 220
450 220
456 221
462 221
468 221
474 221
480 221
486 221
492 221
498 221
504 220
510 220
516 220
522 220
528 220
534 220
540 220
546 220
552 220
558 220
564 220
570 220
576 220
582 220
588 220
594 220
600 220
606 220
612 220
618 220
624 221
630 221
636 221
642 221
648 221
654 221
660 221
666 221
672 221
678 221
684 221
690 220
696 220
702 220
708 220
714 220
720 220
726 221
732 221
738 221
744 221
750 221
756 221
762 221
768 221
774 221
780 220
786 220
792 220
798 220
804 220
810 220
816 220
822 220
828 220
834 220
840 220
846 220
852 220
858 220
864 221
870 221
876 221
882 221
888 221
894 221
900 220
906 220
912 220
918 220
924 220
930 220
936 220
942 221
948 221
954 221
960 221
966 221
972 221
978 220
984 220
990 220
996 220
1002 220
1008 220
1014 220
1020 220
1026 220
1032 220
1038 220
1044 220
1050 220
1056 220
1062 220
1068 220
1074 220
1080 221
1086 221
1092 221
1098 221
1104 221
1110 221
1116 221
1122 221
1128 221
1134 221
1140 220
1146 220
1152 220
1158 220
1164 220
1170 220
1176 220
1182 220
1188 220
