0 210
6 210
12 210
18 210
24 210
30 210
36 210
42 209
48 209
54 209
60 209
66 209
72 209
78 209
84 209
90 209
96 210
102 210
108 210
114 210
120 210
126 210
132 210
138 209
144 209
150 209
156 209
162 209
168 209
174 209
180 209
186 210
192 210
198 210
204 210
210 210
216 210
222 210
228 210
234 210
240 210
246 210
252 209
258 209
264 209
270 208
276 208
282 208
288 208
294 208
300 208
306 208
312 208
318 209
324 209
330 209
336 210
342 210
348 210
354 210
360 210
366 210
372 210
378 210
384 210
390 210
396 209
402 209
408 209
414 209
420 209
426 209
432 210
438 210
444 210
450 210
456 210
462 210
468 210
474 210
480 210
486 209
492 209
498 209
504 209
510 209
516 209
522 209
528 209
534 209
540 209
546 209
552 209
558 209
564 210
570 210
576 210
582 210
588 210
594 210
600 210
606 210
612 210
618 210
624 209
630 209
636 209
642 209
648 209
654 209
660 209
666 209
672 210
678 210
684 210
690 210
696 209
702 209
708 209
714 209
720 209
726 209
732 210
738 210
744 210
750 210
756 210
762 210
768 209
774 209
780 209
786 209
792 209
798 209
804 209
810 209
816 209
822 209
828 209
834 210
840 210
846 210
852 210
858 210
864 210
870 210
876 210
882 210
888 210
894 210
900 210
906 210
912 210
918 210
924 210
930 210
936 210
942 209
948 209
954 209
960 209
966 209
972 209
978 209
984 209
990 209
996 209
1002 209
1008 209
1014 209
1020 209
1026 209
1032 209
1038 209
1044 209
1050 209
1056 209
1062 210
1068 210
1074 210
1080 210
1086 210
1092 210
1098 210
1104 210
1110 210
1116 209
1122 209
1128 209
1134 209
1140 209
1146 209
1152 209
1158 209
1164 209
1170 210
1176 210
1182 210
1188 210
