0 218
6 218
12 217
18 215
24 211
30 205
36 199
41 193
47 189
53 186
59 184
65 184
71 185
77 188
83 192
89 197
95 202
101 205
107 208
113 208
119 208
125 206
131 202
137 198
143 192
149 188
155 186
161 185
167 185
173 187
179 191
185 197
189 203
193 209
197 215
203 221
209 225
215 227
221 228
227 228
233 227
239 225
245 220
251 214
254 208
257 202
258 196
259 190
260 184
262 178
264 172
268 166
274 161
280 158
286 156
292 156
298 157
304 158
310 162
316 168
319 174
321 180
322 186
323 192
324 198
325 204
328 210
332 216
338 222
344 225
350 227
356 227
362 227
368 224
374 220
380 214
384 208
388 202
393 196
399 191
405 189
411 188
417 190
423 193
429 198
434 204
439 210
445 215
451 218
457 220
463 220
469 218
475 215
481 209
485 203
489 197
492 191
495 185
501 179
507 175
513 173
519 172
525 172
531 173
537 176
543 181
549 187
553 193
556 199
560 205
565 211
571 216
577 219
583 221
589 221
595 221
601 218
607 215
613 209
618 203
624 197
630 193
636 190
642 189
648 190
654 191
660 194
666 196
672 198
678 199
684 200
690 199
696 199
702 198
708 198
714 199
720 200
726 203
732 206
738 208
744 209
750 209
756 208
762 205
768 200
773 194
778 188
784 182
790 178
796 176
802 176
808 177
814 180
820 185
826 191
832 197
838 203
844 206
850 209
856 211
862 212
868 213
874 215
880 216
886 217
892 218
898 219
904 219
910 219
916 217
922 214
928 210
934 205
940 199
946 195
952 192
958 190
964 189
970 189
976 189
982 189
988 189
994 189
1000 187
1006 185
1012 182
1018 180
1024 179
1030 179
1036 180
1042 182
1048 187
1053 193
1056 199
1059 205
1063 211
1069 217
1075 221
1081 222
1087 223
1093 222
1099 220
1105 215
1110 209
1114 203
1118 197
1121 191
1127 185
1133 182
1139 180
1145 180
1151 181
1157 184
1163 189
1168 195
1173 201
1178 207
1184 212
1190 216
