0 307
6 307
12 307
18 305
24 303
30 299
36 294
41 288
44 282
46 276
47 270
47 264
47 258
45 252
44 246
41 240
38 234
35 228
30 222
24 218
18 222
16 228
15 234
14 240
11 246
5 246
1 240
0 234
1199 228
1199 222
0 216
1 210
2 204
4 198
6 192
8 186
10 180
13 174
15 168
18 162
21 156
25 150
29 144
34 138
40 133
46 129
52 127
58 126
64 126
70 127
76 130
82 133
88 139
92 145
95 151
97 157
98 163
98 169
98 175
97 181
94 187
88 190
82 186
77 180
71 175
65 176
59 181
57 187
57 193
58 199
60 205
63 211
67 217
72 223
77 229
83 235
89 239
95 243
101 246
107 248
113 248
119 249
125 248
131 247
137 245
143 242
149 239
155 235
161 231
167 226
173 220
178 214
183 208
186 202
187 196
184 190
178 188
172 189
166 192
160 197
154 201
148 202
142 199
141 193
141 187
143 181
146 175
151 169
157 164
163 161
169 159
175 158
181 157
187 157
193 158
199 159
205 160
211 161
217 163
223 165
229 168
235 171
241 174
247 179
252 185
254 191
256 197
256 203
256 209
255 215
253 221
251 227
249 233
246 239
243 245
239 251
234 257
228 263
222 266
216 260
217 254
219 248
221 242
222 236
220 230
214 228
208 231
202 235
196 241
191 247
186 253
182 259
179 265
176 271
175 277
174 283
174 289
176 295
178 301
181 307
186 313
192 318
198 321
204 324
210 325
216 326
222 326
228 325
234 323
240 321
246 317
252 311
256 305
259 299
260 293
261 287
260 281
260 275
260 269
261 263
263 257
265 251
267 245
270 239
272 233
274 227
276 221
278 215
280 209
282 203
283 197
284 191
285 185
286 179
286 173
287 167
287 161
288 155
294 157
294 163
294 169
294 175
294 181
294 187
294 193
294 199
295 205
296 211
297 217
298 223
300 229
302 235
304 241
307 247
310 253
312 259
314 265
316 271
317 277
319 283
321 289
324 295
328 301
334 306
340 309
346 311
352 312
358 312
364 311
370 309
376 305
382 299
386 293
388 287
390 281
391 275
391 269
391 263
390 257
389 251
388 245
386 239
382 233
376 227
370 225
364 227
359 233
358 239
358 245
357 251
353 257
347 257
341 254
335 248
331 242
327 236
325 230
323 224
323 218
323 212
325 206
329 200
335 194
341 191
347 188
353 186
359 184
365 183
371 182
377 181
383 180
389 180
395 180
401 181
407 182
413 183
419 185
425 187
431 190
437 194
443 198
449 203
455 208
460 214
464 220
466 226
467 232
466 238
460 244
454 243
448 238
444 232
439 226
433 222
427 220
421 223
419 229
419 235
420 241
422 247
423 253
426 259
428 265
431 271
435 277
440 283
446 288
452 291
458 293
464 294
470 294
476 292
482 290
488 286
494 280
498 274
501 268
504 262
506 256
508 250
509 244
511 238
512 232
513 226
513 220
514 214
514 208
514 202
514 196
514 190
514 184
514 178
513 172
513 166
513 160
512 154
512 148
511 142
510 136
506 130
500 130
495 136
493 142
493 148
493 154
494 160
494 166
494 172
492 178
486 178
480 174
475 168
471 162
467 156
465 150
464 144
463 138
463 132
464 126
466 120
468 114
470 108
474 102
478 96
484 90
490 85
496 81
502 78
508 76
514 75
520 74
526 74
532 74
538 76
544 77
550 80
556 83
562 88
568 94
572 100
574 106
576 112
577 118
577 124
576 130
575 136
572 142
569 148
564 154
559 160
553 165
547 168
543 162
543 156
543 150
544 144
544 138
542 132
536 130
532 136
531 142
530 148
529 154
529 160
529 166
528 172
528 178
529 184
529 190
530 196
531 202
532 208
533 214
535 220
536 226
538 232
539 238
541 244
543 250
544 256
545 262
547 268
548 274
549 280
551 286
554 292
557 298
563 304
569 309
575 312
581 314
587 315
593 315
599 314
605 313
611 310
617 307
623 302
628 296
631 290
633 284
635 278
635 272
635 266
634 260
632 254
628 248
623 242
617 238
611 236
605 236
600 242
599 248
598 254
594 260
588 260
582 257
577 251
573 245
570 239
568 233
567 227
566 221
567 215
568 209
570 203
574 197
578 191
584 185
590 179
596 174
602 170
608 166
614 163
620 161
626 159
632 157
638 157
644 158
650 160
656 164
658 170
655 176
652 182
655 188
661 193
667 196
673 199
679 201
685 203
691 204
697 205
703 207
709 209
715 210
721 213
727 216
733 220
737 226
736 232
730 237
726 243
726 249
731 255
737 260
743 262
749 262
755 262
761 260
767 258
773 254
779 249
785 243
790 237
794 231
798 225
801 219
804 213
806 207
809 201
811 195
812 189
813 183
814 177
815 171
815 165
815 159
814 153
813 147
810 141
806 135
800 132
794 132
788 136
785 142
784 148
783 154
781 160
775 164
769 162
763 157
759 151
757 145
756 139
755 133
755 127
756 121
758 115
761 109
765 103
770 97
776 92
782 89
788 86
794 84
800 83
806 83
812 83
818 84
824 86
830 88
836 91
842 96
848 101
853 107
857 113
860 119
862 125
864 131
865 137
866 143
867 149
867 155
866 161
866 167
865 173
864 179
862 185
860 191
854 185
853 179
853 173
852 167
850 161
844 159
842 165
842 171
841 177
841 183
840 189
839 195
838 201
838 207
837 213
836 219
835 225
835 231
834 237
834 243
833 249
833 255
833 261
833 267
834 273
835 279
837 285
840 291
843 297
848 303
854 309
860 314
866 317
872 320
878 322
884 324
890 325
896 325
902 325
908 325
914 324
920 322
926 320
932 317
938 313
944 309
950 303
954 297
958 291
961 285
963 279
965 273
966 267
967 261
968 255
968 249
968 243
968 237
967 231
965 225
963 219
957 213
951 213
945 217
941 223
939 229
937 235
935 241
933 247
927 251
921 251
916 245
913 239
912 233
912 227
913 221
914 215
915 209
917 203
920 197
923 191
926 185
931 179
936 173
941 167
947 162
953 158
959 153
965 150
971 146
977 143
983 139
989 135
995 129
999 123
1000 117
1002 111
1005 105
1011 100
1017 97
1023 95
1029 94
1035 94
1041 95
1047 97
1053 100
1059 105
1065 111
1069 117
1072 123
1074 129
1076 135
1077 141
1077 147
1078 153
1078 159
1078 165
1077 171
1077 177
1076 183
1076 189
1075 195
1074 201
1072 207
1071 213
1070 219
1068 225
1066 231
1065 237
1063 243
1060 249
1054 252
1051 246
1050 240
1050 234
1050 228
1050 222
1049 216
1049 210
1046 204
1040 203
1034 206
1030 212
1027 218
1025 224
1024 230
1023 236
1023 242
1023 248
1024 254
1025 260
1026 266
1028 272
1030 278
1032 284
1036 290
1040 296
1046 302
1052 307
1058 310
1064 312
1070 313
1076 314
1082 313
1088 312
1094 310
1100 306
1106 301
1110 295
1113 289
1115 283
1116 277
1117 271
1117 265
1116 259
1116 253
1115 247
1114 241
1113 235
1112 229
1110 223
1104 221
1101 227
1099 233
1097 239
1095 245
1093 251
1087 246
1088 240
1089 234
1090 228
1091 222
1092 216
1094 210
1095 204
1097 198
1099 192
1101 186
1104 180
1106 174
1108 168
1110 162
1112 156
1114 150
1117 144
1120 138
1124 132
1130 126
1136 122
1142 119
1148 118
1154 118
1160 120
1166 123
1172 128
1176 134
1179 140
1181 146
1182 152
1183 158
1183 164
1183 170
1183 176
1182 182
1181 188
1180 194
1178 200
1177 206
1176 212
1174 218
1172 224
1166 225
1163 219
1162 213
1161 207
1160 201
1158 195
1152 192
1147 198
1144 204
1143 210
1143 216
1143 222
1144 228
1145 234
1146 240
1148 246
1149 252
1151 258
1154 264
1157 270
1160 276
1163 282
1168 288
1173 294
1179 299
1185 302
1191 305
