0 297
6 297
12 297
18 295
24 293
30 289
36 284
40 278
43 272
45 266
46 260
46 254
46 248
44 242
42 236
40 230
37 224
32 218
26 214
20 220
18 226
15 232
9 234
5 228
4 222
4 216
4 210
5 204
6 198
8 192
9 186
11 180
13 174
16 168
19 162
22 156
25 150
29 144
35 138
41 133
47 130
53 128
59 127
65 128
71 129
77 132
83 136
88 142
92 148
95 154
96 160
97 166
97 172
96 178
92 184
86 185
80 180
74 177
68 177
63 183
62 189
63 195
64 201
67 207
70 213
74 219
79 225
85 231
91 235
97 239
103 242
109 243
115 244
121 244
127 243
133 241
139 238
145 235
151 231
157 227
163 222
169 216
174 210
177 204
179 198
179 192
173 188
167 188
161 190
155 194
149 196
143 193
141 187
141 181
143 175
147 169
152 163
158 159
164 157
170 155
176 155
182 155
188 156
194 157
200 159
206 161
212 163
218 166
224 169
230 172
236 176
242 182
247 188
249 194
251 200
251 206
251 212
250 218
248 224
246 230
243 236
240 242
235 248
229 253
223 255
218 249
218 243
219 237
218 231
212 225
206 227
200 231
194 237
189 243
185 249
182 255
180 261
178 267
177 273
177 279
178 285
180 291
184 297
189 303
195 308
201 311
207 314
213 315
219 316
225 315
231 314
237 312
243 309
249 305
254 299
258 293
261 287
262 281
263 275
264 269
264 263
265 257
267 251
268 245
270 239
272 233
274 227
276 221
277 215
279 209
280 203
282 197
283 191
283 185
284 179
285 173
285 167
285 161
286 155
286 149
285 143
285 137
285 131
285 125
284 119
284 113
283 107
283 101
281 95
275 90
269 92
264 98
263 104
263 110
264 116
266 122
267 128
267 134
266 140
260 143
254 141
248 138
242 134
236 128
232 122
229 116
227 110
227 104
227 98
228 92
230 86
232 80
236 74
241 68
247 63
253 58
259 55
265 52
271 50
277 49
283 48
289 48
295 48
301 48
307 49
313 51
319 53
325 56
331 59
337 64
343 70
348 76
352 82
354 88
356 94
358 100
358 106
358 112
358 118
356 124
354 130
350 136
344 142
338 146
332 149
326 150
320 147
317 141
318 135
319 129
321 123
323 117
324 111
323 105
320 99
316 93
310 90
304 92
301 98
299 104
298 110
297 116
297 122
296 128
295 134
295 140
295 146
294 152
294 158
294 164
294 170
294 176
294 182
295 188
295 194
296 200
296 206
297 212
299 218
300 224
302 230
304 236
306 242
308 248
310 254
313 260
314 266
316 272
319 278
322 284
326 290
332 296
338 300
344 302
350 303
356 303
362 302
368 300
374 297
380 291
384 285
387 279
389 273
389 267
390 261
389 255
389 249
387 243
385 237
382 231
376 226
370 224
364 226
360 232
358 238
356 244
350 249
344 247
338 243
333 237
330 231
328 225
327 219
327 213
328 207
331 201
337 195
343 191
349 188
355 185
361 183
367 181
373 180
379 179
385 178
391 178
397 178
403 178
409 179
415 181
421 183
427 185
433 189
439 193
445 197
451 203
456 209
460 215
463 221
463 227
461 233
455 236
449 233
443 227
437 222
431 219
425 220
421 226
421 232
422 238
423 244
425 250
428 256
431 262
434 268
440 274
446 279
452 282
458 284
464 285
470 285
476 284
482 281
488 277
494 271
498 265
501 259
504 253
506 247
508 241
509 235
510 229
511 223
512 217
513 211
513 205
514 199
514 193
514 187
514 181
513 175
513 169
513 163
512 157
511 151
509 145
505 139
499 140
495 146
493 152
493 158
493 164
493 170
492 176
486 178
480 173
475 167
471 161
468 155
466 149
465 143
465 137
466 131
467 125
469 119
471 113
475 107
479 101
485 95
491 90
497 87
503 84
509 82
515 81
521 80
527 80
533 81
539 82
545 84
551 87
557 91
563 96
568 102
571 108
573 114
575 120
575 126
575 132
574 138
572 144
569 150
565 156
561 162
555 168
549 172
545 166
545 160
545 154
544 148
542 142
536 143
533 149
532 155
531 161
531 167
531 173
531 179
531 185
531 191
532 197
533 203
534 209
535 215
536 221
537 227
538 233
540 239
541 245
542 251
543 257
545 263
546 269
548 275
551 281
555 287
560 293
566 297
572 301
578 303
584 304
590 305
596 304
602 303
608 301
614 297
620 293
625 287
628 281
631 275
632 269
632 263
632 257
630 251
627 245
623 239
617 234
611 232
605 234
600 240
598 246
592 251
586 249
580 244
576 238
574 232
572 226
572 220
572 214
574 208
576 202
580 196
584 190
589 184
595 178
601 173
607 168
613 164
619 161
625 158
631 157
637 156
643 157
649 158
655 163
657 169
655 175
655 181
658 187
664 192
670 195
676 197
682 199
688 201
694 202
700 203
706 205
712 207
718 209
724 212
730 216
734 222
734 228
729 234
727 240
730 246
736 252
742 255
748 256
754 256
760 255
766 252
772 249
778 244
784 238
788 232
792 226
795 220
798 214
801 208
803 202
805 196
807 190
808 184
809 178
810 172
810 166
810 160
809 154
807 148
803 142
797 138
791 138
785 143
782 149
781 155
777 161
771 162
765 158
760 152
758 146
757 140
756 134
757 128
758 122
761 116
764 110
769 104
775 98
781 94
787 92
793 90
799 89
805 88
811 88
817 89
823 91
829 93
835 97
841 101
847 107
852 113
856 119
859 125
861 131
863 137
864 143
864 149
864 155
864 161
864 167
863 173
861 179
859 185
853 184
851 178
850 172
849 166
843 161
840 167
839 173
838 179
837 185
836 191
835 197
835 203
834 209
834 215
833 221
833 227
833 233
833 239
833 245
833 251
834 257
835 263
837 269
839 275
842 281
846 287
851 293
857 299
863 303
869 307
875 309
881 312
887 313
893 314
899 314
905 314
911 313
917 312
923 310
929 307
935 304
941 299
947 293
952 287
956 281
959 275
962 269
963 263
965 257
966 251
966 245
966 239
966 233
964 227
962 221
958 215
952 212
946 214
941 220
938 226
936 232
932 238
926 241
920 238
917 232
915 226
914 220
915 214
916 208
917 202
920 196
923 190
926 184
930 178
935 172
941 166
947 162
953 157
959 154
965 150
971 147
977 144
983 141
989 137
995 132
1000 126
1002 120
1004 114
1008 108
1014 104
1020 101
1026 100
1032 100
1038 100
1044 102
1050 104
1056 108
1062 114
1067 120
1070 126
1072 132
1074 138
1075 144
1076 150
1076 156
1077 162
1077 168
1076 174
1076 180
1076 186
1075 192
1074 198
1073 204
1072 210
1070 216
1069 222
1067 228
1065 234
1062 240
1056 241
1053 235
1052 229
1052 223
1052 217
1051 211
1048 205
1042 203
1036 207
1031 213
1029 219
1027 225
1026 231
1026 237
1026 243
1026 249
1027 255
1028 261
1030 267
1033 273
1036 279
1040 285
1046 291
1052 296
1058 300
1064 302
1070 304
1076 304
1082 304
1088 303
1094 301
1100 298
1106 293
1110 287
1114 281
1116 275
1117 269
1118 263
1118 257
1118 251
1118 245
1117 239
1116 233
1115 227
1114 221
1111 215
1105 220
1102 226
1099 232
1097 238
1091 233
1092 227
1093 221
1094 215
1095 209
1096 203
1098 197
1100 191
1102 185
1103 179
1105 173
1107 167
1109 161
1112 155
1114 149
1117 143
1120 137
1125 131
1131 126
1137 122
1143 121
1149 120
1155 121
1161 123
1167 126
1173 132
1177 138
1179 144
1181 150
1182 156
1183 162
1183 168
1182 174
1182 180
1181 186
1180 192
1179 198
1177 204
1176 210
1173 216
1167 214
1165 208
1163 202
1161 196
1155 192
1149 198
1147 204
1146 210
1146 216
1147 222
1147 228
1149 234
1150 240
1152 246
1154 252
1157 258
1159 264
1162 270
1166 276
1171 282
1177 287
1183 291
1189 294
