0 290
6 290
12 289
18 288
24 285
30 281
35 275
39 269
42 263
44 257
45 251
45 245
44 239
43 233
41 227
39 221
35 215
29 211
23 215
19 221
13 223
9 217
8 211
8 205
9 199
10 193
11 187
13 181
15 175
17 169
19 163
22 157
25 151
30 145
35 139
41 135
47 132
53 130
59 129
65 130
71 131
77 134
83 139
89 145
92 151
94 157
95 163
95 169
94 175
88 181
82 180
76 178
70 181
68 187
67 193
69 199
71 205
74 211
78 217
83 223
89 228
95 233
101 236
107 238
113 239
119 239
125 238
131 236
137 234
143 231
149 227
155 222
161 216
166 210
170 204
172 198
171 192
165 187
159 188
153 190
147 190
142 184
141 178
143 172
146 166
152 160
158 156
164 154
170 153
176 152
182 153
188 154
194 156
200 158
206 161
212 164
218 168
224 172
230 176
236 182
240 188
244 194
246 200
246 206
246 212
245 218
243 224
240 230
237 236
231 242
225 246
219 244
217 238
217 232
214 226
208 223
202 226
196 230
191 236
187 242
184 248
182 254
180 260
180 266
180 272
181 278
183 284
186 290
191 296
197 301
203 305
209 307
215 309
221 309
227 309
233 307
239 305
245 302
251 296
256 290
259 284
262 278
264 272
265 266
266 260
268 254
269 248
270 242
272 236
273 230
275 224
276 218
278 212
279 206
280 200
281 194
282 188
282 182
283 176
283 170
283 164
283 158
283 152
283 146
283 140
283 134
282 128
282 122
281 116
280 110
277 104
271 103
265 109
264 115
264 121
265 127
266 133
266 139
266 145
260 149
254 146
248 142
242 137
237 131
233 125
231 119
230 113
229 107
230 101
231 95
233 89
236 83
240 77
246 71
252 66
258 63
264 60
270 58
276 56
282 55
288 55
294 55
300 55
306 56
312 58
318 60
324 62
330 66
336 71
342 77
347 83
350 89
353 95
355 101
356 107
356 113
356 119
354 125
352 131
349 137
343 143
337 148
331 151
325 152
319 150
318 144
318 138
320 132
321 126
322 120
321 114
318 108
312 102
306 103
301 109
299 115
298 121
297 127
297 133
296 139
296 145
295 151
295 157
295 163
295 169
295 175
295 181
296 187
296 193
297 199
298 205
299 211
300 217
301 223
303 229
305 235
307 241
309 247
311 253
313 259
315 265
318 271
321 277
325 283
331 289
337 293
343 296
349 297
355 297
361 296
367 294
373 291
379 285
383 279
385 273
387 267
388 261
388 255
388 249
387 243
385 237
382 231
376 225
370 223
364 226
359 232
356 238
350 241
344 239
338 233
334 227
332 221
331 215
332 209
334 203
338 197
344 192
350 188
356 185
362 182
368 180
374 178
380 177
386 176
392 175
398 175
404 175
410 176
416 178
422 180
428 183
434 186
440 191
446 196
451 202
456 208
458 214
459 220
456 226
450 227
444 225
438 220
432 218
426 219
423 225
423 231
424 237
426 243
428 249
431 255
435 261
440 267
446 272
452 276
458 278
464 279
470 278
476 277
482 274
488 270
493 264
497 258
500 252
503 246
505 240
507 234
509 228
510 222
511 216
512 210
512 204
513 198
513 192
513 186
513 180
512 174
512 168
511 162
510 156
506 150
500 148
495 154
494 160
493 166
492 172
486 177
480 172
475 166
471 160
469 154
468 148
467 142
467 136
468 130
470 124
472 118
476 112
480 106
486 100
492 95
498 92
504 89
510 87
516 86
522 86
528 86
534 87
540 88
546 91
552 94
558 98
563 104
568 110
570 116
572 122
573 128
573 134
572 140
571 146
569 152
566 158
562 164
557 170
551 174
547 168
546 162
545 156
539 152
535 158
534 164
533 170
533 176
533 182
533 188
533 194
534 200
535 206
535 212
536 218
537 224
538 230
539 236
541 242
542 248
544 254
545 260
548 266
550 272
554 278
558 284
564 289
570 293
576 296
582 297
588 298
594 297
600 296
606 294
612 290
618 285
623 279
626 273
628 267
629 261
629 255
629 249
627 243
623 237
617 231
611 229
605 231
600 237
594 241
588 240
582 234
579 228
577 222
577 216
578 210
580 204
582 198
586 192
590 186
595 180
601 174
607 169
613 164
619 161
625 158
631 156
637 155
643 156
649 158
655 163
657 169
656 175
657 181
662 187
668 191
674 194
680 196
686 197
692 199
698 200
704 201
710 203
716 205
722 208
728 212
732 218
732 224
729 230
729 236
732 242
738 247
744 249
750 250
756 249
762 248
768 245
774 241
780 235
785 229
789 223
792 217
795 211
798 205
800 199
801 193
803 187
804 181
805 175
805 169
804 163
803 157
801 151
795 145
789 145
783 148
780 154
775 160
769 160
763 155
760 149
758 143
758 137
758 131
760 125
762 119
766 113
771 107
777 102
783 99
789 96
795 95
801 94
807 94
813 94
819 95
825 97
831 100
837 104
843 109
849 115
853 121
856 127
858 133
860 139
861 145
862 151
862 157
861 163
860 169
859 175
855 181
849 175
847 169
841 165
837 171
836 177
835 183
834 189
833 195
833 201
832 207
832 213
832 219
832 225
833 231
833 237
834 243
835 249
837 255
839 261
842 267
845 273
849 279
854 285
860 291
866 295
872 299
878 302
884 304
890 305
896 306
902 306
908 305
914 304
920 302
926 300
932 296
938 292
944 286
949 280
953 274
956 268
958 262
960 256
961 250
962 244
963 238
963 232
962 226
960 220
956 214
950 211
944 214
939 220
935 226
929 230
923 229
919 223
917 217
917 211
917 205
919 199
921 193
923 187
927 181
932 175
937 169
943 164
949 160
955 156
961 153
967 150
973 148
979 145
985 142
991 138
997 133
1001 127
1004 121
1008 115
1014 110
1020 107
1026 105
1032 105
1038 106
1044 107
1050 110
1056 114
1062 119
1066 125
1069 131
1071 137
1073 143
1074 149
1075 155
1075 161
1076 167
1076 173
1075 179
1075 185
1074 191
1073 197
1072 203
1071 209
1070 215
1068 221
1066 227
1060 231
1055 225
1054 219
1053 213
1051 207
1045 202
1039 205
1034 211
1031 217
1030 223
1029 229
1029 235
1029 241
1030 247
1031 253
1033 259
1035 265
1038 271
1041 277
1046 283
1052 288
1058 292
1064 295
1070 297
1076 298
1082 298
1088 297
1094 295
1100 291
1106 286
1110 280
1114 274
1116 268
1118 262
1119 256
1119 250
1119 244
1119 238
1119 232
1118 226
1117 220
1115 214
1109 213
1105 219
1102 225
1096 230
1094 224
1095 218
1096 212
1096 206
1098 200
1099 194
1100 188
1102 182
1104 176
1106 170
1108 164
1110 158
1112 152
1115 146
1118 140
1123 134
1129 128
1135 125
1141 123
1147 122
1153 123
1159 124
1165 128
1171 133
1175 139
1178 145
1180 151
1181 157
1182 163
1182 169
1182 175
1182 181
1181 187
1180 193
1178 199
1176 205
1170 207
1166 201
1163 195
1157 192
1152 198
1150 204
1150 210
1150 216
1150 222
1151 228
1153 234
1154 240
1156 246
1159 252
1162 258
1165 264
1169 270
1174 276
1180 281
1186 285
1192 288
