0 222
6 222
12 222
18 222
24 222
30 222
36 222
42 222
48 221
54 221
60 221
66 221
72 221
78 221
84 222
90 222
96 222
102 222
108 222
114 222
120 222
126 222
132 222
138 222
144 222
150 221
156 221
162 221
168 221
174 221
180 222
186 222
192 222
198 222
204 222
210 222
216 222
222 222
228 222
234 222
240 222
246 222
252 222
258 221
264 221
270 221
276 221
282 221
288 221
294 221
300 221
306 221
312 221
318 221
324 221
330 222
336 222
342 222
348 222
354 222
360 222
366 222
372 222
378 222
384 222
390 222
396 222
402 222
408 222
414 221
420 222
426 222
432 222
438 222
444 222
450 222
456 222
462 222
468 222
474 222
480 222
486 222
492 221
498 221
504 221
510 221
516 221
522 221
528 221
534 221
540 221
546 221
552 222
558 222
564 222
570 222
576 222
582 222
588 222
594 222
600 222
606 222
612 222
618 222
624 222
630 222
636 221
642 221
648 221
654 222
660 222
666 222
672 222
678 222
684 222
690 222
696 222
702 222
708 222
714 222
720 222
726 222
732 222
738 222
744 222
750 222
756 222
762 222
768 222
774 221
780 221
786 221
792 221
798 221
804 221
810 221
816 221
822 222
828 222
834 222
840 222
846 222
852 222
858 222
864 222
870 222
876 222
882 222
888 222
894 222
900 222
906 222
912 222
918 222
924 222
930 222
936 222
942 222
948 221
954 221
960 221
966 221
972 221
978 221
984 221
990 221
996 221
1002 221
1008 221
1014 221
1020 221
1026 221
1032 221
1038 221
1044 221
1050 221
1056 221
1062 222
1068 222
1074 222
1080 222
1086 222
1092 222
1098 222
1104 222
1110 222
1116 222
1122 222
1128 221
1134 221
1140 221
1146 221
1152 221
1158 221
1164 222
1170 222
1176 222
1182 222
1188 222
