0 272
6 272
12 271
18 269
24 265
30 259
34 253
37 247
38 241
38 235
37 229
35 223
32 217
28 211
26 205
25 199
26 193
27 187
30 181
33 175
38 169
44 164
50 161
56 160
62 160
68 161
74 163
80 168
84 174
86 180
87 186
87 192
85 198
84 204
84 210
85 216
88 222
91 228
97 234
103 238
109 240
115 240
121 239
127 237
133 233
139 227
143 221
146 215
147 209
146 203
145 197
144 191
145 185
148 179
154 173
160 170
166 169
172 170
178 171
184 174
190 178
196 183
202 189
206 195
210 201
212 207
214 213
215 219
214 225
210 231
204 233
198 235
192 241
190 247
189 253
189 259
191 265
194 271
198 277
204 282
210 285
216 287
222 288
228 288
234 287
240 285
246 282
252 277
258 271
262 265
265 259
267 253
269 247
271 241
272 235
273 229
274 223
274 217
275 211
275 205
275 199
275 193
274 187
273 181
271 175
265 170
259 175
253 179
247 173
244 167
242 161
241 155
241 149
242 143
243 137
245 131
248 125
253 119
259 114
265 110
271 107
277 105
283 104
289 103
295 103
301 104
307 105
313 107
319 110
325 114
331 120
336 126
339 132
341 138
342 144
343 150
342 156
341 162
338 168
334 174
328 178
322 172
316 167
310 171
307 177
305 183
304 189
304 195
304 201
304 207
304 213
305 219
306 225
307 231
308 237
310 243
312 249
314 255
318 261
322 267
327 273
333 277
339 280
345 282
351 282
357 282
363 280
369 277
375 271
379 265
381 259
382 253
382 247
379 241
373 236
367 233
363 227
362 221
364 215
367 209
371 203
377 197
383 192
389 189
395 186
401 185
407 185
413 185
419 188
425 191
431 197
435 203
438 209
439 215
437 221
434 227
432 233
432 239
434 245
436 251
441 257
447 263
453 266
459 268
465 268
471 267
477 265
483 262
489 256
494 250
497 244
499 238
501 232
502 226
502 220
503 214
502 208
501 202
498 196
492 192
486 190
481 184
479 178
478 172
479 166
480 160
482 154
485 148
490 142
496 137
502 134
508 132
514 130
520 130
526 130
532 131
538 133
544 136
550 140
555 146
559 152
562 158
563 164
564 170
563 176
562 182
560 188
554 194
548 198
545 204
544 210
543 216
543 222
543 228
544 234
546 240
547 246
550 252
553 258
558 264
564 270
570 274
576 276
582 277
588 278
594 277
600 275
606 272
612 267
616 261
618 255
619 249
619 243
617 237
612 231
607 225
605 219
605 213
606 207
609 201
612 195
616 189
622 184
628 180
634 178
640 177
646 178
652 181
658 187
662 193
666 199
672 204
678 207
684 209
690 209
696 210
702 210
708 211
714 214
720 218
724 224
728 230
732 236
738 242
744 245
750 246
756 245
762 243
768 239
774 233
778 227
781 221
783 215
784 209
784 203
784 197
783 191
779 185
773 179
770 173
769 167
770 161
772 155
776 149
782 144
788 140
794 138
800 137
806 137
812 138
818 139
824 142
830 146
836 152
840 158
843 164
844 170
845 176
843 182
839 188
835 194
832 200
832 206
832 212
832 218
833 224
835 230
838 236
841 242
845 248
850 254
856 260
862 265
868 269
874 272
880 275
886 277
892 279
898 279
904 279
910 278
916 277
922 274
928 271
934 266
939 260
943 254
945 248
946 242
946 236
945 230
940 224
934 219
931 213
930 207
931 201
934 195
939 189
945 184
951 180
957 178
963 177
969 176
975 175
981 173
987 172
993 169
999 165
1005 160
1011 154
1017 150
1023 147
1029 146
1035 147
1041 148
1047 150
1053 155
1059 161
1062 167
1065 173
1067 179
1068 185
1068 191
1068 197
1068 203
1066 209
1062 215
1056 217
1050 219
1046 225
1044 231
1043 237
1043 243
1045 249
1047 255
1050 261
1054 267
1060 272
1066 276
1072 278
1078 279
1084 279
1090 279
1096 277
1102 273
1108 268
1113 262
1116 256
1118 250
1119 244
1120 238
1119 232
1118 226
1115 220
1109 214
1107 208
1106 202
1107 196
1108 190
1110 184
1112 178
1115 172
1119 166
1125 160
1131 156
1137 154
1143 153
1149 153
1155 155
1161 158
1167 163
1171 169
1174 175
1176 181
1177 187
1176 193
1175 199
1171 205
1166 211
1164 217
1163 223
1164 229
1165 235
1166 241
1168 247
1172 253
1176 259
1182 265
1188 268
