0 207
6 207
12 206
18 206
24 206
30 206
36 206
42 206
48 205
54 205
60 205
66 205
72 205
78 205
84 205
90 206
96 206
102 206
108 206
114 206
120 206
126 206
132 206
138 206
144 205
150 205
156 205
162 205
168 205
174 205
180 206
186 206
192 206
198 206
204 207
210 207
216 207
222 207
228 207
234 207
240 206
246 206
252 206
258 205
264 205
270 204
276 204
282 204
288 203
294 203
300 204
306 204
312 204
318 205
324 205
330 206
336 206
342 206
348 207
354 207
360 207
366 207
372 207
378 207
384 206
390 206
396 206
402 205
408 205
414 205
420 205
426 206
432 206
438 206
444 206
450 207
456 207
462 207
468 206
474 206
480 206
486 206
492 205
498 205
504 205
510 205
516 205
522 205
528 205
534 205
540 205
546 205
552 205
558 206
564 206
570 206
576 206
582 207
588 207
594 207
600 207
606 206
612 206
618 206
624 206
630 205
636 205
642 205
648 205
654 205
660 206
666 206
672 206
678 206
684 206
690 206
696 206
702 206
708 205
714 205
720 206
726 206
732 206
738 206
744 206
750 206
756 206
762 206
768 206
774 205
780 205
786 205
792 205
798 205
804 205
810 205
816 205
822 205
828 206
834 206
840 206
846 206
852 206
858 206
864 206
870 206
876 206
882 206
888 207
894 207
900 207
906 207
912 207
918 207
924 206
930 206
936 206
942 206
948 205
954 205
960 205
966 205
972 205
978 205
984 205
990 205
996 205
1002 205
1008 205
1014 205
1020 205
1026 205
1032 205
1038 205
1044 205
1050 205
1056 205
1062 206
1068 206
1074 206
1080 207
1086 207
1092 207
1098 207
1104 206
1110 206
1116 206
1122 205
1128 205
1134 205
1140 205
1146 205
1152 205
1158 205
1164 206
1170 206
1176 206
1182 206
1188 206
