0 242
6 242
12 240
18 238
24 233
28 227
31 221
33 215
35 209
38 203
41 197
46 191
52 187
58 185
64 185
70 186
76 190
82 196
86 202
89 208
93 214
98 220
104 224
110 226
116 226
122 224
128 220
134 214
138 208
141 202
146 196
152 191
158 188
164 187
170 188
176 191
182 195
186 201
189 207
191 213
192 219
193 225
194 231
196 237
200 243
206 249
212 252
218 254
224 254
230 254
236 252
242 250
248 245
253 239
257 233
260 227
261 221
262 215
262 209
262 203
260 197
258 191
257 185
256 179
257 173
259 167
262 161
268 155
274 150
280 148
286 146
292 146
298 146
304 148
310 151
316 156
321 162
324 168
326 174
326 180
325 186
323 192
321 198
319 204
319 210
319 216
320 222
322 228
324 234
328 240
334 246
340 249
346 251
352 252
358 252
364 250
370 247
376 241
379 235
381 229
382 223
384 217
386 211
389 205
394 199
400 195
406 193
412 194
418 195
424 200
429 206
432 212
434 218
436 224
439 230
444 236
450 240
456 242
462 243
468 242
474 239
480 235
485 229
487 223
489 217
490 211
490 205
490 199
491 193
492 187
495 181
500 175
506 170
512 168
518 167
524 167
530 168
536 170
542 175
547 181
550 187
552 193
553 199
554 205
555 211
556 217
557 223
560 229
564 235
570 240
576 244
582 245
588 246
594 245
600 243
606 239
611 233
614 227
616 221
618 215
621 209
624 203
630 198
636 195
642 194
648 194
654 197
660 200
666 204
672 208
678 210
684 211
690 210
696 210
702 209
708 209
714 211
720 214
726 218
732 222
738 226
744 228
750 228
756 227
762 223
768 217
771 211
773 205
775 199
776 193
779 187
783 181
789 176
795 173
801 173
807 173
813 175
819 180
824 186
827 192
829 198
831 204
833 210
837 216
843 222
849 226
855 230
861 232
867 234
873 237
879 239
885 241
891 242
897 243
903 243
909 243
915 241
921 238
927 233
932 227
935 221
937 215
940 209
944 203
950 198
956 195
962 194
968 194
974 194
980 194
986 194
992 193
998 190
1004 187
1010 184
1016 180
1022 178
1028 177
1034 178
1040 180
1046 183
1051 189
1054 195
1056 201
1056 207
1056 213
1057 219
1057 225
1059 231
1063 237
1069 243
1075 246
1081 247
1087 248
1093 247
1099 244
1105 239
1110 233
1112 227
1114 221
1115 215
1116 209
1117 203
1119 197
1122 191
1127 185
1133 181
1139 179
1145 179
1151 180
1157 184
1163 190
1167 196
1169 202
1170 208
1172 214
1174 220
1177 226
1181 232
1187 237
1193 240
