0 282
6 282
12 281
18 279
24 276
30 271
35 265
38 259
41 253
42 247
42 241
42 235
41 229
39 223
37 217
31 212
25 212
19 211
16 205
15 199
15 193
16 187
17 181
19 175
21 169
23 163
26 157
30 151
35 145
41 140
47 137
53 135
59 134
65 135
71 137
77 140
83 145
87 151
90 157
91 163
91 169
90 175
84 181
78 186
76 192
76 198
77 204
80 210
83 216
86 222
92 228
98 233
104 236
110 238
116 238
122 237
128 236
134 233
140 229
146 224
151 218
155 212
158 206
159 200
159 194
153 188
147 185
144 179
144 173
145 167
149 161
155 156
161 153
167 152
173 152
179 153
185 155
191 157
197 161
203 165
209 170
215 175
221 181
225 187
229 193
232 199
233 205
234 211
234 217
233 223
230 229
226 235
220 237
214 234
209 228
203 227
197 230
191 236
188 242
186 248
185 254
184 260
185 266
186 272
188 278
192 284
197 290
203 294
209 297
215 299
221 300
227 300
233 299
239 296
245 293
251 289
256 283
260 277
263 271
266 265
268 259
269 253
271 247
272 241
273 235
274 229
275 223
276 217
277 211
278 205
278 199
279 193
279 187
280 181
280 175
280 169
280 163
280 157
279 151
279 145
278 139
276 133
270 127
264 133
263 139
263 145
262 151
261 157
255 158
249 152
245 146
241 140
238 134
236 128
235 122
234 116
235 110
236 104
239 98
243 92
248 86
254 81
260 77
266 74
272 72
278 70
284 70
290 69
296 69
302 70
308 71
314 73
320 76
326 79
332 83
338 89
343 95
346 101
349 107
350 113
351 119
351 125
349 131
347 137
344 143
339 149
333 155
327 158
321 155
320 149
320 143
320 137
319 131
313 125
307 127
303 133
301 139
300 145
299 151
298 157
298 163
298 169
298 175
298 181
298 187
299 193
299 199
300 205
301 211
302 217
303 223
304 229
306 235
307 241
309 247
311 253
313 259
316 265
319 271
324 277
330 283
336 287
342 289
348 291
354 291
360 290
366 287
372 284
377 278
381 272
383 266
385 260
385 254
385 248
384 242
382 236
377 230
371 228
365 230
359 234
353 235
347 230
344 224
343 218
344 212
346 206
349 200
354 194
360 189
366 185
372 181
378 179
384 176
390 175
396 174
402 173
408 174
414 175
420 177
426 181
432 185
438 191
443 197
447 203
449 209
449 215
443 221
437 220
431 221
427 227
427 233
428 239
430 245
432 251
436 257
441 263
447 268
453 271
459 273
465 274
471 273
477 271
483 268
489 263
494 257
498 251
500 245
503 239
504 233
506 227
507 221
508 215
509 209
509 203
509 197
509 191
509 185
508 179
507 173
504 167
498 164
492 169
489 175
483 176
478 170
475 164
473 158
472 152
471 146
472 140
473 134
475 128
478 122
482 116
488 110
494 106
500 103
506 100
512 99
518 98
524 98
530 98
536 100
542 102
548 105
554 109
560 115
564 121
567 127
569 133
569 139
569 145
568 151
567 157
565 163
563 169
559 175
553 177
549 171
543 170
540 176
538 182
537 188
537 194
537 200
537 206
538 212
538 218
539 224
540 230
541 236
542 242
543 248
545 254
548 260
551 266
555 272
560 278
566 282
572 286
578 288
584 289
590 289
596 288
602 286
608 283
614 278
619 272
622 266
624 260
625 254
625 248
623 242
620 236
614 231
608 230
602 232
596 231
591 225
589 219
589 213
590 207
592 201
594 195
598 189
602 183
606 177
612 171
618 166
624 162
630 159
636 158
642 158
648 160
654 165
657 171
659 177
661 183
666 189
672 193
678 196
684 198
690 199
696 200
702 201
708 203
714 205
720 209
726 215
728 221
729 227
730 233
734 239
740 244
746 247
752 247
758 246
764 244
770 240
776 234
781 228
785 222
787 216
790 210
792 204
793 198
794 192
795 186
795 180
795 174
794 168
792 162
786 157
780 157
774 160
768 158
764 152
762 146
762 140
763 134
765 128
769 122
774 116
780 112
786 108
792 106
798 105
804 105
810 105
816 106
822 108
828 110
834 114
840 119
845 125
849 131
852 137
854 143
855 149
856 155
856 161
855 167
853 173
847 175
841 172
835 178
833 184
832 190
832 196
831 202
831 208
832 214
832 220
833 226
834 232
836 238
837 244
840 250
843 256
846 262
850 268
856 274
862 280
868 284
874 288
880 290
886 292
892 293
898 294
904 294
910 293
916 292
922 290
928 287
934 282
940 277
945 271
949 265
952 259
954 253
955 247
956 241
956 235
956 229
954 223
949 217
943 216
937 219
931 221
925 217
922 211
922 205
922 199
924 193
926 187
929 181
934 175
940 169
946 164
952 161
958 158
964 156
970 153
976 151
982 149
988 146
994 142
1000 137
1005 131
1009 125
1015 120
1021 117
1027 116
1033 116
1039 116
1045 118
1051 121
1057 126
1062 132
1066 138
1068 144
1070 150
1072 156
1072 162
1073 168
1073 174
1074 180
1074 186
1073 192
1073 198
1072 204
1070 210
1068 216
1062 220
1057 214
1052 208
1046 208
1040 214
1037 220
1036 226
1035 232
1035 238
1035 244
1036 250
1038 256
1040 262
1043 268
1048 274
1054 280
1060 284
1066 287
1072 289
1078 290
1084 290
1090 288
1096 286
1102 283
1108 277
1112 271
1115 265
1117 259
1119 253
1120 247
1120 241
1120 235
1120 229
1119 223
1117 217
1111 213
1105 217
1100 211
1100 205
1100 199
1101 193
1102 187
1104 181
1105 175
1107 169
1109 163
1111 157
1114 151
1117 145
1122 139
1128 133
1134 130
1140 128
1146 127
1152 128
1158 130
1164 133
1170 139
1174 145
1177 151
1179 157
1180 163
1181 169
1181 175
1181 181
1180 187
1178 193
1172 199
1166 196
1160 198
1157 204
1156 210
1156 216
1156 222
1157 228
1158 234
1160 240
1162 246
1164 252
1167 258
1171 264
1176 270
1182 275
1188 278
