0 266
6 266
12 265
18 263
24 259
29 253
33 247
34 241
35 235
34 229
33 223
32 217
31 211
31 205
32 199
34 193
38 187
44 182
50 179
56 177
62 177
68 178
74 180
80 186
84 192
86 198
86 204
87 210
87 216
89 222
92 228
96 234
102 238
108 241
114 241
120 240
126 238
132 233
137 227
140 221
142 215
143 209
143 203
145 197
149 191
155 186
161 183
167 183
173 184
179 186
185 189
191 194
196 200
199 206
202 212
203 218
203 224
201 230
197 236
193 242
192 248
192 254
193 260
196 266
202 272
208 277
214 279
220 280
226 281
232 280
238 278
244 276
250 272
256 266
260 260
263 254
266 248
268 242
269 236
270 230
270 224
271 218
271 212
270 206
269 200
266 194
260 191
254 190
249 184
247 178
246 172
247 166
248 160
250 154
253 148
257 142
263 136
269 132
275 129
281 127
287 126
293 125
299 126
305 127
311 130
317 133
323 138
328 144
332 150
334 156
336 162
337 168
336 174
335 180
332 186
326 189
320 189
314 193
311 199
310 205
309 211
309 217
309 223
310 229
311 235
312 241
314 247
317 253
321 259
325 265
331 270
337 273
343 276
349 277
355 277
361 275
367 273
373 268
377 262
380 256
380 250
380 244
377 238
374 232
373 226
374 220
376 214
380 208
386 202
392 198
398 195
404 194
410 194
416 196
422 199
428 204
432 210
434 216
435 222
434 228
434 234
435 240
436 246
440 252
445 258
451 262
457 264
463 264
469 264
475 262
481 259
487 253
491 247
494 241
496 235
497 229
497 223
497 217
495 211
491 205
487 199
484 193
483 187
484 181
485 175
488 169
493 163
499 158
505 155
511 152
517 151
523 151
529 152
535 154
541 157
547 161
552 167
556 173
558 179
559 185
559 191
558 197
556 203
552 209
550 215
548 221
548 227
548 233
550 239
551 245
554 251
558 257
564 263
570 267
576 269
582 271
588 271
594 270
600 268
606 265
612 259
615 253
617 247
617 241
615 235
613 229
612 223
612 217
614 211
617 205
621 199
627 195
633 192
639 191
645 191
651 193
657 197
662 203
668 209
674 213
680 215
686 216
692 216
698 216
704 216
710 217
716 220
722 225
726 231
732 237
738 242
744 244
750 245
756 244
762 242
768 237
773 231
776 225
778 219
778 213
778 207
777 201
775 195
773 189
773 183
774 177
777 171
783 165
789 161
795 159
801 158
807 159
813 160
819 162
825 166
831 172
834 178
836 184
837 190
836 196
835 202
833 208
833 214
833 220
835 226
837 232
841 238
846 244
852 250
858 254
864 258
870 262
876 265
882 267
888 269
894 270
900 271
906 271
912 269
918 268
924 265
930 260
935 254
938 248
940 242
940 236
939 230
937 224
935 218
935 212
937 206
942 200
948 195
954 193
960 191
966 190
972 190
978 189
984 188
990 187
996 184
1002 180
1008 175
1014 171
1020 168
1026 166
1032 166
1038 167
1044 169
1050 173
1056 179
1060 185
1062 191
1063 197
1064 203
1063 209
1061 215
1056 221
1052 227
1049 233
1049 239
1049 245
1051 251
1054 257
1059 263
1065 268
1071 271
1077 272
1083 273
1089 273
1095 271
1101 268
1107 263
1112 257
1115 251
1117 245
1117 239
1117 233
1116 227
1113 221
1111 215
1110 209
1111 203
1112 197
1114 191
1117 185
1123 179
1129 174
1135 172
1141 170
1147 171
1153 172
1159 175
1165 180
1169 186
1172 192
1173 198
1173 204
1172 210
1170 216
1168 222
1168 228
1168 234
1170 240
1172 246
1176 252
1181 258
1187 262
1193 265
