0 263
6 263
12 262
18 260
24 255
29 249
32 243
33 237
34 231
34 225
33 219
33 213
34 207
35 201
38 195
43 189
49 184
55 182
61 181
67 182
73 185
79 190
83 196
85 202
86 208
87 214
89 220
91 226
95 232
101 238
107 240
113 241
119 241
125 238
131 234
136 228
139 222
141 216
142 210
144 204
147 198
151 192
157 188
163 187
169 187
175 188
181 192
187 197
192 203
195 209
197 215
198 221
198 227
197 233
195 239
193 245
193 251
194 257
197 263
202 269
208 273
214 275
220 277
226 277
232 276
238 275
244 272
250 268
256 262
260 256
263 250
265 244
267 238
268 232
269 226
269 220
269 214
268 208
266 202
261 196
255 191
251 185
250 179
249 173
250 167
251 161
254 155
257 149
262 143
268 139
274 135
280 133
286 132
292 131
298 132
304 133
310 136
316 139
322 144
326 150
330 156
332 162
333 168
333 174
332 180
330 186
325 192
319 195
315 201
312 207
311 213
311 219
311 225
312 231
313 237
315 243
317 249
321 255
325 261
331 267
337 270
343 273
349 274
355 274
361 272
367 270
373 265
377 259
380 253
380 247
379 241
377 235
377 229
378 223
380 217
383 211
389 205
395 200
401 198
407 197
413 198
419 200
425 205
430 211
432 217
434 223
434 229
435 235
436 241
438 247
442 253
448 258
454 261
460 262
466 262
472 261
478 258
484 253
489 247
492 241
494 235
495 229
495 223
494 217
492 211
489 205
487 199
486 193
487 187
488 181
490 175
494 169
500 163
506 160
512 157
518 156
524 156
530 157
536 160
542 163
548 169
552 175
555 181
556 187
557 193
556 199
555 205
553 211
551 217
550 223
550 229
551 235
552 241
555 247
558 253
564 259
570 263
576 266
582 268
588 268
594 267
600 265
606 261
612 255
615 249
616 243
616 237
615 231
615 225
615 219
617 213
620 207
625 201
631 197
637 195
643 195
649 196
655 200
661 205
667 211
673 216
679 218
685 219
691 219
697 219
703 219
709 220
715 222
721 226
727 232
732 238
738 242
744 244
750 245
756 244
762 241
768 236
772 230
775 224
776 218
777 212
776 206
775 200
775 194
775 188
776 182
779 176
784 170
790 166
796 164
802 164
808 164
814 166
820 169
826 175
830 181
832 187
833 193
833 199
833 205
832 211
833 217
834 223
836 229
839 235
844 241
850 246
856 250
862 254
868 257
874 260
880 263
886 265
892 266
898 267
904 267
910 266
916 264
922 262
928 257
934 251
937 245
938 239
938 233
937 227
937 221
938 215
940 209
945 203
951 198
957 196
963 195
969 194
975 194
981 194
987 193
993 191
999 187
1005 183
1011 178
1017 174
1023 172
1029 171
1035 171
1041 173
1047 177
1053 183
1057 189
1059 195
1060 201
1061 207
1060 213
1058 219
1055 225
1053 231
1052 237
1052 243
1053 249
1056 255
1061 261
1067 265
1073 268
1079 269
1085 270
1091 269
1097 267
1103 264
1109 258
1113 252
1115 246
1116 240
1116 234
1115 228
1114 222
1113 216
1113 210
1114 204
1115 198
1118 192
1121 186
1127 180
1133 177
1139 175
1145 175
1151 176
1157 178
1163 184
1167 190
1170 196
1171 202
1171 208
1171 214
1170 220
1170 226
1170 232
1171 238
1173 244
1177 250
1183 256
1189 260
