0 180
6 178
12 176
18 174
24 174
30 173
36 173
42 174
48 175
54 177
60 179
66 181
72 184
78 187
84 191
90 196
96 200
102 206
108 212
113 218
117 224
121 230
125 236
129 242
133 248
138 254
144 259
150 264
156 267
162 270
168 271
174 272
180 273
186 273
192 272
198 270
204 268
210 264
216 259
222 253
225 247
228 241
230 235
231 229
230 223
230 217
228 211
227 205
225 199
225 193
225 187
226 181
227 175
230 169
233 163
238 157
244 151
250 147
256 144
262 141
268 140
274 139
280 139
286 140
292 141
298 143
304 146
310 150
316 156
320 162
323 168
325 174
326 180
326 186
327 192
327 198
329 204
331 210
334 216
339 222
345 227
351 230
357 232
363 232
369 232
375 230
381 228
387 224
393 220
399 215
405 210
411 207
417 204
423 203
429 203
435 203
441 206
447 209
453 215
457 221
460 227
463 233
466 239
469 245
474 251
480 256
486 259
492 261
498 262
504 262
510 261
516 260
522 257
528 252
534 246
537 240
540 234
541 228
542 222
542 216
542 210
542 204
543 198
544 192
547 186
550 180
555 174
561 169
567 165
573 163
579 161
585 160
591 160
597 161
603 163
609 165
615 168
621 172
627 178
633 184
638 190
644 196
650 202
656 206
662 209
668 212
674 214
680 216
686 217
692 219
698 221
704 223
710 226
716 230
722 235
728 241
734 247
740 252
746 256
752 260
758 263
764 264
770 265
776 266
782 265
788 264
794 262
800 258
806 254
811 248
815 242
818 236
819 230
820 224
820 218
819 212
818 206
818 200
818 194
819 188
820 182
823 176
826 170
831 164
837 159
843 155
849 152
855 150
861 149
867 148
873 148
879 149
885 150
891 151
897 153
903 156
909 159
915 163
921 167
927 172
933 176
939 180
945 184
951 188
957 192
963 197
969 202
975 207
980 213
985 219
989 225
993 231
998 237
1004 243
1010 248
1016 252
1022 255
1028 256
1034 257
1040 258
1046 258
1052 257
1058 255
1064 253
1070 250
1076 246
1082 241
1088 237
1094 232
1100 228
1106 224
1112 221
1118 219
1124 216
1130 214
1136 212
1142 210
1148 208
1154 206
1160 203
1166 200
1172 196
1178 192
1184 189
1190 185
