0 171
6 169
12 166
18 165
24 164
30 164
36 164
42 164
48 166
54 167
60 169
66 172
72 175
78 179
84 183
90 188
96 194
101 200
106 206
110 212
113 218
116 224
118 230
120 236
122 242
123 248
125 254
127 260
130 266
134 272
139 278
145 283
151 287
157 290
163 292
169 294
175 295
181 295
187 295
193 294
199 292
205 290
211 287
217 283
223 278
228 272
232 266
235 260
237 254
238 248
239 242
238 236
237 230
235 224
231 218
225 212
221 206
218 200
216 194
215 188
215 182
216 176
217 170
219 164
222 158
225 152
230 146
236 140
242 135
248 131
254 128
260 126
266 125
272 124
278 124
284 124
290 125
296 127
302 129
308 132
314 136
320 142
324 148
327 154
329 160
330 166
330 172
329 178
326 184
324 190
322 196
321 202
321 208
323 214
325 220
328 226
333 232
339 237
345 240
351 242
357 243
363 243
369 242
375 240
381 236
387 231
393 225
399 219
405 213
411 209
417 207
423 205
429 204
435 205
441 207
447 210
453 215
458 221
460 227
462 233
463 239
464 245
465 251
466 257
468 263
472 269
478 275
484 279
490 281
496 282
502 283
508 283
514 282
520 280
526 277
532 272
538 266
542 260
545 254
547 248
548 242
547 236
546 230
544 224
542 218
539 212
537 206
536 200
536 194
537 188
539 182
542 176
545 170
550 164
556 159
562 155
568 152
574 150
580 149
586 148
592 148
598 149
604 151
610 153
616 156
622 160
628 166
633 172
636 178
640 184
643 190
646 196
651 202
656 208
662 212
668 216
674 219
680 221
686 224
692 226
698 229
704 232
710 236
716 242
721 248
726 254
730 260
734 266
740 272
746 277
752 281
758 284
764 285
770 287
776 287
782 287
788 286
794 284
800 282
806 278
812 274
817 268
822 262
825 256
827 250
828 244
828 238
827 232
825 226
822 220
818 214
814 208
811 202
810 196
809 190
810 184
811 178
813 172
815 166
819 160
824 154
830 148
836 144
842 140
848 138
854 136
860 135
866 134
872 134
878 134
884 135
890 137
896 139
902 141
908 144
914 148
920 153
926 158
932 163
938 169
944 175
950 181
956 187
962 193
967 199
972 205
975 211
978 217
981 223
983 229
984 235
986 241
989 247
992 253
996 259
1002 265
1008 270
1014 273
1020 276
1026 278
1032 279
1038 279
1044 279
1050 278
1056 277
1062 274
1068 271
1074 267
1080 262
1086 256
1091 250
1096 244
1102 238
1108 232
1114 228
1120 225
1126 222
1132 219
1138 216
1144 213
1150 210
1156 206
1162 201
1168 196
1174 191
1180 185
1186 180
1192 176
