0 88
6 87
12 86
18 86
24 86
30 87
36 88
42 89
48 91
54 93
60 96
66 100
72 104
78 108
84 114
90 120
95 126
100 132
104 138
108 144
112 150
116 156
119 162
123 168
126 174
130 180
133 186
137 192
140 198
143 204
146 210
150 216
153 222
156 228
158 234
161 240
163 246
166 252
167 258
169 264
169 270
169 276
168 282
165 288
159 294
153 297
147 297
141 295
135 289
132 283
129 277
125 271
121 265
115 260
109 259
103 261
97 265
92 271
88 277
86 283
84 289
83 295
83 301
83 307
83 313
85 319
86 325
89 331
92 337
97 343
102 349
108 354
114 358
120 361
126 363
132 365
138 367
144 368
150 369
156 370
162 370
168 370
174 371
180 371
186 370
192 370
198 370
204 369
210 368
216 367
222 365
228 363
234 361
240 358
246 354
252 349
258 343
263 337
266 331
269 325
270 319
271 313
272 307
272 301
272 295
271 289
270 283
268 277
266 271
264 265
262 259
260 253
257 247
254 241
251 235
248 229
245 223
241 217
238 211
235 205
232 199
230 193
228 187
226 181
225 175
219 171
216 177
215 183
215 189
215 195
215 201
216 207
216 213
216 219
217 225
217 231
217 237
218 243
218 249
217 255
212 261
206 257
203 251
201 245
199 239
197 233
196 227
194 221
193 215
191 209
190 203
188 197
187 191
186 185
185 179
184 173
183 167
182 161
182 155
182 149
182 143
182 137
183 131
183 125
184 119
186 113
187 107
189 101
192 95
194 89
198 83
202 77
207 71
213 65
219 60
225 56
231 53
237 51
243 49
249 47
255 46
261 45
267 44
273 44
279 44
285 44
291 44
297 45
303 46
309 48
315 50
321 52
327 55
333 59
339 63
345 69
350 75
354 81
357 87
359 93
361 99
362 105
362 111
362 117
361 123
360 129
358 135
355 141
351 147
346 153
340 157
334 160
328 161
322 161
316 159
310 153
306 147
303 141
298 135
293 129
288 123
283 117
277 113
271 112
265 112
259 114
253 117
247 122
243 128
241 134
241 140
242 146
243 152
245 158
248 164
251 170
254 176
257 182
261 188
265 194
269 200
274 206
279 212
284 218
290 224
296 230
302 236
308 241
314 246
320 250
326 253
332 256
338 258
344 259
350 260
356 260
362 259
368 257
374 253
378 247
379 241
378 235
375 229
373 223
372 217
375 211
381 206
387 204
393 202
399 201
405 200
411 200
417 200
423 201
429 202
435 203
441 205
447 207
453 209
459 212
465 215
471 218
477 222
483 226
489 230
495 235
501 239
507 244
513 250
519 256
525 262
529 268
531 274
532 280
531 286
528 292
522 297
516 300
510 300
504 299
498 297
492 294
486 292
480 289
474 287
468 285
462 286
456 289
451 295
449 301
448 307
448 313
448 319
450 325
453 331
457 337
463 343
469 347
475 350
481 353
487 355
493 356
499 357
505 357
511 357
517 357
523 356
529 355
535 353
541 351
547 349
553 346
559 341
565 336
571 330
576 324
580 318
583 312
585 306
588 300
590 294
591 288
592 282
593 276
593 270
593 264
593 258
592 252
591 246
590 240
588 234
585 228
582 222
579 216
575 210
570 204
564 202
558 208
557 214
556 220
556 226
555 232
554 238
550 244
544 242
539 236
534 230
529 224
524 218
520 212
516 206
512 200
509 194
506 188
503 182
501 176
499 170
498 164
498 158
497 152
498 146
499 140
500 134
501 128
504 122
506 116
510 110
513 104
518 98
523 92
529 87
535 82
541 78
547 75
553 72
559 70
565 69
571 67
577 67
583 66
589 66
595 66
601 67
607 69
613 70
619 72
625 75
631 79
637 83
643 88
649 94
654 100
658 106
662 112
664 118
667 124
668 130
670 136
671 142
671 148
670 154
669 160
663 166
657 165
651 163
645 159
639 157
633 157
628 163
628 169
629 175
631 181
635 187
639 193
644 199
650 205
656 211
662 216
668 221
674 225
680 229
686 233
692 237
698 241
704 245
710 249
716 253
722 257
728 262
734 267
740 273
745 279
748 285
749 291
748 297
742 303
736 303
730 303
724 302
718 302
712 303
707 309
706 315
706 321
707 327
709 333
713 339
717 345
723 351
729 355
735 358
741 360
747 362
753 363
759 364
765 364
771 364
777 364
783 364
789 363
795 362
801 360
807 359
813 357
819 354
825 351
831 347
837 342
843 336
847 330
851 324
855 318
858 312
860 306
862 300
864 294
866 288
868 282
869 276
871 270
872 264
873 258
874 252
874 246
875 240
875 234
876 228
876 222
875 216
875 210
874 204
872 198
869 192
866 186
860 180
854 176
848 174
842 173
836 175
831 181
830 187
829 193
827 199
826 205
825 211
824 217
824 223
823 229
819 235
813 238
807 237
801 235
795 231
789 226
784 220
780 214
776 208
773 202
771 196
769 190
768 184
766 178
766 172
765 166
765 160
765 154
766 148
767 142
768 136
769 130
771 124
772 118
775 112
777 106
780 100
784 94
788 88
793 82
798 76
804 71
810 66
816 62
822 59
828 56
834 54
840 52
846 51
852 49
858 48
864 48
870 47
876 47
882 47
888 47
894 48
900 48
906 49
912 51
918 52
924 55
930 57
936 60
942 64
948 68
954 74
960 80
964 86
968 92
971 98
974 104
976 110
978 116
980 122
981 128
982 134
983 140
984 146
984 152
985 158
985 164
986 170
986 176
987 182
987 188
987 194
986 200
985 206
984 212
982 218
979 224
973 230
967 229
963 223
960 217
957 211
954 205
948 201
942 203
938 209
935 215
934 221
933 227
932 233
932 239
932 245
933 251
933 257
934 263
936 269
937 275
939 281
941 287
943 293
945 299
948 305
951 311
954 317
958 323
963 329
969 335
975 341
981 345
987 348
993 351
999 354
1005 356
1011 358
1017 359
1023 360
1029 361
1035 362
1041 362
1047 362
1053 362
1059 362
1065 361
1071 361
1077 360
1083 358
1089 357
1095 354
1101 352
1107 348
1113 344
1119 338
1124 332
1127 326
1130 320
1131 314
1132 308
1132 302
1131 296
1127 290
1121 288
1115 287
1109 286
1103 283
1101 277
1101 271
1103 265
1105 259
1109 253
1113 247
1117 241
1122 235
1127 229
1132 223
1137 217
1141 211
1144 205
1145 199
1146 193
1144 187
1141 181
1136 175
1134 169
1134 163
1134 157
1135 151
1137 145
1139 139
1142 133
1145 127
1149 121
1154 115
1160 109
1166 104
1172 100
1178 96
1184 93
1190 91
