0 215
6 215
12 215
18 215
24 215
30 215
36 215
42 215
48 215
54 215
60 215
66 215
72 215
78 215
84 215
90 215
96 215
102 215
108 215
114 215
120 216
126 216
132 216
138 216
144 216
150 216
156 216
162 216
168 216
174 216
180 216
186 216
192 216
198 216
204 216
210 216
216 216
222 215
228 215
234 215
240 215
246 215
252 215
258 215
264 215
270 214
276 214
282 214
288 214
294 214
300 215
306 215
312 215
318 215
324 215
330 215
336 215
342 215
348 215
354 215
360 215
366 215
372 215
378 215
384 215
390 215
396 215
402 215
408 215
414 215
420 215
426 215
432 215
438 215
444 215
450 215
456 216
462 216
468 216
474 216
480 216
486 216
492 216
498 216
504 216
510 216
516 216
522 216
528 216
534 216
540 215
546 215
552 215
558 215
564 215
570 215
576 215
582 215
588 215
594 215
600 215
606 215
612 215
618 215
624 215
630 215
636 215
642 215
648 215
654 215
660 215
666 215
672 215
678 215
684 215
690 215
696 215
702 215
708 215
714 215
720 215
726 216
732 216
738 216
744 216
750 216
756 216
762 216
768 216
774 216
780 216
786 216
792 216
798 216
804 216
810 215
816 215
822 215
828 215
834 215
840 215
846 215
852 214
858 214
864 214
870 214
876 214
882 214
888 215
894 215
900 215
906 215
912 215
918 215
924 215
930 215
936 215
942 215
948 215
954 215
960 215
966 215
972 215
978 215
984 215
990 215
996 215
1002 215
1008 216
1014 216
1020 216
1026 216
1032 216
1038 216
1044 216
1050 216
1056 216
1062 216
1068 216
1074 216
1080 216
1086 216
1092 216
1098 216
1104 215
1110 215
1116 215
1122 215
1128 215
1134 216
1140 216
1146 216
1152 216
1158 215
1164 215
1170 215
1176 215
1182 215
1188 215
