0 208
6 208
12 208
18 208
24 208
30 208
36 208
42 208
48 209
54 209
60 209
66 209
72 209
78 209
84 209
90 209
96 209
102 209
108 209
114 209
120 209
126 209
132 209
138 209
144 209
150 209
156 209
162 210
168 210
174 210
180 210
186 210
192 210
198 210
204 209
210 209
216 209
222 209
228 209
234 209
240 208
246 208
252 208
258 208
264 208
270 208
276 208
282 208
288 208
294 208
300 208
306 208
312 208
318 208
324 208
330 208
336 209
342 209
348 209
354 209
360 209
366 209
372 209
378 209
384 209
390 209
396 209
402 209
408 209
414 209
420 209
426 209
432 209
438 209
444 209
450 209
456 209
462 209
468 209
474 209
480 209
486 210
492 210
498 210
504 210
510 210
516 209
522 209
528 209
534 209
540 209
546 209
552 209
558 208
564 208
570 208
576 208
582 208
588 208
594 208
600 208
606 208
612 208
618 208
624 209
630 209
636 209
642 209
648 209
654 209
660 209
666 209
672 209
678 209
684 209
690 209
696 209
702 209
708 209
714 209
720 209
726 209
732 209
738 209
744 209
750 209
756 209
762 209
768 209
774 209
780 209
786 209
792 209
798 209
804 209
810 209
816 209
822 208
828 208
834 208
840 208
846 208
852 208
858 208
864 208
870 208
876 208
882 208
888 208
894 208
900 208
906 208
912 208
918 208
924 208
930 208
936 208
942 208
948 208
954 208
960 208
966 208
972 208
978 208
984 209
990 209
996 209
1002 209
1008 209
1014 209
1020 209
1026 209
1032 210
1038 210
1044 210
1050 210
1056 210
1062 209
1068 209
1074 209
1080 209
1086 209
1092 209
1098 209
1104 209
1110 209
1116 209
1122 209
1128 209
1134 209
1140 209
1146 209
1152 209
1158 209
1164 209
1170 209
1176 209
1182 209
1188 209
