50 86
55 83
55 88
60 90
65 93
70 97
75 100
80 104
85 109
90 114
94 119
98 124
102 129
106 134
109 139
112 144
115 149
118 154
121 159
124 164
127 169
130 174
132 179
135 184
138 189
141 194
143 199
146 204
149 209
151 214
154 219
156 224
158 229
161 234
163 239
165 244
167 249
169 254
170 259
172 264
173 269
174 274
175 279
175 284
174 289
172 294
169 299
164 303
159 305
154 306
149 305
144 304
139 300
136 295
133 290
131 285
129 280
127 275
125 270
122 265
119 260
114 257
109 256
104 257
99 259
94 263
89 268
86 273
83 278
81 283
79 288
78 293
78 298
77 303
77 308
78 313
79 318
80 323
81 328
83 333
85 338
88 343
92 348
97 353
102 357
107 360
112 363
117 365
122 367
127 368
132 370
137 371
142 372
147 373
152 373
157 373
162 374
167 374
172 374
177 374
182 374
187 374
192 374
197 374
202 373
207 373
212 372
217 371
222 370
227 369
232 367
237 366
242 364
247 361
252 358
257 354
262 349
266 344
270 339
272 334
274 329
275 324
276 319
277 314
277 309
277 304
276 299
275 294
274 289
273 284
271 279
269 274
267 269
264 264
262 259
259 254
257 249
254 244
251 239
248 234
245 229
242 224
239 219
236 214
233 209
230 204
228 199
226 194
224 189
222 184
221 179
220 174
220 169
215 165
212 170
211 175
211 180
211 185
212 190
212 195
212 200
213 205
213 210
214 215
215 220
215 225
216 230
216 235
217 240
218 245
218 250
218 255
218 260
218 265
215 270
210 272
207 267
205 262
204 257
202 252
201 247
200 242
198 237
197 232
196 227
195 222
193 217
192 212
191 207
190 202
188 197
187 192
186 187
185 182
184 177
183 172
182 167
182 162
181 157
181 152
180 147
180 142
180 137
180 132
181 127
181 122
182 117
183 112
184 107
186 102
187 97
189 92
191 87
194 82
197 77
201 72
205 67
210 62
215 58
220 54
225 51
230 49
235 47
240 45
245 43
250 42
255 41
260 41
265 40
270 40
275 40
280 40
285 40
290 40
295 41
300 42
305 43
310 44
315 45
320 47
325 49
330 52
335 55
340 58
345 63
350 68
353 73
356 78
359 83
361 88
362 93
363 98
364 103
365 108
364 113
364 118
363 123
362 128
360 133
357 138
354 143
350 148
345 152
340 155
335 158
330 159
325 160
320 160
315 158
310 154
307 149
305 144
302 139
299 134
295 129
291 124
287 119
284 114
280 109
275 106
270 104
265 104
260 104
255 105
250 107
245 110
240 114
237 119
235 124
234 129
234 134
235 139
237 144
238 149
240 154
242 159
244 164
247 169
249 174
252 179
255 184
258 189
261 194
265 199
269 204
273 209
278 214
282 219
287 224
292 228
297 233
302 237
307 241
312 244
317 248
322 251
327 253
332 255
337 257
342 259
347 259
352 260
357 260
362 259
367 257
372 255
377 250
380 245
380 240
378 235
374 230
370 225
367 220
367 215
369 210
374 205
379 203
384 201
389 200
394 199
399 199
404 198
409 198
414 199
419 199
424 200
429 201
434 202
439 203
444 205
449 207
454 209
459 211
464 213
469 216
474 219
479 222
484 225
489 228
494 232
499 235
504 239
509 243
514 247
519 251
524 255
529 260
533 265
537 270
540 275
542 280
542 285
541 290
539 295
535 300
530 303
525 305
520 306
515 306
510 304
505 302
500 300
495 298
490 295
485 293
480 290
475 287
470 286
465 285
460 286
455 289
451 294
448 299
447 304
446 309
446 314
446 319
447 324
449 329
451 334
454 339
458 344
463 348
468 351
473 354
478 356
483 358
488 359
493 360
498 361
503 361
508 361
513 361
518 361
523 360
528 359
533 358
538 357
543 356
548 354
553 351
558 348
563 345
568 340
573 335
577 330
581 325
584 320
586 315
589 310
591 305
592 300
594 295
595 290
596 285
596 280
597 275
597 270
597 265
597 260
596 255
596 250
595 245
593 240
592 235
590 230
588 225
586 220
583 215
580 210
577 205
573 200
568 195
563 195
559 200
558 205
558 210
558 215
559 220
559 225
560 230
559 235
559 240
556 245
551 245
546 240
543 235
538 230
534 225
529 220
525 215
521 210
517 205
513 200
510 195
506 190
503 185
501 180
499 175
497 170
495 165
494 160
493 155
493 150
493 145
494 140
494 135
495 130
497 125
498 120
500 115
503 110
506 105
509 100
512 95
517 90
522 85
527 80
532 76
537 73
542 70
547 68
552 66
557 64
562 63
567 62
572 61
577 60
582 60
587 60
592 60
597 61
602 61
607 62
612 64
617 65
622 67
627 70
632 73
637 76
642 80
647 84
652 89
656 94
659 99
662 104
665 109
667 114
669 119
671 124
672 129
673 134
674 139
674 144
674 149
673 154
672 159
669 164
664 166
659 165
654 163
649 159
644 155
639 151
634 149
629 148
624 152
623 157
623 162
624 167
626 172
628 177
631 182
635 187
638 192
643 197
648 202
653 207
658 211
663 215
668 219
673 223
678 226
683 230
688 233
693 236
698 239
703 243
708 246
713 249
718 252
723 256
728 259
733 263
738 268
743 273
748 278
751 283
753 288
755 293
755 298
753 303
748 308
743 308
738 308
733 306
728 305
723 303
718 302
713 302
708 303
704 308
702 313
701 318
701 323
702 328
703 333
705 338
708 343
712 348
716 353
721 357
726 360
731 363
736 364
741 366
746 367
751 368
756 369
761 369
766 369
771 369
776 369
781 368
786 368
791 367
796 366
801 365
806 364
811 362
816 360
821 358
826 355
831 352
836 348
841 344
845 339
849 334
852 329
855 324
858 319
860 314
862 309
863 304
865 299
867 294
868 289
869 284
870 279
871 274
872 269
873 264
874 259
875 254
876 249
876 244
877 239
877 234
877 229
878 224
878 219
878 214
878 209
878 204
877 199
877 194
875 189
874 184
871 179
867 174
862 169
857 166
852 164
847 164
842 164
837 166
832 171
830 176
830 181
829 186
828 191
827 196
826 201
826 206
825 211
825 216
825 221
825 226
824 231
821 236
816 239
811 239
806 238
801 236
796 232
791 228
786 223
782 218
778 213
775 208
772 203
770 198
768 193
766 188
765 183
764 178
763 173
762 168
762 163
762 158
762 153
762 148
763 143
763 138
764 133
765 128
767 123
768 118
770 113
772 108
774 103
776 98
779 93
782 88
785 83
789 78
794 73
799 68
804 64
809 60
814 57
819 55
824 52
829 50
834 48
839 47
844 46
849 45
854 44
859 43
864 42
869 42
874 42
879 41
884 41
889 42
894 42
899 42
904 43
909 44
914 45
919 46
924 48
929 49
934 51
939 54
944 57
949 60
954 64
959 68
963 73
968 78
971 83
974 88
977 93
979 98
981 103
983 108
984 113
985 118
986 123
987 128
988 133
988 138
989 143
989 148
989 153
990 158
990 163
990 168
990 173
990 178
989 183
989 188
988 193
988 198
986 203
985 208
983 213
981 218
978 223
974 228
969 230
964 226
962 221
960 216
959 211
958 206
956 201
954 196
951 191
946 188
941 189
937 194
934 199
932 204
931 209
930 214
929 219
928 224
928 229
928 234
928 239
928 244
929 249
930 254
930 259
931 264
932 269
934 274
935 279
936 284
938 289
940 294
942 299
944 304
946 309
948 314
951 319
954 324
957 329
961 334
966 339
971 344
976 347
981 351
986 353
991 356
996 358
1001 359
1006 361
1011 362
1016 363
1021 364
1026 365
1031 366
1036 366
1041 366
1046 367
1051 367
1056 367
1061 367
1066 366
1071 366
1076 366
1081 365
1086 364
1091 363
1096 362
1101 360
1106 358
1111 355
1116 352
1121 348
1126 344
1130 339
1133 334
1136 329
1138 324
1139 319
1140 314
1141 309
1141 304
1140 299
1139 294
1135 289
1130 287
1125 287
1120 288
1115 289
1110 290
1105 288
1101 283
1101 278
1101 273
1102 268
1104 263
1106 258
1109 253
1112 248
1116 243
1119 238
1123 233
1128 228
1132 223
1135 218
1139 213
1141 208
1144 203
1145 198
1145 193
1144 188
1140 183
1135 180
1130 175
1128 170
1127 165
1127 160
1127 155
1128 150
1129 145
1131 140
1133 135
1135 130
1138 125
1141 120
1144 115
1148 110
1153 105
1158 101
1163 97
1168 93
1173 90
1178 88
1183 85
1188 84
1193 82
1198 81
3 80
8 80
13 79
18 79
23 80
28 80
33 81
38 82
43 83
