0 178
6 176
12 174
18 172
24 171
30 171
36 171
42 172
48 173
54 175
60 177
66 179
72 182
78 186
84 190
90 195
96 200
102 206
107 212
111 218
115 224
118 230
122 236
125 242
128 248
131 254
136 260
141 266
147 271
153 275
159 278
165 280
171 281
177 282
183 282
189 282
195 280
201 279
207 276
213 272
219 267
224 261
228 255
230 249
232 243
233 237
233 231
232 225
231 219
228 213
226 207
224 201
222 195
222 189
222 183
223 177
225 171
228 165
231 159
236 153
242 147
248 143
254 140
260 137
266 136
272 135
278 134
284 135
290 136
296 138
302 140
308 144
314 149
319 155
323 161
325 167
326 173
327 179
326 185
326 191
326 197
326 203
327 209
329 215
332 221
337 227
343 232
349 235
355 237
361 237
367 237
373 236
379 233
385 229
391 225
397 219
403 214
409 210
415 207
421 205
427 204
433 205
439 206
445 209
451 215
456 221
459 227
461 233
463 239
465 245
468 251
472 257
478 263
484 267
490 269
496 270
502 271
508 270
514 269
520 267
526 263
532 258
537 252
540 246
542 240
543 234
543 228
543 222
542 216
542 210
541 204
541 198
542 192
544 186
547 180
552 174
558 168
564 164
570 161
576 159
582 157
588 157
594 157
600 159
606 160
612 163
618 167
624 172
630 178
635 184
639 190
644 196
649 202
655 207
661 211
667 214
673 216
679 219
685 220
691 222
697 224
703 227
709 230
715 235
721 240
726 246
732 252
737 258
743 263
749 267
755 270
761 272
767 274
773 274
779 274
785 274
791 272
797 270
803 266
809 261
814 255
818 249
820 243
822 237
822 231
822 225
821 219
819 213
818 207
816 201
816 195
816 189
817 183
819 177
822 171
826 165
831 159
837 154
843 151
849 148
855 146
861 145
867 144
873 144
879 144
885 146
891 147
897 149
903 152
909 156
915 159
921 164
927 169
933 173
939 178
945 183
951 188
957 192
963 198
969 203
974 209
979 215
983 221
986 227
989 233
993 239
997 245
1002 251
1008 256
1014 260
1020 263
1026 265
1032 266
1038 267
1044 266
1050 266
1056 264
1062 262
1068 259
1074 255
1080 251
1086 245
1092 240
1098 235
1104 230
1110 226
1116 223
1122 221
1128 218
1134 216
1140 214
1146 211
1152 209
1158 206
1164 202
1170 198
1176 194
1182 189
1188 185
