0 206
6 206
12 205
18 205
24 204
30 205
36 205
42 205
48 206
54 206
60 207
66 208
72 209
78 210
84 211
90 211
96 212
102 214
108 215
114 216
120 217
126 219
132 220
138 221
144 223
150 224
156 226
162 227
168 228
174 228
180 228
186 228
192 227
198 226
204 225
210 222
216 220
222 216
228 213
234 209
240 206
246 202
252 200
258 197
264 195
270 194
276 194
282 193
288 194
294 195
300 196
306 198
312 200
318 203
324 205
330 208
336 211
342 213
348 215
354 216
360 217
366 217
372 217
378 217
384 216
390 215
396 214
402 213
408 212
414 212
420 211
426 211
432 211
438 212
444 213
450 215
456 216
462 218
468 220
474 222
480 223
486 224
492 225
498 226
504 225
510 225
516 223
522 222
528 220
534 217
540 214
546 212
552 209
558 207
564 205
570 203
576 202
582 201
588 201
594 201
600 202
606 202
612 204
618 205
624 206
630 208
636 209
642 210
648 211
654 212
660 213
666 214
672 214
678 214
684 214
690 215
696 215
702 215
708 216
714 217
720 218
726 219
732 220
738 221
744 223
750 224
756 225
762 226
768 226
774 226
780 226
786 225
792 223
798 222
804 219
810 217
816 214
822 211
828 207
834 205
840 202
846 200
852 198
858 197
864 196
870 196
876 196
882 197
888 197
894 198
900 199
906 200
912 201
918 203
924 204
930 204
936 205
942 206
948 207
954 208
960 209
966 209
972 211
978 212
984 213
990 215
996 216
1002 218
1008 219
1014 221
1020 222
1026 223
1032 224
1038 224
1044 224
1050 224
1056 224
1062 223
1068 222
1074 221
1080 220
1086 219
1092 218
1098 217
1104 216
1110 216
1116 215
1122 215
1128 214
1134 214
1140 214
1146 213
1152 213
1158 212
1164 212
1170 211
1176 210
1182 209
1188 208
