0 206
6 205
12 205
18 204
24 204
30 204
36 204
42 205
48 205
54 206
60 207
66 208
72 209
78 210
84 211
90 213
96 214
102 215
108 217
114 218
120 220
126 222
132 224
138 226
144 228
150 230
156 231
162 233
168 234
174 234
180 235
186 234
192 233
198 232
204 230
210 227
216 224
222 219
228 215
234 210
240 205
246 201
252 197
258 194
264 192
270 191
276 190
282 190
288 191
294 192
300 193
306 196
312 198
318 202
324 205
330 209
336 212
342 215
348 217
354 219
360 220
366 221
372 221
378 220
384 219
390 218
396 217
402 215
408 214
414 213
420 212
426 212
432 213
438 214
444 215
450 217
456 219
462 221
468 224
474 226
480 228
486 229
492 230
498 231
504 231
510 230
516 228
522 226
528 223
534 220
540 217
546 213
552 210
558 206
564 204
570 202
576 201
582 200
588 199
594 199
600 200
606 201
612 202
618 204
624 206
630 208
636 210
642 211
648 213
654 214
660 215
666 215
672 216
678 216
684 217
690 217
696 217
702 218
708 219
714 220
720 221
726 222
732 224
738 226
744 227
750 229
756 230
762 231
768 232
774 232
780 231
786 230
792 229
798 226
804 223
810 220
816 216
822 212
828 208
834 204
840 201
846 198
852 196
858 195
864 194
870 194
876 194
882 194
888 195
894 196
900 197
906 199
912 200
918 202
924 203
930 204
936 205
942 206
948 207
954 208
960 209
966 211
972 212
978 214
984 215
990 217
996 219
1002 221
1008 223
1014 225
1020 226
1026 228
1032 229
1038 229
1044 229
1050 229
1056 228
1062 228
1068 227
1074 225
1080 224
1086 223
1092 221
1098 220
1104 219
1110 218
1116 218
1122 217
1128 217
1134 216
1140 216
1146 215
1152 215
1158 214
1164 213
1170 212
1176 211
1182 210
1188 208
