0 205
6 205
12 205
18 205
24 205
30 205
36 205
42 205
48 205
54 206
60 206
66 206
72 206
78 206
84 206
90 206
96 206
102 206
108 207
114 207
120 207
126 207
132 207
138 207
144 207
150 208
156 208
162 208
168 208
174 208
180 208
186 208
192 208
198 208
204 208
210 207
216 207
222 207
228 206
234 206
240 205
246 205
252 204
258 204
264 204
270 204
276 204
282 203
288 203
294 204
300 204
306 204
312 204
318 205
324 205
330 205
336 206
342 206
348 206
354 206
360 207
366 207
372 207
378 207
384 207
390 206
396 206
402 206
408 206
414 206
420 206
426 206
432 206
438 206
444 206
450 206
456 207
462 207
468 207
474 207
480 208
486 208
492 208
498 208
504 208
510 208
516 208
522 207
528 207
534 207
540 206
546 206
552 206
558 205
564 205
570 205
576 205
582 205
588 205
594 205
600 205
606 205
612 205
618 205
624 206
630 206
636 206
642 206
648 206
654 206
660 206
666 206
672 206
678 206
684 206
690 206
696 206
702 207
708 207
714 207
720 207
726 207
732 207
738 207
744 207
750 208
756 208
762 208
768 208
774 208
780 208
786 208
792 207
798 207
804 207
810 207
816 206
822 206
828 205
834 205
840 204
846 204
852 204
858 204
864 204
870 204
876 204
882 204
888 204
894 204
900 204
906 204
912 205
918 205
924 205
930 205
936 205
942 205
948 205
954 205
960 205
966 205
972 206
978 206
984 206
990 206
996 206
1002 207
1008 207
1014 207
1020 207
1026 208
1032 208
1038 208
1044 208
1050 208
1056 208
1062 208
1068 208
1074 207
1080 207
1086 207
1092 207
1098 207
1104 207
1110 207
1116 207
1122 207
1128 207
1134 207
1140 207
1146 207
1152 207
1158 206
1164 206
1170 206
1176 206
1182 206
1188 206
