0 205
6 205
12 205
18 205
24 205
30 205
36 205
42 205
48 205
54 205
60 205
66 205
72 205
78 205
84 205
90 206
96 206
102 206
108 206
114 206
120 206
126 206
132 206
138 206
144 206
150 206
156 206
162 206
168 206
174 206
180 206
186 206
192 206
198 206
204 206
210 206
216 206
222 206
228 205
234 205
240 205
246 205
252 205
258 204
264 204
270 204
276 204
282 204
288 204
294 204
300 204
306 204
312 204
318 205
324 205
330 205
336 205
342 205
348 205
354 205
360 206
366 206
372 206
378 206
384 206
390 205
396 205
402 205
408 205
414 205
420 205
426 205
432 205
438 205
444 205
450 206
456 206
462 206
468 206
474 206
480 206
486 206
492 206
498 206
504 206
510 206
516 206
522 206
528 206
534 206
540 206
546 205
552 205
558 205
564 205
570 205
576 205
582 205
588 205
594 205
600 205
606 205
612 205
618 205
624 205
630 205
636 205
642 205
648 205
654 205
660 206
666 206
672 206
678 206
684 206
690 206
696 206
702 206
708 206
714 206
720 206
726 206
732 206
738 206
744 206
750 206
756 206
762 206
768 206
774 206
780 206
786 206
792 206
798 206
804 206
810 206
816 205
822 205
828 205
834 205
840 204
846 204
852 204
858 204
864 204
870 204
876 204
882 204
888 204
894 204
900 204
906 204
912 205
918 205
924 205
930 205
936 205
942 205
948 205
954 205
960 205
966 205
972 205
978 205
984 205
990 205
996 205
1002 206
1008 206
1014 206
1020 206
1026 206
1032 206
1038 206
1044 206
1050 206
1056 206
1062 206
1068 206
1074 206
1080 206
1086 206
1092 206
1098 206
1104 206
1110 206
1116 206
1122 206
1128 206
1134 206
1140 206
1146 206
1152 206
1158 206
1164 206
1170 205
1176 205
1182 205
1188 205
