0 210
6 210
12 210
18 210
24 210
30 210
36 210
42 210
48 210
54 211
60 211
66 211
72 211
78 212
84 212
90 212
96 212
102 212
108 213
114 213
120 213
126 214
132 214
138 214
144 215
150 215
156 215
162 216
168 216
174 216
180 216
186 216
192 216
198 216
204 215
210 214
216 214
222 213
228 212
234 211
240 210
246 209
252 209
258 208
264 207
270 207
276 207
282 207
288 207
294 207
300 207
306 208
312 208
318 209
324 210
330 211
336 211
342 212
348 212
354 213
360 213
366 213
372 213
378 213
384 213
390 213
396 212
402 212
408 212
414 212
420 212
426 212
432 212
438 212
444 212
450 213
456 213
462 214
468 214
474 215
480 215
486 215
492 216
498 216
504 216
510 215
516 215
522 214
528 214
534 213
540 213
546 212
552 211
558 210
564 210
570 209
576 209
582 209
588 209
594 209
600 209
606 209
612 210
618 210
624 211
630 211
636 211
642 212
648 212
654 212
660 212
666 212
672 212
678 213
684 213
690 213
696 213
702 213
708 213
714 213
720 213
726 213
732 214
738 214
744 215
750 215
756 215
762 215
768 215
774 215
780 215
786 215
792 215
798 214
804 214
810 213
816 212
822 211
828 210
834 210
840 209
846 208
852 208
858 207
864 207
870 207
876 207
882 207
888 208
894 208
900 208
906 209
912 209
918 209
924 209
930 210
936 210
942 210
948 210
954 210
960 210
966 211
972 211
978 211
984 212
990 212
996 213
1002 213
1008 214
1014 214
1020 215
1026 215
1032 215
1038 215
1044 215
1050 215
1056 215
1062 215
1068 215
1074 214
1080 214
1086 214
1092 213
1098 213
1104 213
1110 213
1116 213
1122 213
1128 213
1134 213
1140 213
1146 213
1152 212
1158 212
1164 212
1170 212
1176 211
1182 211
1188 211
