0 201
6 206
12 211
18 216
24 219
30 221
36 221
42 221
48 219
54 216
60 210
65 204
69 198
73 192
77 186
83 180
89 176
95 174
101 173
107 173
113 174
119 177
125 181
131 187
135 193
139 199
143 205
148 211
154 217
160 221
166 225
172 227
178 228
184 229
190 229
196 227
202 224
208 220
213 214
216 208
219 202
223 196
228 190
234 186
240 185
246 185
252 186
258 189
264 191
270 193
276 193
282 193
288 192
294 192
300 192
306 193
312 195
318 198
324 202
330 206
336 209
342 211
348 213
354 214
360 214
366 214
372 213
378 211
384 208
390 204
396 200
402 196
408 194
414 193
420 193
426 195
432 199
438 204
444 208
450 211
456 213
462 213
468 212
474 209
480 203
485 197
490 191
495 185
501 181
507 179
513 179
519 180
525 183
530 189
534 195
537 201
539 207
541 213
543 219
548 225
554 230
560 233
566 234
572 233
578 231
584 226
588 220
591 214
593 208
594 202
596 196
599 190
603 184
609 180
615 178
621 178
627 180
633 183
639 187
645 190
651 192
657 192
663 192
669 191
675 190
681 189
687 190
693 192
699 195
705 200
711 206
717 211
723 215
729 218
735 220
741 222
747 223
753 224
759 224
765 224
771 222
777 220
783 216
789 211
794 205
799 199
804 193
810 187
816 184
822 182
828 182
834 184
840 187
846 192
852 198
858 203
864 206
870 208
876 207
882 205
888 201
894 197
900 193
906 190
912 189
918 191
924 195
930 201
935 207
941 212
947 214
953 214
959 213
965 210
971 205
977 200
983 198
989 197
995 198
1001 201
1007 204
1013 207
1019 208
1025 208
1031 206
1037 202
1043 197
1049 193
1055 190
1061 189
1067 190
1073 192
1079 195
1085 198
1091 202
1097 204
1103 206
1109 208
1115 209
1121 209
1127 209
1133 208
1139 206
1145 204
1151 200
1157 196
1163 192
1169 190
1175 189
1181 190
1187 192
1193 195
