0 214
6 215
12 216
18 217
24 218
30 219
36 219
42 219
48 218
54 217
60 215
66 214
72 212
78 210
84 209
90 208
96 208
102 207
108 207
114 208
120 209
126 210
132 212
138 213
144 215
150 217
156 218
162 219
168 220
174 220
180 221
186 221
192 221
198 220
204 219
210 218
216 216
222 214
228 212
234 211
240 210
246 210
252 211
258 211
264 212
270 212
276 213
282 212
288 212
294 212
300 212
306 212
312 213
318 213
324 214
330 215
336 216
342 216
348 217
354 217
360 217
366 217
372 217
378 217
384 216
390 215
396 214
402 213
408 213
414 212
420 212
426 213
432 214
438 215
444 216
450 217
456 217
462 217
468 217
474 216
480 214
486 213
492 211
498 210
504 209
510 209
516 209
522 210
528 211
534 214
540 216
546 218
552 221
558 222
564 223
570 223
576 222
582 220
588 217
594 214
600 212
606 210
612 209
618 208
624 208
630 209
636 210
642 211
648 212
654 212
660 212
666 212
672 211
678 211
684 211
690 212
696 212
702 214
708 215
714 216
720 217
726 218
732 218
738 219
744 219
750 220
756 220
762 220
768 220
774 219
780 218
786 217
792 216
798 214
804 213
810 212
816 210
822 210
828 210
834 210
840 211
846 212
852 213
858 214
864 215
870 216
876 216
882 215
888 214
894 213
900 212
906 211
912 211
918 211
924 213
930 214
936 216
942 217
948 217
954 218
960 217
966 216
972 215
978 214
984 213
990 213
996 213
1002 214
1008 215
1014 216
1020 216
1026 216
1032 215
1038 214
1044 213
1050 212
1056 211
1062 211
1068 211
1074 212
1080 213
1086 214
1092 214
1098 215
1104 215
1110 215
1116 216
1122 216
1128 216
1134 216
1140 215
1146 215
1152 214
1158 213
1164 212
1170 211
1176 211
1182 212
1188 212
