0 147
3 149
6 151
9 153
12 155
15 158
18 161
21 163
24 166
26 169
29 172
32 175
34 178
36 181
38 184
40 187
41 190
43 193
44 196
45 199
45 202
46 205
46 208
46 211
45 214
44 217
43 220
41 223
38 225
35 226
32 225
29 222
26 219
23 217
20 217
17 219
14 221
11 224
9 227
7 230
6 233
5 236
4 239
3 242
3 245
2 248
2 251
2 254
2 257
2 260
3 263
4 266
5 269
7 272
8 275
11 278
14 281
17 283
20 285
23 287
26 288
29 288
32 289
35 289
38 289
41 289
44 288
47 287
50 286
53 285
56 283
59 281
62 279
65 277
68 274
70 271
73 268
75 265
77 262
79 259
81 256
82 253
84 250
86 247
87 244
88 241
90 238
91 235
92 232
93 229
94 226
95 223
96 220
97 217
98 214
98 211
99 208
100 205
100 202
101 199
101 196
101 193
101 190
102 187
102 184
101 181
101 178
101 175
101 172
100 169
99 166
98 163
97 160
96 157
94 154
91 151
88 150
85 150
84 153
83 156
82 159
82 162
81 165
80 168
77 169
74 167
71 165
68 162
66 159
64 156
62 153
60 150
59 147
57 144
56 141
55 138
54 135
53 132
53 129
52 126
52 123
52 120
53 117
53 114
54 111
55 108
56 105
58 102
60 99
62 96
65 93
68 90
71 87
74 85
77 83
80 82
83 81
86 80
89 79
92 78
95 77
98 77
101 77
104 77
107 77
110 77
113 77
116 78
119 78
122 79
125 80
128 82
131 83
134 85
137 87
140 89
143 92
146 95
148 98
150 101
152 104
153 107
154 110
155 113
156 116
156 119
157 122
157 125
157 128
157 131
157 134
156 137
156 140
155 143
155 146
154 149
153 152
152 155
152 158
151 161
150 164
149 167
148 170
147 173
146 176
146 179
144 182
143 185
143 188
144 191
142 194
139 191
136 189
133 192
133 195
133 198
133 201
133 204
132 207
132 210
132 213
132 216
132 219
132 222
132 225
132 228
132 231
132 234
132 237
132 240
132 243
132 246
131 249
131 252
131 255
131 258
132 261
132 264
132 267
132 270
133 273
133 276
134 279
134 282
135 285
136 288
138 291
139 294
141 297
143 300
145 303
148 306
151 309
154 312
157 314
160 315
163 317
166 318
169 319
172 320
175 321
178 321
181 322
184 322
187 322
190 321
193 321
196 320
199 320
202 319
205 317
208 316
211 314
214 312
217 310
220 307
223 304
226 301
228 298
230 295
231 292
232 289
234 286
235 283
235 280
236 277
236 274
237 271
237 268
237 265
237 262
237 259
236 256
236 253
235 250
235 247
234 244
233 241
232 238
230 235
228 232
226 229
224 226
221 224
218 222
215 220
212 220
209 221
206 223
203 226
202 229
201 232
201 235
201 238
201 241
201 244
201 247
201 250
199 253
196 255
193 255
190 254
187 252
184 249
183 246
181 243
180 240
179 237
178 234
177 231
176 228
176 225
175 222
175 219
175 216
175 213
175 210
176 207
176 204
177 201
177 198
178 195
179 192
180 189
181 186
182 183
183 180
184 177
186 174
187 171
189 168
191 165
193 162
195 159
197 156
199 153
202 150
205 147
208 144
211 141
214 139
217 137
220 136
223 135
226 134
229 134
232 133
235 134
238 134
241 135
244 137
247 138
250 140
253 141
256 142
259 143
262 143
265 144
268 144
271 145
274 145
277 145
280 146
283 146
286 146
289 147
292 147
295 148
298 149
301 149
304 150
307 151
310 153
313 154
316 156
319 159
322 161
324 164
326 167
327 170
329 173
330 176
330 179
331 182
331 185
331 188
331 191
331 194
330 197
329 200
328 203
325 206
322 207
319 206
316 205
313 203
310 203
307 204
304 207
302 210
301 213
301 216
301 219
301 222
301 225
302 228
302 231
303 234
304 237
305 240
307 243
308 246
310 249
311 252
313 255
315 258
318 261
321 264
324 267
327 269
330 272
333 273
336 275
339 276
342 277
345 278
348 279
351 279
354 279
357 279
360 279
363 278
366 278
369 277
372 275
375 274
378 272
381 269
384 267
386 264
388 261
390 258
392 255
393 252
394 249
395 246
395 243
396 240
396 237
396 234
396 231
396 228
395 225
394 222
393 219
391 216
388 213
385 213
382 212
379 209
377 206
377 203
376 200
377 197
377 194
377 191
378 188
379 185
380 182
381 179
383 176
384 173
386 170
389 167
392 164
395 162
398 160
401 159
404 158
407 157
410 157
413 157
416 157
419 158
422 159
425 160
428 161
431 163
434 165
437 167
440 170
443 173
446 176
449 179
452 182
454 185
456 188
457 191
459 194
460 197
460 200
459 203
456 205
453 205
450 206
447 206
444 209
443 212
443 215
443 218
443 221
444 224
445 227
447 230
449 233
451 236
454 238
457 240
460 242
463 243
466 244
469 244
472 244
475 244
478 244
481 243
484 243
487 242
490 241
493 239
496 238
499 236
502 234
505 232
508 230
511 228
514 225
517 222
519 219
522 216
523 213
525 210
526 207
526 204
527 201
527 198
527 195
526 192
525 189
524 186
523 183
521 180
520 177
517 174
515 171
512 168
509 166
506 164
503 163
500 164
497 167
496 170
493 173
490 172
487 170
484 168
482 165
479 162
478 159
476 156
475 153
474 150
473 147
473 144
472 141
473 138
473 135
474 132
475 129
476 126
478 123
480 120
483 117
486 115
489 113
492 112
495 111
498 110
501 110
504 110
507 110
510 111
513 111
516 113
519 115
522 117
525 120
527 123
529 126
531 129
532 132
533 135
534 138
535 141
536 144
537 147
538 150
539 153
541 156
542 159
543 162
545 165
547 168
548 171
550 174
552 177
553 180
555 183
557 186
558 189
560 192
561 195
563 198
564 201
565 204
566 207
567 210
568 213
569 216
570 219
570 222
571 225
572 228
572 231
572 234
572 237
573 240
573 243
573 246
572 249
572 252
572 255
571 258
571 261
570 264
569 267
566 270
565 267
568 269
567 272
564 272
561 269
560 266
560 263
560 260
560 257
559 254
558 251
555 248
552 247
549 248
546 250
543 252
540 255
537 258
535 261
533 264
532 267
531 270
530 273
529 276
529 279
528 282
528 285
529 288
529 291
530 294
531 297
533 300
534 303
537 306
539 309
542 312
545 314
548 316
551 318
554 319
557 320
560 321
563 321
566 322
569 322
572 322
575 322
578 321
581 321
584 320
587 319
590 318
593 316
596 314
599 312
602 309
605 306
608 303
610 300
612 297
614 294
615 291
616 288
617 285
618 282
619 279
620 276
620 273
621 270
621 267
622 264
622 261
622 258
622 255
622 252
621 249
621 246
620 243
620 240
619 237
618 234
617 231
616 228
614 225
611 222
608 220
605 221
603 224
602 227
602 230
601 233
601 236
601 239
601 242
601 245
601 248
600 251
600 254
600 257
599 260
597 263
594 265
592 262
591 259
590 256
590 253
589 250
589 247
588 244
588 241
588 238
587 235
587 232
586 229
586 226
585 223
584 220
584 217
583 214
583 211
582 208
581 205
581 202
580 199
579 196
579 193
578 190
577 187
577 184
576 181
576 178
575 175
574 172
574 169
574 166
573 163
573 160
573 157
573 154
573 151
573 148
573 145
573 142
574 139
574 136
575 133
576 130
577 127
578 124
580 121
582 118
584 115
587 112
590 109
593 108
596 106
599 105
602 104
605 103
608 103
611 103
614 103
617 104
620 105
623 106
626 108
628 111
629 114
629 117
627 120
626 123
626 126
627 129
629 132
632 135
635 137
638 139
641 140
644 142
647 143
650 144
653 144
656 145
659 146
662 146
665 147
668 147
671 148
674 149
677 149
680 150
683 150
686 151
689 152
692 153
695 154
698 155
701 157
704 158
707 160
710 163
713 166
716 169
718 172
720 175
722 178
723 181
724 184
726 187
727 190
728 193
728 196
729 199
730 202
730 205
731 208
731 211
731 214
731 217
731 220
731 223
731 226
730 229
730 232
728 235
726 238
723 239
720 238
718 235
716 232
715 229
713 226
712 223
709 220
706 218
703 217
700 218
697 221
695 224
694 227
693 230
693 233
692 236
692 239
692 242
692 245
692 248
692 251
693 254
693 257
694 260
695 263
695 266
696 269
697 272
698 275
700 278
701 281
703 284
705 287
707 290
709 293
711 296
714 299
717 302
720 304
723 306
726 308
729 310
732 312
735 313
738 314
741 315
744 316
747 316
750 317
753 317
756 317
759 317
762 317
765 317
768 316
771 316
774 315
777 314
780 313
783 311
786 309
789 308
792 305
795 303
798 300
800 297
803 294
805 291
806 288
808 285
809 282
810 279
811 276
812 273
812 270
812 267
813 264
813 261
812 258
812 255
811 252
811 249
810 246
809 243
808 240
806 237
804 234
803 231
801 228
798 225
796 222
793 219
790 217
787 214
784 214
781 214
779 217
778 220
777 223
774 225
771 222
770 219
769 216
768 213
767 210
767 207
766 204
766 201
766 198
765 195
765 192
765 189
765 186
765 183
765 180
765 177
766 174
766 171
766 168
767 165
767 162
767 159
768 156
769 153
770 150
770 147
771 144
773 141
774 138
775 135
777 132
779 129
781 126
783 123
786 120
789 118
792 115
795 114
798 112
801 111
804 110
807 109
810 108
813 108
816 108
819 108
822 108
825 109
828 110
831 111
834 113
837 115
840 117
842 120
844 123
846 126
847 129
847 132
848 135
847 138
847 141
846 144
844 147
841 150
838 152
835 152
832 151
829 150
826 149
823 149
820 150
817 152
814 155
812 158
811 161
810 164
810 167
810 170
811 173
811 176
813 179
814 182
816 185
818 188
820 191
823 194
826 196
829 199
832 201
835 202
838 204
841 206
844 207
847 208
850 209
853 209
856 209
859 209
862 209
865 209
868 208
871 206
874 205
877 203
880 200
883 197
885 194
886 191
888 188
889 185
889 182
888 179
886 176
885 173
884 170
884 167
885 164
887 161
889 158
891 155
894 152
897 149
900 147
903 146
906 144
909 143
912 142
915 142
918 142
921 142
924 143
927 144
930 146
933 148
936 151
938 154
940 157
941 160
942 163
942 166
942 169
942 172
942 175
941 178
939 181
938 184
936 187
934 190
932 193
929 196
926 198
923 201
920 204
918 207
917 210
915 213
914 216
914 219
913 222
912 225
912 228
912 231
912 234
913 237
913 240
914 243
915 246
916 249
918 252
920 255
922 258
925 261
928 263
931 265
934 267
937 268
940 269
943 269
946 269
949 269
952 268
955 268
958 266
961 264
964 261
966 258
968 255
969 252
969 249
968 246
967 243
965 240
962 238
959 237
956 235
954 232
953 229
953 226
953 223
954 220
955 217
956 214
958 211
960 208
963 205
966 202
969 200
972 198
975 197
978 196
981 195
984 194
987 194
990 195
993 195
996 196
999 197
1002 199
1005 202
1007 205
1008 208
1010 211
1011 214
1012 217
1014 220
1017 223
1020 226
1023 227
1026 227
1029 228
1032 227
1035 226
1038 225
1041 223
1044 220
1046 217
1048 214
1050 211
1052 208
1053 205
1054 202
1055 199
1055 196
1056 193
1056 190
1056 187
1057 184
1056 181
1056 178
1055 175
1053 172
1051 169
1048 167
1045 166
1042 166
1039 165
1036 163
1033 160
1032 157
1031 154
1031 151
1031 148
1032 145
1033 142
1035 139
1037 136
1040 133
1043 130
1046 129
1049 127
1052 126
1055 125
1058 125
1061 125
1064 125
1067 125
1070 126
1073 127
1076 128
1079 129
1082 131
1085 134
1088 137
1091 140
1093 143
1094 146
1096 149
1097 152
1098 155
1098 158
1099 161
1099 164
1099 167
1099 170
1098 173
1097 176
1096 179
1094 182
1093 185
1092 188
1091 191
1090 194
1089 197
1089 200
1089 203
1089 206
1089 209
1089 212
1089 215
1089 218
1089 221
1090 224
1091 227
1092 230
1093 233
1094 236
1096 239
1098 242
1101 245
1104 247
1107 249
1110 250
1113 251
1116 252
1119 252
1122 253
1125 252
1128 252
1131 251
1134 250
1137 249
1140 247
1143 245
1146 243
1149 240
1152 237
1155 234
1157 231
1160 228
1162 225
1163 222
1165 219
1167 216
1168 213
1169 210
1170 207
1171 204
1172 201
1172 198
1172 195
1172 192
1171 189
1168 186
1165 185
1162 184
1159 184
1156 183
1153 180
1151 177
1151 174
1150 171
1151 168
1151 165
1152 162
1153 159
1154 156
1156 153
1158 150
1161 148
1164 146
1167 144
1170 143
1173 142
1176 142
1179 141
1182 142
1185 142
1188 143
1191 143
1194 145
