0 187
5 193
8 199
11 205
12 211
12 217
11 223
9 229
8 235
7 241
8 247
9 253
13 259
18 265
24 269
30 271
36 272
42 272
48 270
54 268
60 264
66 259
71 253
74 247
76 241
78 235
80 229
80 223
80 217
80 211
78 205
75 199
70 193
66 187
65 181
65 175
66 169
67 163
70 157
75 151
81 146
87 142
93 140
99 138
105 138
111 138
117 140
123 142
129 146
135 151
140 157
144 163
146 169
148 175
149 181
149 187
148 193
146 199
143 205
139 211
137 217
135 223
135 229
134 235
135 241
136 247
137 253
139 259
142 265
146 271
151 277
157 282
163 286
169 288
175 290
181 290
187 290
193 289
199 288
205 285
211 281
217 275
221 269
223 263
225 257
225 251
225 245
222 239
216 233
210 231
204 226
202 220
201 214
201 208
203 202
204 196
207 190
212 184
218 178
224 174
230 172
236 172
242 173
248 175
254 178
260 181
266 183
272 184
278 185
284 185
290 184
296 184
302 185
308 187
314 190
319 196
322 202
323 208
323 214
322 220
321 226
322 232
324 238
327 244
332 250
338 255
344 258
350 260
356 260
362 260
368 258
374 256
380 251
385 245
388 239
389 233
390 227
390 221
390 215
390 209
392 203
395 197
401 191
407 188
413 187
419 188
425 191
431 195
435 201
438 207
440 213
441 219
441 225
442 231
445 237
450 243
456 246
462 248
468 247
474 245
480 242
486 237
490 231
494 225
496 219
498 213
498 207
497 201
494 195
490 189
488 183
487 177
489 171
493 165
499 160
505 158
511 157
517 158
523 160
529 163
535 169
540 175
543 181
545 187
547 193
548 199
549 205
550 211
550 217
551 223
550 229
547 235
541 238
536 244
534 250
533 256
533 262
534 268
536 274
540 280
546 286
552 290
558 292
564 293
570 294
576 293
582 291
588 288
594 284
600 278
604 272
606 266
608 260
608 254
608 248
606 242
602 236
596 233
590 234
584 229
582 223
581 217
580 211
580 205
580 199
581 193
582 187
584 181
586 175
590 169
596 163
602 159
608 157
614 157
620 158
626 163
630 169
635 175
641 179
647 182
653 183
659 183
665 183
671 183
677 182
683 182
689 182
695 184
701 186
707 190
712 196
714 202
716 208
716 214
714 220
710 226
707 232
706 238
706 244
708 250
710 256
714 262
718 268
724 273
730 277
736 280
742 282
748 284
754 284
760 284
766 283
772 281
778 279
784 275
790 269
794 263
797 257
799 251
800 245
800 239
798 233
796 227
793 221
788 215
785 209
784 203
783 197
784 191
785 185
788 179
792 173
798 167
804 163
810 160
816 159
822 159
828 160
834 164
840 170
842 176
843 182
842 188
841 194
841 200
842 206
844 212
847 218
853 224
859 229
865 230
871 231
877 228
883 223
887 217
889 211
891 205
893 199
895 193
899 187
905 183
911 181
917 181
923 184
929 190
931 196
932 202
932 208
930 214
928 220
927 226
926 232
927 238
929 244
934 250
940 254
946 256
952 256
958 254
964 248
967 242
968 236
968 230
969 224
972 218
976 212
982 208
988 208
994 210
1000 215
1004 221
1009 227
1015 233
1021 236
1027 236
1033 233
1039 227
1042 221
1043 215
1043 209
1042 203
1042 197
1042 191
1044 185
1048 179
1054 176
1060 174
1066 174
1072 176
1078 180
1083 186
1086 192
1087 198
1088 204
1089 210
1090 216
1091 222
1094 228
1098 234
1104 240
1110 244
1116 245
1122 246
1128 245
1134 243
1140 239
1146 233
1150 227
1152 221
1154 215
1155 209
1155 203
1156 197
1157 191
1161 185
1167 181
1173 178
1179 178
1185 178
1191 181
