0 211
6 214
12 217
18 219
24 221
30 222
36 223
42 222
48 221
54 219
60 215
66 211
72 206
78 202
84 199
90 196
96 195
102 194
108 194
114 196
120 198
126 201
132 205
138 209
144 214
150 217
156 221
162 223
168 225
174 226
180 227
186 228
192 227
198 226
204 223
210 220
216 215
222 210
228 205
234 203
240 201
246 202
252 203
258 204
264 206
270 207
276 207
282 207
288 206
294 205
300 206
306 206
312 207
318 209
324 211
330 213
336 215
342 217
348 218
354 218
360 218
366 218
372 218
378 217
384 215
390 213
396 211
402 209
408 207
414 206
420 207
426 208
432 210
438 212
444 215
450 217
456 218
462 218
468 217
474 215
480 212
486 208
492 204
498 201
504 199
510 198
516 198
522 200
528 203
534 209
539 215
544 221
550 226
556 229
562 231
568 231
574 230
580 227
586 222
591 216
596 210
601 204
607 200
613 197
619 197
625 198
631 200
637 202
643 204
649 205
655 206
661 206
667 205
673 204
679 204
685 204
691 205
697 207
703 210
709 213
715 216
721 218
727 220
733 222
739 223
745 224
751 224
757 225
763 224
769 224
775 222
781 220
787 217
793 214
799 210
805 206
811 203
817 201
823 200
829 200
835 201
841 203
847 206
853 209
859 212
865 214
871 215
877 215
883 213
889 211
895 208
901 206
907 204
913 204
919 205
925 208
931 212
937 215
943 218
949 219
955 219
961 217
967 215
973 212
979 210
985 209
991 209
997 210
1003 212
1009 214
1015 215
1021 215
1027 215
1033 213
1039 210
1045 208
1051 205
1057 204
1063 204
1069 205
1075 206
1081 208
1087 210
1093 212
1099 213
1105 214
1111 215
1117 215
1123 215
1129 215
1135 215
1141 214
1147 212
1153 210
1159 207
1165 206
1171 204
1177 204
1183 205
1189 207
