0 210
6 210
12 211
18 212
24 213
30 213
36 213
42 213
48 213
54 212
60 211
66 209
72 208
78 207
84 206
90 205
96 204
102 204
108 204
114 204
120 205
126 206
132 208
138 209
144 210
150 212
156 213
162 213
168 214
174 215
180 215
186 215
192 215
198 215
204 214
210 213
216 211
222 209
228 208
234 207
240 206
246 206
252 207
258 207
264 208
270 208
276 208
282 208
288 208
294 208
300 208
306 208
312 208
318 209
324 210
330 210
336 211
342 211
348 212
354 212
360 212
366 212
372 212
378 212
384 211
390 210
396 210
402 209
408 208
414 208
420 208
426 208
432 209
438 210
444 211
450 212
456 212
462 212
468 212
474 211
480 210
486 209
492 207
498 206
504 206
510 205
516 205
522 206
528 207
534 209
540 211
546 213
552 215
558 216
564 217
570 217
576 216
582 214
588 212
594 210
600 208
606 206
612 205
618 205
624 205
630 205
636 206
642 207
648 208
654 208
660 208
666 208
672 207
678 207
684 207
690 207
696 208
702 209
708 210
714 211
720 212
726 213
732 213
738 214
744 214
750 214
756 214
762 214
768 214
774 214
780 213
786 212
792 211
798 210
804 209
810 208
816 207
822 206
828 206
834 206
840 207
846 208
852 209
858 210
864 210
870 211
876 211
882 210
888 210
894 209
900 208
906 207
912 207
918 207
924 208
930 209
936 211
942 212
948 212
954 212
960 212
966 211
972 210
978 209
984 209
990 208
996 209
1002 210
1008 210
1014 211
1020 211
1026 211
1032 210
1038 209
1044 208
1050 208
1056 207
1062 207
1068 207
1074 208
1080 208
1086 209
1092 210
1098 210
1104 210
1110 210
1116 211
1122 211
1128 211
1134 211
1140 210
1146 210
1152 209
1158 208
1164 208
1170 207
1176 207
1182 208
1188 208
