0 221
6 221
12 221
18 221
24 221
30 221
36 221
42 221
48 221
54 221
60 221
66 221
72 220
78 220
84 220
90 220
96 220
102 220
108 220
114 220
120 220
126 220
132 220
138 221
144 221
150 221
156 221
162 221
168 221
174 221
180 221
186 221
192 221
198 221
204 221
210 221
216 221
222 221
228 220
234 220
240 220
246 220
252 220
258 220
264 220
270 221
276 221
282 221
288 220
294 220
300 220
306 220
312 220
318 221
324 221
330 221
336 221
342 221
348 221
354 221
360 221
366 221
372 221
378 221
384 221
390 221
396 221
402 221
408 221
414 221
420 220
426 221
432 221
438 221
444 221
450 221
456 221
462 221
468 221
474 221
480 221
486 221
492 220
498 220
504 220
510 220
516 220
522 220
528 220
534 221
540 221
546 221
552 221
558 222
564 222
570 222
576 221
582 221
588 221
594 221
600 220
606 220
612 220
618 220
624 220
630 220
636 220
642 220
648 220
654 220
660 220
666 220
672 220
678 220
684 220
690 220
696 221
702 221
708 221
714 221
720 221
726 221
732 221
738 221
744 221
750 221
756 221
762 221
768 221
774 221
780 221
786 221
792 221
798 221
804 220
810 220
816 220
822 220
828 220
834 220
840 220
846 220
852 220
858 221
864 221
870 221
876 221
882 221
888 221
894 221
900 220
906 220
912 220
918 220
924 220
930 221
936 221
942 221
948 221
954 221
960 221
966 221
972 221
978 220
984 220
990 220
996 221
1002 221
1008 221
1014 221
1020 221
1026 221
1032 221
1038 221
1044 220
1050 220
1056 220
1062 220
1068 220
1074 220
1080 220
1086 221
1092 221
1098 221
1104 221
1110 221
1116 221
1122 221
1128 221
1134 221
1140 221
1146 221
1152 221
1158 220
1164 220
1170 220
1176 220
1182 220
1188 220
