0 149
6 153
12 158
17 164
22 170
27 176
30 182
33 188
36 194
38 200
38 206
38 212
37 218
31 224
25 222
19 220
13 223
8 229
6 235
4 241
3 247
3 253
4 259
6 265
9 271
14 277
20 282
26 284
32 286
38 286
44 285
50 284
56 281
62 277
68 271
73 265
78 259
81 253
84 247
87 241
89 235
91 229
93 223
94 217
96 211
97 205
97 199
98 193
98 187
97 181
97 175
95 169
93 163
89 157
83 155
79 161
73 167
67 162
63 156
60 150
58 144
56 138
55 132
55 126
55 120
57 114
60 108
64 102
69 96
75 92
81 89
87 86
93 85
99 84
105 83
111 84
117 85
123 87
129 89
135 93
141 98
147 104
150 110
153 116
155 122
156 128
156 134
156 140
155 146
154 152
153 158
152 164
150 170
149 176
147 182
146 188
140 182
135 188
133 194
133 200
132 206
132 212
131 218
131 224
131 230
131 236
131 242
131 248
131 254
131 260
132 266
133 272
135 278
137 284
140 290
144 296
149 302
155 307
161 310
167 313
173 315
179 316
185 316
191 315
197 314
203 312
209 309
215 305
221 300
225 294
229 288
232 282
233 276
235 270
235 264
235 258
234 252
233 246
231 240
228 234
224 228
218 224
212 222
206 226
203 232
202 238
201 244
195 250
189 247
185 241
182 235
181 229
180 223
179 217
180 211
180 205
181 199
183 193
184 187
186 181
189 175
192 169
195 163
199 157
203 151
209 145
215 140
221 137
227 135
233 135
239 136
245 139
251 142
257 144
263 146
269 146
275 147
281 148
287 148
293 149
299 150
305 152
311 154
317 158
322 164
326 170
328 176
330 182
330 188
329 194
328 200
322 205
316 205
310 207
306 213
305 219
305 225
306 231
308 237
310 243
313 249
317 255
322 261
328 266
334 270
340 273
346 275
352 275
358 275
364 275
370 273
376 269
382 265
387 259
390 253
393 247
394 241
395 235
395 229
394 223
391 217
385 211
381 205
380 199
380 193
381 187
383 181
385 175
389 169
395 163
401 160
407 158
413 157
419 158
425 161
431 164
437 169
443 175
447 181
451 187
453 193
454 199
451 205
445 209
443 215
443 221
444 227
447 233
452 239
458 243
464 245
470 245
476 245
482 243
488 241
494 238
500 233
506 228
512 222
516 216
519 210
521 204
521 198
521 192
520 186
518 180
514 174
509 168
503 164
497 165
491 169
485 166
481 160
478 154
476 148
475 142
476 136
478 130
481 124
487 118
493 115
499 113
505 113
511 114
517 115
523 119
529 125
533 131
536 137
538 143
540 149
542 155
545 161
547 167
550 173
552 179
554 185
557 191
559 197
561 203
563 209
564 215
566 221
567 227
567 233
568 239
568 245
567 251
566 257
561 263
558 257
556 251
552 245
546 246
540 251
535 257
532 263
530 269
529 275
529 281
530 287
532 293
535 299
540 305
546 310
552 313
558 315
564 317
570 317
576 317
582 315
588 313
594 310
600 306
606 300
610 294
613 288
616 282
618 276
619 270
620 264
620 258
620 252
619 246
618 240
615 234
612 228
606 223
600 227
599 233
598 239
598 245
597 251
595 257
589 255
587 249
586 243
585 237
584 231
583 225
582 219
581 213
580 207
579 201
578 195
577 189
576 183
575 177
575 171
575 165
575 159
575 153
575 147
576 141
578 135
580 129
584 123
589 117
595 112
601 109
607 108
613 108
619 109
625 113
628 119
627 125
627 131
632 137
638 141
644 144
650 146
656 147
662 148
668 149
674 150
680 151
686 152
692 153
698 155
704 159
710 163
715 169
719 175
722 181
725 187
726 193
728 199
729 205
729 211
729 217
729 223
726 229
720 232
714 226
709 220
703 219
697 225
695 231
694 237
694 243
694 249
695 255
697 261
699 267
701 273
704 279
708 285
713 291
719 297
725 301
731 305
737 308
743 309
749 311
755 311
761 311
767 310
773 309
779 306
785 303
791 299
797 293
802 287
805 281
808 275
809 269
810 263
810 257
810 251
808 245
807 239
804 233
801 227
797 221
791 215
785 212
779 218
773 215
771 209
769 203
768 197
768 191
768 185
768 179
768 173
769 167
769 161
771 155
772 149
774 143
777 137
781 131
785 125
791 120
797 116
803 114
809 112
815 111
821 112
827 113
833 116
839 120
843 126
845 132
846 138
844 144
839 150
833 151
827 151
821 155
818 161
816 167
816 173
818 179
820 185
824 191
829 197
835 203
841 207
847 210
853 213
859 214
865 213
871 212
877 208
883 202
886 196
888 190
889 184
888 178
887 172
888 166
891 160
895 154
901 149
907 146
913 144
919 144
925 146
931 149
936 155
939 161
940 167
940 173
939 179
937 185
934 191
930 197
924 203
920 209
918 215
916 221
915 227
915 233
916 239
917 245
920 251
925 257
931 262
937 265
943 266
949 267
955 265
961 262
966 256
968 250
968 244
964 238
959 232
957 226
958 220
960 214
964 208
969 202
975 198
981 195
987 195
993 196
999 199
1005 205
1008 211
1010 217
1014 223
1020 227
1026 229
1032 229
1038 226
1044 220
1048 214
1051 208
1052 202
1053 196
1054 190
1053 184
1052 178
1048 172
1042 167
1036 162
1034 156
1034 150
1036 144
1039 138
1045 133
1051 130
1057 128
1063 128
1069 129
1075 131
1081 134
1087 140
1091 146
1094 152
1095 158
1096 164
1096 170
1095 176
1093 182
1091 188
1089 194
1089 200
1088 206
1089 212
1089 218
1090 224
1092 230
1095 236
1100 242
1106 247
1112 250
1118 251
1124 251
1130 250
1136 248
1142 244
1148 239
1154 233
1158 227
1161 221
1164 215
1166 209
1168 203
1168 197
1167 191
1162 185
1156 181
1153 175
1152 169
1153 163
1155 157
1159 151
1165 146
1171 143
1177 142
1183 142
1189 144
