0 218
6 219
12 220
18 221
24 222
30 223
36 223
42 223
48 222
54 221
60 219
66 217
72 215
78 213
84 212
90 210
96 210
102 209
108 209
114 210
120 211
126 213
132 215
138 217
144 219
150 221
156 222
162 223
168 224
174 225
180 226
186 226
192 226
198 225
204 224
210 222
216 220
222 217
228 215
234 214
240 213
246 213
252 213
258 214
264 215
270 215
276 216
282 215
288 215
294 215
300 215
306 215
312 216
318 217
324 218
330 219
336 220
342 220
348 221
354 221
360 221
366 221
372 221
378 220
384 220
390 219
396 218
402 217
408 216
414 215
420 215
426 216
432 217
438 218
444 220
450 221
456 221
462 221
468 221
474 219
480 218
486 216
492 214
498 213
504 212
510 211
516 211
522 212
528 214
534 217
540 220
546 223
552 226
558 227
564 228
570 228
576 227
582 224
588 221
594 218
600 215
606 212
612 211
618 210
624 211
630 211
636 213
642 214
648 215
654 215
660 215
666 215
672 214
678 214
684 214
690 214
696 216
702 217
708 218
714 220
720 221
726 222
732 223
738 224
744 224
750 224
756 224
762 225
768 224
774 223
780 222
786 221
792 219
798 218
804 216
810 214
816 213
822 212
828 212
834 212
840 213
846 215
852 216
858 218
864 219
870 219
876 219
882 219
888 218
894 216
900 215
906 214
912 214
918 214
924 216
930 217
936 219
942 221
948 222
954 222
960 221
966 220
972 218
978 217
984 216
990 216
996 217
1002 218
1008 219
1014 220
1020 220
1026 219
1032 219
1038 218
1044 216
1050 215
1056 214
1062 214
1068 214
1074 215
1080 216
1086 217
1092 218
1098 218
1104 219
1110 219
1116 219
1122 220
1128 219
1134 219
1140 219
1146 218
1152 217
1158 216
1164 215
1170 214
1176 214
1182 215
1188 215
