0 224
6 225
12 224
18 223
24 220
30 217
36 213
42 209
48 207
54 205
60 205
66 205
72 206
78 208
84 211
90 213
96 216
102 218
108 221
114 222
120 223
126 224
132 224
138 223
144 222
150 221
156 220
162 219
168 218
174 217
180 216
186 215
192 212
198 209
204 206
210 203
216 201
222 200
228 201
234 203
240 206
246 211
252 217
258 220
264 222
270 223
276 222
282 221
288 218
294 215
300 213
306 212
312 212
318 213
324 215
330 217
336 220
342 221
348 222
354 221
360 220
366 217
372 214
378 211
384 208
390 207
396 207
402 208
408 209
414 212
420 215
426 218
432 220
438 221
444 222
450 221
456 221
462 219
468 217
474 216
480 214
486 213
492 212
498 212
504 213
510 214
516 215
522 217
528 218
534 219
540 219
546 219
552 219
558 219
564 219
570 219
576 219
582 218
588 218
594 217
600 217
606 216
612 215
618 214
624 212
630 210
636 209
642 207
648 205
654 205
660 204
666 205
672 206
678 209
684 211
690 214
696 217
702 219
708 220
714 221
720 221
726 220
732 219
738 218
744 217
750 217
756 217
762 218
768 219
774 220
780 221
786 221
792 222
798 221
804 220
810 218
816 215
822 212
828 208
834 205
840 203
846 202
852 201
858 203
864 205
870 209
876 214
882 219
888 223
894 226
900 227
906 228
912 228
918 226
924 224
930 222
936 220
942 217
948 215
954 214
960 213
966 212
972 212
978 211
984 211
990 211
996 211
1002 211
1008 211
1014 212
1020 213
1026 214
1032 216
1038 217
1044 218
1050 218
1056 218
1062 218
1068 217
1074 216
1080 214
1086 213
1092 212
1098 212
1104 211
1110 210
1116 210
1122 209
1128 209
1134 210
1140 211
1146 212
1152 213
1158 214
1164 216
1170 217
1176 218
1182 220
1188 222
