0 206
6 206
12 206
18 206
24 206
30 205
36 204
42 204
48 204
54 204
60 204
66 204
72 204
78 204
84 204
90 205
96 205
102 205
108 205
114 206
120 206
126 206
132 206
138 206
144 206
150 205
156 205
162 205
168 205
174 205
180 205
186 205
192 204
198 204
204 204
210 203
216 203
222 203
228 203
234 203
240 203
246 204
252 205
258 205
264 206
270 206
276 206
282 206
288 205
294 205
300 204
306 204
312 204
318 204
324 205
330 205
336 205
342 206
348 206
354 206
360 206
366 205
372 205
378 204
384 204
390 204
396 204
402 204
408 204
414 205
420 205
426 205
432 206
438 206
444 206
450 206
456 206
462 206
468 205
474 205
480 205
486 205
492 205
498 205
504 205
510 205
516 205
522 205
528 205
534 206
540 206
546 205
552 205
558 205
564 205
570 205
576 205
582 205
588 205
594 205
600 205
606 205
612 205
618 205
624 204
630 204
636 204
642 204
648 204
654 203
660 203
666 203
672 204
678 204
684 204
690 205
696 205
702 205
708 206
714 206
720 206
726 205
732 205
738 205
744 205
750 205
756 205
762 205
768 205
774 206
780 206
786 206
792 206
798 206
804 206
810 205
816 205
822 204
828 204
834 204
840 203
846 203
852 203
858 203
864 204
870 204
876 205
882 205
888 206
894 206
900 207
906 207
912 207
918 206
924 206
930 206
936 206
942 205
948 205
954 205
960 205
966 205
972 204
978 205
984 204
990 204
996 204
1002 204
1008 204
1014 204
1020 204
1026 205
1032 205
1038 205
1044 205
1050 205
1056 205
1062 205
1068 205
1074 205
1080 205
1086 204
1092 204
1098 204
1104 204
1110 204
1116 204
1122 204
1128 204
1134 204
1140 204
1146 205
1152 205
1158 205
1164 205
1170 205
1176 205
1182 205
1188 206
