0 194
2 200
4 206
5 212
6 218
6 224
6 230
5 236
3 242
1 248
1196 254
1190 255
1187 249
1187 243
1186 237
1185 231
1179 226
1173 226
1167 230
1162 236
1158 242
1155 248
1152 254
1150 260
1149 266
1148 272
1147 278
1147 284
1148 290
1149 296
1151 302
1154 308
1158 314
1164 320
1170 325
1176 327
1182 330
1188 331
1194 331
0 331
6 329
12 327
18 324
24 319
29 313
33 307
36 301
39 295
41 289
43 283
44 277
46 271
48 265
49 259
51 253
53 247
54 241
56 235
57 229
58 223
60 217
60 211
61 205
62 199
63 193
63 187
63 181
63 175
63 169
62 163
61 157
58 151
52 148
46 154
45 160
45 166
45 172
46 178
46 184
45 190
39 196
36 190
33 184
31 178
29 172
26 166
25 160
23 154
22 148
21 142
20 136
20 130
20 124
22 118
24 112
27 106
31 100
37 95
43 92
49 90
55 88
61 88
67 89
73 90
79 92
85 96
91 100
97 106
102 112
106 118
110 124
112 130
115 136
117 142
118 148
119 154
120 160
121 166
121 172
121 178
120 184
119 190
118 196
117 202
114 208
108 207
107 201
107 195
107 189
106 183
106 177
105 171
103 165
100 159
94 154
89 160
87 166
86 172
85 178
84 184
84 190
83 196
82 202
82 208
81 214
81 220
80 226
80 232
79 238
79 244
79 250
79 256
79 262
79 268
80 274
81 280
82 286
83 292
85 298
87 304
91 310
95 316
100 322
106 326
112 330
118 332
124 334
130 335
136 335
142 335
148 334
154 332
160 330
166 326
172 322
178 316
182 310
185 304
187 298
188 292
189 286
189 280
188 274
186 268
184 262
181 256
177 250
174 244
170 238
168 232
167 226
167 220
166 214
167 208
168 202
169 196
170 190
171 184
172 178
174 172
176 166
177 160
179 154
181 148
183 142
185 136
187 130
189 124
191 118
193 112
195 106
196 100
190 96
185 102
182 108
180 114
177 120
171 126
170 120
169 114
169 108
170 102
171 96
172 90
174 84
177 78
182 72
187 66
193 61
199 58
205 55
211 53
217 52
223 52
229 52
235 52
241 54
247 55
253 58
259 62
265 66
271 72
275 78
278 84
280 90
282 96
283 102
283 108
283 114
282 120
280 126
278 132
274 138
268 143
262 146
256 146
250 145
244 141
242 135
247 129
253 123
255 117
254 111
252 105
248 99
242 95
236 94
230 94
224 98
218 103
213 109
210 115
206 121
204 127
201 133
199 139
197 145
195 151
194 157
193 163
192 169
192 175
192 181
192 187
194 193
195 199
198 205
202 211
207 217
212 223
218 228
224 234
230 240
236 246
242 251
248 256
254 259
260 260
266 259
272 255
276 249
279 243
279 237
278 231
276 225
270 220
264 218
258 218
252 219
246 222
240 222
234 219
228 214
223 208
221 202
222 196
228 191
234 190
240 190
246 190
252 190
258 191
264 191
270 192
276 193
282 194
288 195
294 196
300 198
306 200
312 202
318 205
324 208
330 211
336 216
342 222
347 228
349 234
348 240
344 246
338 245
333 239
327 235
321 236
317 242
315 248
315 254
316 260
318 266
320 272
325 278
331 284
337 286
343 288
349 288
355 286
361 283
367 278
371 272
375 266
378 260
381 254
383 248
385 242
387 236
389 230
390 224
390 218
391 212
391 206
391 200
390 194
390 188
389 182
389 176
388 170
388 164
387 158
386 152
384 146
381 140
375 139
369 143
366 149
365 155
365 161
364 167
358 171
352 165
350 159
349 153
349 147
350 141
352 135
355 129
358 123
362 117
368 111
374 106
380 102
386 100
392 98
398 98
404 98
410 99
416 101
422 104
428 110
432 116
435 122
437 128
437 134
436 140
434 146
431 152
426 158
420 160
417 154
417 148
415 142
409 137
403 141
401 147
400 153
399 159
399 165
399 171
400 177
400 183
401 189
402 195
403 201
404 207
406 213
407 219
408 225
410 231
411 237
412 243
412 249
412 255
413 261
413 267
414 273
415 279
418 285
422 291
428 295
434 298
440 299
446 299
452 297
458 294
464 289
469 283
472 277
474 271
476 265
477 259
477 253
477 247
477 241
476 235
474 229
471 223
465 219
459 222
456 228
454 234
448 234
444 228
442 222
441 216
441 210
443 204
445 198
449 192
454 186
460 180
466 175
472 170
478 167
484 164
490 162
496 160
502 160
508 160
514 161
520 163
526 166
532 171
538 177
543 183
546 189
548 195
550 201
550 207
549 213
546 219
540 220
535 214
530 208
524 206
518 207
513 213
511 219
511 225
510 231
511 237
511 243
512 249
514 255
515 261
517 267
520 273
523 279
528 285
533 291
539 295
545 298
551 301
557 302
563 302
569 302
575 301
581 300
587 297
593 294
599 289
605 283
609 277
613 271
616 265
618 259
620 253
621 247
623 241
624 235
625 229
627 223
628 217
629 211
630 205
632 199
633 193
635 187
636 181
637 175
638 169
640 163
641 157
642 151
643 145
644 139
644 133
644 127
644 121
643 115
639 109
633 106
627 108
621 114
618 120
616 126
614 132
613 138
607 144
604 138
601 132
599 126
599 120
598 114
599 108
600 102
602 96
605 90
608 84
613 78
619 73
625 68
631 65
637 63
643 61
649 60
655 59
661 59
667 60
673 61
679 63
685 65
691 68
697 72
703 78
709 84
713 90
717 96
720 102
722 108
724 114
725 120
727 126
727 132
728 138
728 144
728 150
727 156
726 162
724 168
719 174
713 176
707 173
705 167
706 161
707 155
708 149
707 143
705 137
703 131
700 125
695 119
689 116
683 116
677 120
673 126
670 132
668 138
666 144
665 150
664 156
662 162
661 168
660 174
660 180
659 186
658 192
658 198
658 204
658 210
659 216
660 222
661 228
662 234
664 240
667 246
670 252
674 258
680 263
686 265
692 266
698 263
701 257
700 251
700 245
706 239
712 238
718 237
724 237
730 237
736 238
742 238
748 239
754 239
760 240
766 241
772 243
778 245
784 247
790 251
792 257
786 263
783 269
788 275
794 278
800 279
806 278
812 277
818 275
824 272
830 268
836 264
842 259
848 253
852 247
855 241
857 235
858 229
858 223
858 217
858 211
857 205
857 199
856 193
856 187
855 181
855 175
854 169
854 163
853 157
853 151
853 145
853 139
852 133
852 127
851 121
849 115
847 109
841 103
835 101
829 103
823 109
819 115
816 121
815 127
813 133
813 139
812 145
813 151
815 157
815 163
814 169
810 175
804 171
799 165
796 159
795 153
794 147
793 141
793 135
793 129
794 123
795 117
796 111
798 105
800 99
803 93
806 87
810 81
816 75
822 70
828 67
834 64
840 63
846 62
852 61
858 62
864 63
870 65
876 67
882 71
888 76
893 82
896 88
898 94
900 100
900 106
899 112
898 118
895 124
892 130
887 136
883 142
877 137
876 131
875 125
869 119
867 125
866 131
865 137
865 143
864 149
864 155
864 161
864 167
865 173
865 179
866 185
867 191
869 197
870 203
872 209
873 215
875 221
877 227
878 233
880 239
881 245
882 251
883 257
883 263
883 269
882 275
879 281
873 286
867 291
862 297
859 303
858 309
858 315
858 321
861 327
864 333
870 339
876 344
882 347
888 350
894 351
900 352
906 353
912 353
918 352
924 351
930 349
936 347
942 343
948 339
953 333
958 327
961 321
963 315
964 309
964 303
964 297
964 291
962 285
961 279
958 273
955 267
952 261
948 255
942 250
936 247
930 251
927 257
926 263
927 269
927 275
928 281
929 287
928 293
922 296
916 291
913 285
911 279
909 273
908 267
907 261
906 255
905 249
904 243
903 237
903 231
903 225
903 219
903 213
904 207
905 201
908 195
911 189
914 183
919 177
924 171
930 165
936 160
942 155
948 151
954 147
960 143
966 141
972 139
978 137
984 137
990 137
996 138
1002 141
1008 144
1014 149
1019 155
1023 161
1026 167
1028 173
1030 179
1031 185
1032 191
1032 197
1032 203
1030 209
1024 212
1018 209
1014 203
1008 197
1002 196
996 199
992 205
990 211
991 217
992 223
993 229
996 235
999 241
1003 247
1008 253
1014 259
1020 265
1026 269
1032 272
1038 275
1044 276
1050 277
1056 277
1062 277
1068 275
1074 273
1080 269
1086 265
1092 259
1098 253
1102 247
1106 241
1110 235
1113 229
1115 223
1117 217
1119 211
1120 205
1120 199
1119 193
1116 187
1111 181
1105 179
1099 182
1095 188
1089 194
1083 188
1081 182
1079 176
1079 170
1078 164
1078 158
1079 152
1080 146
1082 140
1084 134
1088 128
1093 122
1099 117
1105 113
1111 111
1117 110
1123 109
1129 110
1135 111
1141 114
1147 117
1153 121
1159 127
1164 133
1169 139
1173 145
1177 151
1181 157
1184 163
1188 169
1191 175
1194 181
1197 187
