0 288
6 288
12 287
18 285
24 281
30 276
35 270
39 264
42 258
44 252
46 246
47 240
48 234
49 228
49 222
49 216
49 210
49 204
48 198
46 192
43 186
37 185
31 189
25 183
23 177
22 171
21 165
21 159
21 153
22 147
24 141
27 135
30 129
36 123
42 119
48 116
54 114
60 113
66 114
72 115
78 117
84 120
90 125
95 131
99 137
103 143
105 149
107 155
108 161
108 167
108 173
107 179
103 185
97 183
91 183
87 189
85 195
84 201
83 207
83 213
83 219
84 225
84 231
85 237
86 243
88 249
90 255
93 261
96 267
101 273
107 279
113 282
119 285
125 286
131 287
137 286
143 285
149 283
155 279
161 274
166 268
170 262
173 256
175 250
177 244
179 238
180 232
181 226
182 220
183 214
184 208
185 202
186 196
187 190
188 184
189 178
190 172
191 166
191 160
191 154
189 148
183 145
177 145
175 139
175 133
175 127
177 121
180 115
183 109
188 103
194 98
200 94
206 92
212 90
218 89
224 89
230 89
236 91
242 93
248 96
254 101
260 107
263 113
266 119
267 125
268 131
267 137
265 143
262 149
256 154
250 154
245 148
239 145
233 148
228 154
225 160
223 166
222 172
221 178
221 184
221 190
221 196
221 202
222 208
224 214
226 220
228 226
231 232
234 238
239 244
245 250
251 253
257 255
263 254
269 252
275 246
277 240
277 234
275 228
269 224
264 218
263 212
265 206
271 200
277 196
283 193
289 192
295 191
301 191
307 191
313 193
319 196
325 200
330 206
333 212
334 218
331 224
327 230
326 236
327 242
330 248
335 254
341 257
347 259
353 259
359 257
365 253
371 247
374 241
377 235
379 229
380 223
381 217
382 211
382 205
382 199
382 193
381 187
378 181
372 176
366 172
362 166
361 160
362 154
363 148
366 142
370 136
376 130
382 127
388 125
394 124
400 124
406 125
412 128
418 132
423 138
426 144
428 150
428 156
428 162
426 168
422 174
416 178
412 184
410 190
409 196
409 202
409 208
409 214
409 220
410 226
411 232
413 238
415 244
418 250
423 256
429 261
435 264
441 265
447 264
453 262
459 259
464 253
467 247
469 241
470 235
469 229
467 223
464 217
461 211
461 205
462 199
464 193
467 187
470 181
475 175
481 170
487 166
493 164
499 164
505 164
511 167
517 171
522 177
525 183
526 189
525 195
523 201
521 207
520 213
520 219
520 225
522 231
524 237
528 243
533 249
539 254
545 257
551 259
557 260
563 261
569 260
575 259
581 257
587 254
593 250
599 245
605 239
610 233
614 227
617 221
620 215
622 209
624 203
626 197
628 191
629 185
630 179
630 173
630 167
629 161
627 155
621 149
615 143
615 137
615 131
617 125
621 119
626 113
632 108
638 104
644 102
650 100
656 100
662 100
668 100
674 102
680 104
686 107
692 112
698 118
703 124
706 130
708 136
710 142
710 148
710 154
709 160
705 166
699 168
693 164
687 162
681 166
677 172
674 178
673 184
671 190
671 196
670 202
670 208
671 214
672 220
674 226
676 232
680 238
685 244
691 248
697 250
703 250
709 249
715 244
721 238
727 232
733 229
739 227
745 225
751 225
757 225
763 226
769 228
775 232
779 238
781 244
785 250
791 254
797 255
803 254
809 252
815 248
821 242
826 236
830 230
833 224
836 218
838 212
841 206
842 200
844 194
845 188
845 182
846 176
845 170
845 164
843 158
840 152
834 147
828 147
822 151
818 157
812 158
807 152
806 146
805 140
806 134
807 128
809 122
813 116
818 110
824 105
830 101
836 98
842 97
848 96
854 96
860 97
866 99
872 101
878 105
884 111
889 117
892 123
894 129
895 135
896 141
896 147
895 153
894 159
893 165
891 171
889 177
884 183
884 189
883 195
877 189
871 194
870 200
868 206
867 212
866 218
865 224
865 230
864 236
863 242
863 248
863 254
863 260
864 266
865 272
867 278
871 284
875 290
881 295
887 299
893 301
899 303
905 304
911 303
917 302
923 300
929 297
935 292
940 286
944 280
946 274
947 268
948 262
947 256
945 250
951 256
950 250
948 244
942 245
936 243
930 245
924 243
920 237
919 231
920 225
921 219
922 213
924 207
927 201
930 195
933 189
937 183
941 177
946 171
952 165
958 160
964 156
970 153
976 151
982 150
988 150
994 150
1000 152
1006 156
1012 161
1016 167
1019 173
1021 179
1022 185
1021 191
1020 197
1018 203
1016 209
1016 215
1018 221
1020 227
1023 233
1029 239
1035 244
1041 247
1047 249
1053 250
1059 249
1065 248
1071 245
1077 240
1083 234
1086 228
1089 222
1091 216
1092 210
1092 204
1092 198
1090 192
1089 186
1088 180
1088 174
1088 168
1089 162
1092 156
1095 150
1100 144
1106 139
1112 136
1118 134
1124 134
1130 134
1136 135
1142 138
1148 141
1154 146
1159 152
1163 158
1167 164
1169 170
1172 176
1174 182
1175 188
1176 194
1177 200
1177 206
1177 212
1175 218
1172 224
1168 230
1165 236
1164 242
1163 248
1164 254
1165 260
1168 266
1171 272
1176 278
1182 282
1188 285
