0 270
6 270
12 270
18 268
24 264
30 258
34 252
37 246
39 240
39 234
39 228
39 222
37 216
34 210
32 204
30 198
30 192
31 186
32 180
35 174
40 168
46 163
52 160
58 159
64 159
70 160
76 163
82 167
87 173
90 179
92 185
94 191
94 197
93 203
92 209
91 215
91 221
91 227
92 233
93 239
95 245
98 251
103 257
109 263
115 266
121 268
127 269
133 269
139 267
145 265
151 262
157 258
163 252
169 246
173 240
178 234
182 228
185 222
188 216
190 210
192 204
193 198
193 192
193 186
192 180
191 174
191 168
192 162
196 156
201 150
207 146
213 143
219 142
225 142
231 143
237 146
243 150
248 156
251 162
252 168
253 174
251 180
248 186
243 192
240 198
238 204
236 210
236 216
236 222
237 228
238 234
241 240
245 246
251 251
257 254
263 255
269 254
275 251
280 245
282 239
283 233
284 227
287 221
291 215
297 210
303 208
309 207
315 209
321 213
325 219
327 225
329 231
330 237
332 243
337 249
343 253
349 254
355 253
361 250
367 245
371 239
373 233
374 227
374 221
374 215
373 209
372 203
371 197
372 191
373 185
376 179
382 173
388 170
394 168
400 169
406 171
412 176
416 182
418 188
419 194
418 200
418 206
417 212
416 218
416 224
417 230
419 236
421 242
426 248
432 253
438 255
444 256
450 255
456 252
462 247
466 241
468 235
469 229
470 223
472 217
474 211
478 205
484 199
490 196
496 195
502 196
508 200
514 206
517 212
519 218
521 224
524 230
528 236
534 242
540 245
546 248
552 249
558 249
564 249
570 248
576 247
582 245
588 243
594 240
600 237
606 232
612 227
616 221
620 215
623 209
625 203
626 197
627 191
628 185
629 179
630 173
634 167
639 161
645 157
651 155
657 154
663 154
669 155
675 158
681 162
686 168
689 174
691 180
691 186
690 192
687 198
685 204
683 210
682 216
682 222
683 228
685 234
689 240
695 246
701 249
707 250
713 250
719 248
725 244
731 240
737 236
743 233
749 231
755 231
761 233
767 236
773 241
779 247
785 250
791 252
797 253
803 251
809 248
815 243
820 237
823 231
826 225
827 219
829 213
829 207
829 201
827 195
825 189
822 183
820 177
820 171
822 165
825 159
831 153
837 150
843 148
849 147
855 147
861 148
867 151
873 156
878 162
882 168
884 174
885 180
885 186
885 192
883 198
881 204
877 210
874 216
872 222
870 228
869 234
869 240
870 246
871 252
873 258
876 264
881 270
887 275
893 278
899 280
905 281
911 280
917 279
923 276
929 272
934 266
936 260
938 254
937 248
937 242
936 236
937 230
938 224
941 218
944 212
949 206
955 200
961 195
967 192
973 189
979 188
985 187
991 188
997 189
1003 191
1009 195
1015 201
1019 207
1021 213
1024 219
1026 225
1029 231
1034 237
1040 241
1046 244
1052 245
1058 244
1064 242
1070 239
1076 233
1080 227
1083 221
1085 215
1088 209
1091 203
1095 197
1099 191
1105 185
1111 182
1117 179
1123 178
1129 178
1135 180
1141 183
1147 187
1152 193
1156 199
1159 205
1162 211
1164 217
1166 223
1168 229
1169 235
1171 241
1173 247
1176 253
1180 259
1186 265
1192 268
