0 203
6 203
12 203
18 202
24 201
30 200
36 199
42 198
48 198
54 197
60 197
66 197
72 198
78 198
84 199
90 200
96 200
102 201
108 201
114 202
120 202
126 202
132 202
138 202
144 202
150 201
156 201
162 201
168 201
174 200
180 200
186 200
192 199
198 198
204 198
210 197
216 196
222 196
228 196
234 196
240 197
246 199
252 200
258 201
264 202
270 202
276 202
282 201
288 201
294 200
300 199
306 199
312 199
318 199
324 200
330 201
336 201
342 202
348 202
354 202
360 201
366 201
372 200
378 199
384 198
390 198
396 198
402 198
408 199
414 199
420 200
426 201
432 201
438 202
444 202
450 202
456 202
462 201
468 201
474 200
480 200
486 200
492 199
498 199
504 200
510 200
516 200
522 201
528 201
534 201
540 201
546 201
552 201
558 201
564 201
570 201
576 201
582 201
588 201
594 201
600 200
606 200
612 200
618 200
624 199
630 199
636 198
642 198
648 197
654 197
660 197
666 197
672 198
678 198
684 199
690 200
696 200
702 201
708 201
714 202
720 202
726 201
732 201
738 201
744 201
750 201
756 201
762 201
768 201
774 201
780 202
786 202
792 202
798 202
804 201
810 201
816 200
822 199
828 198
834 197
840 197
846 196
852 196
858 197
864 197
870 199
876 200
882 201
888 202
894 203
900 203
906 204
912 204
918 203
924 203
930 202
936 201
942 201
948 200
954 200
960 200
966 199
972 199
978 199
984 199
990 199
996 199
1002 199
1008 199
1014 199
1020 199
1026 200
1032 200
1038 200
1044 201
1050 201
1056 201
1062 201
1068 200
1074 200
1080 200
1086 199
1092 199
1098 199
1104 199
1110 199
1116 198
1122 198
1128 198
1134 199
1140 199
1146 199
1152 200
1158 200
1164 200
1170 200
1176 201
1182 201
1188 202
