0 223
6 224
12 223
18 222
24 221
30 219
36 216
42 214
48 213
54 212
60 211
66 212
72 213
78 214
84 215
90 217
96 218
102 220
108 221
114 222
120 223
126 223
132 223
138 223
144 222
150 221
156 220
162 220
168 219
174 219
180 218
186 218
192 216
198 214
204 212
210 210
216 209
222 208
228 209
234 210
240 212
246 215
252 218
258 221
264 222
270 223
276 222
282 221
288 219
294 218
300 216
306 216
312 216
318 216
324 218
330 219
336 221
342 222
348 222
354 222
360 220
366 219
372 217
378 215
384 214
390 213
396 213
402 213
408 215
414 216
420 218
426 219
432 221
438 221
444 222
450 222
456 221
462 220
468 219
474 218
480 217
486 216
492 216
498 216
504 217
510 217
516 218
522 219
528 219
534 220
540 220
546 220
552 220
558 220
564 220
570 220
576 220
582 220
588 219
594 219
600 219
606 218
612 217
618 217
624 216
630 215
636 214
642 213
648 212
654 211
660 211
666 211
672 212
678 214
684 215
690 217
696 219
702 220
708 221
714 221
720 221
726 221
732 220
738 220
744 219
750 219
756 219
762 220
768 220
774 221
780 221
786 222
792 222
798 221
804 221
810 219
816 218
822 216
828 214
834 212
840 210
846 210
852 209
858 210
864 212
870 214
876 217
882 220
888 222
894 224
900 225
906 226
912 226
918 225
924 223
930 222
936 220
942 219
948 218
954 217
960 217
966 216
972 216
978 216
984 215
990 215
996 215
1002 216
1008 215
1014 216
1020 216
1026 217
1032 218
1038 219
1044 219
1050 220
1056 220
1062 219
1068 218
1074 218
1080 217
1086 216
1092 216
1098 215
1104 215
1110 215
1116 214
1122 214
1128 214
1134 214
1140 215
1146 216
1152 217
1158 217
1164 218
1170 219
1176 220
1182 221
1188 222
