0 221
6 222
12 221
18 219
24 216
30 210
36 204
42 199
48 195
54 193
60 192
66 193
72 194
78 197
84 201
90 205
96 209
102 213
108 216
114 218
120 220
126 221
132 220
138 220
144 218
150 217
156 215
162 214
168 212
174 211
180 209
186 207
192 204
198 199
204 194
210 190
216 187
222 186
228 187
234 189
240 195
245 201
249 207
254 213
260 217
266 219
272 219
278 218
284 215
290 211
296 207
302 204
308 203
314 203
320 205
326 209
332 212
338 216
344 217
350 218
356 216
362 213
368 209
374 204
380 200
386 196
392 195
398 195
404 197
410 200
416 204
422 209
428 213
434 215
440 217
446 217
452 216
458 215
464 213
470 210
476 207
482 205
488 204
494 203
500 203
506 205
512 206
518 208
524 210
530 212
536 213
542 214
548 214
554 214
560 214
566 214
572 213
578 213
584 212
590 212
596 211
602 210
608 209
614 207
620 205
626 203
632 200
638 197
644 195
650 193
656 192
662 192
668 193
674 196
680 199
686 204
692 208
698 212
704 214
710 216
716 216
722 215
728 214
734 213
740 211
746 210
752 210
758 211
764 212
770 214
776 215
782 216
788 217
794 217
800 216
806 214
812 211
818 206
824 201
830 195
836 191
842 189
848 188
854 188
860 190
866 194
872 200
876 206
881 212
886 218
892 222
898 225
904 226
910 226
916 225
922 222
928 219
934 216
940 212
946 209
952 207
958 205
964 203
970 203
976 202
982 202
988 201
994 201
1000 202
1006 202
1012 203
1018 204
1024 206
1030 208
1036 210
1042 212
1048 213
1054 213
1060 212
1066 211
1072 209
1078 207
1084 206
1090 204
1096 203
1102 202
1108 200
1114 200
1120 199
1126 199
1132 200
1138 201
1144 202
1150 204
1156 206
1162 208
1168 210
1174 212
1180 214
1186 217
1192 219
