0 280
5 280
10 280
15 279
20 276
25 273
30 269
34 264
37 259
40 254
42 249
43 244
44 239
45 234
46 229
46 224
45 219
45 214
44 209
42 204
39 199
34 196
29 194
26 189
24 184
24 179
23 174
24 169
25 164
26 159
28 154
31 149
36 144
41 140
46 137
51 135
56 134
61 134
66 134
71 135
76 137
81 139
86 143
91 147
95 152
98 157
100 162
101 167
102 172
103 177
102 182
101 187
97 192
92 196
89 201
87 206
86 211
86 216
86 221
86 226
87 231
88 236
89 241
90 246
92 251
94 256
98 261
102 266
107 271
112 274
117 276
122 278
127 279
132 279
137 278
142 277
147 275
152 272
157 269
162 264
166 259
169 254
172 249
175 244
177 239
179 234
181 229
182 224
184 219
185 214
187 209
188 204
189 199
190 194
191 189
191 184
192 179
192 174
191 169
189 164
184 160
181 155
180 150
181 145
182 140
184 135
188 130
192 125
197 121
202 118
207 116
212 114
217 114
222 113
227 114
232 114
237 116
242 118
247 121
252 126
256 131
259 136
261 141
262 146
262 151
261 156
259 161
256 166
251 168
246 168
241 168
236 172
232 177
230 182
229 187
228 192
228 197
227 202
227 207
228 212
228 217
230 222
231 227
233 232
235 237
238 242
242 247
247 251
252 254
257 255
262 255
267 255
272 252
276 247
278 242
278 237
277 232
275 227
273 222
274 217
276 212
280 207
285 203
290 200
295 198
300 197
305 197
310 197
315 199
320 202
325 207
328 212
330 217
330 222
329 227
328 232
328 237
329 242
332 247
336 252
341 255
346 256
351 257
356 256
361 254
366 250
370 245
373 240
375 235
377 230
378 225
379 220
379 215
379 210
379 205
378 200
376 195
372 190
369 185
366 180
366 175
366 170
367 165
369 160
372 155
377 150
382 147
387 145
392 144
397 143
402 144
407 146
412 148
417 153
421 158
423 163
424 168
425 173
424 178
423 183
420 188
417 193
414 198
413 203
412 208
412 213
412 218
412 223
413 228
414 233
415 238
417 243
420 248
424 253
429 257
434 259
439 260
444 261
449 260
454 258
459 255
463 250
466 245
468 240
468 235
468 230
468 225
467 220
466 215
466 210
467 205
469 200
471 195
474 190
478 185
483 181
488 178
493 177
498 176
503 177
508 179
513 182
517 187
520 192
521 197
521 202
521 207
521 212
521 217
521 222
522 227
524 232
527 237
530 242
535 246
540 250
545 252
550 254
555 255
560 255
565 255
570 254
575 253
580 252
585 250
590 247
595 244
600 240
605 236
609 231
613 226
616 221
619 216
621 211
623 206
624 201
626 196
626 191
627 186
627 181
626 176
625 171
623 166
621 161
620 156
621 151
623 146
626 141
630 136
635 132
640 129
645 126
650 125
655 124
660 124
665 124
670 125
675 127
680 129
685 132
690 136
695 141
698 146
700 151
702 156
703 161
703 166
702 171
699 176
694 179
689 180
684 183
680 188
678 193
676 198
676 203
675 208
675 213
675 218
676 223
678 228
680 233
683 238
687 243
692 247
697 249
702 251
707 250
712 249
717 247
722 243
727 238
732 234
737 231
742 229
747 228
752 227
757 227
762 229
767 231
772 234
776 239
779 244
783 249
788 252
793 254
798 254
803 253
808 251
813 248
818 243
823 238
826 233
829 228
831 223
833 218
835 213
836 208
837 203
838 198
838 193
838 188
838 183
837 178
835 173
830 168
825 167
820 168
815 167
811 162
811 157
811 152
812 147
813 142
816 137
820 132
825 128
830 124
835 122
840 120
845 120
850 119
855 119
860 120
865 122
870 124
875 127
880 131
884 136
887 141
890 146
891 151
892 156
893 161
893 166
892 171
892 176
890 181
889 186
886 191
881 194
876 195
873 200
871 205
869 210
868 215
867 220
866 225
865 230
865 235
864 240
864 245
865 250
865 255
866 260
868 265
870 270
873 275
876 280
881 285
886 288
891 291
896 292
901 293
906 293
911 293
916 292
921 290
926 288
931 284
936 279
939 274
941 269
943 264
943 259
943 254
941 249
936 244
931 240
928 235
928 230
928 225
929 220
930 215
932 210
934 205
937 200
940 195
943 190
947 185
952 180
957 176
962 172
967 170
972 168
977 166
982 165
987 165
992 166
997 167
1002 169
1007 172
1012 177
1016 182
1018 187
1020 192
1021 197
1021 202
1021 207
1021 212
1021 217
1022 222
1024 227
1027 232
1030 237
1035 241
1040 244
1045 246
1050 247
1055 247
1060 247
1065 245
1070 243
1075 239
1079 234
1082 229
1085 224
1086 219
1087 214
1088 209
1088 204
1088 199
1088 194
1089 189
1090 184
1091 179
1093 174
1096 169
1100 164
1105 159
1110 156
1115 154
1120 153
1125 153
1130 153
1135 154
1140 156
1145 159
1150 162
1155 167
1159 172
1162 177
1164 182
1166 187
1168 192
1169 197
1170 202
1170 207
1171 212
1171 217
1170 222
1169 227
1168 232
1168 237
1167 242
1167 247
1168 252
1170 257
1172 262
1176 267
1181 272
1186 276
1191 278
