0 221
6 221
12 221
18 218
24 214
29 208
33 202
36 196
40 190
46 184
52 181
58 179
64 180
70 181
76 184
82 189
88 195
93 201
99 207
105 212
111 216
117 218
123 220
129 220
135 219
141 218
147 216
153 214
159 212
165 210
171 208
177 205
183 202
189 198
195 192
200 186
205 180
211 175
217 172
223 171
229 172
235 176
240 182
243 188
245 194
248 200
251 206
256 212
262 216
268 217
274 217
280 214
286 210
292 204
298 199
304 196
310 195
316 196
322 200
328 205
334 210
340 214
346 215
352 215
358 213
364 208
370 202
374 196
379 190
385 186
391 184
397 184
403 186
409 189
415 195
420 201
426 207
432 211
438 214
444 215
450 215
456 213
462 210
468 207
474 202
480 199
486 196
492 195
498 195
504 196
510 198
516 201
522 204
528 207
534 209
540 210
546 211
552 211
558 211
564 210
570 210
576 210
582 209
588 208
594 207
600 206
606 204
612 202
618 199
624 195
630 192
636 187
642 184
648 181
654 180
660 179
666 180
672 183
678 187
684 193
689 199
694 205
700 210
706 212
712 214
718 213
724 212
730 210
736 208
742 206
748 205
754 205
760 206
766 208
772 211
778 213
784 214
790 215
796 215
802 213
808 210
814 205
819 199
823 193
827 187
832 181
838 177
844 174
850 173
856 174
862 177
868 182
872 188
874 194
876 200
879 206
882 212
886 218
892 223
898 226
904 227
910 227
916 225
922 223
928 218
934 213
940 208
946 203
952 200
958 197
964 195
970 194
976 193
982 193
988 192
994 192
1000 193
1006 193
1012 195
1018 197
1024 200
1030 203
1036 206
1042 208
1048 209
1054 209
1060 208
1066 207
1072 204
1078 202
1084 199
1090 197
1096 194
1102 193
1108 191
1114 190
1120 189
1126 189
1132 190
1138 191
1144 193
1150 196
1156 199
1162 202
1168 205
1174 208
1180 212
1186 215
1192 218
