0 267
6 267
12 266
18 264
24 260
30 254
34 248
36 242
38 236
38 230
38 224
37 218
36 212
34 206
32 200
32 194
32 188
34 182
37 176
41 170
47 166
53 163
59 162
65 162
71 164
77 167
83 172
87 178
90 184
91 190
92 196
92 202
91 208
91 214
91 220
92 226
93 232
94 238
97 244
100 250
106 256
112 261
118 263
124 265
130 265
136 265
142 263
148 260
154 256
160 251
166 245
172 239
176 233
181 227
185 221
188 215
190 209
192 203
193 197
194 191
194 185
193 179
193 173
194 167
197 161
201 155
207 151
213 148
219 147
225 147
231 148
237 151
243 156
247 162
250 168
250 174
250 180
248 186
244 192
241 198
239 204
238 210
238 216
238 222
239 228
241 234
244 240
249 246
255 251
261 253
267 253
273 251
279 246
282 240
284 234
286 228
288 222
291 216
296 210
302 207
308 205
314 206
320 210
324 216
326 222
328 228
329 234
332 240
337 246
343 250
349 251
355 250
361 248
367 242
370 236
372 230
373 224
374 218
374 212
373 206
372 200
372 194
374 188
376 182
381 176
387 173
393 171
399 171
405 174
411 178
415 184
417 190
417 196
417 202
417 208
417 214
417 220
418 226
419 232
422 238
426 244
432 249
438 252
444 253
450 252
456 249
462 244
466 238
468 232
470 226
472 220
474 214
477 208
481 202
487 198
493 196
499 196
505 198
511 203
515 209
518 215
520 221
524 227
528 233
534 239
540 242
546 244
552 245
558 246
564 245
570 245
576 244
582 242
588 240
594 237
600 234
606 229
612 224
617 218
620 212
623 206
625 200
627 194
628 188
630 182
632 176
635 170
641 164
647 161
653 159
659 158
665 159
671 161
677 164
683 170
687 176
688 182
688 188
688 194
686 200
684 206
684 212
683 218
684 224
686 230
689 236
694 242
700 246
706 248
712 248
718 246
724 243
730 239
736 235
742 231
748 229
754 229
760 230
766 234
772 239
778 244
784 248
790 250
796 250
802 249
808 246
814 241
819 235
822 229
824 223
826 217
827 211
827 205
827 199
825 193
824 187
822 181
822 175
823 169
826 163
832 157
838 153
844 151
850 151
856 151
862 153
868 156
874 162
878 168
881 174
883 180
883 186
883 192
881 198
879 204
876 210
873 216
871 222
870 228
870 234
870 240
871 246
873 252
876 258
879 264
885 270
891 273
897 276
903 277
909 277
915 276
921 273
927 269
932 263
935 257
937 251
938 245
938 239
938 233
940 227
941 221
944 215
948 209
953 203
959 197
965 194
971 191
977 190
983 189
989 189
995 189
1001 191
1007 194
1013 199
1018 205
1021 211
1024 217
1027 223
1030 229
1036 235
1042 239
1048 241
1054 242
1060 241
1066 238
1072 234
1077 228
1081 222
1084 216
1087 210
1090 204
1094 198
1100 192
1106 187
1112 183
1118 181
1124 180
1130 181
1136 183
1142 186
1148 191
1153 197
1157 203
1159 209
1162 215
1165 221
1167 227
1169 233
1171 239
1174 245
1177 251
1182 257
1188 262
