0 206
6 206
12 206
18 206
24 206
30 206
36 205
42 205
48 205
54 205
60 205
66 205
72 205
78 205
84 205
90 206
96 206
102 206
108 206
114 206
120 206
126 206
132 206
138 206
144 206
150 206
156 205
162 205
168 206
174 205
180 206
186 206
192 205
198 205
204 205
210 205
216 205
222 205
228 205
234 205
240 205
246 205
252 206
258 206
264 206
270 206
276 206
282 206
288 206
294 206
300 205
306 205
312 205
318 205
324 206
330 206
336 206
342 206
348 206
354 206
360 206
366 206
372 206
378 205
384 205
390 205
396 205
402 205
408 205
414 206
420 206
426 206
432 206
438 206
444 206
450 206
456 206
462 206
468 206
474 206
480 206
486 206
492 206
498 206
504 206
510 206
516 206
522 206
528 206
534 206
540 206
546 206
552 206
558 206
564 206
570 206
576 206
582 206
588 206
594 206
600 205
606 205
612 205
618 205
624 205
630 205
636 205
642 205
648 205
654 205
660 205
666 205
672 205
678 205
684 205
690 206
696 206
702 206
708 206
714 206
720 206
726 206
732 206
738 206
744 206
750 206
756 206
762 206
768 206
774 206
780 206
786 206
792 206
798 206
804 206
810 206
816 206
822 206
828 205
834 205
840 205
846 205
852 205
858 205
864 205
870 205
876 206
882 206
888 206
894 206
900 206
906 206
912 206
918 206
924 206
930 206
936 206
942 206
948 206
954 206
960 206
966 206
972 206
978 206
984 206
990 206
996 206
1002 206
1008 206
1014 205
1020 205
1026 205
1032 206
1038 206
1044 206
1050 206
1056 206
1062 205
1068 206
1074 206
1080 205
1086 205
1092 205
1098 205
1104 205
1110 205
1116 205
1122 205
1128 205
1134 205
1140 205
1146 205
1152 206
1158 206
1164 206
1170 206
1176 206
1182 206
1188 206
