0 209
6 209
12 209
18 209
24 209
30 209
36 209
42 209
48 209
54 209
60 209
66 209
72 209
78 209
84 209
90 209
96 209
102 209
108 208
114 208
120 208
126 208
132 208
138 208
144 209
150 209
156 209
162 209
168 209
174 209
180 209
186 209
192 209
198 209
204 209
210 208
216 208
222 208
228 208
234 208
240 208
246 209
252 209
258 209
264 209
270 209
276 209
282 209
288 209
294 209
300 209
306 209
312 209
318 209
324 209
330 209
336 209
342 208
348 208
354 208
360 208
366 208
372 208
378 209
384 209
390 209
396 209
402 209
408 209
414 209
420 209
426 209
432 209
438 209
444 209
450 208
456 208
462 208
468 208
474 208
480 208
486 208
492 209
498 209
504 209
510 209
516 209
522 209
528 209
534 209
540 209
546 209
552 209
558 209
564 209
570 208
576 208
582 208
588 208
594 209
600 209
606 209
612 209
618 209
624 209
630 209
636 209
642 209
648 209
654 209
660 209
666 209
672 209
678 209
684 209
690 209
696 209
702 209
708 209
714 209
720 208
726 209
732 209
738 209
744 209
750 209
756 209
762 209
768 209
774 209
780 209
786 209
792 209
798 209
804 209
810 209
816 209
822 209
828 209
834 209
840 209
846 209
852 209
858 209
864 209
870 208
876 208
882 208
888 208
894 208
900 209
906 209
912 209
918 209
924 209
930 209
936 209
942 209
948 209
954 209
960 208
966 208
972 209
978 209
984 209
990 209
996 209
1002 209
1008 209
1014 209
1020 208
1026 209
1032 209
1038 209
1044 209
1050 209
1056 209
1062 209
1068 209
1074 209
1080 209
1086 209
1092 209
1098 208
1104 208
1110 208
1116 209
1122 209
1128 209
1134 209
1140 209
1146 209
1152 208
1158 209
1164 209
1170 209
1176 209
1182 209
1188 209
