0 219
6 219
12 219
18 218
24 217
30 216
36 216
42 215
48 215
54 215
60 215
66 215
72 215
78 216
84 215
90 215
96 213
102 212
108 211
114 209
120 209
126 209
132 209
138 210
144 212
150 214
156 216
162 217
168 218
174 218
180 218
186 217
192 216
198 215
204 213
210 211
216 210
222 210
228 209
234 210
240 211
246 212
252 213
258 215
264 216
270 217
276 218
282 219
288 219
294 220
300 220
306 219
312 218
318 217
324 216
330 214
336 212
342 210
348 208
354 207
360 208
366 209
372 210
378 213
384 215
390 217
396 218
402 219
408 220
414 219
420 219
426 218
432 216
438 215
444 214
450 212
456 211
462 210
468 210
474 210
480 211
486 211
492 212
498 213
504 214
510 214
516 215
522 215
528 216
534 216
540 217
546 216
552 216
558 215
564 213
570 213
576 212
582 212
588 212
594 213
600 214
606 215
612 216
618 216
624 216
630 216
636 215
642 215
648 214
654 214
660 214
666 214
672 215
678 215
684 215
690 215
696 214
702 214
708 213
714 213
720 212
726 213
732 213
738 214
744 214
750 215
756 215
762 215
768 215
774 214
780 214
786 214
792 214
798 215
804 215
810 216
816 216
822 216
828 216
834 215
840 215
846 214
852 213
858 212
864 211
870 210
876 209
882 210
888 210
894 212
900 214
906 216
912 218
918 219
924 220
930 219
936 218
942 217
948 215
954 213
960 212
966 212
972 212
978 212
984 213
990 213
996 213
1002 213
1008 213
1014 213
1020 213
1026 213
1032 214
1038 215
1044 216
1050 217
1056 218
1062 218
1068 218
1074 217
1080 215
1086 214
1092 212
1098 212
1104 211
1110 212
1116 212
1122 213
1128 213
1134 213
1140 213
1146 212
1152 212
1158 212
1164 212
1170 213
1176 215
1182 216
1188 218
