0 298
3 298
6 298
9 297
12 296
15 295
18 294
21 292
24 290
27 287
29 284
31 281
33 278
34 275
34 272
34 269
33 266
30 263
27 262
24 260
22 257
22 254
23 251
24 248
26 245
27 242
30 239
32 236
35 233
38 231
41 228
44 226
47 224
50 222
53 221
56 219
59 217
62 216
65 215
68 213
71 212
74 210
77 209
80 207
83 206
86 204
89 202
92 200
95 197
98 195
100 192
103 189
105 186
107 183
109 180
111 177
112 174
113 171
114 168
115 165
116 162
116 159
116 156
115 153
115 150
113 147
111 144
108 141
105 140
102 139
99 140
96 141
93 143
90 146
87 147
84 146
81 143
80 140
79 137
79 134
80 131
80 128
81 125
82 122
84 119
86 116
89 113
92 110
95 108
98 106
101 104
104 103
107 102
110 101
113 101
116 100
119 100
122 101
125 101
128 101
131 102
134 103
137 105
140 106
143 108
146 111
149 114
151 117
154 120
155 123
157 126
158 129
159 132
160 135
161 138
162 141
162 144
163 147
163 150
164 153
164 156
164 159
164 162
164 165
165 168
165 171
164 174
164 177
164 180
163 183
162 186
161 189
164 186
163 189
161 192
158 190
155 189
152 190
149 193
147 196
145 199
144 202
143 205
142 208
141 211
140 214
139 217
139 220
139 223
138 226
138 229
138 232
139 235
139 238
140 241
140 244
141 247
143 250
144 253
146 256
149 259
152 262
155 264
158 266
161 267
164 268
167 269
170 269
173 269
176 268
179 268
182 267
185 265
188 263
191 261
194 259
197 256
199 253
201 250
203 247
205 244
206 241
208 238
209 235
210 232
212 229
213 226
213 223
214 220
215 217
215 214
216 211
216 208
217 205
217 202
216 199
216 196
215 193
214 190
211 189
208 189
205 191
202 191
199 188
198 185
197 182
197 179
197 176
197 173
197 170
197 167
197 164
198 161
198 158
198 155
199 152
200 149
201 146
202 143
203 140
204 137
206 134
208 131
211 128
214 125
217 123
220 122
223 121
226 120
229 119
232 119
235 119
238 119
241 120
244 121
247 122
250 123
253 125
256 128
259 130
261 133
264 136
266 139
268 142
269 145
271 148
272 151
273 154
274 157
275 160
276 163
277 166
278 169
279 172
280 175
280 178
281 181
281 184
281 187
282 190
282 193
282 196
281 199
281 202
281 205
279 208
278 211
281 208
280 211
277 213
274 212
271 209
269 206
266 203
263 203
260 206
257 209
256 212
255 215
254 218
253 221
252 224
251 227
251 230
250 233
250 236
250 239
249 242
249 245
249 248
249 251
250 254
250 257
250 260
251 263
252 266
253 269
254 272
255 275
257 278
259 281
261 284
264 287
267 290
270 292
273 294
276 295
279 296
282 297
285 298
288 298
291 298
294 298
297 298
300 298
303 297
306 296
309 295
312 293
315 291
318 289
321 286
323 283
326 280
328 277
329 274
330 271
332 268
333 265
333 262
334 259
335 256
335 253
336 250
336 247
336 244
337 241
337 238
337 235
337 232
337 229
337 226
337 223
337 220
337 217
337 214
337 211
337 208
337 205
337 202
336 199
336 196
336 193
335 190
335 187
334 184
334 181
332 178
331 175
328 176
325 179
324 182
322 185
319 183
317 180
316 177
316 174
315 171
315 168
314 165
314 162
314 159
314 156
313 153
313 150
313 147
314 144
314 141
314 138
315 135
315 132
316 129
317 126
318 123
320 120
322 117
324 114
327 111
330 108
333 106
336 104
339 103
342 102
345 101
348 100
351 100
354 99
357 100
360 100
363 100
366 101
369 102
372 104
375 106
378 108
381 111
384 114
386 117
387 120
388 123
389 126
390 129
390 132
390 135
390 138
390 141
390 144
390 147
389 150
389 153
388 156
387 159
386 162
385 165
384 168
383 171
382 174
380 177
377 177
375 174
372 171
369 171
367 174
366 177
365 180
365 183
365 186
364 189
364 192
364 195
364 198
365 201
365 204
365 207
366 210
366 213
366 216
367 219
367 222
368 225
369 228
369 231
370 234
371 237
372 240
373 243
373 246
374 249
375 252
376 255
378 258
379 261
380 264
382 267
384 270
386 273
388 276
391 279
394 282
397 284
400 285
403 287
406 288
409 288
412 289
415 289
418 289
421 288
424 288
427 287
430 285
433 284
436 281
439 278
442 275
444 272
445 269
447 266
448 263
448 260
449 257
449 254
449 251
449 248
449 245
449 242
449 239
448 236
447 233
446 230
445 227
444 224
443 221
441 218
439 215
436 212
433 211
430 211
427 214
425 217
423 220
420 221
417 218
415 215
414 212
413 209
412 206
412 203
412 200
412 197
412 194
413 191
413 188
414 185
415 182
416 179
417 176
418 173
419 170
420 167
421 164
423 161
424 158
426 155
427 152
429 149
431 146
433 143
435 140
437 137
440 134
443 131
446 128
449 126
452 124
455 122
458 121
461 120
464 119
467 118
470 118
473 118
476 118
479 118
482 119
485 120
488 121
491 123
494 125
497 128
499 131
501 134
503 137
503 140
504 143
504 146
504 149
504 152
503 155
503 158
501 161
500 164
497 167
494 169
491 170
488 173
485 175
483 178
482 181
481 184
481 187
481 190
481 193
481 196
481 199
482 202
483 205
483 208
485 211
486 214
487 217
488 220
490 223
492 226
493 229
495 232
498 235
500 238
503 241
506 244
509 247
512 249
515 250
518 252
521 253
524 253
527 254
530 254
533 253
536 253
539 252
542 250
545 248
547 245
549 242
551 239
552 236
553 233
554 230
554 227
554 224
554 221
554 218
554 215
553 212
552 209
551 206
549 203
548 200
546 197
546 194
545 191
545 188
546 185
547 182
548 179
549 176
550 173
552 170
554 167
556 164
558 161
561 158
564 156
567 154
570 152
573 151
576 150
579 149
582 149
585 149
588 150
591 151
594 153
597 156
600 159
601 162
602 165
603 168
603 171
603 174
602 177
601 180
599 183
596 186
593 189
591 192
590 195
589 198
588 201
588 204
588 207
588 210
588 213
588 216
589 219
590 222
590 225
592 228
593 231
594 234
596 237
598 240
601 243
604 246
607 248
610 249
613 250
616 251
619 251
622 251
625 250
628 249
631 246
634 243
635 240
636 237
636 234
636 231
636 228
637 225
638 222
639 219
641 216
644 213
647 211
650 210
653 209
656 209
659 209
662 209
665 210
668 210
671 211
674 212
677 212
680 213
683 213
686 213
689 212
692 211
695 209
698 206
700 203
701 200
702 197
703 194
703 191
703 188
703 185
702 182
701 179
701 176
700 173
700 170
700 167
700 164
701 161
703 158
705 155
708 153
711 151
714 150
717 149
720 149
723 149
726 149
729 150
732 151
735 153
738 155
740 158
742 161
743 164
744 167
744 170
745 173
745 176
745 179
745 182
745 185
745 188
746 191
748 194
749 197
752 200
755 203
758 205
761 207
764 208
767 208
770 209
773 210
776 210
779 211
782 212
785 212
788 214
791 215
794 217
797 219
799 222
801 225
803 228
804 231
806 234
808 237
811 240
814 242
817 243
820 243
823 244
826 243
829 243
832 242
835 241
838 239
841 237
844 235
847 233
850 230
852 227
855 224
857 221
859 218
861 215
862 212
864 209
865 206
866 203
867 200
868 197
869 194
870 191
870 188
871 185
871 182
871 179
871 176
871 173
870 170
869 167
868 164
867 161
865 158
862 155
859 153
856 153
853 153
850 153
847 152
844 149
843 146
842 143
842 140
842 137
843 134
844 131
845 128
847 125
849 122
852 119
855 116
858 114
861 113
864 112
867 111
870 110
873 110
876 110
879 110
882 110
885 111
888 112
891 113
894 114
897 116
900 119
903 122
905 125
907 128
909 131
910 134
910 137
911 140
911 143
911 146
912 149
911 152
911 155
911 158
911 161
911 164
910 167
910 170
910 173
909 176
909 179
909 182
908 185
908 188
908 191
907 194
907 197
906 200
905 203
905 206
903 209
901 212
899 215
897 218
896 221
895 224
894 227
893 230
892 233
891 236
890 239
889 242
889 245
888 248
888 251
888 254
888 257
888 260
888 263
889 266
890 269
891 272
893 275
894 278
897 281
900 284
903 286
906 288
909 289
912 291
915 291
918 292
921 292
924 292
927 292
930 291
933 290
936 289
939 287
942 286
945 283
948 280
951 277
953 274
954 271
955 268
957 265
957 262
958 259
958 256
958 253
958 250
958 247
958 244
957 241
955 238
953 235
950 233
947 234
944 237
941 240
938 241
935 240
933 237
932 234
931 231
931 228
930 225
930 222
930 219
931 216
931 213
931 210
932 207
933 204
933 201
934 198
935 195
936 192
937 189
938 186
939 183
941 180
942 177
944 174
946 171
948 168
950 165
952 162
955 159
958 157
961 154
964 152
967 151
970 150
973 149
976 148
979 148
982 148
985 148
988 148
991 149
994 150
997 151
1000 152
1003 153
1006 155
1009 156
1012 158
1015 161
1018 163
1021 166
1023 169
1026 172
1028 175
1030 178
1031 181
1033 184
1034 187
1035 190
1036 193
1037 196
1038 199
1039 202
1039 205
1040 208
1040 211
1040 214
1040 217
1039 220
1038 223
1035 225
1032 225
1029 226
1026 228
1024 231
1023 234
1023 237
1023 240
1023 243
1024 246
1025 249
1026 252
1027 255
1028 258
1030 261
1033 264
1035 267
1038 269
1041 272
1044 273
1047 275
1050 276
1053 277
1056 277
1059 277
1062 277
1065 277
1068 276
1071 275
1074 274
1077 272
1080 270
1083 268
1086 265
1089 262
1091 259
1093 256
1094 253
1096 250
1097 247
1098 244
1099 241
1100 238
1100 235
1101 232
1101 229
1101 226
1101 223
1100 220
1100 217
1099 214
1097 211
1094 209
1091 209
1088 210
1085 211
1082 209
1079 206
1078 203
1077 200
1077 197
1076 194
1076 191
1076 188
1075 185
1075 182
1076 179
1076 176
1076 173
1077 170
1077 167
1078 164
1079 161
1081 158
1082 155
1084 152
1087 149
1090 146
1093 144
1096 142
1099 141
1102 140
1105 139
1108 138
1111 138
1114 138
1117 138
1120 138
1123 138
1126 138
1129 139
1132 139
1135 139
1138 140
1141 140
1144 141
1147 141
1150 142
1153 142
1156 143
1159 144
1162 145
1165 146
1168 147
1171 149
1174 150
1177 152
1180 155
1183 158
1186 161
1188 164
1190 167
1191 170
1192 173
1193 176
1194 179
1195 182
1195 185
1195 188
1195 191
1195 194
1195 197
1194 200
1193 203
1192 206
1191 209
1189 212
1187 215
1185 218
1182 220
1179 221
1176 220
1174 217
1171 214
1168 213
1165 214
1162 217
1160 220
1158 223
1157 226
1156 229
1155 232
1155 235
1154 238
1154 241
1154 244
1154 247
1154 250
1155 253
1155 256
1156 259
1156 262
1157 265
1158 268
1159 271
1161 274
1163 277
1165 280
1167 283
1170 286
1173 289
1176 291
1179 293
1182 295
1185 296
1188 297
1191 298
1194 298
