0 280
6 279
12 278
18 275
24 270
28 264
30 258
30 252
30 246
31 240
35 234
41 228
47 225
53 223
59 222
65 222
71 222
77 221
83 220
89 217
95 213
100 207
103 201
105 195
106 189
105 183
102 177
96 171
93 165
94 159
96 153
102 147
108 144
114 142
120 141
126 141
132 143
138 145
144 150
150 156
153 162
155 168
157 174
157 180
157 186
156 192
155 198
150 204
147 210
145 216
143 222
143 228
143 234
144 240
147 246
150 252
156 258
162 261
168 263
174 264
180 263
186 260
192 256
198 250
201 244
204 238
206 232
207 226
207 220
207 214
205 208
202 202
200 196
199 190
200 184
201 178
203 172
206 166
211 160
217 155
223 153
229 151
235 152
241 153
247 155
253 160
259 166
262 172
265 178
267 184
268 190
269 196
268 202
266 208
261 214
257 220
255 226
254 232
254 238
254 244
255 250
257 256
260 262
264 268
270 274
276 278
282 280
288 281
294 282
300 281
306 280
312 277
318 272
324 266
328 260
330 254
332 248
334 242
335 236
335 230
335 224
335 218
335 212
333 206
330 200
324 195
320 189
318 183
318 177
319 171
320 165
322 159
326 153
331 147
337 142
343 140
349 138
355 138
361 138
367 140
373 143
379 149
383 155
386 161
387 167
388 173
388 179
387 185
385 191
379 197
374 203
373 209
372 215
372 221
372 227
373 233
374 239
376 245
378 251
381 257
385 263
391 269
397 273
403 276
409 277
415 277
421 276
427 273
433 269
438 263
441 257
443 251
444 245
444 239
443 233
440 227
434 221
430 215
428 209
428 203
429 197
430 191
432 185
435 179
438 173
443 167
449 161
455 157
461 155
467 154
473 154
479 156
485 158
491 164
495 170
497 176
498 182
498 188
497 194
496 200
496 206
497 212
498 218
500 224
502 230
506 236
512 242
518 247
524 249
530 250
536 250
542 248
548 243
552 237
555 231
556 225
556 219
556 213
556 207
556 201
558 195
561 189
566 183
572 179
578 177
584 178
590 180
596 186
598 192
598 198
598 204
597 210
597 216
597 222
598 228
601 234
606 240
612 244
618 245
624 245
630 242
636 236
639 230
642 224
648 218
654 215
660 215
666 217
672 220
678 222
684 222
690 221
696 216
700 210
701 204
703 198
705 192
710 186
716 183
722 182
728 183
734 187
738 193
741 199
744 205
748 211
754 216
760 218
766 219
772 219
778 219
784 220
790 222
796 226
802 232
808 237
814 240
820 242
826 241
832 240
838 236
844 231
848 225
852 219
854 213
856 207
857 201
857 195
857 189
855 183
853 177
852 171
853 165
857 159
863 154
869 151
875 150
881 150
887 151
893 154
899 159
903 165
906 171
908 177
908 183
908 189
908 195
907 201
906 207
903 213
898 219
895 225
893 231
892 237
891 243
892 249
893 255
896 261
900 267
906 272
912 275
918 277
924 277
930 276
936 274
942 270
947 264
950 258
952 252
952 246
950 240
944 234
940 228
940 222
940 216
941 210
943 204
946 198
950 192
955 186
961 181
967 179
973 178
979 177
985 178
991 179
997 181
1003 182
1009 184
1015 187
1021 191
1027 196
1031 202
1033 208
1035 214
1035 220
1034 226
1032 232
1031 238
1032 244
1034 250
1038 256
1044 261
1050 265
1056 266
1062 266
1068 265
1074 263
1080 259
1085 253
1089 247
1091 241
1091 235
1091 229
1088 223
1084 217
1081 211
1080 205
1080 199
1081 193
1083 187
1087 181
1093 176
1099 173
1105 172
1111 171
1117 172
1123 173
1129 174
1135 174
1141 175
1147 174
1153 175
1159 175
1165 176
1171 179
1177 184
1182 190
1184 196
1185 202
1185 208
1184 214
1181 220
1175 225
1169 231
1167 237
1166 243
1166 249
1168 255
1171 261
1175 267
1181 273
1187 276
1193 279
