0 293
4 293
8 292
12 291
16 290
20 288
24 285
27 281
30 277
32 273
33 269
33 265
30 261
26 257
25 253
25 249
26 245
29 241
32 237
35 233
39 229
43 227
47 224
51 222
55 220
59 218
63 217
67 215
71 214
75 212
79 211
83 209
87 207
91 204
95 201
99 198
102 194
105 190
108 186
109 182
111 178
112 174
113 170
113 166
113 162
112 158
110 154
107 150
103 148
99 148
95 149
91 150
87 150
84 146
83 142
83 138
84 134
85 130
87 126
90 122
94 118
98 115
102 112
106 110
110 109
114 108
118 108
122 108
126 108
130 109
134 111
138 113
142 116
146 119
150 123
152 127
155 131
156 135
158 139
159 143
160 147
161 151
162 155
162 159
163 163
163 167
163 171
163 175
162 179
162 183
161 187
159 191
155 192
151 193
148 197
145 201
144 205
142 209
141 213
141 217
140 221
140 225
139 229
140 233
140 237
141 241
142 245
144 249
146 253
149 257
153 261
157 263
161 265
165 267
169 267
173 267
177 267
181 266
185 264
189 262
193 259
197 255
200 251
202 247
205 243
207 239
208 235
210 231
211 227
212 223
213 219
213 215
214 211
214 207
214 203
213 199
210 195
206 193
202 193
199 189
198 185
197 181
197 177
197 173
198 169
198 165
199 161
200 157
201 153
202 149
204 145
206 141
209 137
213 133
217 130
221 128
225 126
229 125
233 125
237 125
241 126
245 128
249 130
253 132
257 136
261 140
263 144
266 148
268 152
270 156
272 160
273 164
274 168
275 172
276 176
277 180
278 184
278 188
278 192
278 196
278 200
277 204
275 208
271 210
267 207
263 206
259 209
256 213
255 217
253 221
252 225
252 229
251 233
251 237
250 241
250 245
251 249
251 253
252 257
253 261
254 265
255 269
257 273
260 277
263 281
267 284
271 287
275 290
279 291
283 293
287 293
291 294
295 294
299 293
303 292
307 291
311 289
315 286
319 283
323 279
326 275
328 271
330 267
332 263
333 259
334 255
335 251
336 247
336 243
337 239
337 235
337 231
337 227
337 223
337 219
337 215
337 211
337 207
337 203
336 199
336 195
335 191
334 187
332 183
328 181
324 185
320 186
317 182
316 178
315 174
315 170
314 166
314 162
314 158
314 154
315 150
315 146
316 142
317 138
318 134
320 130
322 126
324 122
328 118
332 114
336 111
340 109
344 108
348 107
352 106
356 106
360 107
364 108
368 109
372 111
376 114
380 118
383 122
385 126
387 130
388 134
389 138
390 142
390 146
390 150
390 154
389 158
389 162
388 166
387 170
385 174
384 178
380 182
376 179
372 178
369 182
368 186
367 190
367 194
366 198
366 202
367 206
367 210
367 214
368 218
368 222
369 226
370 230
371 234
372 238
373 242
374 246
375 250
376 254
378 258
380 262
382 266
385 270
388 274
392 278
396 280
400 283
404 284
408 285
412 286
416 286
420 285
424 284
428 282
432 280
436 277
440 273
443 269
445 265
446 261
447 257
448 253
448 249
448 245
448 241
447 237
446 233
445 229
444 225
442 221
438 217
434 215
430 216
426 219
422 218
418 214
417 210
417 206
417 202
417 198
417 194
418 190
419 186
420 182
421 178
422 174
424 170
426 166
427 162
429 158
432 154
434 150
437 146
440 142
444 138
448 134
452 131
456 129
460 127
464 126
468 126
472 125
476 126
480 126
484 128
488 130
492 133
496 137
498 141
500 145
501 149
502 153
502 157
502 161
501 165
499 169
496 173
492 177
489 181
487 185
486 189
486 193
486 197
486 201
486 205
487 209
489 213
490 217
492 221
493 225
496 229
498 233
501 237
505 241
509 245
513 248
517 250
521 252
525 253
529 253
533 253
537 252
541 250
545 247
549 243
551 239
553 235
554 231
555 227
555 223
555 219
554 215
554 211
552 207
551 203
549 199
549 195
549 191
550 187
551 183
552 179
554 175
557 171
560 167
564 163
568 160
572 158
576 157
580 156
584 156
588 157
592 159
596 162
599 166
601 170
601 174
602 178
601 182
599 186
597 190
594 194
593 198
591 202
591 206
590 210
591 214
591 218
592 222
593 226
594 230
596 234
599 238
602 242
606 245
610 247
614 249
618 249
622 249
626 248
630 245
634 241
636 237
637 233
637 229
638 225
640 221
642 217
646 214
650 211
654 210
658 210
662 210
666 211
670 213
674 214
678 215
682 216
686 215
690 214
694 212
698 208
700 204
701 200
702 196
702 192
702 188
701 184
701 180
701 176
702 172
703 168
706 164
710 160
714 159
718 157
722 157
726 158
730 159
734 161
738 165
740 169
742 173
743 177
743 181
744 185
744 189
745 193
747 197
749 201
753 205
757 208
761 210
765 211
769 211
773 212
777 213
781 213
785 214
789 216
793 218
797 221
800 225
802 229
805 233
808 237
812 240
816 242
820 243
824 243
828 242
832 241
836 239
840 237
844 234
848 230
851 226
854 222
857 218
859 214
861 210
863 206
864 202
865 198
866 194
867 190
867 186
867 182
867 178
866 174
865 170
863 166
859 162
855 160
851 159
847 155
846 151
845 147
846 143
846 139
848 135
851 131
854 127
858 124
862 121
866 120
870 119
874 118
878 118
882 119
886 119
890 121
894 123
898 126
902 130
905 134
907 138
908 142
910 146
910 150
911 154
911 158
911 162
911 166
911 170
911 174
910 178
910 182
909 186
909 190
908 194
907 198
906 202
905 206
902 210
899 214
896 218
895 222
893 226
892 230
891 234
890 238
889 242
889 246
888 250
889 254
889 258
890 262
891 266
893 270
895 274
899 278
903 282
907 284
911 286
915 287
919 288
923 288
927 288
931 287
935 285
939 283
943 280
947 277
950 273
952 269
954 265
956 261
956 257
957 253
957 249
956 245
955 241
953 237
949 235
945 236
941 238
937 237
934 233
933 229
933 225
932 221
933 217
933 213
934 209
935 205
936 201
937 197
938 193
940 189
942 185
944 181
946 177
949 173
952 169
956 165
960 162
964 159
968 158
972 156
976 156
980 155
984 155
988 156
992 157
996 158
1000 159
1004 161
1008 163
1012 165
1016 168
1020 171
1023 175
1027 179
1029 183
1032 187
1033 191
1035 195
1036 199
1037 203
1038 207
1039 211
1039 215
1038 219
1037 223
1033 226
1029 228
1026 232
1025 236
1025 240
1026 244
1027 248
1028 252
1030 256
1032 260
1036 264
1040 268
1044 270
1048 272
1052 273
1056 274
1060 274
1064 274
1068 273
1072 272
1076 270
1080 267
1084 264
1088 260
1091 256
1093 252
1095 248
1096 244
1097 240
1098 236
1098 232
1098 228
1098 224
1097 220
1096 216
1092 213
1088 212
1084 212
1080 208
1079 204
1077 200
1077 196
1076 192
1076 188
1076 184
1077 180
1078 176
1079 172
1080 168
1082 164
1084 160
1088 156
1092 152
1096 150
1100 148
1104 147
1108 147
1112 146
1116 146
1120 146
1124 147
1128 147
1132 148
1136 148
1140 149
1144 149
1148 150
1152 150
1156 151
1160 152
1164 153
1168 155
1172 157
1176 159
1180 163
1184 167
1187 171
1189 175
1190 179
1192 183
1192 187
1193 191
1193 195
1192 199
1192 203
1190 207
1189 211
1187 215
1183 219
1179 221
1175 219
1171 218
1167 218
1163 222
1160 226
1159 230
1158 234
1157 238
1157 242
1157 246
1157 250
1158 254
1159 258
1160 262
1161 266
1163 270
1166 274
1169 278
1172 282
1176 285
1180 288
1184 290
1188 291
1192 292
