0 214
6 214
12 214
18 213
24 212
30 211
36 211
42 210
48 210
54 210
60 210
66 210
72 211
78 211
84 210
90 210
96 209
102 208
108 207
114 206
120 205
126 205
132 205
138 206
144 208
150 209
156 211
162 212
168 213
174 213
180 213
186 212
192 211
198 210
204 209
210 207
216 206
222 206
228 206
234 206
240 207
246 208
252 209
258 210
264 211
270 212
276 213
282 214
288 214
294 214
300 214
306 214
312 213
318 212
324 211
330 209
336 208
342 206
348 205
354 204
360 204
366 205
372 206
378 208
384 210
390 212
396 213
402 214
408 214
414 214
420 213
426 213
432 211
438 210
444 209
450 208
456 207
462 206
468 206
474 206
480 207
486 207
492 208
498 208
504 209
510 210
516 210
522 211
528 211
534 211
540 212
546 211
552 211
558 210
564 209
570 208
576 208
582 208
588 208
594 209
600 210
606 211
612 211
618 211
624 211
630 211
636 210
642 210
648 209
654 209
660 209
666 210
672 210
678 210
684 210
690 210
696 210
702 209
708 209
714 208
720 208
726 208
732 209
738 209
744 210
750 210
756 210
762 210
768 210
774 210
780 209
786 209
792 210
798 210
804 210
810 211
816 211
822 211
828 211
834 210
840 210
846 209
852 209
858 208
864 207
870 206
876 206
882 206
888 206
894 208
900 209
906 211
912 213
918 214
924 214
930 214
936 213
942 211
948 210
954 209
960 208
966 208
972 208
978 208
984 208
990 209
996 209
1002 209
1008 208
1014 208
1020 208
1026 209
1032 209
1038 210
1044 211
1050 212
1056 213
1062 213
1068 213
1074 212
1080 210
1086 209
1092 208
1098 207
1104 207
1110 208
1116 208
1122 208
1128 209
1134 209
1140 208
1146 208
1152 208
1158 208
1164 208
1170 209
1176 210
1182 211
1188 213
