0 289
3 288
6 288
9 288
12 287
15 286
18 284
21 282
24 280
26 277
29 274
30 271
31 268
32 265
32 262
30 259
29 256
28 253
27 250
27 247
28 244
29 241
31 238
33 235
36 232
39 229
42 227
45 225
48 224
51 222
54 221
57 220
60 219
63 218
66 217
69 217
72 216
75 215
78 214
81 213
84 212
87 211
90 209
93 207
96 204
99 201
102 198
104 195
106 192
107 189
108 186
109 183
110 180
110 177
111 174
111 171
110 168
109 165
108 162
105 159
102 157
99 157
96 156
93 157
90 156
87 153
87 150
86 147
87 144
88 141
89 138
90 135
92 132
95 129
98 127
101 124
104 123
107 121
110 120
113 120
116 119
119 119
122 119
125 119
128 120
131 121
134 122
137 123
140 125
143 127
146 130
149 133
151 136
153 139
154 142
156 145
157 148
158 151
159 154
159 157
160 160
160 163
161 166
161 169
161 172
161 175
161 178
161 181
160 184
160 187
159 190
157 193
154 195
151 197
148 200
146 203
145 206
144 209
143 212
142 215
141 218
141 221
141 224
141 227
141 230
141 233
141 236
142 239
142 242
143 245
145 248
146 251
149 254
151 257
154 260
157 262
160 263
163 265
166 265
169 266
172 266
175 266
178 265
181 265
184 263
187 262
190 260
193 258
196 255
198 252
200 249
202 246
204 243
205 240
206 237
208 234
209 231
209 228
210 225
211 222
211 219
211 216
211 213
211 210
211 207
210 204
209 201
206 198
203 196
200 193
199 190
198 187
198 184
198 181
198 178
198 175
198 172
199 169
200 166
200 163
201 160
202 157
204 154
205 151
207 148
209 145
212 142
215 140
218 138
221 136
224 135
227 134
230 134
233 134
236 134
239 135
242 135
245 136
248 138
251 140
254 142
257 145
260 148
262 151
264 154
266 157
267 160
268 163
270 166
271 169
272 172
272 175
273 178
274 181
274 184
275 187
275 190
275 193
275 196
275 199
274 202
273 205
272 208
269 209
266 209
263 209
260 210
258 213
256 216
255 219
254 222
253 225
253 228
252 231
252 234
251 237
251 240
252 243
252 246
252 249
252 252
253 255
254 258
255 261
256 264
257 267
259 270
261 273
263 276
266 279
269 281
272 283
275 285
278 287
281 288
284 289
287 289
290 289
293 290
296 289
299 289
302 288
305 287
308 286
311 285
314 283
317 281
320 278
323 275
325 272
327 269
329 266
330 263
331 260
332 257
333 254
334 251
335 248
335 245
336 242
336 239
336 236
337 233
337 230
337 227
337 224
337 221
337 218
337 215
337 212
337 209
336 206
336 203
335 200
335 197
334 194
333 191
331 188
328 187
325 188
322 189
319 186
317 183
317 180
316 177
316 174
315 171
315 168
315 165
315 162
315 159
316 156
316 153
317 150
318 147
319 144
320 141
321 138
323 135
325 132
327 129
330 126
333 124
336 122
339 120
342 119
345 118
348 117
351 117
354 117
357 117
360 117
363 118
366 119
369 120
372 122
375 124
378 126
380 129
383 132
384 135
386 138
387 141
388 144
389 147
389 150
389 153
389 156
389 159
389 162
389 165
389 168
388 171
388 174
387 177
386 180
384 183
381 186
378 185
375 185
372 187
371 190
370 193
369 196
369 199
368 202
368 205
368 208
368 211
369 214
369 217
369 220
369 223
370 226
370 229
371 232
371 235
372 238
373 241
374 244
375 247
376 250
377 253
378 256
379 259
381 262
383 265
385 268
388 271
391 274
394 277
397 278
400 280
403 281
406 282
409 282
412 283
415 283
418 282
421 282
424 281
427 279
430 278
433 276
436 273
439 270
441 267
443 264
444 261
445 258
446 255
446 252
447 249
447 246
447 243
447 240
446 237
446 234
445 231
444 228
443 225
441 222
438 219
435 218
432 218
429 218
426 218
423 215
422 212
421 209
421 206
421 203
421 200
421 197
421 194
422 191
423 188
423 185
424 182
425 179
426 176
428 173
429 170
430 167
432 164
433 161
435 158
437 155
439 152
442 149
445 146
448 143
451 141
454 139
457 138
460 137
463 136
466 135
469 135
472 135
475 135
478 136
481 137
484 138
487 140
490 142
493 145
496 148
497 151
499 154
500 157
500 160
500 163
500 166
500 169
499 172
498 175
497 178
495 181
494 184
492 187
491 190
491 193
490 196
490 199
490 202
490 205
490 208
491 211
492 214
493 217
494 220
495 223
496 226
498 229
500 232
502 235
504 238
507 241
510 244
513 246
516 248
519 250
522 251
525 252
528 252
531 252
534 252
537 251
540 250
543 248
546 246
549 243
551 240
552 237
553 234
554 231
555 228
555 225
555 222
555 219
555 216
554 213
554 210
553 207
552 204
552 201
552 198
552 195
552 192
553 189
554 186
555 183
556 180
558 177
560 174
563 171
566 168
569 166
572 165
575 164
578 163
581 163
584 163
587 164
590 165
593 167
596 170
598 173
599 176
600 179
600 182
600 185
600 188
599 191
598 194
596 197
595 200
594 203
594 206
593 209
593 212
593 215
593 218
594 221
594 224
595 227
596 230
598 233
599 236
602 239
605 242
608 245
611 246
614 247
617 248
620 248
623 247
626 246
629 244
632 242
634 239
636 236
637 233
638 230
639 227
640 224
641 221
643 218
646 215
649 213
652 212
655 211
658 211
661 212
664 212
667 213
670 214
673 216
676 217
679 217
682 218
685 218
688 217
691 216
694 214
697 211
699 208
700 205
701 202
701 199
702 196
702 193
702 190
702 187
702 184
702 181
703 178
705 175
707 172
710 169
713 167
716 166
719 166
722 166
725 166
728 167
731 168
734 170
737 173
739 176
740 179
741 182
742 185
743 188
743 191
744 194
745 197
746 200
748 203
750 206
753 209
756 211
759 212
762 213
765 213
768 214
771 214
774 214
777 214
780 215
783 215
786 216
789 217
792 219
795 222
798 225
801 228
803 231
805 234
808 237
811 239
814 241
817 242
820 242
823 242
826 242
829 241
832 240
835 239
838 237
841 235
844 233
846 230
849 227
851 224
853 221
855 218
857 215
858 212
859 209
860 206
861 203
862 200
863 197
863 194
864 191
864 188
864 185
863 182
863 179
862 176
860 173
858 170
855 167
852 165
850 162
848 159
848 156
848 153
848 150
849 147
851 144
852 141
855 138
858 135
861 133
864 132
867 130
870 130
873 129
876 129
879 129
882 129
885 130
888 131
891 132
894 134
897 136
900 139
903 142
905 145
906 148
907 151
908 154
909 157
910 160
910 163
910 166
911 169
911 172
911 175
910 178
910 181
910 184
910 187
909 190
909 193
908 196
907 199
907 202
906 205
904 208
902 211
899 214
897 217
895 220
894 223
893 226
892 229
891 232
890 235
890 238
890 241
889 244
889 247
889 250
890 253
890 256
891 259
892 262
893 265
894 268
896 271
899 274
902 277
905 279
908 281
911 282
914 283
917 284
920 284
923 284
926 284
929 283
932 283
935 281
938 280
941 278
944 276
946 273
949 270
951 267
952 264
953 261
954 258
955 255
955 252
955 249
955 246
954 243
953 240
951 237
948 236
945 236
942 236
939 235
937 232
936 229
935 226
935 223
935 220
935 217
935 214
936 211
937 208
937 205
938 202
939 199
940 196
942 193
943 190
944 187
946 184
948 181
950 178
953 175
956 172
959 169
962 167
965 166
968 165
971 164
974 163
977 163
980 163
983 163
986 163
989 164
992 165
995 165
998 166
1001 167
1004 168
1007 170
1010 171
1013 173
1016 175
1019 177
1022 179
1025 182
1027 185
1029 188
1031 191
1033 194
1034 197
1035 200
1036 203
1036 206
1037 209
1037 212
1037 215
1037 218
1036 221
1035 224
1032 227
1030 230
1028 233
1028 236
1027 239
1028 242
1028 245
1029 248
1030 251
1031 254
1033 257
1036 260
1038 263
1041 265
1044 267
1047 269
1050 270
1053 271
1056 271
1059 271
1062 271
1065 271
1068 270
1071 269
1074 268
1077 267
1080 264
1083 262
1086 259
1088 256
1090 253
1092 250
1093 247
1094 244
1095 241
1096 238
1096 235
1096 232
1096 229
1096 226
1095 223
1094 220
1092 217
1089 215
1086 214
1083 212
1081 209
1079 206
1079 203
1078 200
1078 197
1077 194
1077 191
1078 188
1078 185
1079 182
1079 179
1080 176
1082 173
1083 170
1085 167
1088 164
1091 161
1094 159
1097 158
1100 156
1103 156
1106 155
1109 155
1112 155
1115 155
1118 155
1121 155
1124 156
1127 156
1130 156
1133 157
1136 157
1139 157
1142 158
1145 158
1148 158
1151 158
1154 159
1157 159
1160 160
1163 161
1166 162
1169 163
1172 164
1175 166
1178 169
1181 172
1183 175
1185 178
1187 181
1188 184
1189 187
1190 190
1190 193
1190 196
1190 199
1190 202
1189 205
1188 208
1187 211
1186 214
1184 217
1181 220
1178 221
1175 221
1172 221
1169 221
1166 224
1164 227
1162 230
1161 233
1161 236
1160 239
1160 242
1160 245
1160 248
1160 251
1161 254
1162 257
1163 260
1164 263
1165 266
1167 269
1169 272
1171 275
1174 278
1177 280
1180 282
1183 284
1186 286
1189 287
1192 288
1195 288
