0 232
6 232
12 231
18 228
24 223
30 217
36 211
42 208
48 206
54 206
60 207
66 208
72 209
78 209
84 208
90 205
96 199
99 193
102 187
105 181
110 175
116 171
122 169
128 170
134 172
140 177
144 183
147 189
148 195
149 201
150 207
152 213
156 219
162 225
168 227
174 228
180 227
186 225
192 220
196 214
199 208
201 202
203 196
205 190
209 184
214 178
220 174
226 173
232 173
238 175
244 179
249 185
253 191
255 197
257 203
259 209
261 215
265 221
271 227
277 231
283 234
289 235
295 235
301 235
307 233
313 230
319 225
323 219
326 213
328 207
329 201
330 195
331 189
332 183
335 177
339 171
345 167
351 165
357 164
363 166
369 169
375 175
378 181
379 187
380 193
381 199
381 205
382 211
384 217
388 223
394 229
400 232
406 234
412 234
418 233
424 230
430 225
435 219
437 213
439 207
441 201
444 195
447 189
452 183
458 179
464 177
470 177
476 178
482 180
488 184
494 189
499 195
505 201
511 207
517 212
523 216
529 218
535 218
541 218
547 215
553 210
558 204
563 198
569 192
575 189
581 188
587 190
593 194
598 200
602 206
608 212
614 215
620 216
626 215
632 213
638 209
644 206
650 203
656 203
662 203
668 204
674 206
680 207
686 207
692 205
698 202
704 198
710 195
716 193
722 192
728 193
734 196
740 199
746 202
752 204
758 205
764 205
770 205
776 204
782 204
788 205
794 207
800 209
806 212
812 213
818 214
824 214
830 213
836 210
842 205
848 199
852 193
856 187
862 181
868 176
874 174
880 174
886 176
892 180
896 186
898 192
899 198
900 204
900 210
901 216
904 222
909 228
915 232
921 234
927 233
933 231
939 227
943 221
946 215
948 209
950 203
953 197
959 192
965 189
971 188
977 188
983 189
989 191
995 192
1001 192
1007 192
1013 192
1019 194
1025 197
1031 202
1035 208
1039 214
1044 220
1050 224
1056 226
1062 226
1068 225
1074 221
1079 215
1082 209
1085 203
1088 197
1092 191
1098 187
1104 186
1110 186
1116 187
1122 189
1128 190
1134 190
1140 189
1146 188
1152 187
1158 187
1164 189
1170 193
1174 199
1176 205
1178 211
1181 217
1184 223
1190 228
