0 209
6 209
12 209
18 208
24 208
30 207
36 206
42 206
48 206
54 206
60 206
66 206
72 206
78 206
84 206
90 206
96 205
102 204
108 203
114 202
120 202
126 202
132 202
138 203
144 204
150 205
156 206
162 207
168 208
174 208
180 208
186 207
192 207
198 206
204 205
210 204
216 203
222 202
228 202
234 203
240 203
246 204
252 205
258 206
264 207
270 208
276 208
282 209
288 209
294 209
300 209
306 209
312 208
318 207
324 206
330 205
336 204
342 203
348 202
354 201
360 201
366 201
372 203
378 204
384 206
390 207
396 208
402 209
408 209
414 209
420 208
426 208
432 207
438 206
444 205
450 204
456 203
462 203
468 203
474 203
480 203
486 204
492 204
498 205
504 205
510 205
516 206
522 206
528 207
534 207
540 207
546 207
552 206
558 206
564 205
570 204
576 204
582 204
588 204
594 205
600 206
606 206
612 207
618 207
624 207
630 207
636 206
642 206
648 205
654 205
660 205
666 206
672 206
678 206
684 206
690 206
696 206
702 205
708 205
714 204
720 204
726 204
732 205
738 205
744 205
750 206
756 206
762 206
768 206
774 205
780 205
786 205
792 206
798 206
804 206
810 206
816 206
822 206
828 206
834 206
840 206
846 205
852 205
858 204
864 203
870 203
876 202
882 202
888 203
894 204
900 205
906 207
912 208
918 209
924 209
930 209
936 208
942 207
948 206
954 205
960 204
966 204
972 204
978 204
984 205
990 205
996 205
1002 205
1008 205
1014 204
1020 204
1026 205
1032 205
1038 206
1044 207
1050 208
1056 208
1062 208
1068 208
1074 207
1080 206
1086 205
1092 204
1098 204
1104 203
1110 204
1116 204
1122 204
1128 205
1134 205
1140 204
1146 204
1152 204
1158 204
1164 204
1170 205
1176 206
1182 207
1188 208
