0 276
6 276
12 274
18 271
24 266
28 260
29 254
30 248
31 242
34 236
40 230
46 226
52 225
58 224
64 224
70 225
76 225
82 224
88 221
94 217
99 211
102 205
103 199
104 193
102 187
99 181
97 175
96 169
99 163
105 157
111 153
117 152
123 151
129 152
135 154
141 158
147 163
151 169
153 175
155 181
155 187
155 193
154 199
152 205
149 211
146 217
145 223
144 229
145 235
146 241
148 247
153 253
159 258
165 261
171 262
177 262
183 260
189 257
195 252
199 246
202 240
204 234
205 228
205 222
205 216
203 210
201 204
200 198
200 192
201 186
203 180
207 174
212 168
218 164
224 161
230 160
236 161
242 162
248 166
254 171
259 177
262 183
264 189
266 195
266 201
265 207
262 213
259 219
257 225
256 231
255 237
256 243
257 249
259 255
262 261
267 267
273 272
279 275
285 277
291 278
297 278
303 277
309 275
315 271
321 266
325 260
329 254
331 248
333 242
334 236
334 230
334 224
334 218
332 212
330 206
325 200
322 194
320 188
320 182
321 176
323 170
326 164
331 158
337 153
343 150
349 148
355 147
361 148
367 150
373 154
379 159
383 165
385 171
387 177
387 183
386 189
385 195
380 201
376 207
375 213
374 219
374 225
374 231
375 237
376 243
378 249
381 255
385 261
391 267
397 271
403 273
409 274
415 274
421 273
427 270
433 265
438 259
441 253
442 247
443 241
442 235
439 229
436 223
433 217
431 211
431 205
432 199
434 193
436 187
440 181
444 175
450 170
456 167
462 164
468 164
474 164
480 166
486 169
492 175
495 181
497 187
498 193
498 199
498 205
499 211
500 217
501 223
504 229
507 235
512 241
518 245
524 248
530 249
536 249
542 247
548 243
552 237
555 231
556 225
556 219
557 213
557 207
559 201
562 195
568 189
574 186
580 185
586 186
592 190
596 196
598 202
598 208
598 214
598 220
599 226
601 232
605 238
611 243
617 245
623 244
629 242
635 237
639 231
643 225
649 220
655 218
661 218
667 220
673 223
679 224
685 225
691 223
697 217
700 211
703 205
706 199
711 193
717 190
723 190
729 192
735 196
739 202
743 208
747 214
753 219
759 221
765 221
771 221
777 221
783 221
789 223
795 227
801 232
807 237
813 240
819 241
825 241
831 240
837 236
843 231
848 225
851 219
853 213
854 207
855 201
855 195
854 189
853 183
854 177
857 171
862 165
868 162
874 160
880 160
886 161
892 164
898 169
903 175
905 181
907 187
907 193
907 199
906 205
904 211
902 217
898 223
895 229
894 235
893 241
893 247
895 253
897 259
902 265
908 270
914 273
920 274
926 274
932 273
938 270
944 265
948 259
950 253
950 247
949 241
945 235
943 229
942 223
942 217
944 211
946 205
950 199
954 193
960 189
966 186
972 185
978 185
984 186
990 187
996 188
1002 189
1008 191
1014 193
1020 196
1026 201
1030 207
1033 213
1034 219
1034 225
1034 231
1033 237
1034 243
1036 249
1040 255
1046 260
1052 263
1058 264
1064 264
1070 262
1076 259
1082 254
1086 248
1088 242
1089 236
1088 230
1086 224
1084 218
1082 212
1081 206
1082 200
1084 194
1088 188
1094 183
1100 181
1106 180
1112 180
1118 181
1124 182
1130 182
1136 183
1142 183
1148 182
1154 182
1160 183
1166 185
1172 188
1178 193
1181 199
1183 205
1183 211
1182 217
1179 223
1174 229
1171 235
1169 241
1169 247
1171 253
1173 259
1178 265
1184 270
1190 274
