0 218
6 218
12 218
18 218
24 218
30 218
36 218
42 218
48 218
54 218
60 218
66 218
72 218
78 218
84 218
90 218
96 218
102 218
108 217
114 217
120 217
126 217
132 217
138 217
144 217
150 218
156 218
162 218
168 218
174 218
180 218
186 218
192 218
198 218
204 218
210 218
216 217
222 217
228 217
234 217
240 217
246 218
252 218
258 218
264 218
270 218
276 218
282 218
288 218
294 218
300 218
306 218
312 218
318 218
324 218
330 218
336 218
342 217
348 217
354 217
360 217
366 217
372 217
378 218
384 218
390 218
396 218
402 218
408 218
414 218
420 218
426 218
432 218
438 218
444 218
450 218
456 217
462 217
468 217
474 217
480 217
486 217
492 218
498 218
504 218
510 218
516 218
522 218
528 218
534 218
540 218
546 218
552 218
558 218
564 218
570 217
576 217
582 217
588 217
594 218
600 218
606 218
612 218
618 218
624 218
630 218
636 218
642 218
648 218
654 218
660 218
666 218
672 218
678 218
684 218
690 218
696 218
702 218
708 218
714 217
720 218
726 218
732 218
738 218
744 218
750 218
756 218
762 218
768 218
774 218
780 218
786 218
792 218
798 218
804 218
810 218
816 218
822 218
828 218
834 218
840 218
846 218
852 218
858 218
864 217
870 217
876 217
882 217
888 217
894 217
900 218
906 218
912 218
918 218
924 218
930 218
936 218
942 218
948 218
954 218
960 217
966 217
972 218
978 218
984 218
990 218
996 218
1002 218
1008 218
1014 218
1020 218
1026 218
1032 218
1038 218
1044 218
1050 218
1056 218
1062 218
1068 218
1074 218
1080 218
1086 218
1092 218
1098 217
1104 217
1110 218
1116 218
1122 218
1128 218
1134 218
1140 218
1146 218
1152 218
1158 218
1164 218
1170 218
1176 218
1182 218
1188 218
