0 206
6 206
12 206
18 206
24 206
30 205
36 205
42 205
48 205
54 205
60 205
66 205
72 205
78 205
84 205
90 205
96 205
102 204
108 204
114 204
120 203
126 203
132 203
138 204
144 204
150 205
156 205
162 205
168 206
174 206
180 206
186 206
192 205
198 205
204 204
210 204
216 204
222 204
228 203
234 204
240 204
246 204
252 205
258 205
264 206
270 206
276 206
282 206
288 206
294 206
300 206
306 206
312 206
318 206
324 205
330 205
336 204
342 204
348 203
354 203
360 203
366 203
372 204
378 204
384 205
390 206
396 206
402 206
408 206
414 206
420 206
426 206
432 205
438 205
444 205
450 204
456 204
462 204
468 204
474 204
480 204
486 204
492 204
498 205
504 205
510 205
516 205
522 205
528 205
534 205
540 205
546 205
552 205
558 205
564 205
570 204
576 204
582 204
588 204
594 205
600 205
606 205
612 205
618 205
624 206
630 205
636 205
642 205
648 205
654 205
660 205
666 205
672 205
678 205
684 205
690 205
696 205
702 205
708 204
714 204
720 204
726 204
732 204
738 205
744 205
750 205
756 205
762 205
768 205
774 205
780 205
786 205
792 205
798 205
804 205
810 205
816 205
822 205
828 205
834 205
840 205
846 205
852 205
858 204
864 204
870 204
876 203
882 203
888 204
894 204
900 205
906 205
912 206
918 206
924 206
930 206
936 206
942 205
948 205
954 204
960 204
966 204
972 204
978 204
984 205
990 205
996 205
1002 205
1008 205
1014 204
1020 204
1026 204
1032 205
1038 205
1044 205
1050 206
1056 206
1062 206
1068 206
1074 205
1080 205
1086 205
1092 204
1098 204
1104 204
1110 204
1116 204
1122 204
1128 205
1134 205
1140 204
1146 204
1152 204
1158 204
1164 204
1170 205
1176 205
1182 205
1188 206
