0 224
6 224
12 223
18 223
24 221
30 221
36 220
42 219
48 218
54 218
60 219
66 219
72 219
78 219
84 219
90 218
96 217
102 215
108 213
114 212
120 211
126 211
132 211
138 213
144 215
150 217
156 219
162 221
168 222
174 223
180 223
186 222
192 220
198 218
204 216
210 214
216 213
222 212
228 212
234 212
240 213
246 215
252 217
258 218
264 220
270 221
276 223
282 223
288 224
294 224
300 224
306 224
312 223
318 221
324 219
330 217
336 215
342 212
348 210
354 210
360 210
366 211
372 213
378 216
384 218
390 221
396 223
402 224
408 224
414 224
420 223
426 222
432 221
438 219
444 217
450 215
456 214
462 213
468 213
474 213
480 213
486 214
492 215
498 216
504 217
510 218
516 219
522 219
528 220
534 220
540 221
546 220
552 219
558 218
564 217
570 215
576 215
582 215
588 215
594 217
600 218
606 219
612 220
618 220
624 220
630 220
636 219
642 218
648 218
654 218
660 217
666 218
672 218
678 219
684 219
690 218
696 218
702 217
708 216
714 216
720 216
726 216
732 216
738 217
744 217
750 218
756 218
762 218
768 218
774 218
780 218
786 218
792 218
798 218
804 219
810 219
816 219
822 219
828 219
834 219
840 218
846 217
852 216
858 215
864 214
870 212
876 212
882 212
888 213
894 215
900 217
906 220
912 223
918 224
924 225
930 224
936 222
942 220
948 218
954 217
960 215
966 215
972 215
978 215
984 216
990 216
996 216
1002 216
1008 216
1014 216
1020 216
1026 216
1032 217
1038 219
1044 220
1050 221
1056 222
1062 222
1068 222
1074 220
1080 219
1086 217
1092 215
1098 214
1104 214
1110 215
1116 215
1122 216
1128 216
1134 216
1140 216
1146 215
1152 215
1158 215
1164 215
1170 216
1176 218
1182 220
1188 222
