0 213
6 212
12 212
18 212
24 212
30 213
36 213
42 213
48 214
54 214
60 215
66 215
72 216
78 216
84 217
90 217
96 217
102 217
108 217
114 217
120 216
126 216
132 215
138 214
144 213
150 213
156 212
162 212
168 211
174 211
180 211
186 212
192 212
198 212
204 213
210 214
216 214
222 215
228 216
234 216
240 217
246 217
252 218
258 218
264 218
270 218
276 217
282 217
288 216
294 216
300 215
306 215
312 214
318 214
324 214
330 213
336 213
342 213
348 213
354 213
360 214
366 214
372 214
378 215
384 215
390 216
396 216
402 216
408 217
414 217
420 217
426 218
432 218
438 218
444 218
450 217
456 217
462 217
468 216
474 215
480 215
486 214
492 213
498 212
504 212
510 211
516 211
522 210
528 210
534 210
540 210
546 211
552 211
558 212
564 212
570 213
576 214
582 215
588 215
594 216
600 216
606 217
612 217
618 217
624 217
630 216
636 216
642 215
648 215
654 214
660 214
666 213
672 213
678 213
684 213
690 213
696 214
702 214
708 215
714 216
720 216
726 217
732 218
738 218
744 218
750 218
756 218
762 218
768 218
774 217
780 216
786 215
792 214
798 213
804 212
810 211
816 210
822 210
828 209
834 209
840 209
846 209
852 210
858 210
864 211
870 212
876 213
882 214
888 215
894 216
900 217
906 218
912 219
918 219
924 220
930 220
936 220
942 220
948 219
954 219
960 218
966 217
972 216
978 216
984 215
990 214
996 213
1002 213
1008 212
1014 212
1020 212
1026 212
1032 212
1038 212
1044 213
1050 213
1056 214
1062 214
1068 215
1074 215
1080 216
1086 216
1092 217
1098 217
1104 217
1110 217
1116 217
1122 217
1128 217
1134 216
1140 216
1146 216
1152 216
1158 215
1164 215
1170 214
1176 214
1182 214
1188 213
