0 102
6 102
12 102
18 103
24 104
30 106
36 109
42 113
48 118
53 124
58 130
62 136
65 142
68 148
71 154
74 160
76 166
78 172
80 178
82 184
83 190
85 196
86 202
86 208
87 214
87 220
85 226
80 232
74 233
68 230
62 224
56 218
51 212
45 208
39 206
33 211
30 217
29 223
29 229
29 235
30 241
31 247
32 253
33 259
35 265
37 271
40 277
43 283
46 289
50 295
55 301
61 306
67 311
73 314
79 316
85 317
91 318
97 318
103 317
109 316
115 313
121 310
127 306
133 300
138 294
142 288
145 282
148 276
150 270
153 264
155 258
157 252
158 246
160 240
162 234
163 228
164 222
165 216
166 210
166 204
167 198
166 192
165 186
159 183
153 187
148 193
144 199
140 205
136 211
131 217
125 220
119 214
118 208
117 202
116 196
116 190
116 184
116 178
116 172
116 166
117 160
117 154
118 148
120 142
121 136
123 130
126 124
129 118
132 112
137 106
143 100
149 96
155 92
161 89
167 88
173 86
179 86
185 86
191 87
197 88
203 90
209 92
215 96
221 101
227 107
232 113
235 119
238 125
240 131
242 137
243 143
244 149
244 155
245 161
245 167
245 173
244 179
244 185
243 191
242 197
241 203
240 209
239 215
238 221
234 227
228 227
223 221
219 215
216 209
214 203
210 197
206 191
200 188
194 194
193 200
193 206
192 212
192 218
192 224
193 230
193 236
194 242
194 248
195 254
196 260
197 266
199 272
200 278
202 284
205 290
207 296
211 302
215 308
221 314
227 319
233 323
239 325
245 327
251 328
257 329
263 328
269 328
275 326
281 324
287 321
293 317
299 312
305 306
309 300
313 294
316 288
319 282
321 276
323 270
325 264
326 258
327 252
327 246
327 240
326 234
323 228
317 225
311 226
305 230
299 235
293 241
287 245
281 248
275 248
269 243
267 237
267 231
268 225
269 219
270 213
272 207
274 201
277 195
279 189
282 183
285 177
288 171
291 165
295 159
299 153
304 147
310 141
316 136
322 132
328 129
334 128
340 127
346 126
352 127
358 128
364 130
370 133
376 136
382 141
388 146
393 152
398 158
403 164
407 170
411 176
415 182
418 188
422 194
425 200
428 206
430 212
433 218
435 224
436 230
437 236
437 242
436 248
432 254
426 257
420 257
414 254
408 248
402 242
396 236
390 232
384 231
378 235
375 241
373 247
373 253
372 259
373 265
373 271
374 277
375 283
377 289
379 295
381 301
384 307
388 313
393 319
399 325
405 330
411 333
417 336
423 338
429 339
435 340
441 340
447 340
453 339
459 338
465 336
471 333
477 330
483 325
489 319
493 313
496 307
499 301
501 295
503 289
504 283
505 277
505 271
506 265
506 259
506 253
506 247
506 241
505 235
505 229
504 223
504 217
503 211
502 205
501 199
500 193
500 187
499 181
498 175
492 171
488 177
485 183
484 189
482 195
481 201
480 207
478 213
476 219
470 224
465 218
463 212
462 206
460 200
459 194
457 188
456 182
455 176
454 170
453 164
452 158
451 152
451 146
451 140
451 134
452 128
453 122
455 116
457 110
459 104
462 98
466 92
472 86
478 80
484 76
490 72
496 70
502 67
508 66
514 65
520 64
526 64
532 64
538 65
544 66
550 67
556 69
562 72
568 76
574 80
580 85
585 91
589 97
593 103
595 109
597 115
598 121
599 127
599 133
598 139
597 145
596 151
594 157
591 163
588 169
584 175
579 181
573 185
567 185
561 180
558 174
554 168
551 162
547 156
542 150
536 146
530 145
524 149
521 155
520 161
520 167
520 173
521 179
523 185
524 191
526 197
528 203
530 209
532 215
534 221
537 227
540 233
543 239
546 245
549 251
552 257
556 263
560 269
565 275
570 281
576 286
582 290
588 293
594 295
600 296
606 296
612 296
618 295
624 292
630 289
636 285
642 280
647 274
651 268
655 262
658 256
660 250
661 244
661 238
659 232
653 228
647 228
641 229
635 230
629 231
623 232
617 230
611 224
610 218
611 212
613 206
618 200
623 194
629 188
635 183
641 179
647 175
653 172
659 169
665 167
671 166
677 165
683 164
689 164
695 165
701 166
707 168
713 170
719 172
725 175
731 178
737 182
743 186
749 190
755 194
761 198
767 203
773 208
779 213
784 219
787 225
789 231
789 237
786 243
782 249
776 254
770 257
764 258
758 258
752 256
746 253
740 250
734 247
728 244
722 243
716 244
710 248
706 254
704 260
702 266
702 272
701 278
702 284
702 290
704 296
706 302
709 308
714 314
720 320
726 324
732 326
738 328
744 329
750 329
756 328
762 326
768 324
774 321
780 316
786 311
792 305
796 299
801 293
805 287
809 281
813 275
817 269
821 263
825 257
829 251
833 245
836 239
839 233
842 227
844 221
846 215
848 209
849 203
850 197
851 191
852 185
852 179
852 173
853 167
853 161
854 155
854 149
853 143
851 137
845 131
839 130
833 133
829 139
827 145
825 151
824 157
822 163
821 169
820 175
819 181
817 187
814 193
808 195
802 191
796 185
790 179
785 173
780 167
776 161
772 155
769 149
766 143
764 137
763 131
762 125
762 119
762 113
763 107
764 101
766 95
769 89
773 83
778 77
784 72
790 67
796 63
802 61
808 58
814 57
820 55
826 54
832 54
838 54
844 54
850 55
856 56
862 58
868 60
874 63
880 66
886 71
892 76
897 82
901 88
904 94
906 100
908 106
909 112
910 118
911 124
911 130
911 136
910 142
910 148
909 154
908 160
907 166
906 172
905 178
904 184
903 190
902 196
901 202
900 208
900 214
899 220
899 226
898 232
898 238
899 244
899 250
900 256
894 257
891 251
889 245
888 239
887 233
886 227
886 221
885 215
885 209
884 203
884 197
883 191
882 185
881 179
880 173
878 167
873 161
869 167
870 173
872 179
872 185
872 191
872 197
872 203
872 209
871 215
871 221
870 227
869 233
868 239
867 245
866 251
865 257
865 263
864 269
863 275
863 281
863 287
863 293
863 299
864 305
865 311
866 317
868 323
871 329
874 335
879 341
885 346
891 350
897 353
903 356
909 358
915 359
921 360
927 360
933 360
939 360
945 359
951 358
957 356
963 354
969 351
975 347
981 342
987 336
990 330
993 324
995 318
997 312
998 306
998 300
999 294
998 288
998 282
997 276
996 270
995 264
993 258
992 252
990 246
988 240
985 234
981 228
975 224
969 227
965 233
963 239
960 245
958 251
955 257
952 263
949 269
947 275
944 281
938 287
932 289
926 288
920 282
918 276
918 270
918 264
919 258
920 252
920 246
921 240
922 234
924 228
925 222
927 216
929 210
931 204
933 198
936 192
939 186
942 180
945 174
949 168
952 162
956 156
960 150
964 144
968 138
972 132
977 126
983 120
989 114
995 110
1001 106
1007 103
1013 101
1019 100
1025 99
1031 99
1037 100
1043 101
1049 103
1055 106
1061 110
1067 116
1072 122
1076 128
1079 134
1082 140
1084 146
1086 152
1087 158
1088 164
1089 170
1089 176
1090 182
1090 188
1090 194
1089 200
1088 206
1087 212
1084 218
1078 224
1072 225
1066 221
1060 215
1055 209
1050 203
1044 197
1038 192
1032 191
1026 193
1021 199
1019 205
1019 211
1020 217
1021 223
1023 229
1026 235
1029 241
1032 247
1035 253
1039 259
1043 265
1047 271
1051 277
1056 283
1061 289
1066 295
1072 301
1078 306
1084 310
1090 314
1096 317
1102 319
1108 321
1114 322
1120 322
1126 322
1132 321
1138 320
1144 317
1150 314
1156 310
1162 305
1167 299
1171 293
1174 287
1177 281
1180 275
1182 269
1183 263
1185 257
1186 251
1187 245
1187 239
1187 233
1187 227
1186 221
1185 215
1181 209
1175 207
1169 209
1163 214
1158 220
1153 226
1147 231
1141 233
1135 231
1131 225
1129 219
1128 213
1128 207
1129 201
1130 195
1131 189
1132 183
1134 177
1136 171
1138 165
1140 159
1143 153
1145 147
1149 141
1152 135
1157 129
1162 123
1168 117
1174 112
1180 108
1186 106
1192 104
