0 197
6 197
12 197
18 197
24 197
30 198
36 199
42 200
48 201
54 203
60 204
66 206
72 207
78 209
84 210
90 210
96 211
102 210
108 210
114 209
120 208
126 206
132 204
138 202
144 200
150 198
156 197
162 196
168 195
174 194
180 194
186 195
192 196
198 197
204 198
210 200
216 202
222 204
228 206
234 208
240 210
246 211
252 211
258 212
264 212
270 212
276 211
282 210
288 209
294 207
300 206
306 204
312 203
318 201
324 200
330 200
336 199
342 199
348 199
354 199
360 200
366 201
372 202
378 203
384 204
390 206
396 207
402 208
408 210
414 211
420 212
426 212
432 213
438 213
444 212
450 211
456 210
462 209
468 207
474 205
480 203
486 201
492 199
498 197
504 195
510 194
516 193
522 192
528 192
534 192
540 192
546 193
552 194
558 196
564 198
570 200
576 202
582 204
588 206
594 208
600 209
606 210
612 210
618 210
624 209
630 208
636 207
642 206
648 204
654 203
660 201
666 200
672 200
678 199
684 199
690 200
696 201
702 203
708 204
714 206
720 208
726 210
732 212
738 213
744 214
750 214
756 214
762 213
768 212
774 210
780 208
786 205
792 202
798 199
804 196
810 194
816 191
822 190
828 189
834 188
840 188
846 189
852 190
858 191
864 193
870 196
876 199
882 202
888 205
894 209
900 211
906 214
912 216
918 217
924 218
930 218
936 218
942 218
948 216
954 215
960 213
966 211
972 208
978 205
984 203
990 201
996 199
1002 197
1008 196
1014 195
1020 195
1026 195
1032 196
1038 196
1044 197
1050 199
1056 200
1062 202
1068 203
1074 205
1080 206
1086 208
1092 209
1098 209
1104 210
1110 210
1116 210
1122 210
1128 210
1134 209
1140 208
1146 207
1152 206
1158 205
1164 204
1170 202
1176 201
1182 200
1188 199
