0 199
6 199
12 199
18 199
24 199
30 199
36 199
42 199
48 199
54 199
60 200
66 200
72 200
78 200
84 200
90 201
96 201
102 201
108 201
114 200
120 200
126 200
132 200
138 199
144 199
150 199
156 199
162 198
168 198
174 198
180 198
186 198
192 198
198 199
204 199
210 199
216 200
222 200
228 200
234 200
240 201
246 201
252 201
258 201
264 201
270 201
276 201
282 201
288 200
294 200
300 200
306 200
312 200
318 199
324 199
330 199
336 199
342 199
348 199
354 199
360 199
366 199
372 200
378 200
384 200
390 200
396 200
402 200
408 201
414 201
420 201
426 201
432 201
438 201
444 201
450 201
456 201
462 200
468 200
474 200
480 200
486 199
492 199
498 199
504 198
510 198
516 198
522 198
528 198
534 198
540 198
546 198
552 198
558 198
564 199
570 199
576 199
582 200
588 200
594 200
600 200
606 201
612 201
618 201
624 201
630 200
636 200
642 200
648 200
654 199
660 199
666 199
672 199
678 199
684 199
690 199
696 199
702 199
708 200
714 200
720 200
726 201
732 201
738 201
744 201
750 201
756 201
762 201
768 201
774 201
780 200
786 200
792 199
798 199
804 198
810 198
816 198
822 198
828 197
834 197
840 197
846 197
852 198
858 198
864 198
870 199
876 199
882 200
888 200
894 200
900 201
906 201
912 202
918 202
924 202
930 202
936 202
942 202
948 202
954 201
960 201
966 201
972 200
978 200
984 200
990 199
996 199
1002 199
1008 199
1014 199
1020 199
1026 199
1032 199
1038 199
1044 199
1050 199
1056 199
1062 200
1068 200
1074 200
1080 200
1086 200
1092 200
1098 201
1104 201
1110 201
1116 201
1122 201
1128 200
1134 200
1140 200
1146 200
1152 200
1158 200
1164 200
1170 200
1176 199
1182 199
1188 199
