0 208
6 208
12 208
18 208
24 208
30 208
36 208
42 208
48 208
54 209
60 209
66 209
72 209
78 209
84 209
90 209
96 209
102 209
108 209
114 209
120 209
126 209
132 209
138 209
144 208
150 208
156 208
162 208
168 208
174 208
180 208
186 208
192 208
198 208
204 208
210 208
216 209
222 209
228 209
234 209
240 209
246 209
252 209
258 209
264 209
270 209
276 209
282 209
288 209
294 209
300 209
306 209
312 209
318 209
324 209
330 208
336 208
342 208
348 208
354 209
360 209
366 209
372 209
378 209
384 209
390 209
396 209
402 209
408 209
414 209
420 209
426 209
432 209
438 209
444 209
450 209
456 209
462 209
468 209
474 209
480 209
486 209
492 208
498 208
504 208
510 208
516 208
522 208
528 208
534 208
540 208
546 208
552 208
558 208
564 208
570 208
576 208
582 209
588 209
594 209
600 209
606 209
612 209
618 209
624 209
630 209
636 209
642 209
648 209
654 209
660 208
666 208
672 208
678 208
684 208
690 208
696 208
702 209
708 209
714 209
720 209
726 209
732 209
738 210
744 210
750 210
756 210
762 210
768 209
774 209
780 209
786 209
792 209
798 208
804 208
810 208
816 208
822 208
828 207
834 207
840 207
846 208
852 208
858 208
864 208
870 208
876 208
882 209
888 209
894 209
900 209
906 210
912 210
918 210
924 210
930 210
936 210
942 210
948 210
954 210
960 210
966 209
972 209
978 209
984 209
990 209
996 208
1002 208
1008 208
1014 208
1020 208
1026 208
1032 208
1038 208
1044 208
1050 209
1056 209
1062 209
1068 209
1074 209
1080 209
1086 209
1092 209
1098 209
1104 209
1110 209
1116 209
1122 209
1128 209
1134 209
1140 209
1146 209
1152 209
1158 209
1164 209
1170 209
1176 209
1182 209
1188 208
