0 203
6 202
12 202
18 202
24 202
30 203
36 203
42 204
48 204
54 205
60 206
66 207
72 208
78 209
84 209
90 210
96 210
102 210
108 209
114 209
120 208
126 207
132 206
138 205
144 204
150 203
156 202
162 201
168 201
174 201
180 201
186 201
192 201
198 202
204 203
210 204
216 205
222 206
228 208
234 209
240 209
246 210
252 210
258 211
264 211
270 210
276 210
282 209
288 209
294 208
300 207
306 206
312 206
318 205
324 204
330 204
336 204
342 203
348 203
354 204
360 204
366 205
372 205
378 206
384 206
390 207
396 208
402 209
408 209
414 210
420 210
426 211
432 211
438 211
444 211
450 210
456 210
462 209
468 208
474 207
480 206
486 205
492 203
498 202
504 201
510 200
516 200
522 199
528 199
534 199
540 199
546 200
552 201
558 201
564 203
570 204
576 205
582 206
588 207
594 208
600 209
606 209
612 209
618 209
624 209
630 209
636 208
642 207
648 206
654 205
660 205
666 204
672 204
678 203
684 203
690 204
696 204
702 205
708 206
714 207
720 209
726 210
732 211
738 211
744 212
750 212
756 212
762 211
768 211
774 210
780 208
786 207
792 205
798 203
804 202
810 200
816 199
822 198
828 197
834 197
840 197
846 197
852 198
858 199
864 200
870 202
876 203
882 205
888 207
894 209
900 210
906 212
912 213
918 214
924 214
930 214
936 214
942 214
948 213
954 212
960 211
966 210
972 209
978 207
984 206
990 205
996 204
1002 203
1008 202
1014 202
1020 201
1026 201
1032 202
1038 202
1044 203
1050 203
1056 204
1062 205
1068 206
1074 207
1080 208
1086 208
1092 209
1098 209
1104 209
1110 210
1116 210
1122 210
1128 209
1134 209
1140 208
1146 208
1152 207
1158 207
1164 206
1170 205
1176 205
1182 204
1188 203
