0 211
6 211
12 211
18 211
24 211
30 211
36 211
42 211
48 212
54 212
60 213
66 213
72 213
78 214
84 214
90 214
96 214
102 214
108 214
114 214
120 214
126 213
132 213
138 212
144 212
150 211
156 211
162 210
168 210
174 210
180 210
186 210
192 210
198 211
204 211
210 212
216 212
222 213
228 213
234 214
240 214
246 215
252 215
258 215
264 215
270 215
276 215
282 214
288 214
294 214
300 213
306 213
312 212
318 212
324 212
330 212
336 212
342 211
348 212
354 212
360 212
366 212
372 212
378 213
384 213
390 213
396 214
402 214
408 214
414 214
420 215
426 215
432 215
438 215
444 215
450 215
456 214
462 214
468 214
474 213
480 212
486 212
492 211
498 211
504 210
510 210
516 210
522 209
528 209
534 209
540 209
546 209
552 210
558 210
564 211
570 211
576 212
582 213
588 213
594 214
600 214
606 214
612 214
618 214
624 214
630 214
636 213
642 213
648 213
654 212
660 212
666 212
672 211
678 211
684 211
690 211
696 212
702 212
708 213
714 213
720 214
726 214
732 215
738 215
744 215
750 216
756 215
762 215
768 215
774 214
780 214
786 213
792 212
798 211
804 210
810 210
816 209
822 209
828 208
834 208
840 208
846 209
852 209
858 209
864 210
870 211
876 211
882 212
888 213
894 214
900 215
906 215
912 216
918 216
924 217
930 217
936 217
942 216
948 216
954 216
960 215
966 215
972 214
978 213
984 213
990 212
996 211
1002 211
1008 211
1014 211
1020 210
1026 211
1032 211
1038 211
1044 211
1050 212
1056 212
1062 212
1068 213
1074 213
1080 213
1086 214
1092 214
1098 214
1104 214
1110 214
1116 214
1122 214
1128 214
1134 214
1140 214
1146 213
1152 213
1158 213
1164 213
1170 212
1176 212
1182 212
1188 211
