0 202
6 202
12 201
18 201
24 201
30 202
36 202
42 202
48 202
54 202
60 203
66 203
72 203
78 203
84 204
90 204
96 204
102 204
108 204
114 203
120 203
126 203
132 203
138 202
144 202
150 202
156 201
162 201
168 201
174 201
180 201
186 201
192 201
198 201
204 202
210 202
216 202
222 203
228 203
234 203
240 204
246 204
252 204
258 204
264 204
270 204
276 204
282 204
288 203
294 203
300 203
306 203
312 203
318 202
324 202
330 202
336 202
342 202
348 202
354 202
360 202
366 202
372 202
378 203
384 203
390 203
396 203
402 203
408 204
414 204
420 204
426 204
432 204
438 204
444 204
450 204
456 204
462 203
468 203
474 203
480 203
486 202
492 202
498 202
504 201
510 201
516 201
522 201
528 200
534 200
540 200
546 201
552 201
558 201
564 201
570 202
576 202
582 203
588 203
594 203
600 203
606 204
612 204
618 204
624 204
630 203
636 203
642 203
648 203
654 202
660 202
666 202
672 202
678 202
684 202
690 202
696 202
702 202
708 203
714 203
720 203
726 204
732 204
738 204
744 204
750 204
756 204
762 204
768 204
774 204
780 203
786 203
792 202
798 202
804 201
810 201
816 200
822 200
828 200
834 200
840 200
846 200
852 200
858 201
864 201
870 201
876 202
882 202
888 203
894 203
900 204
906 204
912 205
918 205
924 205
930 205
936 205
942 205
948 205
954 205
960 204
966 204
972 203
978 203
984 203
990 202
996 202
1002 202
1008 202
1014 201
1020 201
1026 201
1032 201
1038 202
1044 202
1050 202
1056 202
1062 203
1068 203
1074 203
1080 203
1086 203
1092 204
1098 204
1104 204
1110 204
1116 204
1122 204
1128 204
1134 203
1140 203
1146 203
1152 203
1158 203
1164 203
1170 202
1176 202
1182 202
1188 202
