67 70
72 102
95 97
66 100
60 63
71 91
95 102
101 102
80 85
92 94
98 100
93 102
67 68
94 102
80 92
98 102
68 74
91 100
70 76
65 74
72 98
75 77
77 85
68 102
68 69
91 92
66 102
79 80
88 101
90 100
70 71
77 78
74 77
93 95
74 75
65 91
81 83
89 90
70 72
69 76
91 93
72 89
75 84
88 91
98 101
90 92
94 96
73 76
88 90
86 87
99 100
59 65
68 76
95 98
87 88
65 98
72 78
91 96
65 70
65 67
60 91
96 100
72 74
97 98
73 75
98 99
65 73
71 80
93 99
75 85
90 91
68 73
70 74
68 92
94 99
65 66
100 101
92 101
65 72
69 70
85 86
93 94
92 93
66 76
94 98
71 72
91 101
90 102
71 73
65 75
97 102
92 102
90 95
88 96
60 65
80 88
65 85
78 80
80 82
59 60
96 97
89 93
71 92
87 91
72 73
91 95
62 63
89 92
92 95
73 86
74 78
51 52
73 74
95 96
95 99
65 71
87 93
88 89
94 101
63 65
95 100
96 99
73 77
95 101
90 99
66 68
87 94
99 101
87 92
96 102
94 95
100 102
88 97
62 65
88 102
76 77
99 102
67 72
87 99
89 91
93 98
61 62
60 62
68 91
65 102
89 95
93 100
68 70
68 75
91 102
85 99
