80 86
130 132
114 115
95 97
96 98
101 102
92 94
126 127
125 126
127 132
102 109
83 84
126 134
90 107
90 122
81 119
89 133
93 96
129 132
128 132
129 130
115 119
120 127
124 125
116 134
124 127
123 130
115 125
91 92
79 80
90 104
117 119
117 134
118 120
126 132
87 95
90 101
121 134
119 121
118 119
125 127
116 126
121 130
93 95
122 123
133 134
119 120
120 122
81 83
110 121
92 97
93 103
123 125
116 128
86 91
78 79
89 90
91 93
115 116
85 124
87 89
120 121
98 101
90 92
94 96
109 110
116 123
90 126
86 90
96 134
90 93
118 130
122 132
87 90
86 87
131 134
99 100
126 130
81 85
95 98
93 131
116 124
100 103
110 120
110 111
101 103
104 105
131 133
120 124
121 122
90 131
128 134
116 127
80 84
129 134
122 134
102 107
123 127
103 104
124 134
98 99
93 99
124 131
87 134
90 98
90 91
104 107
126 128
127 134
118 127
99 105
123 131
97 99
127 131
89 134
124 130
110 117
96 133
90 97
100 101
123 134
132 133
80 83
69 70
85 86
118 134
116 117
81 86
92 93
90 96
94 98
130 134
132 134
118 131
71 72
77 79
87 121
125 134
92 124
80 81
122 131
90 102
122 127
128 130
114 134
80 87
108 132
89 98
115 130
116 125
124 126
119 134
102 103
93 101
80 88
96 97
123 124
123 126
120 123
128 131
128 129
90 130
81 95
92 95
106 131
117 118
105 106
94 97
73 74
95 96
121 126
87 93
129 131
88 89
128 133
127 128
127 129
85 92
87 98
127 130
90 134
90 99
110 119
130 133
115 129
99 101
130 131
125 131
87 92
112 113
120 131
125 133
100 102
81 87
97 100
119 126
84 85
129 133
81 82
87 120
131 132
120 134
114 133
102 118
