95 97
63 67
60 63
86 88
61 63
96 98
90 94
101 102
67 71
92 100
98 100
92 98
72 75
94 102
98 102
91 100
65 74
72 98
73 91
63 85
64 65
66 74
68 69
91 99
88 99
70 78
91 92
54 55
70 92
89 99
63 68
84 99
70 71
87 95
77 78
65 69
74 77
93 95
63 99
74 75
65 91
73 89
78 79
70 72
89 90
91 93
87 89
88 91
98 101
94 96
90 93
87 90
86 87
99 100
65 99
95 98
69 101
87 88
89 97
63 71
91 98
65 67
96 100
72 74
69 92
97 98
66 99
68 99
70 85
58 59
98 99
65 73
93 99
90 98
90 91
68 73
70 74
84 89
70 73
65 95
93 97
88 93
92 99
97 99
94 99
65 66
90 97
100 101
65 76
65 72
69 70
85 86
93 94
92 93
94 98
63 91
71 72
80 81
60 67
85 87
69 77
86 99
65 75
65 77
84 86
55 56
63 66
60 61
74 83
90 95
88 96
92 102
52 53
59 60
96 97
89 93
91 95
62 63
74 86
72 96
63 64
92 95
69 72
66 72
94 97
73 74
95 96
64 66
95 99
59 63
94 100
65 71
63 65
95 100
85 96
84 94
67 91
96 99
60 68
90 99
66 68
99 101
87 92
94 95
100 102
75 76
88 97
97 100
76 77
66 67
99 102
67 69
61 62
60 62
69 71
84 85
92 96
56 57
88 98
89 95
93 100
66 71
85 99
72 77
