0 195
6 197
12 200
18 202
24 204
30 206
36 207
42 208
48 209
54 210
60 210
66 210
72 210
78 210
84 209
90 209
96 208
102 206
108 205
114 204
120 202
126 201
132 200
138 199
144 198
150 197
156 197
162 197
168 198
174 198
180 200
186 201
192 203
198 205
204 208
210 211
216 213
222 216
228 218
234 219
240 220
246 220
252 219
258 217
264 215
270 211
276 207
282 202
288 197
294 193
300 190
306 188
312 187
318 187
324 187
330 189
336 191
342 194
348 197
354 201
360 204
366 208
372 210
378 213
384 214
390 215
396 216
402 216
408 216
414 215
420 214
426 212
432 210
438 208
444 205
450 202
456 199
462 197
468 194
474 192
480 191
486 191
492 191
498 191
504 193
510 195
516 198
522 202
528 206
534 210
540 213
546 216
552 219
558 220
564 221
570 221
576 220
582 218
588 216
594 213
600 210
606 206
612 202
618 199
624 197
630 195
636 194
642 194
648 194
654 195
660 197
666 199
672 201
678 203
684 206
690 207
696 209
702 210
708 210
714 210
720 210
726 209
732 208
738 207
744 206
750 205
756 205
762 205
768 205
774 205
780 205
786 205
792 205
798 204
804 203
810 202
816 201
822 200
828 199
834 198
840 198
846 198
852 198
858 198
864 199
870 200
876 201
882 202
888 204
894 205
900 206
906 207
912 208
918 209
924 209
930 211
936 212
942 213
948 214
954 215
960 216
966 216
972 216
978 216
984 214
990 212
996 209
1002 205
1008 200
1014 196
1020 191
1026 188
1032 186
1038 184
1044 184
1050 184
1056 186
1062 189
1068 194
1074 200
1079 206
1083 212
1089 218
1095 223
1101 225
1107 227
1113 227
1119 226
1125 224
1131 220
1137 215
1143 209
1149 203
1155 198
1161 194
1167 192
1173 191
1179 191
1185 191
1191 192
