0 164
6 169
10 175
13 181
15 187
17 193
18 199
20 205
22 211
26 217
30 223
36 228
42 232
48 235
54 237
60 238
66 238
72 237
78 236
84 234
90 231
96 226
102 220
107 214
111 208
114 202
118 196
123 190
128 184
134 180
140 176
146 174
152 173
158 172
164 172
170 173
176 175
182 178
188 183
194 189
198 195
201 201
203 207
204 213
205 219
205 225
206 231
207 237
209 243
212 249
217 255
223 259
229 262
235 264
241 265
247 265
253 264
259 262
265 259
271 254
277 248
280 242
283 236
284 230
284 224
284 218
282 212
280 206
277 200
275 194
274 188
274 182
275 176
277 170
280 164
285 158
291 153
297 149
303 146
309 145
315 144
321 144
327 145
333 147
339 150
345 155
351 161
355 167
357 173
359 179
360 185
359 191
358 197
357 203
357 209
357 215
357 221
359 227
362 233
366 239
371 245
377 250
383 253
389 255
395 256
401 257
407 256
413 255
419 253
425 249
431 244
437 238
440 232
443 226
444 220
445 214
445 208
445 202
446 196
446 190
448 184
450 178
454 172
459 166
465 161
471 157
477 155
483 154
489 153
495 154
501 155
507 157
513 161
519 165
524 171
527 177
530 183
531 189
532 195
532 201
530 207
529 213
527 219
526 225
526 231
527 237
528 243
531 249
536 255
542 261
548 264
554 267
560 268
566 268
572 268
578 267
584 264
590 260
596 254
600 248
602 242
604 236
604 230
603 224
602 218
601 212
600 206
600 200
601 194
603 188
606 182
611 176
617 170
623 167
629 165
635 163
641 163
647 164
653 166
659 169
665 174
670 180
673 186
674 192
676 198
677 204
679 210
682 216
686 222
692 228
698 231
704 233
710 234
716 233
722 232
728 229
734 226
740 222
746 219
752 216
758 214
764 212
770 211
776 210
782 209
788 208
794 206
800 203
806 200
812 195
818 189
824 185
830 181
836 178
842 177
848 176
854 176
860 177
866 179
872 182
878 185
884 190
890 196
896 202
902 208
907 214
913 220
919 226
925 232
931 238
937 244
943 248
949 251
955 253
961 255
967 255
973 255
979 253
985 251
991 248
997 242
1002 236
1006 230
1008 224
1010 218
1011 212
1010 206
1009 200
1006 194
1004 188
1002 182
1002 176
1003 170
1005 164
1008 158
1013 152
1019 147
1025 144
1031 141
1037 140
1043 140
1049 140
1055 142
1061 144
1067 148
1073 153
1078 159
1082 165
1084 171
1086 177
1087 183
1087 189
1087 195
1085 201
1082 207
1078 213
1073 219
1071 225
1070 231
1070 237
1070 243
1072 249
1074 255
1078 261
1083 267
1089 272
1095 275
1101 277
1107 278
1113 278
1119 277
1125 276
1131 273
1137 268
1142 262
1146 256
1147 250
1148 244
1148 238
1146 232
1143 226
1139 220
1137 214
1135 208
1135 202
1136 196
1137 190
1140 184
1143 178
1147 172
1153 166
1159 162
1165 159
1171 157
1177 157
1183 157
1189 158
