0 183
6 189
11 195
15 201
18 207
22 213
27 219
33 224
39 228
45 231
51 233
57 234
63 234
69 234
75 234
81 232
87 230
93 227
99 224
105 219
111 214
117 209
123 204
129 199
135 196
141 193
147 191
153 190
159 190
165 190
171 191
177 193
183 197
189 201
194 207
198 213
201 219
204 225
207 231
210 237
215 243
221 249
227 252
233 255
239 256
245 256
251 255
257 254
263 251
269 246
274 240
277 234
279 228
279 222
280 216
279 210
279 204
280 198
281 192
284 186
287 180
293 174
299 170
305 168
311 166
317 166
323 166
329 168
335 170
341 174
346 180
350 186
353 192
355 198
357 204
358 210
359 216
361 222
364 228
368 234
374 240
380 244
386 247
392 248
398 249
404 249
410 248
416 247
422 244
428 240
434 235
438 229
442 223
444 217
447 211
449 205
452 199
455 193
460 187
466 181
472 178
478 175
484 174
490 174
496 174
502 176
508 179
514 183
520 189
523 195
526 201
527 207
528 213
529 219
529 225
531 231
533 237
536 243
541 249
547 253
553 256
559 258
565 259
571 258
577 257
583 255
589 251
594 245
598 239
601 233
602 227
603 221
604 215
606 209
608 203
612 197
617 191
623 186
629 184
635 182
641 182
647 182
653 184
659 188
665 192
670 198
674 204
677 210
681 216
686 222
692 227
698 230
704 231
710 232
716 232
722 230
728 228
734 226
740 223
746 221
752 219
758 218
764 217
770 216
776 216
782 216
788 215
794 214
800 212
806 209
812 206
818 203
824 199
830 197
836 194
842 193
848 193
854 193
860 194
866 196
872 198
878 202
884 205
890 209
896 213
902 217
908 220
914 224
920 228
926 231
932 235
938 239
944 242
950 245
956 247
962 248
968 248
974 248
980 246
986 244
992 240
998 234
1002 228
1004 222
1005 216
1006 210
1006 204
1006 198
1007 192
1008 186
1011 180
1015 174
1021 168
1027 165
1033 162
1039 161
1045 161
1051 162
1057 164
1063 167
1069 172
1074 178
1077 184
1080 190
1081 196
1081 202
1080 208
1079 214
1078 220
1076 226
1075 232
1076 238
1077 244
1080 250
1084 256
1090 261
1096 265
1102 267
1108 268
1114 268
1120 267
1126 264
1132 261
1138 255
1141 249
1143 243
1144 237
1144 231
1143 225
1142 219
1142 213
1143 207
1144 201
1147 195
1151 189
1157 183
1163 179
1169 177
1175 176
1181 176
1187 177
1193 179
