0 203
6 203
12 204
18 205
24 205
30 206
36 206
42 206
48 207
54 207
60 207
66 207
72 207
78 207
84 207
90 207
96 206
102 206
108 206
114 205
120 205
126 204
132 204
138 204
144 203
150 203
156 203
162 203
168 203
174 204
180 204
186 205
192 205
198 206
204 207
210 207
216 208
222 209
228 210
234 210
240 211
246 211
252 210
258 210
264 209
270 208
276 206
282 205
288 203
294 202
300 201
306 200
312 199
318 199
324 199
330 200
336 201
342 202
348 203
354 204
360 205
366 206
372 207
378 208
384 208
390 209
396 209
402 209
408 209
414 209
420 208
426 208
432 207
438 207
444 206
450 205
456 204
462 203
468 202
474 202
480 201
486 201
492 201
498 201
504 202
510 203
516 204
522 205
528 206
534 207
540 208
546 209
552 210
558 211
564 211
570 211
576 211
582 210
588 210
594 209
600 207
606 206
612 205
618 204
624 203
630 203
636 202
642 202
648 202
654 203
660 203
666 204
672 205
678 205
684 206
690 207
696 207
702 207
708 207
714 207
720 207
726 207
732 206
738 206
744 206
750 206
756 205
762 205
768 205
774 206
780 206
786 206
792 206
798 205
804 205
810 205
816 204
822 204
828 204
834 203
840 203
846 203
852 203
858 203
864 204
870 204
876 205
882 205
888 205
894 206
900 206
906 206
912 207
918 207
924 207
930 208
936 208
942 208
948 209
954 209
960 209
966 210
972 210
978 209
984 209
990 208
996 207
1002 206
1008 204
1014 203
1020 201
1026 200
1032 199
1038 198
1044 198
1050 198
1056 199
1062 200
1068 202
1074 204
1080 207
1086 209
1092 211
1098 212
1104 213
1110 214
1116 213
1122 213
1128 211
1134 210
1140 208
1146 206
1152 204
1158 203
1164 202
1170 201
1176 201
1182 201
1188 201
