0 211
6 211
12 211
18 212
24 212
30 212
36 212
42 212
48 212
54 212
60 212
66 212
72 212
78 212
84 212
90 212
96 212
102 212
108 212
114 212
120 211
126 211
132 211
138 211
144 211
150 211
156 211
162 211
168 211
174 211
180 211
186 211
192 212
198 212
204 212
210 212
216 213
222 213
228 213
234 213
240 213
246 213
252 213
258 213
264 213
270 213
276 212
282 212
288 211
294 210
300 210
306 210
312 209
318 209
324 210
330 210
336 210
342 211
348 211
354 211
360 212
366 212
372 212
378 212
384 213
390 213
396 213
402 213
408 213
414 213
420 213
426 212
432 212
438 212
444 212
450 212
456 211
462 211
468 211
474 210
480 210
486 210
492 210
498 210
504 211
510 211
516 211
522 212
528 212
534 212
540 213
546 213
552 213
558 214
564 214
570 214
576 214
582 213
588 213
594 213
600 212
606 212
612 212
618 211
624 211
630 211
636 211
642 211
648 211
654 211
660 211
666 211
672 211
678 212
684 212
690 212
696 212
702 212
708 212
714 212
720 212
726 212
732 212
738 212
744 212
750 212
756 212
762 212
768 212
774 212
780 212
786 212
792 212
798 212
804 212
810 212
816 211
822 211
828 211
834 211
840 211
846 211
852 211
858 211
864 211
870 211
876 211
882 212
888 212
894 212
900 212
906 212
912 212
918 212
924 212
930 212
936 212
942 213
948 213
954 213
960 213
966 213
972 213
978 213
984 213
990 213
996 212
1002 212
1008 211
1014 211
1020 210
1026 210
1032 210
1038 209
1044 209
1050 209
1056 210
1062 210
1068 211
1074 211
1080 212
1086 213
1092 213
1098 214
1104 214
1110 215
1116 214
1122 214
1128 214
1134 213
1140 212
1146 212
1152 211
1158 211
1164 210
1170 210
1176 210
1182 210
1188 210
