0 200
6 200
12 201
18 201
24 202
30 202
36 202
42 203
48 203
54 203
60 203
66 203
72 203
78 203
84 203
90 203
96 203
102 202
108 202
114 202
120 201
126 201
132 201
138 200
144 200
150 200
156 200
162 200
168 200
174 200
180 201
186 201
192 202
198 202
204 203
210 204
216 204
222 205
228 205
234 206
240 206
246 206
252 206
258 206
264 205
270 204
276 203
282 201
288 200
294 199
300 198
306 197
312 197
318 196
324 197
330 197
336 198
342 199
348 200
354 201
360 202
366 203
372 203
378 204
384 204
390 205
396 205
402 205
408 205
414 205
420 204
426 204
432 203
438 203
444 202
450 201
456 201
462 200
468 199
474 199
480 198
486 198
492 198
498 198
504 199
510 199
516 200
522 201
528 202
534 203
540 204
546 205
552 206
558 206
564 207
570 207
576 206
582 206
588 205
594 204
600 204
606 203
612 202
618 201
624 200
630 199
636 199
642 199
648 199
654 199
660 200
666 200
672 201
678 202
684 202
690 203
696 203
702 203
708 204
714 203
720 203
726 203
732 203
738 202
744 202
750 202
756 202
762 202
768 202
774 202
780 202
786 202
792 202
798 202
804 202
810 201
816 201
822 201
828 200
834 200
840 200
846 200
852 200
858 200
864 200
870 201
876 201
882 202
888 202
894 202
900 202
906 203
912 203
918 203
924 203
930 204
936 204
942 204
948 205
954 205
960 205
966 205
972 205
978 205
984 205
990 204
996 203
1002 202
1008 201
1014 200
1020 199
1026 197
1032 196
1038 196
1044 196
1050 196
1056 197
1062 198
1068 199
1074 201
1080 203
1086 205
1092 206
1098 208
1104 208
1110 209
1116 209
1122 208
1128 207
1134 205
1140 204
1146 202
1152 201
1158 199
1164 199
1170 198
1176 198
1182 198
1188 198
