0 230
4 236
8 242
13 248
19 254
25 260
31 264
37 268
43 271
49 273
55 275
61 275
67 276
73 275
79 274
85 272
91 269
97 265
103 260
108 254
112 248
115 242
118 236
119 230
119 224
118 218
115 212
110 206
108 200
107 194
107 188
108 182
110 176
113 170
117 164
122 158
128 153
134 149
140 146
146 144
152 143
158 143
164 143
170 144
176 146
182 149
188 153
194 158
200 163
205 169
209 175
213 181
217 187
220 193
223 199
225 205
228 211
229 217
230 223
230 229
229 235
226 241
220 244
214 244
208 242
202 243
196 248
193 254
192 260
192 266
192 272
194 278
196 284
199 290
204 296
210 301
216 305
222 308
228 310
234 311
240 312
246 312
252 311
258 309
264 307
270 304
276 300
282 294
287 288
291 282
294 276
296 270
298 264
300 258
301 252
302 246
302 240
303 234
303 228
303 222
303 216
302 210
301 204
298 198
292 195
286 200
283 206
277 212
271 211
267 205
264 199
263 193
261 187
260 181
260 175
259 169
260 163
260 157
261 151
262 145
264 139
267 133
270 127
275 121
281 115
287 111
293 108
299 105
305 104
311 103
317 103
323 103
329 104
335 106
341 109
347 112
353 117
359 123
364 129
367 135
370 141
372 147
374 153
375 159
376 165
377 171
377 177
376 183
375 189
372 195
366 200
360 198
354 193
348 188
342 189
338 195
337 201
337 207
337 213
337 219
338 225
340 231
341 237
343 243
345 249
347 255
350 261
353 267
357 273
362 279
368 285
374 290
380 293
386 295
392 297
398 297
404 297
410 297
416 295
422 293
428 290
434 286
440 280
445 274
449 268
453 262
455 256
458 250
460 244
461 238
462 232
463 226
463 220
462 214
459 208
453 205
447 207
441 210
435 210
429 204
428 198
427 192
427 186
428 180
429 174
431 168
433 162
435 156
438 150
442 144
447 138
452 132
458 127
464 123
470 121
476 118
482 117
488 117
494 117
500 118
506 119
512 122
518 125
524 130
529 136
534 142
537 148
539 154
541 160
543 166
544 172
545 178
545 184
546 190
546 196
546 202
545 208
545 214
544 220
541 226
535 231
529 227
524 221
518 218
512 222
509 228
508 234
507 240
507 246
507 252
508 258
509 264
510 270
512 276
515 282
518 288
522 294
527 300
533 305
539 309
545 312
551 314
557 315
563 316
569 316
575 315
581 314
587 312
593 309
599 305
605 300
610 294
613 288
615 282
616 276
617 270
617 264
616 258
615 252
613 246
610 240
604 236
598 236
592 240
586 243
580 241
576 235
575 229
575 223
575 217
576 211
577 205
579 199
581 193
583 187
585 181
587 175
590 169
593 163
597 157
601 151
606 145
612 140
618 136
624 133
630 131
636 130
642 130
648 130
654 132
660 134
666 137
672 143
677 149
680 155
682 161
683 167
683 173
682 179
679 185
673 190
667 192
661 195
655 201
653 207
653 213
654 219
656 225
659 231
662 237
666 243
671 249
677 255
683 259
689 263
695 266
701 267
707 268
713 268
719 267
725 266
731 262
737 257
743 251
747 245
752 239
758 233
764 229
770 225
776 222
782 219
788 215
794 211
800 205
804 199
806 193
807 187
808 181
809 175
810 169
813 163
817 157
823 151
829 147
835 144
841 142
847 141
853 141
859 142
865 143
871 145
877 147
883 151
889 155
895 160
900 166
905 172
909 178
912 184
914 190
917 196
918 202
919 208
920 214
920 220
919 226
918 232
916 238
914 244
914 250
913 256
914 262
916 268
918 274
922 280
927 286
933 291
939 294
945 297
951 298
957 299
963 299
969 299
975 298
981 296
987 293
993 290
999 285
1005 280
1010 274
1014 268
1018 262
1021 256
1025 250
1027 244
1030 238
1033 232
1035 226
1037 220
1038 214
1040 208
1041 202
1041 196
1040 190
1039 184
1036 178
1030 174
1024 174
1018 178
1014 184
1009 190
1003 192
997 190
991 184
988 178
986 172
985 166
984 160
984 154
985 148
986 142
987 136
990 130
993 124
997 118
1003 112
1009 107
1015 104
1021 101
1027 100
1033 99
1039 98
1045 99
1051 100
1057 102
1063 104
1069 108
1075 113
1080 119
1084 125
1087 131
1089 137
1090 143
1091 149
1092 155
1092 161
1093 167
1093 173
1093 179
1092 185
1092 191
1092 197
1092 203
1091 209
1091 215
1090 221
1090 227
1090 233
1084 238
1081 232
1079 226
1077 220
1074 214
1068 212
1067 218
1066 224
1065 230
1064 236
1063 242
1063 248
1062 254
1062 260
1062 266
1062 272
1063 278
1064 284
1066 290
1068 296
1071 302
1076 308
1082 314
1088 318
1094 320
1100 322
1106 323
1112 324
1118 324
1124 323
1130 321
1136 319
1142 315
1148 310
1154 304
1157 298
1160 292
1161 286
1162 280
1162 274
1162 268
1161 262
1159 256
1156 250
1153 244
1147 239
1141 238
1135 244
1132 250
1128 256
1122 261
1116 260
1111 254
1109 248
1108 242
1109 236
1109 230
1110 224
1111 218
1113 212
1114 206
1116 200
1118 194
1120 188
1123 182
1125 176
1128 170
1131 164
1134 158
1138 152
1142 146
1147 140
1153 135
1159 130
1165 127
1171 125
1177 124
1183 124
1189 124
1195 125
1 128
7 131
13 136
18 142
22 148
25 154
26 160
27 166
27 172
26 178
24 184
18 190
12 191
6 191
0 193
1195 199
1194 205
1194 211
1195 217
1197 223
