0 198
6 198
12 199
18 199
24 199
30 200
36 200
42 200
48 200
54 200
60 200
66 200
72 200
78 200
84 200
90 200
96 200
102 200
108 200
114 199
120 199
126 199
132 198
138 198
144 198
150 198
156 198
162 198
168 198
174 198
180 199
186 199
192 199
198 200
204 200
210 201
216 201
222 202
228 202
234 203
240 203
246 203
252 203
258 202
264 202
270 201
276 200
282 199
288 198
294 197
300 196
306 196
312 195
318 195
324 195
330 196
336 196
342 197
348 198
354 199
360 199
366 200
372 201
378 201
384 201
390 201
396 202
402 202
408 202
414 201
420 201
426 201
432 201
438 200
444 200
450 199
456 199
462 198
468 197
474 197
480 197
486 196
492 196
498 197
504 197
510 198
516 198
522 199
528 200
534 201
540 201
546 202
552 203
558 203
564 203
570 203
576 203
582 203
588 202
594 201
600 201
606 200
612 199
618 199
624 198
630 198
636 197
642 197
648 197
654 198
660 198
666 198
672 199
678 199
684 200
690 200
696 201
702 201
708 201
714 201
720 201
726 200
732 200
738 200
744 200
750 199
756 199
762 199
768 199
774 199
780 200
786 200
792 200
798 199
804 199
810 199
816 199
822 198
828 198
834 198
840 198
846 198
852 198
858 198
864 198
870 199
876 199
882 199
888 200
894 200
900 200
906 200
912 200
918 200
924 201
930 201
936 201
942 201
948 202
954 202
960 202
966 202
972 202
978 202
984 202
990 201
996 201
1002 200
1008 199
1014 198
1020 197
1026 196
1032 195
1038 195
1044 195
1050 195
1056 195
1062 196
1068 197
1074 199
1080 200
1086 202
1092 203
1098 204
1104 205
1110 205
1116 205
1122 204
1128 203
1134 202
1140 201
1146 200
1152 198
1158 198
1164 197
1170 197
1176 196
1182 197
1188 197
