0 248
5 253
10 258
15 263
20 267
25 271
30 275
35 278
40 281
45 283
50 285
55 287
60 288
65 288
70 288
75 288
80 287
85 286
90 284
95 282
100 279
105 275
110 271
115 266
119 261
123 256
127 251
130 246
133 241
135 236
138 231
139 226
141 221
142 216
143 211
143 206
142 201
140 196
135 191
130 190
125 191
120 195
115 200
111 205
106 209
101 211
96 210
91 206
88 201
87 196
87 191
87 186
87 181
88 176
89 171
91 166
92 161
94 156
97 151
100 146
103 141
106 136
111 131
116 126
121 122
126 119
131 116
136 114
141 113
146 112
151 112
156 112
161 112
166 113
171 115
176 117
181 119
186 122
191 125
196 129
201 134
206 139
211 144
215 149
219 154
223 159
227 164
231 169
234 174
237 179
241 184
244 189
246 194
249 199
251 204
253 209
255 214
257 219
258 224
259 229
259 234
260 239
260 244
259 249
258 254
256 259
252 264
247 268
242 269
237 269
232 267
228 262
226 257
225 252
223 247
221 242
220 237
218 232
215 227
210 222
205 222
200 223
195 228
191 233
189 238
187 243
186 248
184 253
183 258
183 263
182 268
182 273
182 278
183 283
184 288
185 293
186 298
188 303
191 308
194 313
198 318
203 323
208 327
213 330
218 332
223 333
228 335
233 335
238 336
243 335
248 335
253 333
258 332
263 330
268 327
273 323
278 318
283 313
286 308
289 303
291 298
293 293
295 288
297 283
298 278
299 273
300 268
302 263
303 258
304 253
304 248
305 243
306 238
306 233
307 228
307 223
307 218
307 213
308 208
308 203
308 198
308 193
308 188
308 183
308 178
308 173
308 168
308 163
308 158
308 153
308 148
308 143
306 138
301 138
298 143
297 148
296 153
295 158
295 163
295 168
294 173
294 178
294 183
293 188
293 193
293 198
292 203
291 208
290 213
289 218
286 223
282 218
281 213
281 208
280 203
279 198
278 193
276 188
274 183
272 178
270 173
268 168
266 163
265 158
263 153
261 148
259 143
258 138
257 133
256 128
255 123
255 118
255 113
256 108
257 103
259 98
261 93
264 88
268 83
273 78
278 74
283 71
288 69
293 67
298 66
303 65
308 64
313 64
318 64
323 64
328 65
333 67
338 68
343 71
348 73
353 77
358 81
363 86
367 91
370 96
372 101
375 106
376 111
378 116
379 121
379 126
380 131
381 136
381 141
381 146
381 151
381 156
381 161
381 166
381 171
381 176
380 181
380 186
380 191
379 196
379 201
378 206
376 211
371 215
366 211
363 206
362 201
360 196
359 191
358 186
356 181
355 176
353 171
352 166
351 161
349 156
348 151
346 146
345 141
342 136
337 133
332 137
331 142
331 147
331 152
331 157
331 162
332 167
332 172
332 177
332 182
333 187
333 192
333 197
334 202
334 207
335 212
336 217
336 222
337 227
338 232
339 237
340 242
341 247
343 252
344 257
346 262
347 267
349 272
351 277
354 282
357 287
360 292
364 297
368 302
373 306
378 309
383 312
388 313
393 315
398 315
403 315
408 315
413 314
418 312
423 310
428 308
433 304
438 299
443 294
447 289
450 284
453 279
455 274
457 269
459 264
461 259
463 254
465 249
466 244
467 239
468 234
469 229
470 224
471 219
472 214
472 209
473 204
473 199
473 194
473 189
473 184
473 179
472 174
471 169
467 164
462 163
457 165
453 170
451 175
449 180
447 185
445 190
444 195
442 200
440 205
438 210
436 215
434 220
429 225
424 227
419 226
414 221
413 216
412 211
411 206
411 201
412 196
412 191
413 186
413 181
414 176
415 171
416 166
417 161
418 156
420 151
421 146
423 141
425 136
427 131
429 126
432 121
434 116
438 111
441 106
446 101
451 96
456 92
461 88
466 86
471 84
476 82
481 81
486 80
491 79
496 80
501 80
506 81
511 82
516 84
521 87
526 90
531 95
535 100
538 105
541 110
543 115
544 120
545 125
545 130
546 135
546 140
545 145
545 150
544 155
544 160
543 165
542 170
541 175
540 180
539 185
538 190
537 195
536 200
536 205
535 210
535 215
534 220
534 225
534 230
535 235
535 240
536 245
536 250
537 255
538 260
533 264
538 263
533 258
528 256
526 251
525 246
523 241
522 236
521 231
520 226
519 221
518 216
517 211
516 206
515 201
515 196
514 191
512 186
511 181
506 177
503 182
502 187
502 192
502 197
502 202
503 207
503 212
503 217
503 222
503 227
503 232
503 237
504 242
504 247
504 252
504 257
505 262
505 267
505 272
506 277
507 282
508 287
509 292
511 297
513 302
515 307
518 312
521 317
525 322
530 327
535 331
540 334
545 337
550 339
555 340
560 341
565 342
570 342
575 342
580 341
585 340
590 338
595 336
600 334
605 330
610 325
614 320
617 315
619 310
621 305
622 300
622 295
622 290
622 285
621 280
620 275
618 270
617 265
614 260
612 255
610 250
607 245
604 240
601 235
597 230
593 225
588 222
583 227
581 232
581 237
580 242
579 247
579 252
578 257
577 262
576 267
575 272
572 277
567 281
562 280
557 275
556 270
555 265
554 260
554 255
554 250
553 245
553 240
553 235
553 230
554 225
554 220
555 215
556 210
557 205
559 200
561 195
563 190
565 185
567 180
570 175
573 170
576 165
579 160
582 155
585 150
588 145
591 140
594 135
598 130
601 125
605 120
609 115
614 111
619 107
624 104
629 101
634 100
639 98
644 98
649 98
654 98
659 99
664 100
669 102
674 105
679 109
684 114
688 119
691 124
693 129
695 134
696 139
697 144
697 149
697 154
696 159
695 164
694 169
691 174
688 179
683 184
678 187
673 188
668 188
663 185
659 180
656 175
652 170
648 165
643 163
638 163
633 164
628 167
623 172
619 177
617 182
616 187
616 192
617 197
619 202
621 207
624 212
627 217
631 222
634 227
638 232
643 237
647 242
652 247
657 252
661 257
666 261
671 266
676 270
681 273
686 277
691 279
696 281
701 283
706 284
711 285
716 285
721 285
726 284
731 282
736 280
741 276
746 271
749 266
751 261
753 256
753 251
754 246
755 241
758 236
762 231
767 226
772 222
777 218
782 215
787 211
792 207
797 202
802 197
806 192
808 187
810 182
811 177
811 172
808 167
803 165
798 164
793 161
790 156
789 151
790 146
791 141
792 136
795 131
798 126
802 121
807 116
812 112
817 108
822 106
827 104
832 102
837 101
842 101
847 100
852 100
857 101
862 102
867 103
872 104
877 106
882 109
887 112
892 115
897 119
902 123
907 128
912 133
916 138
920 143
924 148
928 153
931 158
935 163
938 168
941 173
944 178
947 183
949 188
951 193
953 198
955 203
956 208
957 213
957 218
957 223
955 228
953 233
949 238
944 242
939 243
934 242
929 238
925 233
920 229
915 228
910 229
905 233
901 238
899 243
897 248
896 253
895 258
894 263
895 268
895 273
896 278
897 283
899 288
901 293
904 298
907 303
912 308
917 313
922 316
927 319
932 321
937 323
942 324
947 325
952 325
957 325
962 324
967 323
972 321
977 319
982 317
987 314
992 311
997 306
1002 302
1006 297
1011 292
1015 287
1018 282
1022 277
1025 272
1029 267
1032 262
1035 257
1038 252
1040 247
1042 242
1044 237
1046 232
1047 227
1048 222
1049 217
1049 212
1049 207
1049 202
1049 197
1048 192
1048 187
1047 182
1047 177
1046 172
1046 167
1046 162
1046 157
1045 152
1045 147
1044 142
1043 137
1041 132
1039 127
1034 123
1029 121
1024 123
1020 128
1019 133
1018 138
1018 143
1018 148
1017 153
1017 158
1016 163
1016 168
1016 173
1016 178
1015 183
1015 188
1013 193
1010 198
1005 199
1000 196
995 191
992 186
990 181
988 176
986 171
984 166
982 161
981 156
979 151
978 146
977 141
976 136
975 131
975 126
974 121
974 116
975 111
976 106
977 101
979 96
981 91
984 86
987 81
992 76
997 72
1002 68
1007 66
1012 64
1017 62
1022 61
1027 60
1032 59
1037 59
1042 59
1047 60
1052 61
1057 63
1062 65
1067 67
1072 70
1077 75
1081 80
1085 85
1087 90
1088 95
1089 100
1089 105
1089 110
1088 115
1087 120
1085 125
1083 130
1081 135
1079 140
1078 145
1076 150
1075 155
1074 160
1074 165
1073 170
1074 175
1075 180
1076 185
1071 188
1066 185
1068 180
1064 175
1064 180
1069 183
1067 188
1072 191
1077 189
1073 194
1078 192
1074 197
1079 195
1075 200
1080 199
1082 204
1077 206
1079 211
1084 211
1086 216
1082 221
1077 218
1078 223
1083 224
1088 224
1084 229
1079 228
1080 233
1085 232
1080 237
1080 242
1080 247
1079 252
1078 257
1077 262
1075 267
1074 272
1072 277
1070 282
1069 287
1067 292
1067 297
1067 302
1067 307
1067 312
1068 317
1070 322
1073 327
1076 332
1081 337
1086 341
1091 344
1096 346
1101 348
1106 349
1111 350
1116 350
1121 350
1126 349
1131 348
1136 346
1141 344
1146 342
1151 338
1156 334
1160 329
1163 324
1165 319
1167 314
1168 309
1169 304
1169 299
1169 294
1169 289
1168 284
1167 279
1165 274
1163 269
1162 264
1159 259
1157 254
1155 249
1152 244
1150 239
1147 234
1144 229
1142 224
1138 219
1133 217
1130 222
1130 227
1130 232
1130 237
1130 242
1130 247
1131 252
1131 257
1130 262
1130 267
1130 272
1129 277
1128 282
1127 287
1125 292
1120 297
1115 298
1111 293
1109 288
1109 283
1110 278
1110 273
1110 268
1110 263
1109 258
1108 253
1107 248
1106 243
1104 238
1103 233
1103 228
1102 223
1101 218
1100 213
1099 208
1099 203
1099 198
1099 193
1100 188
1100 183
1102 178
1104 173
1106 168
1108 163
1111 158
1115 153
1118 148
1122 143
1126 138
1130 133
1134 128
1138 123
1142 118
1147 113
1152 108
1157 104
1162 101
1167 98
1172 96
1177 94
1182 93
1187 93
1192 93
1197 93
2 94
7 96
12 98
17 101
22 106
27 111
30 116
33 121
35 126
37 131
38 136
39 141
40 146
40 151
40 156
40 161
39 166
39 171
37 176
36 181
33 186
30 191
25 195
20 196
15 196
10 193
5 188
2 183
0 178
1198 173
1196 168
1192 163
1187 159
1182 159
1177 159
1172 161
1167 165
1164 170
1161 175
1160 180
1160 185
1161 190
1163 195
1165 200
1167 205
1170 210
1173 215
1177 220
1180 225
1184 230
1188 235
1193 240
