0 204
6 206
12 208
18 209
24 210
30 212
36 213
42 213
48 214
54 214
60 215
66 215
72 215
78 214
84 214
90 214
96 213
102 212
108 211
114 210
120 209
126 208
132 207
138 207
144 206
150 206
156 206
162 206
168 206
174 207
180 207
186 209
192 210
198 212
204 213
210 215
216 217
222 219
228 220
234 221
240 222
246 222
252 221
258 220
264 218
270 216
276 212
282 209
288 206
294 203
300 200
306 199
312 198
318 198
324 198
330 199
336 201
342 203
348 206
354 208
360 211
366 213
372 215
378 216
384 217
390 218
396 219
402 219
408 219
414 218
420 217
426 216
432 215
438 213
444 211
450 209
456 207
462 205
468 204
474 202
480 201
486 201
492 201
498 201
504 203
510 204
516 206
522 209
528 212
534 214
540 217
546 219
552 221
558 222
564 223
570 223
576 222
582 221
588 219
594 217
600 215
606 212
612 209
618 207
624 205
630 204
636 203
642 203
648 203
654 204
660 205
666 207
672 208
678 210
684 212
690 213
696 214
702 215
708 215
714 215
720 214
726 214
732 213
738 212
744 212
750 211
756 211
762 211
768 211
774 211
780 211
786 211
792 211
798 211
804 210
810 209
816 208
822 208
828 207
834 206
840 206
846 206
852 206
858 206
864 207
870 208
876 209
882 209
888 210
894 211
900 212
906 212
912 213
918 214
924 214
930 215
936 216
942 217
948 218
954 218
960 219
966 219
972 219
978 219
984 218
990 216
996 214
1002 211
1008 208
1014 205
1020 202
1026 199
1032 197
1038 196
1044 196
1050 196
1056 197
1062 200
1068 203
1074 208
1080 213
1086 218
1092 222
1098 225
1104 227
1110 227
1116 227
1122 226
1128 223
1134 220
1140 216
1146 212
1152 208
1158 205
1164 203
1170 201
1176 201
1182 201
1188 202
