0 186
6 190
12 195
18 201
24 205
30 210
36 213
42 215
48 217
54 218
60 219
66 219
72 219
78 218
84 217
90 215
96 213
102 210
108 208
114 204
120 201
126 198
132 196
138 193
144 192
150 191
156 190
162 190
168 191
174 192
180 194
186 198
192 202
198 207
204 213
209 219
215 224
221 229
227 232
233 235
239 236
245 236
251 235
257 233
263 230
269 225
273 219
276 213
279 207
281 201
283 195
286 189
291 183
297 178
303 175
309 173
315 172
321 172
327 173
333 175
339 179
345 184
350 190
354 196
357 202
361 208
365 214
371 219
377 224
383 227
389 229
395 230
401 230
407 230
413 229
419 227
425 224
431 220
437 215
443 209
448 203
453 197
459 191
465 186
471 182
477 180
483 178
489 178
495 178
501 180
507 183
513 187
519 193
523 199
527 205
530 211
533 217
537 223
542 229
548 233
554 236
560 237
566 238
572 237
578 236
584 233
590 229
596 223
600 217
604 211
607 205
611 199
617 193
623 189
629 186
635 185
641 184
647 185
653 186
659 189
665 193
671 197
677 203
683 208
689 212
695 215
701 217
707 217
713 218
719 217
725 216
731 214
737 212
743 211
749 209
755 208
761 208
767 207
773 207
779 207
785 207
791 206
797 205
803 204
809 202
815 200
821 197
827 195
833 194
839 192
845 192
851 192
857 193
863 194
869 195
875 198
881 200
887 202
893 205
899 207
905 209
911 211
917 214
923 216
929 218
935 221
941 224
947 226
953 228
959 229
965 230
971 230
977 229
983 227
989 224
995 219
1000 213
1003 207
1006 201
1008 195
1011 189
1014 183
1019 177
1025 173
1031 170
1037 168
1043 167
1049 168
1055 170
1061 173
1067 177
1072 183
1075 189
1077 195
1078 201
1078 207
1079 213
1079 219
1081 225
1084 231
1088 237
1094 242
1100 245
1106 246
1112 247
1118 246
1124 244
1130 240
1136 234
1139 228
1142 222
1143 216
1144 210
1146 204
1148 198
1152 192
1158 186
1164 182
1170 180
1176 179
1182 179
1188 180
