0 133
6 136
12 142
17 148
20 154
22 160
23 166
22 172
21 178
17 184
11 189
6 195
4 201
4 207
5 213
7 219
10 225
13 231
18 237
23 243
29 248
35 252
41 256
47 258
53 260
59 261
65 261
71 261
77 260
83 258
89 255
95 251
101 246
106 240
109 234
112 228
113 222
114 216
114 210
113 204
111 198
111 192
111 186
113 180
115 174
118 168
123 162
129 156
135 152
141 149
147 147
153 146
159 146
165 147
171 148
177 150
183 153
189 157
195 162
201 168
206 174
209 180
213 186
216 192
218 198
219 204
221 210
221 216
220 222
216 228
210 232
204 235
199 241
197 247
196 253
197 259
198 265
200 271
204 277
209 283
215 288
221 291
227 294
233 295
239 296
245 296
251 296
257 294
263 292
269 289
275 285
281 279
286 273
289 267
292 261
294 255
296 249
298 243
299 237
299 231
299 225
299 219
298 213
297 207
293 201
287 199
281 201
275 203
269 199
266 193
264 187
262 181
262 175
262 169
262 163
263 157
264 151
266 145
269 139
272 133
277 127
283 121
289 117
295 114
301 112
307 111
313 110
319 110
325 111
331 112
337 114
343 117
349 121
355 126
360 132
364 138
367 144
369 150
371 156
372 162
373 168
373 174
372 180
370 186
364 192
358 192
352 192
346 195
343 201
342 207
342 213
343 219
344 225
345 231
347 237
349 243
352 249
355 255
359 261
364 267
370 272
376 276
382 279
388 281
394 283
400 283
406 283
412 282
418 280
424 278
430 274
436 269
441 263
446 257
449 251
452 245
454 239
456 233
457 227
457 221
456 215
454 209
448 204
442 202
436 197
434 191
433 185
433 179
434 173
435 167
437 161
440 155
444 149
448 143
453 137
459 132
465 129
471 126
477 124
483 123
489 122
495 123
501 124
507 125
513 128
519 132
525 137
530 143
534 149
537 155
539 161
541 167
542 173
543 179
544 185
544 191
544 197
543 203
541 209
537 215
531 217
525 216
519 217
514 223
512 229
511 235
511 241
512 247
513 253
514 259
516 265
519 271
523 277
527 283
533 288
539 293
545 296
551 298
557 300
563 300
569 300
575 300
581 298
587 296
593 293
599 288
605 282
609 276
611 270
613 264
614 258
614 252
614 246
612 240
609 234
603 229
597 228
591 227
585 221
583 215
583 209
583 203
583 197
585 191
586 185
588 179
591 173
593 167
597 161
601 155
606 149
612 144
618 140
624 137
630 135
636 134
642 134
648 135
654 137
660 139
666 143
672 149
676 155
678 161
680 167
680 173
678 179
675 185
670 191
665 197
663 203
663 209
664 215
666 221
669 227
673 233
677 239
683 244
689 248
695 251
701 253
707 254
713 254
719 253
725 251
731 248
737 243
743 237
748 231
754 226
760 222
766 218
772 216
778 213
784 211
790 208
796 203
802 197
806 191
808 185
810 179
813 173
816 167
820 161
826 155
832 152
838 149
844 148
850 147
856 147
862 148
868 150
874 152
880 155
886 160
892 165
897 171
901 177
904 183
907 189
909 195
911 201
912 207
913 213
914 219
915 225
915 231
916 237
917 243
918 249
921 255
924 261
928 267
934 273
940 277
946 280
952 282
958 283
964 283
970 283
976 282
982 280
988 277
994 274
1000 269
1006 263
1010 257
1014 251
1018 245
1021 239
1024 233
1026 227
1028 221
1030 215
1032 209
1032 203
1033 197
1032 191
1029 185
1023 180
1017 180
1011 183
1005 185
999 184
993 178
991 172
989 166
988 160
988 154
989 148
991 142
993 136
996 130
1000 124
1006 118
1012 114
1018 111
1024 108
1030 107
1036 106
1042 106
1048 106
1054 108
1060 110
1066 113
1072 117
1078 123
1082 129
1086 135
1088 141
1090 147
1091 153
1092 159
1093 165
1093 171
1094 177
1094 183
1094 189
1093 195
1093 201
1092 207
1091 213
1089 219
1083 222
1078 216
1072 210
1066 215
1064 221
1063 227
1062 233
1062 239
1062 245
1062 251
1062 257
1063 263
1064 269
1066 275
1068 281
1072 287
1076 293
1082 298
1088 302
1094 305
1100 307
1106 309
1112 309
1118 309
1124 308
1130 306
1136 303
1142 299
1148 293
1153 287
1156 281
1158 275
1159 269
1160 263
1159 257
1158 251
1157 245
1154 239
1148 234
1142 233
1136 237
1130 241
1124 241
1118 237
1116 231
1115 225
1115 219
1116 213
1117 207
1118 201
1120 195
1122 189
1124 183
1127 177
1129 171
1132 165
1135 159
1139 153
1144 147
1150 141
1156 136
1162 133
1168 130
1174 129
1180 128
1186 129
1192 130
