0 200
6 202
12 204
18 206
24 207
30 209
36 210
42 211
48 211
54 212
60 212
66 212
72 212
78 212
84 212
90 211
96 210
102 209
108 208
114 207
120 206
126 205
132 204
138 203
144 202
150 202
156 201
162 202
168 202
174 203
180 204
186 205
192 207
198 208
204 211
210 213
216 215
222 217
228 219
234 220
240 221
246 221
252 220
258 218
264 216
270 213
276 210
282 206
288 202
294 198
300 195
306 194
312 192
318 192
324 193
330 194
336 196
342 198
348 201
354 205
360 208
366 210
372 212
378 214
384 216
390 217
396 217
402 217
408 217
414 216
420 215
426 214
432 212
438 211
444 208
450 206
456 203
462 201
468 199
474 197
480 196
486 196
492 196
498 196
504 198
510 200
516 202
522 205
528 209
534 212
540 215
546 218
552 220
558 221
564 222
570 222
576 221
582 219
588 217
594 215
600 212
606 209
612 206
618 203
624 201
630 200
636 199
642 199
648 199
654 200
660 201
666 203
672 205
678 207
684 209
690 210
696 211
702 212
708 212
714 212
720 212
726 211
732 210
738 210
744 209
750 208
756 208
762 208
768 208
774 208
780 208
786 208
792 208
798 207
804 207
810 206
816 205
822 204
828 203
834 202
840 202
846 202
852 202
858 202
864 203
870 204
876 205
882 206
888 207
894 208
900 209
906 210
912 210
918 211
924 212
930 213
936 214
942 215
948 216
954 217
960 217
966 218
972 218
978 217
984 216
990 214
996 211
1002 208
1008 204
1014 200
1020 197
1026 194
1032 191
1038 190
1044 190
1050 190
1056 192
1062 195
1068 199
1074 204
1080 210
1086 216
1092 221
1098 224
1104 226
1110 227
1116 227
1122 225
1128 223
1134 219
1140 214
1146 209
1152 204
1158 200
1164 198
1170 196
1176 196
1182 196
1188 197
