0 106
5 108
10 110
15 114
20 118
25 123
28 128
31 133
33 138
35 143
36 148
36 153
37 158
37 163
37 168
36 173
35 178
33 183
30 188
25 193
20 195
15 195
10 192
5 187
2 182
1198 177
1193 174
1188 173
1183 174
1178 177
1174 182
1172 187
1171 192
1171 197
1172 202
1174 207
1176 212
1178 217
1182 222
1185 227
1189 232
1193 237
1197 242
2 247
6 252
11 257
16 261
21 266
26 270
31 273
36 276
41 279
46 281
51 283
56 284
61 285
66 285
71 285
76 284
81 283
86 282
91 280
96 277
101 274
106 270
111 265
116 260
120 255
123 250
126 245
129 240
131 235
132 230
133 225
134 220
134 215
133 210
130 205
125 202
120 202
115 205
110 207
105 208
100 207
96 202
94 197
93 192
93 187
94 182
95 177
96 172
98 167
100 162
103 157
106 152
109 147
114 142
119 137
124 133
129 130
134 128
139 126
144 125
149 124
154 124
159 124
164 124
169 126
174 127
179 129
184 132
189 135
194 139
199 144
204 149
209 154
213 159
217 164
220 169
224 174
227 179
230 184
233 189
236 194
239 199
242 204
244 209
246 214
248 219
249 224
251 229
251 234
252 239
251 244
250 249
248 254
243 259
238 261
233 261
228 259
224 254
221 249
218 244
215 239
211 234
206 232
201 232
196 235
192 240
189 245
188 250
186 255
185 260
185 265
185 270
185 275
185 280
186 285
188 290
190 295
192 300
195 305
199 310
204 315
209 319
214 322
219 324
224 326
229 327
234 328
239 328
244 328
249 327
254 326
259 325
264 323
269 320
274 316
279 312
284 307
287 302
290 297
293 292
295 287
297 282
298 277
300 272
301 267
302 262
303 257
304 252
304 247
305 242
306 237
306 232
306 227
306 222
306 217
306 212
307 207
306 202
306 197
306 192
306 187
306 182
306 177
305 172
304 167
301 162
296 164
293 169
292 174
291 179
290 184
290 189
289 194
289 199
288 204
287 209
286 214
284 219
279 221
276 216
274 211
273 206
271 201
270 196
268 191
267 186
265 181
264 176
262 171
261 166
260 161
259 156
258 151
257 146
257 141
257 136
257 131
257 126
258 121
260 116
262 111
264 106
268 101
272 96
277 91
282 87
287 85
292 82
297 81
302 79
307 78
312 78
317 78
322 78
327 79
332 80
337 82
342 84
347 87
352 90
357 95
362 100
366 105
369 110
372 115
374 120
376 125
377 130
378 135
379 140
380 145
381 150
381 155
381 160
381 165
381 170
381 175
381 180
380 185
380 190
379 195
378 200
376 205
371 209
366 208
362 203
359 198
357 193
356 188
354 183
353 178
351 173
349 168
347 163
344 158
339 155
334 158
332 163
331 168
331 173
331 178
331 183
331 188
332 193
332 198
333 203
333 208
334 213
335 218
336 223
337 228
338 233
339 238
341 243
342 248
344 253
345 258
347 263
349 268
351 273
354 278
357 283
360 288
365 293
370 298
375 302
380 305
385 307
390 308
395 309
400 310
405 310
410 309
415 308
420 306
425 304
430 301
435 297
440 292
444 287
448 282
451 277
454 272
456 267
458 262
460 257
462 252
464 247
465 242
467 237
468 232
469 227
470 222
471 217
471 212
472 207
472 202
471 197
471 192
469 187
465 182
460 181
455 183
451 188
448 193
446 198
444 203
442 208
439 213
435 218
430 221
425 221
420 217
417 212
416 207
416 202
416 197
416 192
416 187
417 182
418 177
419 172
420 167
422 162
423 157
425 152
427 147
429 142
431 137
434 132
437 127
440 122
444 117
449 112
454 107
459 104
464 101
469 98
474 96
479 95
484 94
489 94
494 94
499 94
504 95
509 97
514 99
519 101
524 105
529 110
533 115
537 120
539 125
541 130
542 135
543 140
544 145
545 150
545 155
545 160
545 165
545 170
545 175
545 180
544 185
544 190
544 195
543 200
542 205
542 210
541 215
541 220
540 225
540 230
540 235
540 240
540 245
539 250
534 252
530 247
527 242
526 237
524 232
523 227
522 222
521 217
520 212
519 207
517 202
513 197
508 198
506 203
505 208
505 213
504 218
504 223
504 228
504 233
504 238
504 243
504 248
504 253
504 258
505 263
505 268
506 273
507 278
508 283
510 288
512 293
514 298
516 303
520 308
523 313
528 318
533 322
538 325
543 328
548 330
553 332
558 333
563 333
568 334
573 334
578 333
583 332
588 330
593 328
598 326
603 322
608 317
612 312
615 307
617 302
619 297
620 292
621 287
621 282
620 277
620 272
619 267
617 262
616 257
614 252
611 247
609 242
606 237
602 232
597 228
592 229
588 234
586 239
585 244
583 249
582 254
580 259
577 264
572 268
567 268
562 263
560 258
559 253
559 248
559 243
560 238
560 233
561 228
561 223
562 218
563 213
565 208
566 203
568 198
570 193
572 188
574 183
576 178
578 173
581 168
583 163
586 158
588 153
591 148
594 143
597 138
601 133
605 128
610 123
615 119
620 116
625 114
630 112
635 110
640 110
645 109
650 110
655 110
660 112
665 114
670 117
675 120
680 125
684 130
687 135
689 140
691 145
692 150
693 155
693 160
692 165
691 170
689 175
687 180
682 185
677 188
672 189
667 188
662 185
657 180
652 177
647 176
642 177
637 180
632 185
630 190
629 195
629 200
630 205
632 210
634 215
636 220
640 225
643 230
647 235
651 240
655 245
660 250
664 255
669 260
674 264
679 268
684 271
689 274
694 276
699 278
704 279
709 280
714 280
719 279
724 278
729 277
734 274
739 270
744 265
747 260
749 255
750 250
752 245
755 240
759 235
764 230
769 226
774 223
779 219
784 216
789 212
794 208
799 203
803 198
806 193
807 188
808 183
807 178
804 173
800 168
798 163
797 158
798 153
799 148
802 143
805 138
809 133
814 128
819 125
824 122
829 120
834 118
839 117
844 116
849 116
854 116
859 116
864 117
869 119
874 120
879 122
884 125
889 128
894 132
899 136
904 140
908 145
913 150
917 155
920 160
924 165
927 170
930 175
933 180
935 185
938 190
940 195
941 200
942 205
943 210
944 215
943 220
942 225
940 230
935 235
930 237
925 236
920 235
915 236
910 238
906 243
904 248
902 253
901 258
901 263
901 268
902 273
903 278
905 283
907 288
910 293
914 298
919 303
924 307
929 310
934 312
939 314
944 316
949 316
954 317
959 317
964 316
969 315
974 314
979 312
984 310
989 307
994 303
999 299
1004 294
1008 289
1012 284
1016 279
1020 274
1023 269
1026 264
1029 259
1031 254
1034 249
1036 244
1039 239
1041 234
1042 229
1044 224
1045 219
1046 214
1047 209
1047 204
1048 199
1048 194
1048 189
1048 184
1048 179
1048 174
1048 169
1047 164
1046 159
1044 154
1042 149
1037 144
1032 142
1027 143
1022 147
1020 152
1019 157
1018 162
1018 167
1017 172
1016 177
1015 182
1014 187
1012 192
1007 196
1002 196
997 194
993 189
989 184
987 179
984 174
982 169
981 164
980 159
979 154
978 149
977 144
977 139
977 134
977 129
978 124
979 119
980 114
982 109
984 104
987 99
991 94
996 89
1001 85
1006 82
1011 79
1016 77
1021 75
1026 74
1031 74
1036 74
1041 74
1046 74
1051 75
1056 77
1061 79
1066 81
1071 85
1076 89
1080 94
1083 99
1086 104
1088 109
1089 114
1089 119
1089 124
1089 129
1089 134
1088 139
1088 144
1087 149
1086 154
1086 159
1085 164
1084 169
1084 174
1084 179
1083 184
1083 189
1083 194
1083 199
1084 204
1084 209
1085 214
1086 219
1086 224
1087 229
1088 234
1089 239
1090 244
1091 249
1092 254
1094 259
1089 264
1094 263
1089 258
1085 253
1084 248
1083 243
1082 238
1081 233
1080 228
1079 223
1078 218
1073 223
1073 228
1073 233
1073 238
1073 243
1072 248
1071 253
1070 258
1069 263
1068 268
1067 273
1066 278
1065 283
1065 288
1065 293
1065 298
1066 303
1067 308
1069 313
1072 318
1075 323
1080 328
1085 332
1090 335
1095 338
1100 339
1105 340
1110 341
1115 341
1120 341
1125 341
1130 339
1135 338
1140 336
1145 333
1150 329
1155 324
1159 319
1162 314
1164 309
1165 304
1166 299
1167 294
1167 289
1167 284
1166 279
1165 274
1164 269
1162 264
1160 259
1158 254
1156 249
1153 244
1150 239
1147 234
1143 229
1138 227
1133 232
1132 237
1131 242
1130 247
1130 252
1129 257
1129 262
1128 267
1127 272
1125 277
1123 282
1118 286
1113 286
1108 281
1107 276
1106 271
1106 266
1106 261
1106 256
1105 251
1104 246
1104 241
1103 236
1103 231
1102 226
1102 221
1102 216
1103 211
1103 206
1104 201
1105 196
1107 191
1108 186
1110 181
1113 176
1115 171
1118 166
1121 161
1124 156
1127 151
1130 146
1133 141
1137 136
1140 131
1144 126
1149 121
1154 117
1159 113
1164 110
1169 108
1174 106
1179 105
1184 104
1189 104
1194 105
