0 198
6 198
12 197
18 197
24 197
30 196
36 196
42 196
48 196
54 196
60 196
66 197
72 198
78 198
84 198
90 199
96 199
102 199
108 199
114 199
120 198
126 198
132 198
138 197
144 197
150 197
156 196
162 196
168 196
174 196
180 196
186 196
192 196
198 196
204 197
210 197
216 198
222 198
228 199
234 200
240 200
246 200
252 199
258 199
264 198
270 197
276 197
282 196
288 196
294 197
300 197
306 197
312 198
318 198
324 198
330 198
336 198
342 197
348 196
354 195
360 195
366 194
372 194
378 195
384 195
390 196
396 197
402 197
408 198
414 198
420 198
426 197
432 197
438 196
444 196
450 196
456 196
462 196
468 196
474 197
480 197
486 197
492 197
498 198
504 198
510 198
516 198
522 199
528 199
534 199
540 198
546 198
552 198
558 197
564 197
570 196
576 196
582 196
588 197
594 197
600 198
606 198
612 198
618 198
624 198
630 198
636 198
642 197
648 197
654 197
660 197
666 197
672 198
678 198
684 198
690 199
696 199
702 199
708 198
714 198
720 198
726 198
732 198
738 198
744 197
750 197
756 198
762 197
768 198
774 198
780 198
786 198
792 198
798 198
804 197
810 197
816 197
822 196
828 196
834 195
840 195
846 195
852 196
858 196
864 196
870 197
876 197
882 197
888 197
894 197
900 197
906 197
912 197
918 197
924 198
930 198
936 198
942 199
948 199
954 199
960 199
966 199
972 199
978 198
984 198
990 197
996 197
1002 196
1008 196
1014 196
1020 195
1026 195
1032 195
1038 196
1044 196
1050 195
1056 195
1062 195
1068 195
1074 195
1080 195
1086 195
1092 196
1098 196
1104 197
1110 198
1116 199
1122 199
1128 200
1134 200
1140 199
1146 199
1152 199
1158 198
1164 198
1170 197
1176 197
1182 197
1188 197
