0 211
6 211
12 208
18 204
23 198
27 192
33 187
39 183
45 182
51 182
57 185
63 191
67 197
69 203
70 209
72 215
73 221
76 227
80 233
86 238
92 241
98 243
104 243
110 242
116 239
122 235
128 229
132 223
135 217
138 211
141 205
145 199
151 193
157 189
163 186
169 184
175 183
181 183
187 184
193 185
199 189
205 194
208 200
211 206
212 212
213 218
214 224
216 230
219 236
224 242
230 246
236 248
242 248
248 247
254 244
259 238
262 232
264 226
265 220
267 214
269 208
274 202
280 199
286 198
292 200
298 205
303 211
308 217
314 223
320 227
326 229
332 228
338 225
343 219
346 213
348 207
348 201
348 195
349 189
350 183
353 177
359 171
365 169
371 168
377 170
383 175
386 181
388 187
389 193
390 199
391 205
393 211
396 217
402 223
408 225
414 226
420 224
426 220
431 214
434 208
438 202
443 196
449 191
455 189
461 189
467 191
473 195
479 201
483 207
488 213
493 219
499 225
505 230
511 233
517 235
523 236
529 235
535 233
541 229
546 223
550 217
552 211
555 205
559 199
565 194
571 191
577 191
583 194
589 199
593 205
597 211
602 217
608 222
614 224
620 224
626 221
632 217
637 211
643 206
649 202
655 201
661 202
667 206
672 212
676 218
681 224
687 228
693 230
699 231
705 229
711 226
717 222
723 217
729 213
735 211
741 209
747 209
753 210
759 212
765 215
771 218
777 221
783 223
789 223
795 223
801 221
807 217
813 211
816 205
818 199
821 193
824 187
830 181
836 178
842 178
848 179
854 182
859 188
863 194
867 200
871 206
877 210
883 212
889 212
895 211
901 210
907 209
913 210
919 213
925 219
928 225
931 231
935 237
941 243
947 246
953 248
959 249
965 248
971 246
977 242
983 236
987 230
989 224
991 218
992 212
994 206
996 200
1001 194
1007 189
1013 186
1019 184
1025 184
1031 183
1037 183
1043 183
1049 182
1055 180
1061 178
1067 176
1073 175
1079 175
1085 177
1091 180
1097 186
1099 192
1101 198
1101 204
1100 210
1100 216
1100 222
1101 228
1103 234
1107 240
1113 245
1119 248
1125 250
1131 250
1137 249
1143 246
1149 242
1154 236
1157 230
1160 224
1164 218
1170 213
1176 210
1182 210
1188 210
