0 199
6 200
12 199
18 199
24 199
30 198
36 198
42 198
48 198
54 198
60 198
66 199
72 199
78 200
84 200
90 200
96 201
102 200
108 200
114 200
120 200
126 200
132 200
138 199
144 199
150 198
156 198
162 198
168 198
174 198
180 198
186 198
192 198
198 198
204 198
210 199
216 199
222 200
228 201
234 201
240 201
246 201
252 201
258 200
264 200
270 199
276 199
282 198
288 199
294 199
300 199
306 199
312 200
318 200
324 200
330 200
336 200
342 199
348 198
354 198
360 197
366 197
372 196
378 197
384 197
390 198
396 199
402 199
408 199
414 200
420 200
426 199
432 199
438 198
444 198
450 198
456 198
462 198
468 198
474 199
480 199
486 199
492 199
498 199
504 200
510 200
516 200
522 200
528 200
534 200
540 200
546 200
552 199
558 199
564 199
570 198
576 199
582 199
588 199
594 199
600 200
606 200
612 200
618 200
624 200
630 200
636 199
642 199
648 199
654 199
660 199
666 199
672 199
678 200
684 200
690 200
696 200
702 200
708 200
714 200
720 200
726 200
732 199
738 199
744 199
750 199
756 199
762 199
768 199
774 199
780 200
786 200
792 200
798 200
804 199
810 199
816 199
822 198
828 198
834 198
840 197
846 198
852 198
858 198
864 198
870 199
876 199
882 199
888 199
894 199
900 199
906 199
912 199
918 199
924 199
930 200
936 200
942 201
948 201
954 201
960 201
966 201
972 200
978 200
984 199
990 199
996 199
1002 198
1008 198
1014 198
1020 198
1026 198
1032 198
1038 198
1044 198
1050 198
1056 198
1062 197
1068 197
1074 197
1080 197
1086 197
1092 198
1098 198
1104 199
1110 200
1116 200
1122 201
1128 201
1134 201
1140 201
1146 201
1152 200
1158 200
1164 199
1170 199
1176 199
1182 199
1188 199
