0 218
6 218
12 218
18 217
24 216
30 215
36 214
42 214
48 214
54 214
60 215
66 217
72 218
78 220
84 221
90 221
96 222
102 222
108 222
114 221
120 221
126 220
132 219
138 218
144 217
150 216
156 215
162 215
168 215
174 215
180 215
186 215
192 215
198 215
204 216
210 217
216 219
222 220
228 222
234 223
240 223
246 223
252 223
258 221
264 219
270 218
276 217
282 216
288 216
294 216
300 217
306 218
312 219
318 220
324 220
330 220
336 219
342 217
348 216
354 214
360 212
366 211
372 211
378 211
384 213
390 215
396 217
402 218
408 219
414 219
420 219
426 218
432 217
438 216
444 215
450 214
456 214
462 215
468 215
474 216
480 217
486 218
492 218
498 219
504 220
510 220
516 220
522 221
528 221
534 221
540 220
546 219
552 218
558 217
564 216
570 215
576 215
582 216
588 216
594 218
600 218
606 219
612 220
618 220
624 220
630 219
636 218
642 217
648 217
654 217
660 217
666 217
672 218
678 219
684 220
690 221
696 221
702 221
708 220
714 219
720 219
726 218
732 218
738 218
744 218
750 218
756 218
762 218
768 219
774 219
780 219
786 219
792 219
798 219
804 219
810 218
816 217
822 215
828 214
834 213
840 213
846 213
852 214
858 215
864 216
870 217
876 218
882 218
888 218
894 218
900 217
906 217
912 217
918 218
924 219
930 220
936 221
942 222
948 223
954 223
960 223
966 223
972 222
978 220
984 219
990 218
996 216
1002 215
1008 215
1014 214
1020 214
1026 214
1032 214
1038 214
1044 214
1050 214
1056 213
1062 213
1068 212
1074 212
1080 212
1086 213
1092 214
1098 216
1104 218
1110 220
1116 222
1122 223
1128 223
1134 223
1140 223
1146 222
1152 221
1158 220
1164 219
1170 218
1176 217
1182 218
1188 218
