0 209
6 209
12 209
18 209
24 208
30 208
36 208
42 208
48 208
54 208
60 208
66 208
72 209
78 209
84 209
90 209
96 209
102 209
108 209
114 209
120 209
126 209
132 209
138 209
144 208
150 208
156 208
162 208
168 208
174 208
180 208
186 208
192 208
198 208
204 208
210 208
216 209
222 209
228 209
234 210
240 210
246 210
252 209
258 209
264 209
270 208
276 208
282 208
288 208
294 208
300 208
306 209
312 209
318 209
324 209
330 209
336 209
342 208
348 208
354 208
360 207
366 207
372 207
378 207
384 207
390 208
396 208
402 208
408 209
414 209
420 209
426 208
432 208
438 208
444 208
450 208
456 208
462 208
468 208
474 208
480 208
486 208
492 209
498 209
504 209
510 209
516 209
522 209
528 209
534 209
540 209
546 209
552 209
558 208
564 208
570 208
576 208
582 208
588 208
594 209
600 209
606 209
612 209
618 209
624 209
630 209
636 209
642 209
648 208
654 208
660 208
666 209
672 209
678 209
684 209
690 209
696 209
702 209
708 209
714 209
720 209
726 209
732 209
738 209
744 209
750 209
756 209
762 209
768 209
774 209
780 209
786 209
792 209
798 209
804 209
810 209
816 208
822 208
828 208
834 208
840 208
846 208
852 208
858 208
864 208
870 208
876 209
882 209
888 209
894 209
900 208
906 208
912 208
918 208
924 209
930 209
936 209
942 209
948 209
954 209
960 209
966 209
972 209
978 209
984 209
990 208
996 208
1002 208
1008 208
1014 208
1020 208
1026 208
1032 208
1038 208
1044 208
1050 208
1056 208
1062 208
1068 207
1074 207
1080 207
1086 207
1092 208
1098 208
1104 208
1110 209
1116 209
1122 209
1128 210
1134 210
1140 209
1146 209
1152 209
1158 209
1164 209
1170 209
1176 208
1182 208
1188 208
