0 206
5 205
10 202
15 198
19 193
22 188
24 183
24 178
24 173
25 168
27 163
31 158
36 155
41 153
46 152
51 152
56 154
61 156
66 159
71 164
74 169
77 174
79 179
80 184
80 189
80 194
80 199
78 204
76 209
72 214
69 219
67 224
66 229
66 234
66 239
67 244
69 249
71 254
75 259
80 264
85 267
90 270
95 271
100 272
105 272
110 271
115 269
120 266
125 263
130 258
133 253
136 248
138 243
139 238
140 233
140 228
140 223
139 218
137 213
136 208
135 203
135 198
136 193
137 188
138 183
140 178
143 173
147 168
151 163
156 159
161 156
166 154
171 153
176 152
181 152
186 153
191 154
196 156
201 159
206 163
210 168
213 173
215 178
216 183
217 188
218 193
217 198
217 203
216 208
214 213
211 218
207 223
205 228
204 233
203 238
203 243
204 248
205 253
207 258
210 263
214 268
219 273
224 276
229 278
234 279
239 280
244 279
249 278
254 276
259 272
264 267
266 262
268 257
268 252
267 247
264 242
259 237
256 232
255 227
255 222
256 217
258 212
260 207
263 202
268 197
273 194
278 193
283 193
288 194
293 196
298 200
302 205
305 210
308 215
310 220
312 225
315 230
320 234
325 237
330 238
335 238
340 237
345 233
349 228
352 223
354 218
355 213
355 208
355 203
355 198
355 193
354 188
352 183
349 178
344 173
339 168
337 163
336 158
337 153
338 148
341 143
346 138
351 135
356 133
361 131
366 131
371 132
376 133
381 135
386 139
390 144
393 149
394 154
394 159
392 164
389 169
386 174
384 179
383 184
383 189
383 194
384 199
384 204
386 209
387 214
389 219
392 224
396 229
401 232
406 234
411 235
416 234
421 232
426 227
429 222
431 217
432 212
432 207
432 202
432 197
433 192
435 187
438 182
441 177
446 172
451 169
456 167
461 166
466 166
471 167
476 169
481 174
485 179
486 184
488 189
488 194
488 199
488 204
487 209
487 214
486 219
486 224
487 229
488 234
489 239
491 244
494 249
499 254
504 258
509 260
514 262
519 263
524 262
529 261
534 259
539 256
544 251
547 246
549 241
551 236
551 231
551 226
551 221
549 216
548 211
547 206
547 201
547 196
548 191
550 186
552 181
556 176
561 172
566 169
571 168
576 168
581 170
586 173
590 178
592 183
592 188
592 193
592 198
592 203
592 208
593 213
594 218
597 223
601 228
606 232
611 234
616 234
621 232
626 229
630 224
633 219
635 214
636 209
638 204
640 199
644 194
649 189
654 187
659 187
664 188
669 192
672 197
674 202
675 207
675 212
674 217
674 222
674 227
674 232
676 237
678 242
682 247
687 250
692 252
697 253
702 252
707 251
712 247
716 242
719 237
721 232
722 227
723 222
725 217
728 212
733 208
738 205
743 204
748 204
753 206
758 209
763 213
768 218
773 223
778 228
783 232
788 234
793 235
798 235
803 234
808 231
813 227
817 222
819 217
821 212
822 207
822 202
822 197
821 192
819 187
817 182
814 177
812 172
811 167
812 162
814 157
817 152
822 147
827 144
832 142
837 141
842 141
847 142
852 143
857 146
862 150
866 155
868 160
868 165
867 170
866 175
866 180
866 185
868 190
870 195
874 200
879 204
884 206
889 207
894 208
899 209
904 210
909 211
914 213
919 215
924 218
928 223
931 228
933 233
934 238
933 243
930 248
928 253
928 258
929 263
931 268
935 273
940 277
945 280
950 282
955 283
960 283
965 283
970 282
975 280
980 278
985 275
990 270
994 265
998 260
1000 255
1002 250
1003 245
1004 240
1004 235
1003 230
1002 225
999 220
994 215
989 210
987 205
986 200
985 195
986 190
987 185
989 180
991 175
995 170
1000 165
1005 162
1010 160
1015 158
1020 156
1025 155
1030 153
1035 152
1040 151
1045 150
1050 149
1055 147
1060 146
1065 144
1070 143
1075 143
1080 143
1085 143
1090 144
1095 146
1100 149
1105 154
1109 159
1112 164
1114 169
1115 174
1116 179
1116 184
1115 189
1114 194
1112 199
1109 204
1104 209
1099 209
1094 210
1089 215
1086 220
1084 225
1083 230
1083 235
1083 240
1084 245
1085 250
1087 255
1089 260
1093 265
1097 270
1102 275
1107 278
1112 280
1117 282
1122 283
1127 283
1132 282
1137 281
1142 279
1147 275
1152 270
1155 265
1156 260
1156 255
1154 250
1152 245
1151 240
1152 235
1154 230
1158 225
1163 220
1168 216
1173 214
1178 212
1183 210
1188 209
1193 208
