0 195
5 193
10 189
15 185
20 180
24 175
26 170
28 165
27 160
25 155
21 150
20 145
22 140
25 135
30 130
35 128
40 126
45 125
50 125
55 126
60 128
65 130
70 134
75 139
79 144
81 149
84 154
85 159
86 164
87 169
88 174
88 179
88 184
88 189
87 194
86 199
84 204
79 207
74 207
69 210
65 215
63 220
61 225
60 230
59 235
59 240
60 245
61 250
63 255
65 260
68 265
72 270
77 274
82 278
87 280
92 281
97 282
102 282
107 282
112 281
117 279
122 276
127 272
131 267
135 262
138 257
140 252
142 247
143 242
144 237
145 232
145 227
145 222
144 217
142 212
139 207
134 202
133 197
132 192
132 187
132 182
133 177
133 172
134 167
136 162
137 157
139 152
142 147
145 142
149 137
154 133
159 129
164 127
169 125
174 124
179 124
184 124
189 125
194 127
199 129
204 132
209 136
213 141
216 146
218 151
220 156
221 161
222 166
222 171
221 176
221 181
220 186
219 191
217 196
215 201
213 206
208 211
203 212
199 217
197 222
197 227
196 232
196 237
196 242
197 247
197 252
199 257
200 262
202 267
205 272
209 277
214 282
219 286
224 289
229 291
234 292
239 292
244 292
249 291
254 289
259 286
264 282
268 277
270 272
272 267
273 262
272 257
271 252
268 247
263 244
258 244
253 245
248 244
245 239
244 234
244 229
245 224
246 219
248 214
250 209
253 204
257 199
261 194
266 190
271 187
276 185
281 185
286 185
291 186
296 188
301 191
306 196
309 201
310 206
310 211
310 216
312 221
315 226
320 231
325 234
330 235
335 235
340 234
345 232
350 227
353 222
355 217
356 212
357 207
358 202
358 197
359 192
359 187
358 182
358 177
357 172
357 167
356 162
354 157
352 152
348 147
343 146
338 148
333 148
329 143
327 138
327 133
327 128
329 123
331 118
335 113
340 108
345 105
350 103
355 101
360 100
365 100
370 100
375 101
380 103
385 105
390 109
394 114
397 119
398 124
398 129
397 134
394 139
389 142
384 142
379 146
377 151
376 156
376 161
377 166
377 171
378 176
379 181
380 186
381 191
382 196
384 201
385 206
388 211
390 216
394 221
399 226
404 229
409 230
414 230
419 228
424 224
429 219
431 214
433 209
434 204
434 199
432 194
430 189
428 184
428 179
429 174
430 169
433 164
436 159
441 154
446 149
451 146
456 144
461 143
466 142
471 143
476 144
481 147
486 152
490 157
492 162
493 167
494 172
495 177
494 182
494 187
493 192
491 197
488 202
486 207
484 212
482 217
482 222
481 227
481 232
481 237
482 242
484 247
486 252
489 257
493 262
498 266
503 269
508 272
513 273
518 273
523 273
528 272
533 270
538 267
543 263
547 258
550 253
551 248
553 243
553 238
553 233
552 228
551 223
550 218
547 213
544 208
542 203
541 198
540 193
540 188
541 183
542 178
543 173
545 168
547 163
550 158
554 153
559 149
564 146
569 145
574 144
579 145
584 147
589 150
592 155
594 160
595 165
594 170
592 175
588 180
586 185
585 190
584 195
585 200
586 205
588 210
590 215
594 220
598 225
603 228
608 230
613 231
618 230
623 227
628 222
631 217
633 212
634 207
635 202
636 197
637 192
639 187
641 182
645 177
650 173
655 171
660 170
665 171
670 174
675 179
677 184
679 189
679 194
679 199
678 204
676 209
674 214
672 219
671 224
670 229
670 234
671 239
673 244
675 249
679 254
684 258
689 260
694 261
699 261
704 261
709 259
714 255
719 250
721 245
722 240
722 235
722 230
722 225
722 220
723 215
724 210
726 205
730 200
735 196
740 194
745 194
750 194
755 196
760 198
765 202
770 207
774 212
777 217
781 222
785 227
790 231
795 233
800 233
805 233
810 231
815 228
820 223
823 218
826 213
827 208
828 203
829 198
829 193
829 188
829 183
828 178
826 173
824 168
821 163
816 158
811 156
806 153
803 148
802 143
802 138
803 133
805 128
809 123
814 118
819 114
824 112
829 110
834 109
839 109
844 109
849 110
854 112
859 114
864 117
869 122
873 127
875 132
876 137
874 142
869 145
865 150
864 155
864 160
866 165
867 170
870 175
873 180
877 185
882 189
887 193
892 196
897 199
902 201
907 204
912 206
917 209
922 213
927 217
932 222
936 227
939 232
941 237
942 242
942 247
939 252
934 253
929 253
924 257
922 262
922 267
924 272
926 277
929 282
933 287
938 291
943 293
948 296
953 297
958 297
963 298
968 297
973 296
978 294
983 292
988 289
993 285
998 280
1001 275
1004 270
1007 265
1009 260
1011 255
1012 250
1013 245
1013 240
1014 235
1014 230
1013 225
1013 220
1011 215
1009 210
1005 205
1000 205
995 208
990 207
985 202
983 197
982 192
981 187
980 182
980 177
981 172
982 167
983 162
985 157
988 152
991 147
996 142
1001 138
1006 134
1011 132
1016 129
1021 127
1026 126
1031 124
1036 123
1041 121
1046 120
1051 119
1056 117
1061 116
1066 115
1071 114
1076 114
1081 114
1086 114
1091 115
1096 117
1101 119
1106 122
1111 127
1116 132
1119 137
1121 142
1123 147
1123 152
1124 157
1124 162
1124 167
1123 172
1122 177
1120 182
1118 187
1115 192
1112 197
1107 202
1102 204
1097 199
1095 194
1090 192
1085 195
1080 200
1078 205
1076 210
1074 215
1074 220
1073 225
1073 230
1073 235
1073 240
1074 245
1075 250
1076 255
1078 260
1080 265
1083 270
1086 275
1090 280
1095 285
1100 288
1105 291
1110 293
1115 294
1120 295
1125 295
1130 295
1135 293
1140 291
1145 288
1150 284
1154 279
1157 274
1159 269
1159 264
1158 259
1153 255
1148 255
1143 254
1139 249
1139 244
1141 239
1143 234
1147 229
1152 224
1157 219
1162 215
1167 212
1172 209
1177 207
1182 204
1187 202
1192 199
