0 196
4 194
8 191
12 188
16 185
20 181
24 177
27 173
30 169
31 165
32 161
32 157
29 153
25 151
21 151
17 147
16 143
17 139
19 135
22 131
26 127
30 124
34 122
38 120
42 119
46 119
50 119
54 119
58 120
62 122
66 124
70 126
74 130
78 134
81 138
83 142
85 146
87 150
88 154
90 158
91 162
92 166
92 170
93 174
93 178
94 182
94 186
94 190
94 194
93 198
93 202
92 206
90 210
88 214
84 218
80 216
77 212
73 210
69 211
65 214
61 218
59 222
57 226
56 230
55 234
54 238
54 242
54 246
55 250
55 254
57 258
58 262
60 266
63 270
66 274
69 278
73 281
77 284
81 286
85 288
89 289
93 290
97 291
101 291
105 290
109 290
113 288
117 287
121 284
125 282
129 278
133 274
136 270
138 266
140 262
142 258
143 254
145 250
146 246
147 242
147 238
148 234
148 230
148 226
148 222
148 218
147 214
145 210
141 208
137 209
133 208
132 204
131 200
131 196
130 192
131 188
131 184
131 180
131 176
132 172
133 168
133 164
134 160
135 156
136 152
138 148
140 144
142 140
144 136
147 132
151 128
155 125
159 122
163 120
167 119
171 118
175 117
179 117
183 117
187 117
191 118
195 119
199 121
203 123
207 126
211 129
215 133
218 137
220 141
222 145
224 149
225 153
225 157
226 161
226 165
225 169
225 173
224 177
222 181
221 185
219 189
217 193
215 197
213 201
211 205
208 209
204 211
200 208
196 209
194 213
192 217
192 221
191 225
191 229
190 233
190 237
191 241
191 245
192 249
192 253
193 257
194 261
196 265
197 269
199 273
201 277
204 281
207 285
210 289
214 292
218 295
222 297
226 299
230 300
234 301
238 301
242 301
246 301
250 300
254 299
258 297
262 294
266 291
269 287
272 283
274 279
275 275
276 271
276 267
276 263
275 259
273 255
269 251
265 248
261 247
257 249
253 253
249 256
245 257
241 256
237 252
235 248
234 244
234 240
234 236
235 232
236 228
238 224
240 220
242 216
245 212
248 208
252 204
256 200
260 197
264 195
268 193
272 191
276 190
280 189
284 189
288 189
292 189
296 190
300 191
304 193
308 196
312 200
313 204
313 208
310 212
308 216
308 220
310 224
313 228
317 232
321 234
325 236
329 237
333 237
337 237
341 236
345 234
349 231
352 227
355 223
356 219
358 215
359 211
359 207
360 203
360 199
360 195
360 191
360 187
360 183
359 179
359 175
359 171
358 167
358 163
357 159
356 155
356 151
355 147
353 143
352 139
349 135
345 132
341 134
338 138
336 142
334 146
330 147
326 144
323 140
322 136
321 132
321 128
322 124
322 120
324 116
326 112
328 108
331 104
335 100
339 97
343 94
347 92
351 91
355 90
359 89
363 89
367 89
371 89
375 90
379 91
383 93
387 96
391 99
395 103
397 107
399 111
400 115
401 119
400 123
400 127
398 131
395 135
391 136
387 134
384 130
380 128
376 128
373 132
372 136
371 140
371 144
371 148
371 152
372 156
372 160
373 164
374 168
375 172
376 176
377 180
378 184
379 188
381 192
382 196
383 200
385 204
387 208
388 212
391 216
393 220
397 224
401 227
405 229
409 229
413 229
417 229
421 227
425 224
429 221
432 217
434 213
436 209
437 205
438 201
438 197
437 193
435 189
431 187
427 186
423 182
423 178
423 174
424 170
426 166
428 162
432 158
435 154
439 150
443 147
447 144
451 142
455 140
459 139
463 138
467 138
471 138
475 139
479 140
483 142
487 145
490 149
493 153
495 157
497 161
498 165
498 169
499 173
499 177
499 181
499 185
498 189
497 193
496 197
494 201
491 205
487 208
483 212
481 216
479 220
478 224
477 228
477 232
476 236
476 240
477 244
477 248
478 252
480 256
482 260
484 264
487 268
491 272
495 275
499 278
503 280
507 281
511 282
515 282
519 283
523 282
527 281
531 280
535 278
539 276
543 273
547 269
549 265
552 261
553 257
554 253
555 249
555 245
555 241
554 237
553 233
551 229
550 225
547 221
544 217
540 215
537 211
535 207
535 203
535 199
535 195
535 191
536 187
537 183
538 179
539 175
540 171
542 167
544 163
546 159
549 155
552 151
556 147
560 144
564 142
568 141
572 140
576 140
580 140
584 142
588 144
592 147
595 151
597 155
598 159
598 163
597 167
595 171
591 175
587 177
583 179
580 183
578 187
577 191
577 195
578 199
579 203
580 207
582 211
585 215
588 219
591 223
595 226
599 228
603 230
607 231
611 231
615 231
619 229
623 227
627 223
630 219
632 215
633 211
634 207
634 203
634 199
634 195
635 191
637 187
639 183
642 179
645 175
649 172
653 170
657 169
661 169
665 169
669 170
673 173
677 176
680 180
681 184
683 188
683 192
683 196
683 200
682 204
681 208
678 212
675 216
672 220
670 224
668 228
667 232
667 236
667 240
667 244
668 248
669 252
672 256
675 260
679 264
683 266
687 268
691 269
695 270
699 270
703 269
707 268
711 267
715 264
719 261
722 257
724 253
725 249
725 245
725 241
723 237
721 233
720 229
719 225
720 221
720 217
722 213
724 209
727 205
730 201
734 198
738 196
742 195
746 195
750 195
754 195
758 196
762 197
766 199
770 202
774 205
777 209
780 213
782 217
784 221
786 225
789 229
793 232
797 234
801 235
805 235
809 234
813 233
817 231
821 229
825 225
828 221
830 217
832 213
834 209
835 205
835 201
835 197
836 193
835 189
835 185
834 181
833 177
832 173
831 169
830 165
828 161
825 157
822 153
818 151
814 150
810 152
806 154
802 153
798 149
796 145
795 141
794 137
794 133
795 129
796 125
798 121
800 117
803 113
807 109
811 106
815 103
819 101
823 100
827 99
831 98
835 97
839 97
843 98
847 98
851 99
855 101
859 103
863 105
867 108
871 112
874 116
877 120
879 124
880 128
881 132
880 136
876 139
872 137
868 136
864 137
862 141
862 145
862 149
863 153
864 157
866 161
868 165
870 169
872 173
875 177
878 181
882 185
886 189
890 193
894 196
898 199
902 202
906 205
910 207
914 210
918 213
922 216
926 219
930 223
934 227
938 231
941 235
944 239
946 243
948 247
949 251
950 255
949 259
946 263
942 264
938 262
934 260
930 258
926 257
922 258
919 262
918 266
918 270
918 274
919 278
920 282
922 286
925 290
928 294
932 298
936 301
940 303
944 305
948 307
952 308
956 308
960 309
964 309
968 308
972 307
976 306
980 305
984 303
988 301
992 298
996 294
1000 290
1003 286
1006 282
1008 278
1010 274
1012 270
1014 266
1015 262
1016 258
1017 254
1018 250
1019 246
1020 242
1020 238
1020 234
1021 230
1020 226
1020 222
1020 218
1019 214
1018 210
1017 206
1015 202
1012 198
1008 196
1004 199
1002 203
1000 207
999 211
995 213
991 211
987 207
984 203
982 199
981 195
979 191
978 187
978 183
977 179
977 175
978 171
978 167
979 163
980 159
982 155
984 151
986 147
989 143
992 139
996 135
1000 132
1004 129
1008 126
1012 124
1016 122
1020 120
1024 118
1028 117
1032 115
1036 114
1040 113
1044 111
1048 110
1052 109
1056 108
1060 107
1064 107
1068 106
1072 106
1076 105
1080 105
1084 105
1088 106
1092 107
1096 108
1100 109
1104 111
1108 114
1112 117
1116 121
1119 125
1122 129
1124 133
1126 137
1127 141
1128 145
1129 149
1129 153
1129 157
1129 161
1129 165
1128 169
1127 173
1126 177
1124 181
1122 185
1120 189
1117 193
1114 197
1110 201
1106 204
1102 207
1098 208
1094 207
1092 203
1093 199
1093 195
1093 191
1092 187
1088 185
1084 185
1080 187
1076 190
1073 194
1071 198
1069 202
1068 206
1067 210
1066 214
1066 218
1065 222
1065 226
1065 230
1066 234
1066 238
1067 242
1067 246
1068 250
1069 254
1070 258
1072 262
1073 266
1075 270
1077 274
1079 278
1082 282
1085 286
1089 290
1093 294
1097 296
1101 299
1105 301
1109 302
1113 303
1117 304
1121 304
1125 304
1129 304
1133 303
1137 301
1141 300
1145 297
1149 294
1153 290
1156 286
1158 282
1160 278
1161 274
1161 270
1161 266
1160 262
1156 258
1152 257
1148 258
1144 261
1140 263
1136 263
1132 263
1129 259
1128 255
1129 251
1130 247
1132 243
1135 239
1139 235
1143 231
1147 228
1151 225
1155 222
1159 219
1163 217
1167 215
1171 212
1175 210
1179 208
1183 206
1187 204
1191 202
1195 199
