0 217
6 216
12 213
18 208
22 202
25 196
28 190
33 184
39 180
45 179
51 179
57 182
63 186
67 192
69 198
71 204
71 210
71 216
71 222
71 228
72 234
74 240
77 246
82 252
88 256
94 258
100 259
106 259
112 258
118 255
124 250
129 244
132 238
134 232
136 226
137 220
139 214
141 208
143 202
147 196
152 190
158 186
164 183
170 181
176 180
182 180
188 181
194 183
200 187
206 193
209 199
211 205
212 211
212 217
212 223
211 229
211 235
212 241
214 247
217 253
222 259
228 263
234 265
240 266
246 265
252 263
258 258
262 252
264 246
264 240
264 234
264 228
265 222
266 216
269 210
275 204
281 202
287 203
293 206
299 211
303 217
307 223
311 229
317 235
323 239
329 240
335 238
341 235
346 229
348 223
349 217
350 211
350 205
349 199
348 193
347 187
347 181
349 175
353 169
359 164
365 163
371 163
377 165
383 169
387 175
388 181
389 187
389 193
389 199
389 205
389 211
391 217
393 223
397 229
403 234
409 236
415 236
421 234
427 228
431 222
433 216
436 210
438 204
442 198
448 192
454 189
460 188
466 189
472 193
477 199
481 205
483 211
486 217
488 223
491 229
495 235
500 241
506 246
512 249
518 251
524 251
530 250
536 248
542 243
546 237
549 231
550 225
552 219
553 213
555 207
557 201
562 195
568 192
574 191
580 192
586 196
590 202
592 208
595 214
597 220
601 226
607 232
613 234
619 234
625 232
631 226
636 220
640 214
645 208
651 204
657 203
663 206
669 212
672 218
674 224
677 230
680 236
686 241
692 244
698 244
704 243
710 240
716 235
721 229
726 223
732 218
738 216
744 215
750 215
756 218
762 221
768 225
774 229
780 232
786 234
792 234
798 233
804 231
810 225
814 219
816 213
817 207
818 201
819 195
821 189
823 183
829 177
835 174
841 173
847 174
853 177
859 183
862 189
864 195
866 201
868 207
873 213
879 216
885 218
891 218
897 217
903 216
909 216
915 218
921 222
925 228
928 234
929 240
931 246
933 252
938 258
944 263
950 265
956 267
962 267
968 266
974 263
980 259
986 253
989 247
991 241
993 235
993 229
993 223
993 217
993 211
994 205
996 199
1000 193
1006 188
1012 184
1018 182
1024 182
1030 181
1036 180
1042 180
1048 178
1054 176
1060 174
1066 172
1072 171
1078 171
1084 172
1090 174
1096 179
1101 185
1103 191
1104 197
1104 203
1103 209
1100 215
1098 221
1096 227
1095 233
1096 239
1097 245
1100 251
1104 257
1110 262
1116 266
1122 267
1128 268
1134 267
1140 265
1146 262
1152 256
1155 250
1157 244
1158 238
1161 232
1164 226
1170 220
1176 217
1182 216
1188 216
