0 210
6 210
12 210
18 209
24 209
30 208
36 207
42 207
48 207
54 207
60 208
66 209
72 210
78 211
84 212
90 212
96 212
102 213
108 212
114 212
120 212
126 211
132 210
138 210
144 209
150 208
156 208
162 208
168 208
174 208
180 208
186 208
192 208
198 208
204 208
210 209
216 210
222 211
228 212
234 213
240 214
246 214
252 213
258 212
264 211
270 210
276 209
282 208
288 208
294 208
300 209
306 210
312 211
318 211
324 211
330 211
336 210
342 209
348 208
354 207
360 206
366 205
372 205
378 205
384 206
390 208
396 209
402 210
408 211
414 211
420 211
426 210
432 209
438 208
444 208
450 207
456 207
462 208
468 208
474 209
480 209
486 209
492 210
498 210
504 211
510 211
516 211
522 212
528 212
534 212
540 211
546 211
552 210
558 209
564 208
570 208
576 208
582 208
588 209
594 209
600 210
606 211
612 211
618 211
624 211
630 211
636 210
642 209
648 209
654 209
660 209
666 209
672 210
678 211
684 211
690 212
696 212
702 212
708 211
714 211
720 210
726 210
732 210
738 210
744 210
750 210
756 210
762 210
768 210
774 210
780 210
786 211
792 211
798 210
804 210
810 210
816 209
822 208
828 207
834 207
840 206
846 206
852 207
858 208
864 208
870 209
876 210
882 210
888 210
894 210
900 209
906 209
912 209
918 210
924 210
930 211
936 212
942 213
948 213
954 213
960 213
966 213
972 212
978 211
984 210
990 209
996 209
1002 208
1008 207
1014 207
1020 207
1026 207
1032 207
1038 207
1044 207
1050 207
1056 206
1062 206
1068 206
1074 206
1080 206
1086 206
1092 207
1098 208
1104 210
1110 211
1116 212
1122 213
1128 213
1134 213
1140 213
1146 213
1152 212
1158 211
1164 210
1170 210
1176 209
1182 209
1188 210
