0 213
6 213
12 213
18 213
24 213
30 213
36 213
42 212
48 212
54 213
60 213
66 213
72 213
78 213
84 214
90 214
96 214
102 214
108 214
114 214
120 213
126 213
132 213
138 213
144 213
150 213
156 213
162 213
168 213
174 213
180 213
186 213
192 213
198 213
204 213
210 213
216 213
222 213
228 214
234 214
240 214
246 214
252 214
258 214
264 213
270 213
276 213
282 213
288 213
294 213
300 213
306 213
312 213
318 213
324 213
330 213
336 213
342 213
348 213
354 212
360 212
366 212
372 212
378 212
384 212
390 212
396 213
402 213
408 213
414 213
420 213
426 213
432 213
438 213
444 212
450 212
456 212
462 213
468 213
474 213
480 213
486 213
492 213
498 213
504 213
510 213
516 213
522 213
528 213
534 213
540 213
546 213
552 213
558 213
564 213
570 213
576 213
582 213
588 213
594 213
600 213
606 213
612 213
618 213
624 213
630 213
636 213
642 213
648 213
654 213
660 213
666 213
672 213
678 213
684 214
690 214
696 214
702 214
708 213
714 213
720 213
726 213
732 213
738 213
744 213
750 213
756 213
762 213
768 213
774 213
780 213
786 213
792 213
798 213
804 213
810 213
816 213
822 213
828 212
834 212
840 212
846 212
852 212
858 212
864 213
870 213
876 213
882 213
888 213
894 213
900 213
906 213
912 213
918 213
924 213
930 213
936 213
942 214
948 214
954 214
960 214
966 214
972 213
978 213
984 213
990 213
996 213
1002 213
1008 212
1014 212
1020 212
1026 212
1032 212
1038 212
1044 212
1050 212
1056 212
1062 212
1068 212
1074 212
1080 212
1086 212
1092 212
1098 213
1104 213
1110 213
1116 213
1122 214
1128 214
1134 214
1140 214
1146 214
1152 214
1158 213
1164 213
1170 213
1176 213
1182 213
1188 213
