0 206
6 202
12 198
18 193
24 188
30 182
35 176
38 170
41 164
42 158
41 152
35 146
29 146
23 149
17 153
12 147
12 141
14 135
17 129
21 123
27 117
33 114
39 112
45 110
51 110
57 111
63 113
69 117
75 121
80 127
84 133
88 139
90 145
93 151
95 157
97 163
98 169
99 175
100 181
101 187
102 193
102 199
102 205
101 211
101 217
100 223
98 229
96 235
93 241
88 247
83 241
83 235
83 229
82 223
76 217
70 218
64 222
58 228
53 234
50 240
48 246
46 252
45 258
45 264
45 270
46 276
48 282
50 288
53 294
57 300
63 306
69 311
75 315
81 318
87 319
93 320
99 320
105 320
111 318
117 316
123 312
129 307
134 301
138 295
141 289
143 283
145 277
146 271
147 265
148 259
148 253
148 247
149 241
149 235
149 229
149 223
149 217
148 211
142 209
138 215
132 209
132 203
132 197
132 191
133 185
133 179
134 173
134 167
135 161
136 155
137 149
138 143
140 137
143 131
146 125
151 119
157 113
163 109
169 107
175 105
181 105
187 105
193 106
199 108
205 111
211 115
217 120
222 126
226 132
229 138
231 144
232 150
233 156
233 162
232 168
231 174
229 180
225 186
221 192
215 198
209 204
203 208
198 202
192 196
187 202
185 208
183 214
182 220
181 226
181 232
181 238
181 244
182 250
183 256
184 262
185 268
187 274
188 280
190 286
192 292
195 298
198 304
202 310
207 316
213 321
219 325
225 328
231 329
237 330
243 330
249 330
255 328
261 326
267 323
273 317
278 311
281 305
283 299
283 293
282 287
280 281
277 275
272 269
266 265
260 263
254 264
248 268
246 274
246 280
246 286
240 289
234 288
228 284
223 278
220 272
219 266
218 260
218 254
220 248
223 242
227 236
232 230
238 224
244 220
250 216
256 213
262 210
268 207
274 206
280 205
286 204
292 204
298 204
304 206
310 208
316 212
319 218
313 223
307 223
301 224
297 230
299 236
305 242
311 247
317 250
323 252
329 253
335 253
341 252
347 249
353 243
357 237
360 231
361 225
362 219
363 213
363 207
363 201
362 195
362 189
361 183
360 177
359 171
358 165
357 159
356 153
354 147
353 141
353 135
352 129
351 123
349 117
347 111
341 106
335 109
331 115
329 121
328 127
327 133
327 139
321 142
318 136
316 130
315 124
315 118
316 112
318 106
320 100
323 94
328 88
334 82
340 78
346 75
352 74
358 73
364 72
370 73
376 74
382 77
388 80
394 86
398 92
401 98
402 104
402 110
400 116
397 122
391 126
387 120
386 114
384 108
378 102
372 100
366 103
362 109
361 115
360 121
361 127
361 133
362 139
363 145
364 151
365 157
367 163
369 169
372 175
374 181
377 187
379 193
382 199
385 205
388 211
390 217
393 223
396 229
402 235
408 238
414 239
420 238
426 236
432 231
438 225
443 219
446 213
448 207
449 201
450 195
449 189
446 183
440 180
434 181
428 187
422 187
416 181
416 175
417 169
420 163
425 157
430 151
436 146
442 142
448 138
454 136
460 134
466 133
472 133
478 134
484 136
490 140
495 146
499 152
501 158
502 164
503 170
503 176
503 182
503 188
502 194
501 200
500 206
499 212
497 218
493 224
487 219
481 225
478 231
475 237
473 243
471 249
470 255
469 261
469 267
469 273
470 279
472 285
475 291
479 297
484 303
490 308
496 311
502 313
508 315
514 315
520 315
526 314
532 312
538 309
544 305
550 299
554 293
557 287
558 281
558 275
558 269
556 263
554 257
551 251
546 245
540 239
534 237
528 241
525 235
524 229
524 223
525 217
526 211
527 205
529 199
531 193
534 187
536 181
539 175
542 169
545 163
549 157
553 151
558 145
564 141
570 138
576 136
582 137
588 138
594 142
600 148
602 154
603 160
602 166
600 172
596 178
590 180
584 176
578 176
572 179
566 185
563 191
562 197
561 203
562 209
565 215
568 221
573 227
579 232
585 237
591 240
597 242
603 244
609 244
615 242
621 240
627 235
632 229
635 223
637 217
637 211
633 205
632 199
635 193
639 187
645 181
651 177
657 174
663 174
669 174
675 176
681 181
685 187
687 193
689 199
689 205
688 211
687 217
685 223
682 229
676 232
670 235
666 241
663 247
661 253
660 259
660 265
661 271
662 277
665 283
670 289
676 295
682 298
688 300
694 301
700 301
706 301
712 299
718 295
724 291
728 285
731 279
733 273
732 267
730 261
724 258
718 257
715 251
715 245
716 239
718 233
721 227
725 221
731 215
737 211
743 208
749 206
755 205
761 205
767 206
773 207
779 209
785 213
790 219
791 225
790 231
791 237
794 243
800 248
806 249
812 250
818 249
824 246
830 242
836 236
840 230
843 224
845 218
846 212
847 206
847 200
846 194
845 188
844 182
843 176
841 170
838 164
836 158
833 152
830 146
825 140
819 134
813 132
807 133
803 139
802 145
801 151
795 152
789 146
786 140
784 134
783 128
784 122
785 116
787 110
790 104
794 98
799 92
805 88
811 84
817 82
823 80
829 79
835 79
841 80
847 81
853 83
859 86
865 90
871 96
876 102
879 108
882 114
883 120
883 126
877 126
871 120
865 115
859 115
855 121
856 127
857 133
859 139
862 145
864 151
867 157
870 163
874 169
878 175
881 181
886 187
890 193
895 199
900 205
906 211
912 217
918 223
924 229
930 235
935 241
940 247
945 253
949 259
953 265
956 271
958 277
958 283
958 289
954 295
948 296
942 293
939 287
936 281
931 275
925 272
919 272
913 278
910 284
909 290
909 296
910 302
912 308
914 314
918 320
924 326
930 331
936 334
942 337
948 338
954 340
960 340
966 340
972 339
978 338
984 335
990 332
996 329
1002 323
1008 317
1012 311
1015 305
1017 299
1019 293
1021 287
1023 281
1024 275
1024 269
1025 263
1026 257
1026 251
1026 245
1026 239
1026 233
1026 227
1026 221
1026 215
1025 209
1024 203
1023 197
1022 191
1019 185
1013 180
1007 182
1003 188
1001 194
1001 200
1002 206
1002 212
1002 218
1000 224
994 224
988 218
984 212
981 206
978 200
977 194
975 188
975 182
975 176
975 170
976 164
977 158
979 152
981 146
984 140
988 134
993 128
998 122
1004 117
1010 113
1016 109
1022 106
1028 103
1034 101
1040 98
1046 97
1052 95
1058 94
1064 93
1070 92
1076 92
1082 92
1088 93
1094 94
1100 96
1106 98
1112 102
1118 107
1123 113
1127 119
1130 125
1133 131
1134 137
1136 143
1136 149
1136 155
1136 161
1135 167
1134 173
1132 179
1129 185
1125 191
1121 197
1116 203
1110 208
1104 213
1098 216
1092 217
1086 211
1087 205
1090 199
1093 193
1095 187
1095 181
1092 175
1086 170
1080 169
1074 171
1068 175
1063 181
1061 187
1059 193
1057 199
1056 205
1056 211
1055 217
1055 223
1055 229
1056 235
1056 241
1057 247
1057 253
1058 259
1060 265
1061 271
1063 277
1065 283
1067 289
1070 295
1073 301
1077 307
1082 313
1088 319
1094 324
1100 327
1106 329
1112 331
1118 332
1124 332
1130 331
1136 329
1142 327
1148 323
1154 318
1159 312
1162 306
1165 300
1166 294
1167 288
1166 282
1164 276
1158 270
1152 269
1146 272
1140 277
1136 283
1132 289
1126 292
1120 291
1115 285
1113 279
1114 273
1117 267
1121 261
1127 255
1133 249
1139 244
1145 240
1151 236
1157 232
1163 228
1169 225
1175 221
1181 218
1187 214
1193 210
