0 205
6 205
12 205
18 205
24 205
30 204
36 204
42 204
48 204
54 204
60 204
66 205
72 205
78 205
84 205
90 206
96 206
102 206
108 206
114 206
120 205
126 205
132 205
138 205
144 205
150 204
156 204
162 204
168 204
174 204
180 204
186 204
192 204
198 204
204 204
210 205
216 205
222 205
228 206
234 206
240 206
246 206
252 206
258 206
264 205
270 205
276 205
282 204
288 204
294 204
300 205
306 205
312 205
318 205
324 205
330 205
336 205
342 205
348 204
354 204
360 203
366 203
372 203
378 203
384 204
390 204
396 205
402 205
408 205
414 205
420 205
426 205
432 205
438 204
444 204
450 204
456 204
462 204
468 204
474 204
480 205
486 205
492 205
498 205
504 205
510 205
516 205
522 206
528 206
534 206
540 205
546 205
552 205
558 205
564 204
570 204
576 204
582 204
588 205
594 205
600 205
606 205
612 205
618 205
624 205
630 205
636 205
642 205
648 205
654 205
660 205
666 205
672 205
678 205
684 206
690 206
696 206
702 206
708 205
714 205
720 205
726 205
732 205
738 205
744 205
750 205
756 205
762 205
768 205
774 205
780 205
786 205
792 205
798 205
804 205
810 205
816 205
822 204
828 204
834 204
840 204
846 204
852 204
858 204
864 204
870 205
876 205
882 205
888 205
894 205
900 205
906 205
912 205
918 205
924 205
930 205
936 206
942 206
948 206
954 206
960 206
966 206
972 206
978 205
984 205
990 205
996 204
1002 204
1008 204
1014 204
1020 204
1026 204
1032 204
1038 204
1044 204
1050 204
1056 204
1062 204
1068 204
1074 204
1080 204
1086 204
1092 204
1098 204
1104 205
1110 205
1116 206
1122 206
1128 206
1134 206
1140 206
1146 206
1152 206
1158 205
1164 205
1170 205
1176 205
1182 205
1188 205
