0 213
6 213
12 212
18 212
24 212
30 212
36 212
42 212
48 212
54 212
60 212
66 212
72 212
78 212
84 212
90 212
96 213
102 213
108 213
114 213
120 213
126 213
132 213
138 213
144 213
150 213
156 213
162 213
168 213
174 213
180 213
186 212
192 212
198 212
204 212
210 212
216 212
222 212
228 212
234 212
240 212
246 212
252 212
258 212
264 212
270 212
276 212
282 212
288 212
294 212
300 213
306 213
312 213
318 213
324 213
330 213
336 213
342 213
348 213
354 213
360 212
366 212
372 212
378 212
384 212
390 212
396 212
402 212
408 212
414 212
420 212
426 212
432 212
438 212
444 212
450 212
456 212
462 212
468 213
474 213
480 213
486 213
492 213
498 213
504 213
510 213
516 213
522 213
528 213
534 213
540 213
546 213
552 213
558 213
564 213
570 212
576 212
582 212
588 212
594 212
600 212
606 212
612 212
618 212
624 212
630 212
636 212
642 212
648 212
654 212
660 212
666 212
672 212
678 212
684 212
690 212
696 212
702 212
708 212
714 212
720 212
726 212
732 212
738 212
744 212
750 212
756 212
762 212
768 212
774 212
780 212
786 212
792 212
798 212
804 212
810 212
816 212
822 212
828 212
834 212
840 212
846 212
852 212
858 212
864 212
870 212
876 212
882 213
888 213
894 213
900 213
906 213
912 213
918 213
924 214
930 214
936 214
942 214
948 213
954 213
960 213
966 213
972 213
978 213
984 213
990 213
996 212
1002 212
1008 212
1014 212
1020 212
1026 212
1032 212
1038 212
1044 212
1050 212
1056 212
1062 212
1068 212
1074 212
1080 212
1086 212
1092 212
1098 212
1104 212
1110 212
1116 212
1122 212
1128 212
1134 212
1140 212
1146 212
1152 212
1158 212
1164 213
1170 213
1176 213
1182 213
1188 213
