0 188
1 182
3 176
5 170
8 164
11 158
15 152
20 146
26 140
32 136
38 132
44 130
50 128
56 127
62 127
68 128
74 130
80 132
86 136
92 140
98 145
103 151
108 157
112 163
116 169
119 175
122 181
125 187
128 193
131 199
133 205
136 211
138 217
140 223
142 229
143 235
144 241
144 247
143 253
140 259
134 263
128 263
122 261
116 256
110 250
104 245
98 242
92 242
86 247
83 253
80 259
79 265
78 271
77 277
77 283
77 289
78 295
80 301
82 307
85 313
89 319
94 325
100 330
106 334
112 337
118 339
124 340
130 342
136 342
142 342
148 342
154 341
160 339
166 337
172 335
178 331
184 327
190 322
195 316
199 310
202 304
205 298
207 292
209 286
210 280
211 274
212 268
213 262
213 256
214 250
213 244
213 238
213 232
212 226
211 220
210 214
208 208
202 203
196 208
193 214
190 220
188 226
185 232
180 238
174 238
171 232
169 226
168 220
167 214
166 208
165 202
164 196
163 190
163 184
162 178
162 172
162 166
162 160
162 154
163 148
164 142
165 136
167 130
169 124
171 118
175 112
179 106
184 100
190 95
196 91
202 87
208 85
214 83
220 82
226 81
232 81
238 81
244 82
250 83
256 85
262 87
268 91
274 95
280 100
285 106
289 112
293 118
295 124
297 130
299 136
300 142
301 148
302 154
302 160
302 166
302 172
301 178
300 184
299 190
297 196
294 202
288 207
282 205
276 200
271 194
266 188
260 183
254 182
248 185
245 191
244 197
244 203
245 209
246 215
247 221
249 227
251 233
253 239
256 245
258 251
261 257
264 263
267 269
271 275
275 281
280 287
285 293
291 298
297 303
303 306
309 308
315 310
321 311
327 312
333 311
339 310
345 309
351 306
357 303
363 298
369 293
373 287
377 281
381 275
383 269
385 263
387 257
388 251
389 245
390 239
389 233
388 227
386 221
380 215
374 215
368 218
362 221
356 224
350 226
344 224
340 218
338 212
338 206
338 200
340 194
341 188
343 182
345 176
348 170
350 164
353 158
357 152
360 146
364 140
369 134
374 128
380 123
386 118
392 115
398 112
404 110
410 108
416 107
422 107
428 107
434 108
440 109
446 112
452 115
458 119
464 124
470 130
475 136
478 142
482 148
484 154
487 160
488 166
490 172
491 178
492 184
493 190
493 196
493 202
492 208
490 214
487 220
481 224
475 224
469 221
463 218
457 217
451 219
447 225
446 231
445 237
445 243
445 249
446 255
448 261
449 267
451 273
454 279
456 285
460 291
464 297
469 303
475 309
481 314
487 317
493 320
499 323
505 324
511 326
517 326
523 326
529 326
535 325
541 324
547 322
553 320
559 317
565 313
571 308
576 302
581 296
585 290
588 284
590 278
592 272
594 266
595 260
595 254
596 248
595 242
595 236
593 230
590 224
584 220
578 220
572 223
566 226
560 227
554 224
549 218
547 212
546 206
546 200
546 194
547 188
547 182
549 176
550 170
552 164
554 158
556 152
559 146
563 140
567 134
571 128
577 122
583 117
589 113
595 110
601 108
607 106
613 105
619 104
625 104
631 105
637 106
643 107
649 110
655 113
661 116
667 121
673 126
678 132
683 138
687 144
690 150
693 156
696 162
698 168
700 174
701 180
702 186
702 192
701 198
699 204
693 210
687 210
681 209
675 208
669 208
663 212
660 218
659 224
659 230
659 236
661 242
662 248
664 254
667 260
670 266
674 272
679 278
685 284
691 288
697 292
703 295
709 297
715 298
721 298
727 298
733 298
739 296
745 294
751 292
757 289
763 285
769 280
775 275
781 269
786 263
791 257
796 251
800 245
804 239
808 233
811 227
814 221
816 215
817 209
818 203
818 197
816 191
813 185
807 181
801 181
795 184
789 188
783 192
777 194
771 193
765 188
762 182
760 176
759 170
758 164
758 158
759 152
759 146
760 140
762 134
764 128
766 122
770 116
774 110
779 104
785 98
791 94
797 90
803 87
809 85
815 84
821 83
827 82
833 82
839 83
845 84
851 86
857 88
863 90
869 94
875 98
881 103
886 109
891 115
895 121
898 127
901 133
904 139
906 145
908 151
910 157
911 163
913 169
914 175
915 181
916 187
917 193
917 199
918 205
919 211
919 217
919 223
919 229
919 235
919 241
919 247
918 253
917 259
915 265
912 271
906 275
900 274
895 268
892 262
890 256
888 250
886 244
883 238
881 232
876 226
870 226
864 232
860 238
858 244
855 250
853 256
852 262
851 268
850 274
849 280
849 286
849 292
849 298
850 304
851 310
853 316
856 322
859 328
863 334
869 340
875 346
881 350
887 353
893 355
899 358
905 359
911 361
917 362
923 362
929 363
935 363
941 363
947 363
953 362
959 362
965 361
971 359
977 357
983 355
989 352
995 349
1001 345
1007 340
1012 334
1016 328
1020 322
1022 316
1024 310
1026 304
1026 298
1027 292
1027 286
1026 280
1026 274
1024 268
1022 262
1019 256
1016 250
1010 244
1004 242
998 244
993 250
990 256
987 262
983 268
980 274
975 280
969 284
963 283
957 279
953 273
952 267
951 261
951 255
952 249
952 243
953 237
954 231
955 225
957 219
958 213
959 207
961 201
963 195
964 189
966 183
968 177
970 171
973 165
975 159
978 153
980 147
983 141
987 135
991 129
995 123
1001 117
1007 111
1013 106
1019 102
1025 99
1031 96
1037 94
1043 92
1049 90
1055 89
1061 89
1067 89
1073 89
1079 90
1085 91
1091 93
1097 95
1103 97
1109 101
1115 105
1121 110
1127 116
1132 122
1136 128
1139 134
1141 140
1143 146
1145 152
1146 158
1147 164
1147 170
1147 176
1147 182
1146 188
1144 194
1141 200
1135 205
1129 205
1123 203
1117 200
1111 197
1105 197
1099 200
1095 206
1093 212
1092 218
1093 224
1093 230
1095 236
1097 242
1100 248
1103 254
1107 260
1111 266
1116 272
1122 277
1128 282
1134 286
1140 289
1146 292
1152 294
1158 295
1164 295
1170 295
1176 294
1182 293
1188 291
1194 288
0 285
6 280
12 275
18 269
23 263
27 257
31 251
35 245
37 239
39 233
40 227
40 221
37 215
31 212
25 212
19 213
13 213
7 212
1 206
0 200
1199 194
