0 174
3 168
6 162
10 156
14 150
19 144
25 138
31 133
37 130
43 127
49 125
55 125
61 125
67 125
73 127
79 129
85 133
91 137
97 142
103 148
108 154
113 160
118 166
122 172
127 178
131 184
134 190
138 196
141 202
144 208
147 214
149 220
152 226
153 232
155 238
156 244
157 250
158 256
158 262
159 268
159 274
159 280
160 286
160 292
160 298
160 304
158 310
152 314
146 314
140 312
135 306
132 300
130 294
129 288
126 282
124 276
121 270
119 264
116 258
115 252
113 246
111 240
107 234
101 232
95 238
91 244
88 250
85 256
82 262
80 268
78 274
76 280
74 286
73 292
71 298
71 304
70 310
70 316
71 322
72 328
74 334
76 340
80 346
86 352
92 356
98 360
104 362
110 364
116 366
122 367
128 368
134 368
140 369
146 369
152 368
158 368
164 366
170 365
176 363
182 360
188 356
194 351
200 345
204 339
207 333
209 327
211 321
212 315
212 309
213 303
213 297
213 291
213 285
212 279
212 273
211 267
211 261
210 255
210 249
209 243
209 237
209 231
208 225
208 219
208 213
207 207
207 201
207 195
207 189
208 183
209 177
210 171
204 167
201 173
199 179
198 185
197 191
196 197
196 203
195 209
195 215
194 221
194 227
193 233
193 239
192 245
192 251
191 257
190 263
189 269
187 275
185 281
179 286
176 280
178 274
180 268
181 262
181 256
181 250
180 244
180 238
179 232
179 226
178 220
177 214
176 208
174 202
173 196
171 190
170 184
168 178
167 172
165 166
163 160
162 154
161 148
160 142
159 136
159 130
159 124
159 118
160 112
161 106
163 100
166 94
169 88
173 82
179 76
185 71
191 67
197 64
203 61
209 59
215 58
221 57
227 57
233 56
239 57
245 58
251 59
257 61
263 64
269 67
275 71
281 76
287 82
291 88
294 94
297 100
299 106
301 112
302 118
303 124
303 130
303 136
303 142
303 148
303 154
302 160
301 166
300 172
299 178
298 184
297 190
296 196
295 202
294 208
293 214
292 220
291 226
290 232
288 238
282 239
277 233
274 227
273 221
271 215
270 209
268 203
266 197
264 191
261 185
259 179
256 173
254 167
252 161
251 155
248 149
242 143
236 143
231 149
230 155
230 161
231 167
232 173
233 179
233 185
234 191
235 197
236 203
237 209
238 215
239 221
241 227
242 233
244 239
246 245
248 251
251 257
253 263
256 269
259 275
262 281
266 287
270 293
274 299
278 305
283 311
288 317
294 323
300 327
306 330
312 333
318 335
324 336
330 336
336 336
342 335
348 333
354 330
360 326
366 321
372 315
376 309
380 303
383 297
385 291
387 285
389 279
391 273
392 267
394 261
395 255
396 249
397 243
398 237
398 231
399 225
399 219
399 213
399 207
398 201
395 195
389 191
383 192
377 198
373 204
370 210
366 216
362 222
358 228
354 234
350 240
347 246
344 252
339 258
333 262
327 262
321 259
317 253
316 247
317 241
318 235
319 229
321 223
323 217
325 211
327 205
329 199
331 193
333 187
336 181
338 175
341 169
344 163
346 157
350 151
353 145
356 139
360 133
364 127
369 121
374 115
380 109
386 104
392 100
398 96
404 94
410 92
416 91
422 90
428 90
434 91
440 92
446 94
452 97
458 100
464 105
470 111
475 117
479 123
482 129
485 135
487 141
490 147
491 153
493 159
495 165
496 171
497 177
498 183
499 189
499 195
500 201
501 207
501 213
502 219
502 225
502 231
502 237
502 243
502 249
502 255
500 261
496 267
490 268
484 264
480 258
478 252
475 246
473 240
470 234
468 228
465 222
462 216
460 210
457 204
454 198
448 195
442 196
439 202
437 208
436 214
436 220
436 226
436 232
436 238
437 244
437 250
438 256
439 262
439 268
440 274
442 280
443 286
444 292
446 298
448 304
451 310
453 316
457 322
461 328
466 334
472 340
478 345
484 348
490 351
496 353
502 355
508 356
514 357
520 358
526 358
532 357
538 356
544 355
550 354
556 351
562 349
568 345
574 341
580 335
585 329
589 323
592 317
595 311
597 305
599 299
600 293
601 287
602 281
603 275
603 269
603 263
603 257
603 251
603 245
603 239
602 233
601 227
600 221
599 215
596 209
592 203
586 201
580 205
577 211
574 217
572 223
570 229
567 235
565 241
563 247
560 253
558 259
555 265
549 270
543 270
537 266
535 260
533 254
533 248
533 242
533 236
533 230
534 224
534 218
535 212
536 206
536 200
537 194
538 188
539 182
541 176
542 170
544 164
545 158
547 152
549 146
551 140
554 134
557 128
560 122
564 116
569 110
574 104
580 99
586 95
592 91
598 89
604 87
610 86
616 85
622 85
628 85
634 86
640 88
646 90
652 93
658 97
664 101
670 106
675 112
680 118
685 124
689 130
693 136
696 142
699 148
702 154
705 160
707 166
710 172
712 178
714 184
716 190
718 196
720 202
721 208
722 214
723 220
723 226
721 232
717 238
711 241
705 240
699 237
694 231
690 225
686 219
682 213
677 207
673 201
669 195
664 189
658 185
652 186
646 190
643 196
642 202
641 208
642 214
643 220
644 226
645 232
647 238
649 244
650 250
653 256
655 262
657 268
660 274
663 280
667 286
671 292
675 298
680 304
686 309
692 313
698 316
704 319
710 320
716 321
722 321
728 321
734 319
740 318
746 315
752 312
758 308
764 304
770 299
776 293
782 288
788 282
794 276
799 270
805 264
810 258
815 252
819 246
824 240
828 234
832 228
836 222
839 216
843 210
846 204
848 198
850 192
852 186
852 180
850 174
847 168
842 162
836 158
830 157
824 156
818 158
812 164
809 170
807 176
804 182
801 188
798 194
795 200
793 206
791 212
787 218
781 222
775 223
769 221
764 215
761 209
759 203
757 197
756 191
755 185
754 179
754 173
753 167
753 161
753 155
753 149
753 143
753 137
754 131
755 125
756 119
758 113
760 107
762 101
765 95
769 89
774 83
780 77
786 73
792 69
798 66
804 64
810 63
816 61
822 61
828 61
834 61
840 62
846 63
852 65
858 68
864 71
870 75
876 79
882 85
887 91
891 97
894 103
897 109
900 115
902 121
904 127
906 133
908 139
910 145
911 151
913 157
914 163
916 169
917 175
918 181
919 187
920 193
920 199
921 205
921 211
921 217
921 223
921 229
921 235
921 241
921 247
921 253
921 259
920 265
920 271
920 277
920 283
920 289
921 295
921 301
921 307
921 313
922 319
922 325
921 331
917 337
911 337
905 332
902 326
901 320
900 314
899 308
899 302
898 296
896 290
895 284
893 278
892 272
891 266
890 260
890 254
890 248
890 242
890 236
890 230
889 224
887 218
881 217
878 223
875 229
873 235
870 241
867 247
864 253
860 259
857 265
854 271
851 277
848 283
846 289
843 295
841 301
839 307
837 313
836 319
835 325
835 331
836 337
837 343
839 349
842 355
847 361
853 366
859 369
865 373
871 375
877 377
883 378
889 379
895 380
901 381
907 382
913 382
919 382
925 383
931 383
937 384
939 390
945 391
946 385
952 382
958 381
964 381
970 380
976 380
982 379
988 378
994 377
1000 375
1006 373
1012 371
1018 368
1024 365
1030 360
1035 354
1039 348
1041 342
1042 336
1043 330
1043 324
1043 318
1043 312
1042 306
1041 300
1039 294
1037 288
1035 282
1033 276
1031 270
1029 264
1026 258
1023 252
1019 246
1014 240
1008 235
1002 233
996 237
993 243
992 249
992 255
992 261
991 267
990 273
988 279
985 285
983 291
980 297
978 303
977 309
976 315
975 321
974 327
970 333
964 338
958 341
952 341
946 337
944 331
944 325
944 319
945 313
945 307
945 301
946 295
946 289
947 283
947 277
948 271
948 265
949 259
950 253
950 247
951 241
952 235
953 229
954 223
955 217
956 211
958 205
959 199
961 193
963 187
964 181
966 175
968 169
970 163
971 157
973 151
975 145
978 139
980 133
982 127
985 121
988 115
992 109
996 103
1001 97
1006 91
1012 86
1018 81
1024 77
1030 74
1036 72
1042 69
1048 68
1054 67
1060 66
1066 65
1072 65
1078 66
1084 66
1090 68
1096 69
1102 71
1108 74
1114 77
1120 81
1126 86
1132 92
1137 98
1140 104
1144 110
1146 116
1149 122
1150 128
1152 134
1153 140
1154 146
1154 152
1154 158
1155 164
1154 170
1154 176
1154 182
1153 188
1153 194
1152 200
1151 206
1150 212
1148 218
1146 224
1143 230
1137 236
1131 237
1125 234
1120 228
1118 222
1115 216
1113 210
1110 204
1107 198
1104 192
1101 186
1097 180
1091 177
1085 176
1079 178
1073 182
1067 188
1064 194
1063 200
1062 206
1062 212
1064 218
1066 224
1068 230
1071 236
1074 242
1077 248
1080 254
1084 260
1088 266
1092 272
1097 278
1102 284
1107 290
1113 296
1119 301
1125 306
1131 310
1137 313
1143 315
1149 317
1155 318
1161 319
1167 318
1173 318
1179 316
1185 314
1191 311
1197 307
3 303
9 298
15 292
21 286
26 280
31 274
35 268
40 262
44 256
48 250
52 244
56 238
60 232
63 226
66 220
68 214
67 208
64 202
58 199
52 199
46 202
40 207
34 213
28 219
22 224
16 230
10 236
4 242
1198 246
1192 248
1186 247
1182 241
1181 235
1182 229
1183 223
1184 217
1186 211
1188 205
1190 199
1192 193
1194 187
1197 181
