0 208
6 207
12 206
18 206
24 205
30 204
36 204
42 203
48 203
54 203
60 203
66 203
72 204
78 205
84 206
90 206
96 208
102 209
108 210
114 210
120 211
126 212
132 212
138 212
144 212
150 212
156 211
162 210
168 210
174 209
180 207
186 206
192 205
198 204
204 203
210 202
216 202
222 201
228 201
234 201
240 201
246 201
252 201
258 202
264 203
270 203
276 204
282 205
288 206
294 207
300 208
306 209
312 209
318 210
324 210
330 210
336 210
342 209
348 209
354 208
360 207
366 207
372 206
378 205
384 204
390 204
396 203
402 203
408 203
414 203
420 203
426 203
432 203
438 204
444 204
450 205
456 206
462 206
468 207
474 207
480 208
486 209
492 209
498 209
504 210
510 210
516 210
522 210
528 210
534 210
540 209
546 209
552 209
558 208
564 208
570 207
576 206
582 206
588 205
594 205
600 204
606 204
612 203
618 203
624 203
630 203
636 203
642 203
648 203
654 204
660 204
666 205
672 205
678 206
684 206
690 207
696 207
702 208
708 208
714 208
720 208
726 208
732 208
738 208
744 208
750 207
756 207
762 206
768 205
774 205
780 204
786 203
792 203
798 202
804 202
810 201
816 201
822 201
828 201
834 201
840 201
846 202
852 202
858 203
864 204
870 205
876 206
882 208
888 209
894 210
900 211
906 212
912 213
918 214
924 214
930 215
936 215
942 215
948 214
954 213
960 213
966 212
972 211
978 210
984 208
990 207
996 206
1002 205
1008 205
1014 204
1020 203
1026 203
1032 203
1038 202
1044 202
1050 202
1056 202
1062 202
1068 202
1074 202
1080 202
1086 202
1092 202
1098 202
1104 202
1110 202
1116 203
1122 203
1128 204
1134 204
1140 205
1146 206
1152 207
1158 207
1164 208
1170 208
1176 209
1182 209
1188 208
