0 200
6 200
12 200
18 200
24 199
30 199
36 199
42 199
48 199
54 199
60 199
66 199
72 199
78 199
84 200
90 200
96 200
102 200
108 201
114 201
120 201
126 201
132 201
138 201
144 201
150 201
156 201
162 201
168 201
174 200
180 200
186 200
192 200
198 199
204 199
210 199
216 199
222 198
228 198
234 198
240 198
246 198
252 198
258 199
264 199
270 199
276 199
282 199
288 200
294 200
300 200
306 200
312 200
318 201
324 201
330 201
336 201
342 200
348 200
354 200
360 200
366 200
372 200
378 199
384 199
390 199
396 199
402 199
408 199
414 199
420 199
426 199
432 199
438 199
444 199
450 199
456 200
462 200
468 200
474 200
480 200
486 200
492 200
498 200
504 201
510 201
516 201
522 201
528 201
534 201
540 201
546 200
552 200
558 200
564 200
570 200
576 200
582 200
588 199
594 199
600 199
606 199
612 199
618 199
624 199
630 199
636 199
642 199
648 199
654 199
660 199
666 199
672 199
678 199
684 200
690 200
696 200
702 200
708 200
714 200
720 200
726 200
732 200
738 200
744 200
750 200
756 200
762 200
768 199
774 199
780 199
786 199
792 199
798 199
804 199
810 198
816 198
822 198
828 198
834 198
840 199
846 199
852 199
858 199
864 199
870 200
876 200
882 200
888 200
894 201
900 201
906 201
912 202
918 202
924 202
930 202
936 202
942 202
948 202
954 202
960 202
966 201
972 201
978 201
984 200
990 200
996 200
1002 200
1008 199
1014 199
1020 199
1026 199
1032 199
1038 199
1044 199
1050 199
1056 199
1062 199
1068 199
1074 199
1080 198
1086 198
1092 198
1098 198
1104 198
1110 198
1116 199
1122 199
1128 199
1134 199
1140 199
1146 199
1152 200
1158 200
1164 200
1170 200
1176 200
1182 200
1188 200
