0 201
6 201
12 201
18 201
24 201
30 201
36 201
42 201
48 201
54 201
60 201
66 201
72 201
78 201
84 201
90 201
96 201
102 201
108 201
114 202
120 202
126 202
132 202
138 202
144 202
150 202
156 201
162 201
168 201
174 201
180 201
186 201
192 201
198 201
204 201
210 201
216 201
222 201
228 201
234 201
240 201
246 201
252 201
258 201
264 201
270 201
276 201
282 201
288 201
294 201
300 201
306 201
312 201
318 201
324 201
330 201
336 201
342 201
348 201
354 201
360 201
366 201
372 201
378 201
384 201
390 201
396 201
402 201
408 201
414 201
420 201
426 201
432 201
438 201
444 201
450 201
456 201
462 201
468 201
474 201
480 201
486 201
492 201
498 201
504 201
510 201
516 201
522 201
528 201
534 201
540 201
546 201
552 201
558 201
564 201
570 201
576 201
582 201
588 201
594 201
600 201
606 201
612 201
618 201
624 201
630 201
636 201
642 201
648 201
654 201
660 201
666 201
672 201
678 201
684 201
690 201
696 201
702 201
708 201
714 201
720 201
726 201
732 201
738 201
744 201
750 201
756 201
762 201
768 201
774 201
780 201
786 201
792 201
798 201
804 201
810 201
816 201
822 201
828 201
834 201
840 201
846 201
852 201
858 201
864 201
870 201
876 201
882 201
888 201
894 201
900 202
906 202
912 202
918 202
924 202
930 202
936 202
942 202
948 202
954 202
960 202
966 202
972 202
978 201
984 201
990 201
996 201
1002 201
1008 201
1014 201
1020 201
1026 201
1032 201
1038 201
1044 201
1050 201
1056 201
1062 201
1068 201
1074 201
1080 201
1086 201
1092 201
1098 201
1104 201
1110 201
1116 201
1122 201
1128 201
1134 201
1140 201
1146 201
1152 201
1158 201
1164 201
1170 201
1176 201
1182 201
1188 201
