0 236
6 234
12 231
18 226
24 221
30 216
36 212
42 209
48 209
54 212
57 218
57 224
56 230
53 236
51 242
47 248
43 254
39 260
35 266
30 272
25 278
19 284
13 290
7 295
1 300
1195 303
1189 306
1183 309
1177 310
1171 311
1165 312
1159 312
1153 311
1147 310
1141 307
1135 305
1129 301
1123 297
1117 292
1111 287
1106 281
1101 275
1096 269
1092 263
1088 257
1085 251
1081 245
1079 239
1077 233
1075 227
1074 221
1074 215
1075 209
1077 203
1080 197
1086 191
1092 189
1098 189
1104 193
1109 199
1113 205
1117 211
1120 217
1125 223
1131 226
1137 226
1143 221
1147 215
1149 209
1150 203
1151 197
1152 191
1152 185
1152 179
1152 173
1152 167
1152 161
1151 155
1150 149
1149 143
1147 137
1145 131
1143 125
1140 119
1137 113
1133 107
1128 101
1122 95
1116 90
1110 86
1104 83
1098 81
1092 79
1086 77
1080 76
1074 76
1068 75
1062 76
1056 76
1050 77
1044 79
1038 81
1032 83
1026 86
1020 90
1014 94
1008 99
1002 105
997 111
993 117
989 123
986 129
983 135
980 141
978 147
975 153
973 159
971 165
969 171
968 177
966 183
964 189
962 195
961 201
959 207
958 213
956 219
955 225
954 231
953 237
952 243
951 249
950 255
949 261
948 267
947 273
947 279
946 285
945 291
945 297
945 303
945 309
947 315
953 320
959 321
965 319
971 314
975 308
976 302
978 296
980 290
982 284
985 278
988 272
990 266
991 260
992 254
994 248
1000 242
1006 242
1012 246
1018 252
1022 258
1025 264
1028 270
1030 276
1032 282
1033 288
1034 294
1035 300
1036 306
1036 312
1036 318
1035 324
1034 330
1032 336
1029 342
1026 348
1021 354
1015 359
1009 363
1003 366
997 369
991 371
985 373
979 374
973 375
967 376
961 376
955 377
949 377
943 377
937 383
935 377
929 377
923 377
917 377
911 376
905 376
899 375
893 373
887 372
881 370
875 368
869 365
863 361
857 356
852 350
848 344
846 338
844 332
843 326
842 320
842 314
843 308
844 302
845 296
846 290
848 284
850 278
852 272
855 266
857 260
860 254
863 248
866 242
869 236
871 230
875 224
881 223
885 229
886 235
887 241
888 247
888 253
889 259
891 265
892 271
894 277
895 283
897 289
898 295
899 301
901 307
905 313
911 315
917 312
919 306
920 300
921 294
921 288
921 282
921 276
921 270
921 264
921 258
921 252
921 246
921 240
921 234
921 228
921 222
920 216
920 210
919 204
919 198
918 192
917 186
916 180
915 174
914 168
912 162
911 156
909 150
908 144
906 138
904 132
902 126
899 120
896 114
893 108
889 102
884 96
878 90
872 85
866 81
860 77
854 75
848 73
842 71
836 70
830 70
824 70
818 70
812 72
806 73
800 75
794 78
788 82
782 86
776 92
771 98
767 104
764 110
762 116
760 122
758 128
757 134
756 140
755 146
754 152
754 158
754 164
755 170
755 176
756 182
757 188
758 194
761 200
764 206
769 212
775 214
781 213
787 208
791 202
794 196
798 190
801 184
805 178
810 172
816 169
822 169
828 172
834 178
837 184
839 190
839 196
839 202
837 208
835 214
832 220
828 226
825 232
821 238
816 244
812 250
807 256
802 262
797 268
791 274
785 280
779 286
773 292
767 297
761 301
755 305
749 308
743 311
737 313
731 314
725 315
719 315
713 314
707 313
701 311
695 309
689 305
683 300
677 294
672 288
668 282
664 276
661 270
658 264
656 258
654 252
652 246
650 240
649 234
648 228
648 222
648 216
650 210
653 204
659 200
665 200
671 204
676 210
682 216
687 222
693 228
699 231
705 230
711 225
714 219
715 213
715 207
714 201
713 195
711 189
710 183
708 177
705 171
703 165
700 159
697 153
694 147
691 141
687 135
683 129
678 123
673 117
667 112
661 107
655 103
649 100
643 97
637 96
631 94
625 94
619 94
613 94
607 95
601 97
595 99
589 102
583 106
577 111
571 117
566 123
562 129
559 135
556 141
553 147
551 153
549 159
547 165
545 171
544 177
542 183
541 189
540 195
539 201
538 207
538 213
537 219
537 225
537 231
538 237
539 243
542 249
548 254
554 254
560 249
564 243
567 237
571 231
574 225
578 219
584 214
590 215
595 221
598 227
600 233
601 239
601 245
602 251
602 257
601 263
601 269
600 275
599 281
598 287
596 293
594 299
591 305
588 311
585 317
580 323
574 329
568 334
562 338
556 341
550 343
544 345
538 347
532 347
526 348
520 348
514 347
508 346
502 345
496 343
490 341
484 338
478 334
472 329
466 323
461 317
457 311
454 305
451 299
448 293
446 287
444 281
443 275
441 269
440 263
439 257
439 251
438 245
438 239
438 233
438 227
439 221
442 215
447 209
453 209
459 215
463 221
467 227
470 233
473 239
477 245
483 251
489 252
495 247
498 241
499 235
500 229
500 223
500 217
500 211
499 205
498 199
498 193
497 187
496 181
494 175
493 169
491 163
489 157
487 151
485 145
482 139
479 133
475 127
471 121
465 115
459 110
453 106
447 103
441 100
435 99
429 98
423 98
417 98
411 99
405 101
399 103
393 106
387 110
381 115
375 121
370 127
365 133
361 139
357 145
354 151
351 157
347 163
345 169
342 175
339 181
337 187
334 193
332 199
330 205
328 211
326 217
325 223
324 229
324 235
325 241
329 247
335 250
341 250
347 246
352 240
356 234
361 228
365 222
370 216
375 210
381 206
387 207
393 213
395 219
396 225
396 231
396 237
395 243
395 249
394 255
392 261
391 267
389 273
387 279
385 285
382 291
379 297
376 303
371 309
365 315
359 320
353 323
347 326
341 328
335 329
329 329
323 329
317 328
311 326
305 323
299 320
293 316
287 310
281 304
276 298
272 292
268 286
265 280
261 274
258 268
255 262
252 256
250 250
247 244
245 238
243 232
241 226
240 220
238 214
237 208
236 202
235 196
234 190
233 184
233 178
234 172
236 166
242 162
248 164
254 170
257 176
259 182
262 188
265 194
268 200
270 206
273 212
275 218
278 224
284 229
290 227
293 221
295 215
296 209
297 203
298 197
299 191
300 185
301 179
302 173
302 167
303 161
303 155
303 149
303 143
302 137
301 131
300 125
299 119
297 113
295 107
291 101
288 95
283 89
277 83
271 79
265 75
259 72
253 70
247 68
241 67
235 67
229 67
223 67
217 68
211 69
205 71
199 74
193 77
187 82
181 87
176 93
172 99
168 105
166 111
164 117
163 123
162 129
161 135
161 141
161 147
161 153
162 159
162 165
163 171
164 177
165 183
166 189
167 195
168 201
169 207
171 213
172 219
173 225
174 231
175 237
175 243
176 249
176 255
175 261
175 267
181 269
184 263
187 257
188 251
189 245
190 239
191 233
192 227
193 221
194 215
195 209
196 203
198 197
200 191
206 186
209 192
209 198
209 204
209 210
209 216
210 222
210 228
211 234
211 240
212 246
212 252
213 258
213 264
213 270
213 276
213 282
213 288
212 294
212 300
211 306
209 312
207 318
205 324
201 330
197 336
192 342
186 347
180 351
174 354
168 356
162 358
156 360
150 360
144 361
138 361
132 361
126 360
120 359
114 357
108 355
102 352
96 349
90 344
84 338
80 332
77 326
75 320
74 314
73 308
73 302
74 296
74 290
75 284
77 278
78 272
81 266
83 260
86 254
89 248
94 242
100 241
106 244
110 250
113 256
116 262
119 268
123 274
126 280
129 286
134 292
140 296
146 296
152 294
156 288
157 282
157 276
157 270
156 264
155 258
153 252
152 246
150 240
149 234
146 228
144 222
142 216
139 210
136 204
133 198
130 192
126 186
123 180
119 174
115 168
111 162
107 156
102 150
96 144
90 138
84 134
78 131
72 129
66 127
60 126
54 127
48 128
42 129
36 132
30 136
24 141
18 147
14 153
10 159
6 165
3 171
0 177
1198 183
1196 189
1194 195
1192 201
1191 207
1190 213
1189 219
1190 225
