0 220
5 219
10 217
15 215
20 213
25 211
30 209
35 207
40 206
45 205
50 204
55 204
60 205
65 205
70 206
75 208
80 210
85 212
90 215
95 218
100 221
105 224
110 227
115 229
120 231
125 232
130 233
135 234
140 234
145 234
150 233
155 232
160 230
165 228
170 226
175 223
180 220
185 216
190 213
195 210
200 207
205 204
210 202
215 200
220 199
225 198
230 197
235 197
240 197
245 198
250 199
255 200
260 202
265 204
270 206
275 209
280 212
285 215
290 217
295 220
300 222
305 224
310 225
315 226
320 227
325 227
330 227
335 227
340 226
345 225
350 224
355 222
360 220
365 218
370 215
375 213
380 211
385 209
390 207
395 206
400 205
405 204
410 204
415 203
420 204
425 204
430 205
435 206
440 207
445 208
450 210
455 212
460 214
465 215
470 217
475 219
480 221
485 222
490 224
495 225
500 226
505 227
510 227
515 227
520 228
525 227
530 227
535 227
540 226
545 225
550 224
555 222
560 221
565 219
570 218
575 216
580 214
585 212
590 210
595 209
600 207
605 206
610 205
615 204
620 204
625 204
630 204
635 204
640 204
645 205
650 206
655 207
660 208
665 210
670 211
675 213
680 215
685 217
690 218
695 220
700 221
705 222
710 223
715 223
720 224
725 224
730 223
735 223
740 222
745 221
750 220
755 218
760 217
765 215
770 213
775 211
780 209
785 207
790 205
795 203
800 202
805 200
810 199
815 198
820 198
825 197
830 197
835 198
840 198
845 199
850 201
855 202
860 205
865 207
870 210
875 213
880 217
885 221
890 225
895 228
900 231
905 234
910 236
915 238
920 239
925 240
930 241
935 241
940 241
945 240
950 239
955 237
960 235
965 233
970 230
975 228
980 225
985 221
990 218
995 216
1000 213
1005 211
1010 209
1015 207
1020 206
1025 204
1030 203
1035 203
1040 202
1045 201
1050 201
1055 201
1060 201
1065 200
1070 200
1075 201
1080 201
1085 201
1090 201
1095 202
1100 203
1105 203
1110 204
1115 206
1120 207
1125 209
1130 211
1135 213
1140 215
1145 216
1150 218
1155 220
1160 221
1165 222
1170 223
1175 224
1180 224
1185 224
1190 223
