0 224
6 218
10 212
14 206
17 200
21 194
26 188
32 182
38 178
44 175
50 174
56 173
62 174
68 175
74 178
80 181
86 187
90 193
93 199
96 205
97 211
98 217
100 223
102 229
104 235
108 241
113 247
119 251
125 254
131 256
137 257
143 257
149 256
155 255
161 252
167 248
173 243
177 237
180 231
182 225
184 219
184 213
185 207
186 201
186 195
188 189
190 183
194 177
198 171
204 166
210 162
216 159
222 157
228 156
234 156
240 156
246 157
252 159
258 162
264 166
270 172
274 178
277 184
280 190
282 196
283 202
285 208
287 214
289 220
293 226
299 232
305 236
311 239
317 241
323 242
329 242
335 241
341 239
347 236
353 232
359 226
363 220
366 214
369 208
372 202
375 196
378 190
383 184
389 179
395 175
401 173
407 171
413 170
419 170
425 171
431 172
437 174
443 177
449 182
455 188
460 194
464 200
468 206
471 212
475 218
480 224
485 230
491 234
497 238
503 240
509 242
515 243
521 243
527 242
533 241
539 240
545 237
551 233
557 229
562 223
567 217
571 211
575 205
578 199
583 193
588 187
594 182
600 178
606 175
612 173
618 171
624 171
630 171
636 171
642 173
648 175
654 178
660 182
666 188
671 194
675 200
680 206
684 212
689 218
695 223
701 227
707 230
713 232
719 233
725 234
731 233
737 232
743 230
749 227
755 223
761 217
766 211
769 205
773 199
776 193
779 187
783 181
788 175
794 169
800 165
806 162
812 159
818 157
824 157
830 156
836 157
842 157
848 159
854 162
860 165
866 170
872 176
876 182
879 188
882 194
883 200
884 206
884 212
884 218
884 224
884 230
886 236
888 242
890 248
895 254
901 260
907 264
913 267
919 270
925 271
931 272
937 272
943 271
949 270
955 267
961 264
967 260
973 254
978 248
981 242
983 236
984 230
986 224
987 218
988 212
990 206
992 200
996 194
1000 188
1006 182
1012 178
1018 174
1024 171
1030 168
1036 167
1042 165
1048 164
1054 163
1060 163
1066 163
1072 163
1078 164
1084 165
1090 166
1096 168
1102 171
1108 174
1114 178
1120 184
1125 190
1129 196
1133 202
1137 208
1141 214
1146 220
1152 225
1158 229
1164 231
1170 232
1176 233
1182 232
1188 231
