0 260
6 255
10 249
14 243
16 237
17 231
18 225
18 219
17 213
15 207
14 201
14 195
15 189
16 183
18 177
22 171
26 165
32 160
38 156
44 153
50 152
56 151
62 151
68 151
74 153
80 156
86 159
92 164
98 170
102 176
106 182
109 188
111 194
113 200
114 206
114 212
113 218
112 224
109 230
103 236
98 242
94 248
92 254
91 260
91 266
92 272
94 278
97 284
101 290
107 296
113 300
119 303
125 306
131 307
137 308
143 308
149 307
155 306
161 304
167 302
173 298
179 294
185 288
190 282
193 276
196 270
198 264
199 258
200 252
200 246
200 240
198 234
195 228
189 222
183 218
177 212
173 206
172 200
171 194
170 188
170 182
171 176
172 170
174 164
176 158
179 152
183 146
188 140
194 134
200 130
206 126
212 124
218 122
224 121
230 120
236 120
242 121
248 122
254 124
260 126
266 130
272 135
278 141
282 147
286 153
288 159
290 165
291 171
291 177
291 183
289 189
287 195
283 201
277 207
274 213
271 219
270 225
271 231
271 237
273 243
275 249
278 255
282 261
287 267
293 273
299 277
305 281
311 283
317 284
323 285
329 285
335 284
341 283
347 280
353 277
359 272
364 266
368 260
370 254
372 248
373 242
373 236
372 230
370 224
367 218
365 212
363 206
362 200
362 194
363 188
364 182
366 176
369 170
373 164
378 158
384 153
390 149
396 145
402 143
408 141
414 141
420 140
426 141
432 142
438 144
444 146
450 150
456 155
462 161
466 167
470 173
472 179
474 185
475 191
475 197
474 203
473 209
471 215
468 221
466 227
465 233
465 239
465 245
466 251
468 257
471 263
475 269
481 275
487 280
493 284
499 287
505 289
511 291
517 291
523 291
529 291
535 290
541 288
547 285
553 282
559 277
565 271
569 265
572 259
574 253
576 247
576 241
576 235
575 229
573 223
570 217
568 211
567 205
566 199
566 193
567 187
569 181
571 175
574 169
578 163
583 157
589 152
595 148
601 145
607 143
613 141
619 140
625 140
631 140
637 141
643 143
649 146
655 149
661 153
667 159
672 165
676 171
678 177
680 183
681 189
681 195
681 201
680 207
679 213
677 219
677 225
677 231
678 237
680 243
683 249
687 255
692 261
698 266
704 269
710 271
716 273
722 274
728 274
734 273
740 272
746 269
752 266
758 263
764 257
770 251
774 245
778 239
780 233
782 227
783 221
783 215
782 209
780 203
778 197
775 191
773 185
772 179
772 173
772 167
774 161
776 155
779 149
784 143
789 137
795 132
801 129
807 126
813 124
819 122
825 121
831 121
837 121
843 122
849 123
855 125
861 128
867 131
873 135
879 141
885 147
889 153
893 159
896 165
898 171
900 177
902 183
903 189
904 195
904 201
904 207
904 213
903 219
900 225
896 231
890 234
884 236
878 238
872 242
868 248
866 254
865 260
865 266
865 272
866 278
868 284
871 290
874 296
878 302
883 308
889 313
895 318
901 321
907 324
913 326
919 327
925 328
931 329
937 329
943 328
949 328
955 326
961 325
967 322
973 319
979 315
985 310
991 304
995 298
998 292
1001 286
1003 280
1004 274
1004 268
1003 262
1001 256
996 250
990 246
984 243
978 239
974 233
972 227
971 221
972 215
972 209
973 203
975 197
977 191
979 185
982 179
985 173
989 167
994 161
999 155
1005 149
1011 145
1017 141
1023 138
1029 135
1035 133
1041 131
1047 130
1053 129
1059 128
1065 128
1071 128
1077 129
1083 130
1089 132
1095 134
1101 137
1107 141
1113 145
1119 151
1124 157
1128 163
1130 169
1132 175
1133 181
1133 187
1132 193
1130 199
1128 205
1125 211
1124 217
1123 223
1123 229
1124 235
1126 241
1129 247
1134 253
1139 259
1145 263
1151 266
1157 269
1163 270
1169 271
1175 271
1181 270
1187 268
1193 265
