0 273
6 268
12 262
17 256
21 250
25 244
27 238
29 232
30 226
30 220
28 214
22 209
16 205
10 200
7 194
6 188
6 182
7 176
9 170
11 164
14 158
18 152
23 146
29 141
35 137
41 134
47 132
53 131
59 130
65 131
71 132
77 134
83 137
89 140
95 145
101 151
106 157
110 163
114 169
117 175
120 181
123 187
125 193
127 199
129 205
131 211
132 217
133 223
132 229
131 235
127 241
121 244
115 244
109 242
103 241
97 240
91 242
86 248
83 254
82 260
81 266
81 272
81 278
82 284
84 290
86 296
90 302
94 308
100 314
106 319
112 322
118 325
124 327
130 328
136 329
142 329
148 329
154 328
160 326
166 324
172 321
178 317
184 312
190 306
195 300
198 294
201 288
204 282
206 276
207 270
209 264
210 258
210 252
211 246
211 240
211 234
210 228
209 222
207 216
202 210
196 210
190 214
184 219
178 222
172 220
169 214
167 208
165 202
164 196
164 190
163 184
163 178
163 172
163 166
164 160
165 154
166 148
167 142
169 136
172 130
175 124
178 118
183 112
189 106
195 102
201 98
207 95
213 93
219 92
225 91
231 90
237 91
243 91
249 92
255 94
261 97
267 100
273 104
279 109
284 115
288 121
291 127
294 133
296 139
298 145
299 151
299 157
299 163
299 169
299 175
297 181
295 187
291 193
285 196
279 195
273 193
267 191
261 192
255 198
253 204
253 210
254 216
255 222
256 228
258 234
260 240
263 246
266 252
269 258
272 264
276 270
281 276
286 282
292 287
298 292
304 295
310 297
316 299
322 300
328 300
334 299
340 298
346 296
352 293
358 289
364 284
369 278
373 272
377 266
379 260
381 254
383 248
384 242
384 236
383 230
382 224
377 218
371 216
365 215
359 214
353 211
349 205
347 199
347 193
348 187
349 181
351 175
353 169
355 163
358 157
362 151
366 145
370 139
376 133
382 128
388 123
394 120
400 118
406 116
412 115
418 114
424 114
430 115
436 116
442 118
448 120
454 124
460 128
466 134
471 140
475 146
478 152
481 158
483 164
485 170
486 176
487 182
487 188
486 194
485 200
483 206
477 212
471 214
465 216
459 219
454 225
453 231
452 237
452 243
453 249
454 255
456 261
458 267
461 273
464 279
468 285
473 291
479 296
485 301
491 304
497 307
503 309
509 311
515 312
521 312
527 312
533 311
539 310
545 308
551 305
557 302
563 297
569 292
574 286
578 280
581 274
584 268
586 262
587 256
588 250
589 244
589 238
588 232
585 226
580 220
574 218
568 216
562 213
557 207
555 201
554 195
553 189
553 183
554 177
555 171
557 165
559 159
562 153
565 147
569 141
574 135
580 129
586 124
592 120
598 117
604 115
610 113
616 112
622 112
628 112
634 113
640 114
646 116
652 119
658 122
664 126
670 131
675 137
680 143
684 149
687 155
689 161
691 167
693 173
694 179
694 185
693 191
690 197
684 203
678 206
672 210
668 216
666 222
666 228
667 234
668 240
670 246
672 252
676 258
680 264
685 270
691 275
697 279
703 283
709 285
715 286
721 287
727 287
733 286
739 285
745 283
751 280
757 277
763 273
769 268
775 262
780 256
785 250
789 244
793 238
796 232
799 226
802 220
803 214
804 208
804 202
803 196
800 190
794 187
788 186
782 186
776 186
770 182
766 176
764 170
763 164
763 158
763 152
764 146
765 140
767 134
770 128
773 122
778 116
783 110
789 105
795 101
801 98
807 96
813 94
819 93
825 92
831 92
837 92
843 93
849 94
855 96
861 99
867 102
873 106
879 110
885 116
890 122
894 128
897 134
900 140
903 146
905 152
907 158
909 164
910 170
912 176
913 182
914 188
915 194
915 200
916 206
916 212
916 218
916 224
915 230
914 236
912 242
908 248
902 252
896 250
890 245
886 239
881 233
875 228
869 227
863 233
860 239
857 245
856 251
854 257
854 263
853 269
853 275
853 281
854 287
855 293
857 299
859 305
862 311
865 317
870 323
875 329
881 334
887 338
893 342
899 344
905 347
911 348
917 350
923 351
929 351
935 351
941 351
947 351
953 350
959 349
965 348
971 346
977 344
983 341
989 337
995 332
1001 327
1006 321
1010 315
1013 309
1015 303
1017 297
1018 291
1019 285
1020 279
1020 273
1019 267
1017 261
1015 255
1012 249
1007 243
1001 242
995 244
989 249
983 255
977 260
971 261
965 259
961 253
959 247
958 241
957 235
957 229
958 223
959 217
960 211
961 205
963 199
965 193
966 187
968 181
971 175
973 169
976 163
978 157
982 151
985 145
989 139
994 133
999 127
1005 121
1011 116
1017 112
1023 109
1029 106
1035 104
1041 102
1047 100
1053 99
1059 99
1065 98
1071 99
1077 99
1083 100
1089 102
1095 104
1101 107
1107 110
1113 114
1119 119
1125 125
1130 131
1134 137
1136 143
1139 149
1140 155
1142 161
1142 167
1142 173
1142 179
1140 185
1137 191
1131 195
1125 197
1119 198
1113 200
1107 206
1105 212
1104 218
1104 224
1105 230
1107 236
1109 242
1113 248
1116 254
1121 260
1126 266
1132 271
1138 275
1144 278
1150 281
1156 282
1162 283
1168 284
1174 283
1180 282
1186 280
1192 278
