0 267
6 261
12 255
16 249
19 243
21 237
22 231
23 225
22 219
20 213
17 207
14 201
12 195
11 189
11 183
12 177
14 171
16 165
20 159
24 153
30 148
36 144
42 141
48 139
54 138
60 137
66 138
72 139
78 141
84 144
90 148
96 153
101 159
106 165
109 171
112 177
115 183
118 189
119 195
121 201
122 207
123 213
122 219
121 225
118 231
112 236
106 238
100 240
94 244
89 250
87 256
86 262
86 268
86 274
88 280
90 286
93 292
97 298
103 304
109 309
115 312
121 315
127 317
133 318
139 318
145 318
151 318
157 316
163 314
169 312
175 308
181 304
187 298
192 292
195 286
199 280
201 274
203 268
204 262
205 256
206 250
206 244
206 238
205 232
203 226
199 220
193 217
187 217
181 217
175 214
170 208
168 202
167 196
166 190
166 184
166 178
166 172
167 166
168 160
169 154
171 148
173 142
176 136
180 130
184 124
190 118
196 113
202 110
208 107
214 105
220 103
226 102
232 102
238 102
244 103
250 104
256 106
262 109
268 112
274 117
280 123
284 129
288 135
291 141
293 147
294 153
295 159
296 165
296 171
295 177
293 183
291 189
285 194
279 197
273 199
267 204
264 210
263 216
262 222
263 228
264 234
266 240
268 246
271 252
274 258
277 264
282 270
287 276
293 281
299 285
305 288
311 290
317 292
323 292
329 292
335 292
341 290
347 288
353 284
359 280
365 274
369 268
373 262
375 256
377 250
378 244
378 238
377 232
375 226
371 220
365 214
359 208
356 202
355 196
355 190
356 184
357 178
359 172
361 166
364 160
367 154
372 148
377 142
383 137
389 133
395 129
401 127
407 125
413 124
419 124
425 124
431 125
437 126
443 129
449 132
455 136
461 141
466 147
470 153
474 159
476 165
478 171
480 177
481 183
481 189
480 195
479 201
476 207
472 213
466 219
462 225
460 231
459 237
459 243
460 249
461 255
463 261
466 267
469 273
474 279
479 285
485 290
491 294
497 297
503 299
509 300
515 301
521 302
527 301
533 300
539 299
545 297
551 294
557 290
563 285
569 279
573 273
576 267
579 261
581 255
582 249
582 243
582 237
580 231
577 225
573 219
567 213
564 207
561 201
560 195
560 189
560 183
561 177
563 171
565 165
567 159
571 153
575 147
580 141
586 136
592 132
598 129
604 126
610 124
616 123
622 123
628 123
634 124
640 125
646 127
652 130
658 133
664 138
670 143
675 149
678 155
682 161
684 167
686 173
687 179
687 185
686 191
685 197
682 203
678 209
675 215
673 221
672 227
673 233
674 239
675 245
678 251
682 257
686 263
692 268
698 273
704 276
710 278
716 279
722 280
728 280
734 279
740 278
746 276
752 273
758 270
764 265
770 259
776 253
780 247
784 241
787 235
789 229
791 223
792 217
792 211
792 205
789 199
784 193
778 188
772 182
769 176
768 170
767 164
767 158
768 152
770 146
772 140
775 134
779 128
784 122
790 117
796 113
802 109
808 107
814 105
820 104
826 103
832 103
838 103
844 104
850 105
856 107
862 110
868 113
874 118
880 123
886 129
891 135
894 141
898 147
900 153
903 159
905 165
906 171
908 177
909 183
910 189
911 195
911 201
911 207
911 213
910 219
909 225
906 231
902 237
896 240
890 239
884 236
878 234
872 234
866 238
863 244
861 250
859 256
859 262
858 268
859 274
859 280
861 286
863 292
865 298
868 304
872 310
877 316
883 322
889 327
895 330
901 333
907 336
913 338
919 339
925 340
931 340
937 341
943 340
949 340
955 339
961 337
967 335
973 332
979 329
985 325
991 320
997 314
1001 308
1005 302
1008 296
1010 290
1011 284
1012 278
1012 272
1011 266
1010 260
1008 254
1002 248
996 246
990 247
984 248
978 249
972 246
967 240
965 234
964 228
964 222
964 216
965 210
966 204
968 198
969 192
971 186
973 180
976 174
978 168
981 162
985 156
989 150
993 144
999 138
1005 132
1011 127
1017 123
1023 120
1029 117
1035 115
1041 113
1047 112
1053 111
1059 110
1065 110
1071 110
1077 111
1083 112
1089 114
1095 116
1101 118
1107 122
1113 126
1119 131
1124 137
1128 143
1132 149
1134 155
1136 161
1137 167
1138 173
1137 179
1136 185
1133 191
1129 197
1123 202
1118 208
1116 214
1115 220
1114 226
1115 232
1117 238
1119 244
1123 250
1127 256
1133 262
1139 267
1145 271
1151 274
1157 276
1163 277
1169 277
1175 277
1181 276
1187 274
1193 271
