0 217
5 216
10 214
15 213
20 211
25 209
30 207
35 206
40 205
45 204
50 204
55 203
60 204
65 204
70 205
75 207
80 209
85 211
90 213
95 216
100 218
105 221
110 223
115 225
120 227
125 228
130 229
135 229
140 229
145 229
150 228
155 227
160 226
165 224
170 222
175 219
180 217
185 214
190 211
195 208
200 206
205 204
210 202
215 200
220 199
225 198
230 197
235 197
240 197
245 198
250 199
255 200
260 201
265 203
270 205
275 207
280 210
285 212
290 214
295 217
300 219
305 220
310 222
315 222
320 223
325 223
330 223
335 223
340 222
345 221
350 220
355 218
360 217
365 215
370 213
375 211
380 209
385 208
390 206
395 205
400 204
405 203
410 203
415 203
420 203
425 203
430 204
435 205
440 206
445 207
450 208
455 210
460 212
465 213
470 215
475 216
480 218
485 219
490 220
495 221
500 222
505 223
510 223
515 223
520 224
525 223
530 223
535 223
540 222
545 221
550 220
555 219
560 218
565 216
570 215
575 213
580 212
585 210
590 209
595 207
600 206
605 205
610 204
615 204
620 203
625 203
630 203
635 203
640 203
645 204
650 205
655 206
660 207
665 208
670 210
675 211
680 212
685 214
690 215
695 216
700 218
705 218
710 219
715 220
720 220
725 220
730 220
735 219
740 219
745 218
750 217
755 215
760 214
765 212
770 211
775 209
780 207
785 206
790 204
795 203
800 201
805 200
810 199
815 198
820 198
825 197
830 198
835 198
840 198
845 199
850 200
855 202
860 204
865 206
870 209
875 212
880 215
885 218
890 221
895 224
900 227
905 229
910 231
915 233
920 234
925 235
930 236
935 236
940 235
945 235
950 234
955 232
960 231
965 228
970 226
975 224
980 221
985 218
990 216
995 213
1000 211
1005 209
1010 207
1015 206
1020 205
1025 204
1030 203
1035 202
1040 201
1045 201
1050 201
1055 200
1060 200
1065 200
1070 200
1075 200
1080 200
1085 200
1090 201
1095 201
1100 202
1105 203
1110 203
1115 205
1120 206
1125 207
1130 209
1135 210
1140 212
1145 214
1150 215
1155 217
1160 218
1165 219
1170 220
1175 220
1180 220
1185 220
1190 219
