0 206
6 204
12 201
18 199
24 197
30 196
36 196
42 197
48 198
54 200
60 203
66 207
72 212
78 218
83 224
89 229
95 234
101 237
107 240
113 241
119 242
125 242
131 241
137 239
143 236
149 232
155 227
161 221
166 215
172 209
178 204
184 201
190 198
196 196
202 195
208 194
214 195
220 196
226 198
232 200
238 203
244 206
250 210
256 213
262 216
268 218
274 220
280 221
286 222
292 222
298 222
304 221
310 220
316 219
322 218
328 216
334 215
340 215
346 214
352 214
358 214
364 214
370 214
376 214
382 215
388 215
394 215
400 215
406 215
412 214
418 213
424 212
430 211
436 209
442 208
448 207
454 206
460 206
466 206
472 206
478 207
484 209
490 211
496 214
502 217
508 221
514 224
520 228
526 231
532 234
538 236
544 237
550 238
556 237
562 237
568 235
574 233
580 230
586 226
592 221
598 215
604 210
610 205
616 201
622 198
628 196
634 194
640 193
646 193
652 194
658 195
664 197
670 199
676 202
682 206
688 210
694 214
700 218
706 221
712 224
718 226
724 227
730 228
736 228
742 227
748 226
754 224
760 222
766 219
772 215
778 212
784 209
790 207
796 204
802 203
808 201
814 201
820 201
826 201
832 202
838 204
844 206
850 208
856 210
862 213
868 216
874 218
880 220
886 222
892 223
898 223
904 224
910 223
916 223
922 222
928 221
934 220
940 219
946 218
952 218
958 217
964 217
970 217
976 218
982 218
988 219
994 221
1000 222
1006 223
1012 224
1018 224
1024 224
1030 224
1036 224
1042 223
1048 221
1054 219
1060 218
1066 215
1072 213
1078 212
1084 210
1090 209
1096 208
1102 208
1108 208
1114 209
1120 210
1126 211
1132 212
1138 214
1144 215
1150 216
1156 217
1162 217
1168 217
1174 216
1180 214
1186 212
1192 210
