0 181
3 175
7 169
13 163
19 159
25 156
31 155
37 154
43 154
49 155
55 157
61 160
67 165
73 171
77 177
80 183
82 189
83 195
84 201
84 207
83 213
81 219
79 225
77 231
76 237
76 243
77 249
79 255
82 261
87 267
93 273
99 276
105 279
111 281
117 282
123 282
129 281
135 280
141 277
147 274
153 269
159 263
162 257
165 251
166 245
166 239
166 233
164 227
163 221
161 215
159 209
158 203
158 197
159 191
160 185
162 179
165 173
169 167
175 161
181 156
187 153
193 151
199 150
205 149
211 150
217 151
223 153
229 156
235 160
240 166
244 172
247 178
249 184
250 190
251 196
253 202
255 208
258 214
263 220
269 226
275 229
281 231
287 232
293 233
299 232
305 230
311 228
317 225
323 221
329 217
335 214
341 211
347 209
353 207
359 206
365 206
371 206
377 207
383 207
389 207
395 206
401 205
407 203
413 201
419 197
425 194
431 189
437 185
443 182
449 179
455 177
461 176
467 176
473 177
479 178
485 181
491 184
497 190
502 196
505 202
507 208
509 214
509 220
510 226
510 232
511 238
513 244
515 250
519 256
524 262
530 266
536 270
542 272
548 273
554 273
560 273
566 271
572 269
578 266
584 262
590 256
594 250
597 244
598 238
599 232
599 226
598 220
597 214
596 208
594 202
594 196
594 190
594 184
596 178
599 172
602 166
607 160
613 155
619 151
625 148
631 146
637 145
643 145
649 145
655 146
661 149
667 152
673 156
679 162
683 168
686 174
688 180
689 186
690 192
690 198
690 204
690 210
691 216
693 222
695 228
699 234
704 240
710 245
716 248
722 250
728 251
734 251
740 250
746 248
752 245
758 241
763 235
767 229
770 223
771 217
773 211
774 205
775 199
777 193
779 187
783 181
788 175
794 170
800 166
806 164
812 162
818 162
824 162
830 163
836 165
842 168
848 173
853 179
857 185
860 191
862 197
864 203
866 209
869 215
873 221
879 227
885 231
891 233
897 234
903 235
909 234
915 232
921 230
927 227
933 223
939 220
945 217
951 214
957 213
963 212
969 213
975 214
981 216
987 219
993 223
999 227
1005 230
1011 233
1017 235
1023 235
1029 235
1035 234
1041 232
1047 229
1053 223
1058 217
1062 211
1066 205
1070 199
1076 193
1082 189
1088 187
1094 186
1100 186
1106 187
1112 189
1118 192
1124 196
1130 201
1136 206
1142 210
1148 214
1154 216
1160 217
1166 217
1172 215
1178 213
1184 208
1190 202
1193 196
1196 190
