0 119
5 113
11 109
17 105
23 103
29 102
35 101
41 102
47 102
53 104
59 106
65 109
71 113
77 118
82 124
87 130
90 136
93 142
96 148
98 154
100 160
102 166
104 172
105 178
107 184
108 190
109 196
110 202
111 208
112 214
113 220
113 226
114 232
114 238
114 244
114 250
112 256
106 262
100 261
94 258
88 252
82 246
76 242
70 242
64 246
60 252
57 258
54 264
53 270
52 276
52 282
52 288
53 294
55 300
58 306
61 312
65 318
71 324
77 329
83 333
89 336
95 338
101 340
107 341
113 342
119 342
125 342
131 342
137 340
143 339
149 337
155 334
161 330
167 325
173 319
178 313
181 307
184 301
186 295
187 289
187 283
188 277
187 271
187 265
185 259
184 253
181 247
178 241
172 235
166 236
160 241
156 247
150 253
144 257
138 255
136 249
135 243
134 237
134 231
134 225
135 219
135 213
135 207
136 201
137 195
138 189
139 183
140 177
141 171
142 165
143 159
145 153
146 147
148 141
151 135
154 129
157 123
161 117
167 111
173 106
179 102
185 99
191 97
197 96
203 95
209 94
215 95
221 96
227 97
233 99
239 102
245 106
251 112
256 118
259 124
262 130
263 136
264 142
264 148
263 154
260 160
256 166
250 170
244 172
238 172
232 173
226 175
220 181
218 187
217 193
217 199
218 205
220 211
223 217
227 223
231 229
236 235
241 241
247 247
253 251
259 255
265 259
271 261
277 263
283 264
289 264
295 263
301 261
307 259
313 254
318 248
322 242
325 236
328 230
332 224
338 218
344 214
350 211
356 208
362 207
368 206
374 205
380 204
386 203
392 202
398 200
404 198
410 195
416 190
421 184
424 178
427 172
428 166
431 160
434 154
439 148
445 143
451 140
457 138
463 137
469 137
475 137
481 139
487 141
493 143
499 147
505 152
511 158
516 164
521 170
525 176
529 182
532 188
535 194
538 200
540 206
542 212
544 218
545 224
546 230
546 236
545 242
542 248
536 253
530 254
524 254
518 253
512 252
506 253
500 256
495 262
493 268
492 274
491 280
492 286
493 292
495 298
498 304
502 310
508 316
514 321
520 325
526 328
532 330
538 332
544 333
550 333
556 333
562 332
568 331
574 330
580 328
586 325
592 321
598 316
604 310
609 304
612 298
615 292
618 286
619 280
621 274
622 268
623 262
624 256
624 250
624 244
624 238
623 232
622 226
621 220
619 214
615 208
609 207
603 211
597 217
591 221
585 219
581 213
579 207
577 201
576 195
575 189
574 183
573 177
573 171
573 165
573 159
573 153
574 147
575 141
576 135
578 129
581 123
584 117
589 111
594 105
600 100
606 96
612 93
618 91
624 89
630 88
636 87
642 87
648 88
654 89
660 90
666 93
672 95
678 99
684 104
689 110
694 116
697 122
700 128
702 134
703 140
704 146
704 152
704 158
704 164
703 170
701 176
699 182
693 187
687 188
681 186
675 184
669 184
663 187
660 193
659 199
659 205
660 211
662 217
664 223
666 229
668 235
671 241
674 247
677 253
681 259
685 265
690 271
695 277
701 282
707 286
713 289
719 292
725 293
731 294
737 294
743 293
749 292
755 289
761 286
767 281
772 275
776 269
779 263
781 257
783 251
784 245
784 239
784 233
783 227
781 221
777 215
771 212
765 210
759 208
753 204
750 198
749 192
749 186
750 180
751 174
753 168
756 162
758 156
762 150
765 144
769 138
774 132
780 126
786 121
792 117
798 114
804 112
810 110
816 109
822 108
828 108
834 109
840 110
846 112
852 114
858 118
864 122
869 128
874 134
877 140
879 146
880 152
880 158
879 164
877 170
873 176
867 181
861 184
855 186
849 190
845 196
843 202
842 208
842 214
843 220
844 226
846 232
849 238
852 244
857 250
862 256
868 261
874 264
880 266
886 268
892 268
898 267
904 265
910 261
916 255
920 249
924 243
927 237
930 231
935 225
941 220
947 217
953 215
959 214
965 215
971 216
977 219
983 223
988 229
992 235
995 241
998 247
1000 253
1003 259
1008 265
1014 270
1020 274
1026 276
1032 277
1038 277
1044 276
1050 273
1056 270
1062 265
1066 259
1069 253
1071 247
1072 241
1072 235
1070 229
1067 223
1063 217
1059 211
1055 205
1052 199
1050 193
1050 187
1050 181
1052 175
1055 169
1059 163
1065 158
1071 154
1077 152
1083 151
1089 150
1095 151
1101 152
1107 155
1113 158
1119 163
1125 169
1129 175
1132 181
1134 187
1136 193
1138 199
1140 205
1144 211
1149 217
1155 221
1161 225
1167 226
1173 227
1179 227
1185 226
1191 225
1197 222
3 219
9 215
15 210
20 204
24 198
26 192
27 186
27 180
25 174
20 168
14 164
8 161
2 157
1197 151
1195 145
1194 139
1194 133
1195 127
