0 201
6 199
12 198
18 196
24 195
30 195
36 195
42 195
48 196
54 197
60 199
66 202
72 205
78 209
84 213
90 216
96 219
102 221
108 223
114 224
120 225
126 224
132 223
138 222
144 220
150 217
156 213
162 210
168 206
174 203
180 200
186 197
192 195
198 194
204 194
210 194
216 194
222 195
228 196
234 198
240 200
246 202
252 204
258 206
264 208
270 209
276 210
282 211
288 211
294 211
300 211
306 210
312 209
318 209
324 208
330 207
336 206
342 206
348 206
354 206
360 206
366 206
372 206
378 206
384 207
390 207
396 207
402 207
408 207
414 206
420 206
426 205
432 204
438 203
444 202
450 202
456 201
462 201
468 201
474 202
480 202
486 203
492 205
498 207
504 209
510 211
516 214
522 216
528 218
534 219
540 220
546 221
552 222
558 221
564 220
570 219
576 217
582 215
588 212
594 209
600 206
606 203
612 200
618 198
624 196
630 194
636 193
642 193
648 193
654 193
660 194
666 196
672 197
678 199
684 202
690 204
696 207
702 209
708 211
714 213
720 214
726 214
732 215
738 215
744 214
750 213
756 212
762 210
768 208
774 206
780 204
786 202
792 201
798 200
804 199
810 198
816 198
822 198
828 198
834 199
840 200
846 201
852 203
858 205
864 206
870 208
876 209
882 210
888 211
894 212
900 212
906 212
912 212
918 212
924 211
930 211
936 210
942 209
948 209
954 208
960 208
966 208
972 208
978 209
984 209
990 210
996 211
1002 212
1008 212
1014 213
1020 213
1026 213
1032 213
1038 212
1044 212
1050 211
1056 209
1062 208
1068 207
1074 206
1080 204
1086 203
1092 203
1098 202
1104 202
1110 202
1116 203
1122 203
1128 204
1134 205
1140 206
1146 207
1152 208
1158 208
1164 208
1170 208
1176 207
1182 206
1188 205
