0 227
6 225
12 222
18 219
24 214
30 209
35 203
39 197
41 191
42 185
41 179
39 173
34 167
28 163
22 162
16 161
10 160
4 159
1198 155
1192 149
1190 143
1188 137
1188 131
1189 125
1190 119
1193 113
1198 107
4 101
10 97
16 95
22 93
28 92
34 91
40 92
46 93
52 94
58 97
64 100
70 104
76 109
81 115
86 121
89 127
92 133
95 139
97 145
99 151
101 157
103 163
104 169
106 175
107 181
109 187
110 193
111 199
112 205
113 211
114 217
115 223
116 229
116 235
117 241
117 247
118 253
118 259
118 265
118 271
117 277
116 283
110 286
104 284
98 278
94 272
90 266
87 260
84 254
80 248
74 245
68 246
62 251
57 257
54 263
51 269
49 275
48 281
47 287
47 293
47 299
49 305
50 311
53 317
56 323
61 329
67 335
73 340
79 344
85 347
91 349
97 351
103 352
109 353
115 353
121 353
127 353
133 352
139 351
145 350
151 348
157 345
163 342
169 337
175 332
180 326
184 320
186 314
188 308
190 302
191 296
191 290
190 284
190 278
188 272
186 266
184 260
182 254
179 248
175 242
169 237
163 240
160 246
158 252
156 258
153 264
150 270
146 276
140 281
134 278
133 272
133 266
133 260
133 254
133 248
133 242
134 236
134 230
134 224
134 218
135 212
135 206
136 200
137 194
138 188
139 182
140 176
141 170
142 164
143 158
144 152
145 146
147 140
149 134
151 128
153 122
156 116
160 110
165 104
171 98
177 94
183 91
189 88
195 86
201 85
207 84
213 84
219 85
225 86
231 87
237 90
243 93
249 97
255 102
260 108
264 114
267 120
269 126
270 132
271 138
270 144
270 150
268 156
265 162
260 168
254 173
248 174
242 173
236 172
230 169
224 168
218 168
212 171
206 177
204 183
202 189
202 195
203 201
205 207
208 213
211 219
215 225
220 231
225 237
231 243
237 249
243 254
249 258
255 262
261 266
267 268
273 270
279 272
285 272
291 272
297 271
303 269
309 266
315 261
319 255
322 249
324 243
325 237
328 231
333 225
339 220
345 216
351 214
357 212
363 210
369 209
375 208
381 207
387 206
393 205
399 204
405 202
411 199
417 195
423 189
426 183
428 177
428 171
428 165
428 159
430 153
433 147
438 141
444 137
450 134
456 132
462 131
468 131
474 131
480 132
486 135
492 137
498 141
504 146
510 151
515 157
520 163
524 169
528 175
532 181
536 187
539 193
542 199
545 205
548 211
551 217
554 223
556 229
558 235
559 241
560 247
559 253
557 259
553 265
547 268
541 269
535 268
529 265
523 261
517 257
511 255
505 254
499 256
493 261
489 267
487 273
486 279
485 285
485 291
486 297
488 303
490 309
493 315
498 321
504 327
510 332
516 336
522 339
528 341
534 342
540 344
546 344
552 344
558 344
564 343
570 342
576 340
582 338
588 335
594 332
600 327
606 321
611 315
614 309
617 303
620 297
622 291
623 285
624 279
625 273
626 267
626 261
626 255
626 249
626 243
625 237
625 231
624 225
623 219
622 213
620 207
619 201
613 197
607 203
605 209
603 215
601 221
598 227
593 233
587 230
584 224
583 218
581 212
579 206
578 200
576 194
575 188
574 182
573 176
572 170
572 164
571 158
571 152
571 146
571 140
572 134
573 128
575 122
577 116
580 110
584 104
589 98
595 92
601 87
607 84
613 81
619 79
625 78
631 77
637 76
643 77
649 77
655 78
661 80
667 82
673 85
679 89
685 94
691 100
695 106
698 112
701 118
703 124
704 130
705 136
706 142
706 148
706 154
706 160
705 166
704 172
703 178
701 184
698 190
692 195
686 194
680 190
675 184
670 178
664 174
658 172
652 175
649 181
648 187
649 193
650 199
651 205
653 211
655 217
657 223
660 229
663 235
666 241
669 247
672 253
676 259
680 265
684 271
689 277
694 283
700 288
706 293
712 296
718 299
724 301
730 302
736 302
742 302
748 300
754 298
760 295
766 291
772 285
777 279
780 273
783 267
784 261
786 255
787 249
787 243
787 237
787 231
786 225
784 219
781 213
775 209
769 210
763 212
757 215
751 216
745 214
740 208
739 202
739 196
740 190
741 184
743 178
745 172
748 166
750 160
754 154
757 148
761 142
765 136
769 130
774 124
780 118
786 113
792 109
798 105
804 103
810 101
816 99
822 98
828 98
834 98
840 99
846 101
852 103
858 106
864 109
870 114
875 120
879 126
883 132
885 138
886 144
887 150
886 156
885 162
883 168
880 174
874 179
868 182
862 182
856 182
850 181
844 181
838 184
833 190
831 196
830 202
830 208
831 214
833 220
835 226
837 232
840 238
843 244
846 250
851 256
857 262
863 267
869 271
875 273
881 275
887 275
893 275
899 273
905 270
911 265
915 259
917 253
919 247
921 241
924 235
929 229
935 224
941 221
947 219
953 218
959 217
965 218
971 219
977 222
983 226
989 232
994 238
996 244
998 250
1000 256
1002 262
1004 268
1008 274
1014 280
1020 284
1026 286
1032 288
1038 288
1044 287
1050 286
1056 284
1062 280
1068 275
1073 269
1076 263
1079 257
1080 251
1080 245
1079 239
1078 233
1074 227
1068 221
1062 217
1056 213
1050 208
1046 202
1044 196
1043 190
1043 184
1044 178
1046 172
1049 166
1053 160
1059 154
1065 150
1071 148
1077 146
1083 145
1089 145
1095 146
1101 147
1107 150
1113 153
1119 157
1125 163
1129 169
1133 175
1135 181
1136 187
1138 193
1139 199
1141 205
1144 211
1148 217
1154 222
1160 226
1166 228
1172 230
1178 230
1184 230
1190 230
