0 161
6 162
12 162
18 161
24 160
30 159
36 159
42 161
48 166
52 172
55 178
56 184
57 190
56 196
54 202
51 208
45 214
39 219
33 223
27 226
21 229
15 231
9 233
3 235
1197 236
1191 237
1185 237
1179 236
1173 235
1167 233
1161 231
1155 227
1149 221
1144 215
1141 209
1140 203
1139 197
1140 191
1139 185
1138 179
1135 173
1131 167
1126 161
1120 155
1114 151
1108 147
1102 145
1096 143
1090 142
1084 141
1078 141
1072 142
1066 144
1060 147
1054 151
1048 157
1043 163
1040 169
1038 175
1036 181
1036 187
1036 193
1037 199
1039 205
1042 211
1047 217
1053 221
1059 223
1065 224
1071 226
1077 229
1083 235
1086 241
1088 247
1089 253
1089 259
1088 265
1087 271
1084 277
1081 283
1077 289
1071 294
1065 299
1059 302
1053 304
1047 305
1041 306
1035 305
1029 304
1023 302
1017 299
1011 293
1007 287
1005 281
1004 275
1003 269
1003 263
1002 257
1000 251
996 245
991 239
985 234
979 230
973 227
967 225
961 224
955 224
949 224
943 225
937 226
931 229
925 233
919 239
915 245
914 251
913 257
913 263
912 269
909 275
905 281
899 285
893 288
887 289
881 288
875 287
869 285
863 282
857 278
851 272
846 266
841 260
838 254
834 248
831 242
828 236
826 230
824 224
821 218
820 212
818 206
818 200
818 194
818 188
821 182
826 176
832 173
838 173
844 175
850 178
856 182
862 185
868 186
874 185
880 182
885 176
889 170
891 164
893 158
894 152
894 146
893 140
892 134
890 128
887 122
883 116
879 110
873 105
867 100
861 97
855 94
849 92
843 91
837 90
831 90
825 90
819 91
813 93
807 95
801 98
795 101
789 105
783 110
777 116
771 122
767 128
762 134
758 140
754 146
751 152
747 158
744 164
741 170
738 176
735 182
733 188
731 194
729 200
728 206
727 212
727 218
729 224
735 230
741 231
747 228
753 222
758 216
763 210
769 205
775 204
781 210
783 216
785 222
786 228
787 234
788 240
788 246
788 252
788 258
787 264
787 270
785 276
783 282
781 288
778 294
773 300
767 306
761 310
755 313
749 315
743 316
737 316
731 315
725 314
719 312
713 309
707 306
701 301
695 295
689 289
685 283
680 277
677 271
673 265
669 259
666 253
662 247
659 241
656 235
654 229
651 223
649 217
647 211
645 205
643 199
642 193
641 187
640 181
639 175
639 169
641 163
647 158
653 159
659 164
663 170
666 176
670 182
673 188
676 194
679 200
684 206
690 207
695 201
698 195
700 189
701 183
702 177
704 171
705 165
705 159
706 153
707 147
707 141
707 135
706 129
705 123
704 117
702 111
700 105
697 99
693 93
688 87
682 82
676 77
670 74
664 71
658 69
652 68
646 67
640 67
634 67
628 67
622 68
616 70
610 72
604 75
598 78
592 83
586 89
581 95
577 101
575 107
573 113
571 119
570 125
570 131
570 137
570 143
570 149
571 155
572 161
573 167
574 173
575 179
577 185
578 191
580 197
581 203
583 209
585 215
586 221
588 227
589 233
590 239
590 245
592 251
598 249
600 243
602 237
603 231
604 225
604 219
605 213
605 207
606 201
608 195
611 189
617 187
619 193
619 199
619 205
620 211
621 217
622 223
623 229
623 235
624 241
625 247
626 253
627 259
627 265
627 271
627 277
627 283
627 289
626 295
625 301
624 307
622 313
620 319
617 325
613 331
609 337
603 342
597 347
591 350
585 353
579 355
573 357
567 358
561 359
555 359
549 359
543 359
537 358
531 357
525 356
519 354
513 352
507 349
501 345
495 340
490 334
486 328
483 322
481 316
479 310
479 304
479 298
479 292
481 286
483 280
486 274
490 268
496 262
502 259
508 259
514 262
520 267
526 273
531 279
537 285
543 290
549 292
555 292
561 290
567 285
570 279
572 273
572 267
571 261
570 255
568 249
566 243
564 237
562 231
559 225
556 219
553 213
550 207
547 201
543 195
540 189
536 183
532 177
528 171
524 165
519 159
515 153
509 147
503 141
497 137
491 133
485 130
479 128
473 126
467 126
461 126
455 126
449 128
443 131
437 134
431 140
428 146
426 152
425 158
426 164
428 170
431 176
432 182
431 188
428 194
422 200
416 204
410 207
404 209
398 211
392 212
386 213
380 214
374 215
368 216
362 217
356 218
350 220
344 222
338 225
332 229
327 235
324 241
323 247
322 253
322 259
322 265
319 271
315 277
309 281
303 284
297 286
291 287
285 287
279 286
273 284
267 282
261 280
255 276
249 273
243 268
237 264
231 258
225 253
219 247
213 241
207 235
202 229
198 223
194 217
191 211
189 205
188 199
188 193
189 187
191 181
194 175
198 169
204 163
210 161
216 161
222 164
228 168
234 173
240 178
246 180
252 180
258 178
264 173
269 167
272 161
274 155
276 149
277 143
277 137
277 131
276 125
275 119
272 113
269 107
266 101
261 95
255 90
249 85
243 82
237 79
231 77
225 76
219 75
213 75
207 76
201 76
195 78
189 80
183 83
177 87
171 91
166 97
161 103
157 109
155 115
152 121
151 127
149 133
148 139
147 145
146 151
145 157
143 163
142 169
141 175
140 181
139 187
138 193
137 199
136 205
135 211
134 217
134 223
133 229
133 235
133 241
133 247
133 253
133 259
133 265
133 271
133 277
133 283
133 289
132 295
132 301
131 307
137 312
143 307
147 301
149 295
151 289
153 283
154 277
155 271
156 265
158 259
159 253
162 247
168 247
172 253
175 259
179 265
182 271
185 277
188 283
190 289
192 295
193 301
194 307
194 313
193 319
192 325
190 331
187 337
183 343
178 349
172 354
166 357
160 360
154 362
148 364
142 366
136 367
130 367
124 367
118 367
112 367
106 366
100 366
94 365
88 363
82 361
76 359
70 356
64 352
58 347
52 341
48 335
45 329
43 323
42 317
41 311
41 305
42 299
43 293
45 287
47 281
51 275
55 269
61 263
67 257
73 254
79 255
83 261
85 267
86 273
88 279
90 285
93 291
95 297
98 303
101 309
106 315
112 317
118 313
119 307
119 301
119 295
119 289
119 283
119 277
119 271
119 265
119 259
119 253
118 247
118 241
117 235
117 229
116 223
115 217
114 211
113 205
112 199
111 193
110 187
108 181
107 175
105 169
104 163
102 157
100 151
98 145
96 139
94 133
91 127
88 121
85 115
81 109
76 103
70 97
64 93
58 89
52 87
46 85
40 84
34 83
28 83
22 84
16 85
10 87
4 90
1198 94
1192 100
1188 106
1185 112
1183 118
1182 124
1182 130
1183 136
1184 142
1187 148
1191 154
