0 210
6 209
12 209
18 208
24 208
30 208
36 208
42 208
48 208
54 209
60 209
66 210
72 211
78 213
84 214
90 215
96 216
102 217
108 218
114 218
120 218
126 218
132 218
138 217
144 216
150 215
156 214
162 213
168 212
174 211
180 210
186 209
192 208
198 208
204 207
210 207
216 207
222 208
228 208
234 209
240 210
246 210
252 211
258 212
264 212
270 213
276 213
282 213
288 213
294 213
300 213
306 213
312 213
318 212
324 212
330 212
336 212
342 211
348 211
354 211
360 211
366 212
372 212
378 212
384 212
390 212
396 212
402 212
408 212
414 212
420 212
426 212
432 211
438 211
444 211
450 210
456 210
462 210
468 210
474 210
480 211
486 211
492 212
498 212
504 213
510 214
516 215
522 215
528 216
534 217
540 217
546 217
552 217
558 217
564 217
570 217
576 216
582 215
588 214
594 213
600 212
606 211
612 210
618 209
624 208
630 208
636 207
642 207
648 207
654 207
660 208
666 208
672 209
678 209
684 210
690 211
696 212
702 213
708 213
714 214
720 214
726 214
732 215
738 214
744 214
750 214
756 213
762 213
768 212
774 212
780 211
786 210
792 210
798 209
804 209
810 209
816 209
822 209
828 209
834 209
840 210
846 210
852 211
858 211
864 212
870 213
876 213
882 213
888 214
894 214
900 214
906 214
912 214
918 214
924 214
930 214
936 213
942 213
948 213
954 213
960 213
966 213
972 213
978 213
984 213
990 213
996 214
1002 214
1008 214
1014 214
1020 215
1026 215
1032 215
1038 214
1044 214
1050 214
1056 213
1062 213
1068 212
1074 212
1080 211
1086 211
1092 210
1098 210
1104 210
1110 210
1116 210
1122 211
1128 211
1134 211
1140 212
1146 212
1152 212
1158 212
1164 212
1170 212
1176 212
1182 212
1188 211
