0 199
6 199
12 199
18 199
24 199
30 199
36 199
42 199
48 199
54 199
60 199
66 199
72 199
78 199
84 199
90 199
96 200
102 200
108 200
114 200
120 200
126 200
132 200
138 200
144 199
150 199
156 199
162 199
168 199
174 199
180 199
186 199
192 199
198 199
204 199
210 199
216 199
222 199
228 199
234 199
240 199
246 199
252 199
258 199
264 199
270 199
276 199
282 199
288 199
294 199
300 199
306 199
312 199
318 199
324 199
330 199
336 199
342 199
348 199
354 199
360 199
366 199
372 199
378 199
384 199
390 199
396 199
402 199
408 199
414 199
420 199
426 199
432 199
438 199
444 199
450 199
456 199
462 199
468 199
474 199
480 199
486 199
492 199
498 199
504 199
510 199
516 200
522 200
528 200
534 200
540 200
546 200
552 200
558 200
564 200
570 200
576 200
582 199
588 199
594 199
600 199
606 199
612 199
618 199
624 199
630 199
636 199
642 199
648 199
654 199
660 199
666 199
672 199
678 199
684 199
690 199
696 199
702 199
708 199
714 199
720 199
726 199
732 199
738 199
744 199
750 199
756 199
762 199
768 199
774 199
780 199
786 199
792 199
798 199
804 199
810 199
816 199
822 199
828 199
834 199
840 199
846 199
852 199
858 199
864 199
870 199
876 199
882 199
888 199
894 200
900 200
906 200
912 200
918 200
924 200
930 200
936 200
942 200
948 200
954 199
960 199
966 199
972 199
978 199
984 199
990 199
996 200
1002 200
1008 200
1014 200
1020 200
1026 200
1032 200
1038 200
1044 200
1050 200
1056 199
1062 199
1068 199
1074 199
1080 199
1086 199
1092 199
1098 199
1104 199
1110 199
1116 199
1122 199
1128 199
1134 199
1140 199
1146 199
1152 199
1158 199
1164 199
1170 199
1176 199
1182 199
1188 199
