0 200
6 199
12 198
18 197
24 197
30 196
36 196
42 197
48 197
54 198
60 199
66 201
72 203
78 205
84 207
90 208
96 210
102 212
108 213
114 213
120 214
126 213
132 213
138 212
144 211
150 209
156 207
162 205
168 203
174 201
180 199
186 198
192 197
198 196
204 196
210 196
216 196
222 197
228 197
234 198
240 200
246 201
252 202
258 203
264 204
270 205
276 205
282 205
288 206
294 206
300 205
306 205
312 205
318 204
324 204
330 203
336 203
342 203
348 203
354 203
360 203
366 203
372 203
378 203
384 203
390 203
396 204
402 204
408 203
414 203
420 203
426 203
432 202
438 202
444 201
450 201
456 200
462 200
468 200
474 201
480 201
486 202
492 203
498 204
504 205
510 206
516 207
522 209
528 210
534 211
540 211
546 212
552 212
558 212
564 211
570 211
576 209
582 208
588 207
594 205
600 203
606 201
612 200
618 198
624 197
630 196
636 196
642 195
648 195
654 196
660 196
666 197
672 198
678 199
684 201
690 202
696 203
702 204
708 206
714 206
720 207
726 208
732 208
738 208
744 207
750 207
756 206
762 205
768 204
774 203
780 202
786 201
792 200
798 199
804 199
810 198
816 198
822 198
828 199
834 199
840 200
846 200
852 201
858 202
864 203
870 204
876 205
882 206
888 206
894 207
900 207
906 207
912 207
918 207
924 206
930 206
936 205
942 205
948 205
954 205
960 204
966 204
972 205
978 205
984 205
990 206
996 206
1002 206
1008 207
1014 207
1020 207
1026 207
1032 207
1038 207
1044 206
1050 206
1056 205
1062 204
1068 204
1074 203
1080 202
1086 201
1092 201
1098 201
1104 201
1110 201
1116 201
1122 201
1128 202
1134 202
1140 203
1146 203
1152 204
1158 204
1164 204
1170 204
1176 203
1182 203
1188 202
