0 181
5 175
11 169
17 165
23 162
29 161
35 160
41 160
47 161
53 163
59 166
65 170
71 176
75 182
77 188
79 194
80 200
80 206
80 212
80 218
80 224
80 230
82 236
84 242
88 248
93 254
99 259
105 262
111 264
117 265
123 265
129 264
135 262
141 260
147 256
153 250
157 244
160 238
162 232
163 226
163 220
163 214
162 208
162 202
162 196
163 190
165 184
168 178
172 172
178 166
184 162
190 159
196 157
202 156
208 156
214 157
220 158
226 161
232 164
238 170
243 176
247 182
250 188
253 194
256 200
260 206
266 212
272 216
278 219
284 221
290 222
296 221
302 220
308 219
314 216
320 213
326 210
332 208
338 205
344 203
350 202
356 201
362 201
368 201
374 201
380 202
386 202
392 202
398 201
404 200
410 199
416 196
422 194
428 190
434 187
440 184
446 182
452 180
458 179
464 178
470 179
476 180
482 182
488 185
494 189
499 195
503 201
506 207
508 213
510 219
512 225
515 231
518 237
523 243
529 249
535 252
541 255
547 256
553 256
559 256
565 255
571 253
577 249
583 244
588 238
592 232
594 226
595 220
596 214
596 208
596 202
597 196
598 190
599 184
601 178
605 172
610 166
616 161
622 157
628 155
634 153
640 152
646 152
652 153
658 155
664 157
670 161
676 166
681 172
684 178
687 184
689 190
690 196
692 202
694 208
696 214
700 220
705 226
711 231
717 234
723 236
729 237
735 237
741 236
747 234
753 231
759 226
764 220
768 214
771 208
774 202
777 196
780 190
784 184
790 178
796 173
802 170
808 168
814 167
820 167
826 168
832 169
838 171
844 175
850 180
856 186
860 192
864 198
868 204
873 210
879 216
885 219
891 222
897 223
903 224
909 223
915 222
921 220
927 218
933 215
939 212
945 210
951 208
957 207
963 206
969 207
975 208
981 209
987 212
993 215
999 217
1005 220
1011 222
1017 224
1023 224
1029 224
1035 223
1041 221
1047 218
1053 214
1059 208
1065 202
1071 197
1077 192
1083 189
1089 187
1095 186
1101 186
1107 186
1113 188
1119 191
1125 194
1131 198
1137 201
1143 205
1149 207
1155 209
1161 209
1167 209
1173 207
1179 205
1185 200
1191 194
1195 188
