0 181
4 175
9 169
15 164
21 161
27 158
33 157
39 157
45 157
51 159
57 161
63 165
69 170
74 176
77 182
79 188
81 194
82 200
82 206
81 212
80 218
79 224
78 230
78 236
79 242
81 248
85 254
90 260
96 265
102 268
108 270
114 272
120 272
126 272
132 271
138 269
144 266
150 262
156 256
160 250
162 244
164 238
164 232
164 226
163 220
162 214
161 208
160 202
160 196
161 190
163 184
165 178
169 172
174 166
180 161
186 157
192 155
198 153
204 153
210 153
216 154
222 156
228 158
234 163
240 169
244 175
247 181
249 187
251 193
254 199
256 205
260 211
266 217
272 222
278 224
284 226
290 227
296 226
302 225
308 223
314 221
320 218
326 214
332 211
338 208
344 206
350 205
356 204
362 203
368 203
374 204
380 204
386 204
392 204
398 203
404 202
410 200
416 198
422 195
428 191
434 187
440 184
446 181
452 179
458 178
464 177
470 177
476 178
482 180
488 184
494 188
499 194
503 200
506 206
508 212
509 218
510 224
511 230
513 236
516 242
520 248
526 254
532 258
538 261
544 263
550 264
556 264
562 263
568 261
574 259
580 255
586 250
591 244
594 238
596 232
597 226
597 220
597 214
596 208
596 202
595 196
596 190
597 184
599 178
602 172
606 166
612 160
618 155
624 152
630 150
636 149
642 149
648 149
654 150
660 152
666 155
672 159
678 165
683 171
685 177
688 183
689 189
690 195
691 201
692 207
693 213
695 219
698 225
703 231
709 236
715 240
721 242
727 243
733 243
739 243
745 241
751 238
757 234
763 228
767 222
770 216
772 210
774 204
776 198
778 192
781 186
786 180
792 174
798 170
804 167
810 165
816 165
822 165
828 165
834 167
840 170
846 174
852 180
857 186
860 192
863 198
866 204
869 210
874 216
880 222
886 225
892 227
898 228
904 229
910 228
916 227
922 224
928 222
934 218
940 215
946 213
952 211
958 209
964 209
970 210
976 211
982 213
988 216
994 219
1000 222
1006 225
1012 227
1018 229
1024 230
1030 229
1036 228
1042 226
1048 222
1054 217
1059 211
1064 205
1069 199
1075 194
1081 190
1087 187
1093 186
1099 186
1105 186
1111 188
1117 190
1123 194
1129 198
1135 203
1141 207
1147 210
1153 212
1159 213
1165 213
1171 212
1177 209
1183 205
1189 199
1193 193
