0 159
5 160
10 161
15 161
20 161
25 160
30 161
35 162
40 166
45 171
47 176
49 181
49 186
49 191
48 196
46 201
42 206
38 211
33 215
28 219
23 222
18 225
13 227
8 229
3 231
1198 232
1193 233
1188 233
1183 234
1178 233
1173 233
1168 231
1163 229
1158 227
1153 223
1148 218
1144 213
1142 208
1140 203
1139 198
1138 193
1138 188
1137 183
1136 178
1133 173
1130 168
1127 163
1122 158
1117 154
1112 151
1107 148
1102 146
1097 144
1092 143
1087 143
1082 143
1077 144
1072 145
1067 146
1062 149
1057 152
1052 157
1048 162
1045 167
1042 172
1041 177
1040 182
1039 187
1040 192
1041 197
1042 202
1045 207
1048 212
1053 216
1058 219
1063 221
1068 223
1073 226
1078 230
1081 235
1083 240
1084 245
1085 250
1084 255
1084 260
1082 265
1080 270
1078 275
1074 280
1069 285
1064 289
1059 292
1054 294
1049 295
1044 296
1039 297
1034 296
1029 295
1024 294
1019 291
1014 288
1009 283
1006 278
1004 273
1003 268
1002 263
1001 258
1000 253
998 248
996 243
992 238
988 233
983 229
978 226
973 224
968 222
963 221
958 220
953 220
948 221
943 222
938 224
933 227
928 230
923 235
920 240
918 245
917 250
916 255
914 260
913 265
910 270
906 275
901 278
896 280
891 282
886 282
881 282
876 281
871 279
866 277
861 273
856 269
851 264
847 259
843 254
840 249
837 244
835 239
832 234
830 229
829 224
827 219
826 214
825 209
824 204
824 199
825 194
826 189
828 184
833 179
838 178
843 177
848 179
853 180
858 182
863 184
868 184
873 183
878 180
882 175
886 170
888 165
889 160
890 155
890 150
890 145
889 140
888 135
886 130
884 125
881 120
877 115
872 110
867 106
862 102
857 100
852 98
847 96
842 95
837 94
832 94
827 94
822 94
817 95
812 96
807 98
802 100
797 103
792 106
787 109
782 113
777 118
772 123
768 128
765 133
761 138
758 143
755 148
752 153
749 158
747 163
744 168
742 173
740 178
738 183
736 188
735 193
734 198
733 203
733 208
734 213
736 218
741 223
746 223
751 221
756 218
761 214
766 210
771 208
776 207
781 211
784 216
785 221
786 226
787 231
788 236
788 241
788 246
788 251
787 256
786 261
785 266
784 271
782 276
780 281
777 286
774 291
769 296
764 300
759 303
754 305
749 307
744 308
739 308
734 308
729 308
724 307
719 305
714 303
709 301
704 297
699 293
694 288
689 283
685 278
682 273
678 268
675 263
672 258
669 253
666 248
664 243
661 238
659 233
656 228
654 223
652 218
650 213
649 208
647 203
646 198
645 193
644 188
643 183
644 178
645 173
647 168
652 165
657 166
662 169
666 174
670 179
673 184
676 189
679 194
684 199
689 201
694 199
698 194
700 189
701 184
703 179
704 174
705 169
705 164
706 159
706 154
707 149
707 144
706 139
706 134
705 129
704 124
703 119
701 114
699 109
697 104
694 99
690 94
685 89
680 85
675 81
670 79
665 76
660 75
655 73
650 72
645 72
640 71
635 72
630 72
625 73
620 74
615 75
610 77
605 80
600 83
595 86
590 90
586 95
582 100
579 105
576 110
575 115
573 120
572 125
571 130
571 135
570 140
570 145
571 150
571 155
571 160
572 165
573 170
573 175
574 180
575 185
576 190
578 195
579 200
580 205
581 210
583 215
584 220
585 225
586 230
588 235
589 240
594 242
598 237
600 232
601 227
603 222
603 217
604 212
606 207
607 202
609 197
614 192
619 197
620 202
620 207
621 212
622 217
623 222
624 227
624 232
625 237
626 242
626 247
626 252
627 257
627 262
627 267
627 272
626 277
626 282
625 287
624 292
623 297
622 302
620 307
618 312
616 317
612 322
609 327
604 332
599 336
594 340
589 343
584 345
579 347
574 348
569 349
564 350
559 351
554 351
549 351
544 351
539 351
534 350
529 349
524 347
519 345
514 343
509 340
504 337
499 333
495 328
491 323
488 318
486 313
484 308
483 303
482 298
482 293
482 288
483 283
484 278
486 273
489 268
493 263
498 259
503 257
508 257
513 258
518 262
523 266
528 270
533 274
538 278
543 280
548 280
553 279
558 277
562 272
565 267
566 262
566 257
566 252
565 247
563 242
562 237
560 232
558 227
556 222
553 217
551 212
548 207
546 202
543 197
540 192
537 187
534 182
531 177
528 172
524 167
521 162
517 157
512 152
507 147
502 142
497 138
492 135
487 133
482 131
477 129
472 128
467 128
462 128
457 129
452 130
447 132
442 134
437 138
433 143
430 148
428 153
427 158
427 163
428 168
429 173
429 178
429 183
427 188
424 193
419 198
414 201
409 203
404 205
399 207
394 208
389 209
384 210
379 211
374 211
369 212
364 213
359 214
354 216
349 217
344 219
339 222
334 226
329 231
326 236
324 241
323 246
323 251
322 256
320 261
317 266
312 271
307 275
302 277
297 278
292 279
287 279
282 279
277 278
272 277
267 275
262 273
257 270
252 267
247 264
242 260
237 256
232 251
227 247
222 242
218 237
213 232
209 227
205 222
202 217
199 212
197 207
196 202
195 197
195 192
196 187
197 182
199 177
202 172
207 167
212 165
217 164
222 165
227 168
232 171
237 173
242 176
247 177
252 177
257 174
262 170
266 165
269 160
271 155
273 150
274 145
274 140
274 135
273 130
272 125
271 120
269 115
266 110
263 105
259 100
254 95
249 91
244 88
239 85
234 83
229 82
224 81
219 80
214 80
209 80
204 80
199 81
194 82
189 84
184 86
179 89
174 92
169 96
165 101
161 106
158 111
155 116
153 121
151 126
149 131
148 136
147 141
146 146
145 151
144 156
143 161
142 166
141 171
140 176
139 181
138 186
138 191
137 196
136 201
135 206
135 211
134 216
134 221
134 226
133 231
133 236
133 241
133 246
133 251
133 256
133 261
133 266
133 271
133 276
133 281
132 286
132 291
133 296
138 297
143 293
147 288
149 283
151 278
153 273
155 268
156 263
157 258
159 253
160 248
163 243
168 241
173 246
176 251
179 256
181 261
184 266
186 271
188 276
189 281
191 286
191 291
192 296
192 301
192 306
192 311
190 316
189 321
187 326
184 331
180 336
175 341
170 345
165 349
160 351
155 354
150 356
145 357
140 358
135 359
130 360
125 360
120 360
115 360
110 360
105 359
100 358
95 357
90 356
85 354
80 352
75 350
70 347
65 343
60 338
55 333
52 328
49 323
47 318
46 313
45 308
44 303
44 298
44 293
45 288
46 283
48 278
50 273
53 268
56 263
60 258
65 253
70 250
75 249
80 252
83 257
85 262
87 267
89 272
91 277
94 282
96 287
99 292
103 297
108 301
113 302
118 297
118 292
119 287
119 282
119 277
119 272
119 267
118 262
118 257
118 252
118 247
117 242
117 237
116 232
116 227
115 222
115 217
114 212
113 207
112 202
111 197
110 192
109 187
108 182
107 177
106 172
104 167
103 162
102 157
100 152
99 147
97 142
95 137
93 132
91 127
88 122
85 117
81 112
77 107
72 102
67 98
62 95
57 92
52 90
47 89
42 88
37 87
32 87
27 87
22 88
17 89
12 91
7 94
2 97
1197 101
1193 106
1190 111
1187 116
1186 121
1185 126
1185 131
1185 136
1186 141
1188 146
1191 151
