0 215
4 209
7 203
9 197
9 191
8 185
6 179
3 173
1 167
0 161
0 155
1 149
4 143
8 137
14 132
20 129
26 126
32 125
38 125
44 125
50 126
56 127
62 130
68 133
74 138
80 144
85 150
88 156
92 162
94 168
97 174
98 180
100 186
102 192
103 198
104 204
104 210
105 216
104 222
104 228
101 234
96 240
90 242
84 243
78 243
72 245
66 250
63 256
61 262
60 268
60 274
61 280
62 286
65 292
68 298
72 304
78 310
84 315
90 319
96 321
102 323
108 325
114 326
120 326
126 326
132 325
138 323
144 321
150 319
156 315
162 311
168 305
172 299
176 293
178 287
180 281
181 275
182 269
181 263
181 257
179 251
176 245
170 240
164 238
158 238
152 237
146 234
143 228
141 222
140 216
140 210
140 204
141 198
142 192
143 186
144 180
145 174
147 168
149 162
152 156
155 150
159 144
163 138
169 132
175 128
181 124
187 122
193 120
199 118
205 118
211 118
217 119
223 120
229 123
235 126
241 130
246 136
251 142
254 148
255 154
256 160
256 166
254 172
251 178
246 184
241 190
237 196
236 202
236 208
236 214
238 220
241 226
245 232
249 238
255 244
261 249
267 252
273 255
279 257
285 257
291 257
297 256
303 255
309 252
315 247
321 241
326 235
331 229
337 223
343 219
349 216
355 213
361 212
367 211
373 211
379 210
385 210
391 209
397 207
403 205
409 202
415 198
420 192
425 186
429 180
433 174
438 168
444 163
450 160
456 158
462 156
468 156
474 156
480 157
486 159
492 162
498 166
504 171
510 177
514 183
518 189
521 195
524 201
526 207
528 213
529 219
529 225
528 231
525 237
521 243
515 247
509 252
504 258
501 264
500 270
501 276
502 282
504 288
508 294
513 300
519 306
525 309
531 312
537 314
543 316
549 316
555 317
561 316
567 315
573 314
579 311
585 308
591 304
597 299
602 293
606 287
610 281
612 275
614 269
615 263
616 257
617 251
617 245
616 239
614 233
611 227
605 221
599 219
593 218
587 214
582 208
580 202
579 196
578 190
577 184
577 178
578 172
579 166
580 160
582 154
584 148
588 142
592 136
597 130
603 124
609 120
615 117
621 115
627 113
633 112
639 111
645 112
651 112
657 114
663 116
669 118
675 122
681 127
686 133
691 139
694 145
696 151
698 157
699 163
699 169
699 175
698 181
695 187
691 193
685 198
679 203
675 209
674 215
674 221
674 227
675 233
677 239
680 245
683 251
686 257
691 263
696 269
702 274
708 278
714 281
720 283
726 284
732 284
738 284
744 283
750 281
756 278
762 274
767 268
772 262
775 256
777 250
778 244
778 238
777 232
776 226
773 220
769 214
765 208
763 202
762 196
762 190
763 184
764 178
766 172
769 166
772 160
777 154
782 148
788 143
794 139
800 136
806 134
812 133
818 132
824 132
830 132
836 134
842 136
848 138
854 142
860 148
865 154
868 160
870 166
871 172
871 178
869 184
867 190
863 196
860 202
857 208
856 214
855 220
856 226
857 232
860 238
864 244
869 250
875 255
881 258
887 260
893 261
899 261
905 259
911 257
917 253
923 248
928 242
933 236
938 230
944 225
950 222
956 220
962 219
968 219
974 221
980 225
986 230
991 236
995 242
999 248
1005 254
1011 259
1017 263
1023 265
1029 265
1035 265
1041 264
1047 261
1053 257
1058 251
1061 245
1063 239
1063 233
1063 227
1061 221
1060 215
1059 209
1058 203
1058 197
1060 191
1063 185
1068 179
1074 174
1080 171
1086 170
1092 169
1098 170
1104 171
1110 174
1116 178
1122 184
1127 190
1130 196
1133 202
1136 208
1140 214
1146 220
1152 225
1158 228
1164 229
1170 229
1176 229
1182 227
1188 225
