0 202
6 202
12 202
18 201
24 201
30 201
36 201
42 201
48 201
54 201
60 202
66 202
72 202
78 203
84 203
90 203
96 204
102 204
108 204
114 204
120 204
126 204
132 204
138 204
144 204
150 203
156 203
162 203
168 202
174 202
180 202
186 202
192 201
198 201
204 201
210 201
216 201
222 201
228 202
234 202
240 202
246 202
252 202
258 202
264 203
270 203
276 203
282 203
288 203
294 203
300 203
306 203
312 203
318 203
324 202
330 202
336 202
342 202
348 202
354 202
360 202
366 202
372 202
378 202
384 203
390 203
396 203
402 203
408 203
414 203
420 203
426 203
432 202
438 202
444 202
450 202
456 202
462 202
468 202
474 202
480 202
486 202
492 202
498 203
504 203
510 203
516 203
522 204
528 204
534 204
540 204
546 204
552 204
558 204
564 204
570 204
576 204
582 203
588 203
594 203
600 203
606 202
612 202
618 202
624 202
630 201
636 201
642 201
648 201
654 201
660 201
666 201
672 202
678 202
684 202
690 202
696 202
702 203
708 203
714 203
720 203
726 203
732 203
738 203
744 203
750 203
756 203
762 203
768 202
774 202
780 202
786 202
792 202
798 202
804 202
810 202
816 202
822 202
828 202
834 202
840 202
846 202
852 202
858 202
864 203
870 203
876 203
882 203
888 203
894 203
900 203
906 203
912 203
918 203
924 203
930 203
936 203
942 203
948 203
954 203
960 203
966 203
972 203
978 203
984 203
990 203
996 203
1002 203
1008 203
1014 203
1020 203
1026 203
1032 203
1038 203
1044 203
1050 203
1056 203
1062 203
1068 203
1074 202
1080 202
1086 202
1092 202
1098 202
1104 202
1110 202
1116 202
1122 202
1128 202
1134 202
1140 202
1146 202
1152 203
1158 203
1164 203
1170 203
1176 203
1182 202
1188 202
