0 219
6 218
12 217
18 217
24 217
30 218
36 219
42 220
48 221
54 222
60 222
66 222
72 222
78 221
84 220
90 218
96 217
102 216
108 215
114 215
120 216
126 217
132 219
138 221
144 222
150 224
156 225
162 225
168 225
174 225
180 224
186 222
192 221
198 219
204 218
210 217
216 216
222 216
228 217
234 218
240 219
246 221
252 222
258 224
264 224
270 225
276 224
282 224
288 222
294 221
300 220
306 219
312 218
318 218
324 219
330 220
336 221
342 222
348 223
354 223
360 223
366 222
372 221
378 219
384 218
390 217
396 216
402 216
408 217
414 217
420 218
426 218
432 218
438 219
444 219
450 219
456 219
462 220
468 221
474 222
480 224
486 225
492 227
498 228
504 228
510 227
516 226
522 224
528 222
534 219
540 217
546 215
552 214
558 214
564 215
570 216
576 217
582 219
588 220
594 221
600 222
606 222
612 223
618 222
624 222
630 222
636 222
642 222
648 222
654 221
660 221
666 221
672 220
678 220
684 219
690 218
696 218
702 217
708 217
714 218
720 218
726 219
732 221
738 222
744 223
750 224
756 225
762 225
768 225
774 224
780 223
786 221
792 219
798 218
804 216
810 214
816 213
822 213
828 213
834 214
840 215
846 217
852 220
858 222
864 224
870 226
876 227
882 228
888 228
894 227
900 226
906 224
912 222
918 220
924 218
930 217
936 217
942 217
948 218
954 219
960 220
966 221
972 222
978 223
984 223
990 223
996 223
1002 223
1008 222
1014 221
1020 220
1026 219
1032 218
1038 217
1044 217
1050 216
1056 217
1062 217
1068 218
1074 220
1080 221
1086 222
1092 223
1098 223
1104 223
1110 222
1116 222
1122 221
1128 220
1134 220
1140 220
1146 220
1152 221
1158 221
1164 222
1170 222
1176 222
1182 222
1188 221
