0 242
6 236
10 230
13 224
16 218
18 212
19 206
20 200
21 194
21 188
19 182
15 176
9 174
3 174
1197 178
1191 183
1185 184
1179 181
1176 175
1175 169
1176 163
1178 157
1181 151
1186 145
1192 140
1198 137
4 136
10 135
16 136
22 137
28 140
34 144
40 148
46 153
52 159
57 165
62 171
66 177
70 183
73 189
75 195
75 201
69 206
63 202
57 196
51 195
46 201
44 207
43 213
42 219
42 225
42 231
44 237
46 243
51 249
57 252
63 254
69 254
75 253
81 250
87 247
93 244
99 240
105 236
111 231
117 225
122 219
126 213
129 207
131 201
132 195
132 189
132 183
131 177
129 171
126 165
122 159
116 154
110 153
106 159
106 165
105 171
100 177
94 171
90 165
87 159
84 153
82 147
80 141
79 135
80 129
81 123
83 117
88 111
94 106
100 103
106 101
112 101
118 101
124 103
130 106
136 110
141 116
144 122
147 128
148 134
149 140
150 146
151 152
152 158
153 164
154 170
156 176
157 182
158 188
158 194
159 200
159 206
158 212
158 218
157 224
152 230
146 228
152 234
157 228
156 234
155 240
153 246
150 240
146 234
140 238
135 244
130 250
126 256
122 262
119 268
117 274
116 280
116 286
117 292
120 298
123 304
129 310
135 315
141 318
147 319
153 320
159 321
165 320
171 318
177 316
183 312
188 306
192 300
194 294
196 288
196 282
196 276
195 270
194 264
192 258
191 252
189 246
187 240
186 234
186 228
180 226
186 223
185 217
179 220
178 214
178 208
179 202
180 196
182 190
183 184
185 178
186 172
188 166
189 160
190 154
192 148
194 142
196 136
200 130
205 124
211 119
217 116
223 115
229 115
235 115
241 117
247 121
253 126
257 132
260 138
262 144
263 150
263 156
263 162
261 168
258 174
254 180
249 186
244 192
238 197
232 199
230 193
231 187
231 181
230 175
224 174
218 180
214 186
211 192
209 198
208 204
207 210
207 216
208 222
209 228
211 234
213 240
216 246
219 252
223 258
227 264
232 270
236 276
241 282
247 288
253 292
259 295
265 297
271 298
277 297
283 295
289 292
295 286
299 280
301 274
302 268
303 262
302 256
300 250
296 244
290 239
284 239
278 243
274 249
268 254
262 254
256 251
251 245
250 239
250 233
252 227
255 221
261 215
267 209
273 205
279 201
285 197
291 195
297 193
303 192
309 191
315 191
321 192
327 194
333 196
339 199
345 203
351 208
357 213
361 219
362 225
356 228
350 227
344 225
338 226
335 232
337 238
340 244
344 250
350 256
356 259
362 262
368 263
374 263
380 262
386 260
392 258
398 254
404 250
410 244
416 238
420 232
424 226
426 220
428 214
429 208
429 202
427 196
425 190
422 184
417 178
411 173
405 171
399 171
394 177
394 183
393 189
387 192
381 190
375 185
369 179
365 173
362 167
360 161
359 155
358 149
359 143
360 137
362 131
365 125
370 119
376 114
382 110
388 107
394 105
400 105
406 105
412 105
418 107
424 109
430 113
436 118
442 124
446 130
450 136
454 142
457 148
460 154
464 160
467 166
470 172
473 178
476 184
479 190
482 196
485 202
487 208
489 214
491 220
492 226
493 232
494 238
495 244
495 250
495 256
495 262
495 268
495 274
494 280
493 286
490 292
484 294
479 288
478 282
478 276
478 270
477 264
476 258
474 252
468 249
462 253
457 259
453 265
450 271
448 277
446 283
445 289
445 295
445 301
446 307
448 313
450 319
454 325
459 331
465 336
471 340
477 343
483 345
489 346
495 347
501 347
507 347
513 346
519 344
525 342
531 338
537 334
543 328
547 322
549 316
551 310
552 304
552 298
551 292
549 286
546 280
543 274
540 268
536 262
532 256
529 250
527 244
525 238
524 232
524 226
523 220
517 214
517 208
516 202
516 196
515 190
515 184
515 178
514 172
514 166
514 160
513 154
513 148
513 142
513 136
514 130
515 124
517 118
519 112
522 106
528 100
534 95
540 91
546 89
552 88
558 88
564 88
570 90
576 92
582 95
588 100
593 106
597 112
600 118
602 124
603 130
603 136
604 142
603 148
602 154
601 160
600 166
597 172
594 178
588 184
582 184
579 178
578 172
578 166
578 160
578 154
577 148
573 142
567 139
561 140
555 145
551 151
549 157
547 163
546 169
545 175
544 181
544 187
545 193
545 199
546 205
548 211
550 217
552 223
555 229
559 235
564 241
569 247
575 253
581 258
587 263
593 268
599 271
605 275
611 277
617 279
623 280
629 280
635 279
641 277
647 275
653 271
659 266
664 260
669 254
672 248
676 242
678 236
681 230
683 224
685 218
686 212
687 206
688 200
687 194
684 188
678 185
672 187
666 193
662 199
656 204
650 203
647 197
646 191
647 185
648 179
650 173
652 167
655 161
659 155
663 149
669 143
675 139
681 135
687 133
693 132
699 131
705 132
711 133
717 135
723 138
729 141
735 145
741 150
747 155
753 160
759 166
764 172
769 178
773 184
776 190
779 196
781 202
782 208
783 214
782 220
780 226
777 232
771 238
765 241
759 240
755 234
755 228
755 222
754 216
751 210
745 206
739 206
733 209
729 215
726 221
724 227
722 233
721 239
720 245
719 251
720 257
720 263
721 269
723 275
726 281
730 287
736 293
742 297
748 299
754 300
760 299
766 298
772 296
778 292
784 287
790 281
794 275
799 269
803 263
807 257
811 251
814 245
817 239
819 233
821 227
822 221
823 215
824 209
824 203
824 197
824 191
825 185
824 179
825 173
825 167
825 161
825 155
825 149
824 143
824 137
824 131
823 125
821 119
815 114
809 118
807 124
806 130
807 136
807 142
808 148
809 154
809 160
809 166
804 172
800 166
796 160
792 154
788 148
784 142
781 136
779 130
777 124
776 118
776 112
776 106
777 100
780 94
783 88
788 82
794 77
800 73
806 70
812 68
818 67
824 66
830 66
836 67
842 68
848 70
854 73
860 77
866 82
871 88
874 94
877 100
878 106
879 112
879 118
878 124
875 130
871 136
866 142
860 146
854 149
848 150
844 144
838 150
837 156
836 162
836 168
835 174
835 180
836 186
836 192
837 198
838 204
839 210
841 216
842 222
844 228
845 234
847 240
848 246
849 252
850 258
850 264
849 270
847 276
844 282
841 288
840 294
839 300
840 306
841 312
844 318
849 324
855 330
861 333
867 336
873 337
879 338
885 338
891 337
897 336
903 333
909 329
915 324
919 318
922 312
924 306
925 300
924 294
923 288
922 282
919 276
917 270
914 264
910 258
907 252
903 246
899 240
893 234
887 236
886 242
886 248
887 254
888 260
889 266
889 272
889 278
883 282
877 276
874 270
872 264
870 258
869 252
867 246
866 240
864 234
863 228
862 222
862 216
862 210
862 204
864 198
867 192
871 186
877 180
883 175
889 172
895 168
901 165
907 163
913 160
919 158
925 157
931 156
937 156
943 157
949 159
955 163
961 169
964 175
967 181
969 187
970 193
971 199
972 205
971 211
970 217
967 223
961 226
955 222
950 216
947 210
944 204
938 198
932 196
926 197
920 203
919 209
920 215
921 221
924 227
927 233
931 239
935 245
939 251
944 257
950 263
956 269
962 274
968 278
974 282
980 285
986 286
992 287
998 287
1004 286
1010 284
1016 279
1021 273
1024 267
1025 261
1026 255
1026 249
1026 243
1026 237
1025 231
1024 225
1023 219
1023 213
1022 207
1021 201
1021 195
1020 189
1020 183
1020 177
1014 176
1012 182
1010 188
1008 194
1003 188
1003 194
1004 200
1010 198
1004 204
1005 210
999 204
998 198
998 192
998 186
1003 180
1002 174
1002 168
1002 162
1003 156
1003 150
1005 144
1006 138
1009 132
1012 126
1016 120
1022 114
1028 110
1034 107
1040 104
1046 103
1052 103
1058 103
1064 105
1070 107
1076 111
1082 116
1087 122
1091 128
1093 134
1095 140
1095 146
1095 152
1095 158
1093 164
1089 170
1083 176
1077 178
1071 172
1070 166
1069 160
1066 154
1060 150
1054 151
1048 155
1045 161
1042 167
1041 173
1040 179
1040 185
1040 191
1041 197
1042 203
1043 209
1044 215
1046 221
1048 227
1050 233
1053 239
1056 245
1059 251
1063 257
1068 263
1074 269
1080 273
1086 276
1092 277
1098 277
1104 275
1110 271
1113 265
1113 259
1109 253
1103 249
1097 246
1093 240
1094 234
1099 228
1105 225
1111 223
1117 221
1123 221
1129 220
1135 221
1141 222
1147 223
1153 226
1159 229
1165 235
1170 241
1176 246
1182 248
1188 248
