0 209
6 209
12 208
18 208
24 208
30 208
36 209
42 210
48 210
54 211
60 211
66 211
72 211
78 210
84 209
90 209
96 208
102 207
108 207
114 207
120 207
126 208
132 209
138 210
144 211
150 212
156 212
162 212
168 212
174 212
180 212
186 211
192 210
198 209
204 208
210 208
216 208
222 208
228 208
234 208
240 209
246 210
252 211
258 212
264 212
270 212
276 212
282 212
288 211
294 210
300 209
306 209
312 209
318 209
324 209
330 210
336 210
342 211
348 211
354 211
360 211
366 211
372 210
378 209
384 208
390 208
396 208
402 208
408 208
414 208
420 208
426 209
432 209
438 209
444 209
450 209
456 209
462 209
468 210
474 211
480 212
486 213
492 213
498 214
504 214
510 214
516 213
522 212
528 211
534 209
540 208
546 207
552 207
558 206
564 207
570 207
576 208
582 209
588 210
594 210
600 211
606 211
612 211
618 211
624 211
630 211
636 211
642 211
648 211
654 211
660 210
666 210
672 210
678 210
684 209
690 209
696 208
702 208
708 208
714 208
720 209
726 209
732 210
738 211
744 211
750 212
756 212
762 212
768 212
774 212
780 211
786 210
792 209
798 208
804 207
810 207
816 206
822 206
828 206
834 206
840 207
846 208
852 210
858 211
864 212
870 213
876 214
882 214
888 214
894 214
900 213
906 212
912 211
918 210
924 209
930 208
936 208
942 208
948 209
954 209
960 210
966 211
972 211
978 211
984 212
990 212
996 211
1002 211
1008 211
1014 210
1020 210
1026 209
1032 209
1038 208
1044 208
1050 208
1056 208
1062 208
1068 209
1074 209
1080 210
1086 211
1092 211
1098 211
1104 211
1110 211
1116 211
1122 210
1128 210
1134 209
1140 209
1146 210
1152 210
1158 210
1164 211
1170 211
1176 211
1182 211
1188 210
