0 216
2 210
4 204
4 198
3 192
0 186
1195 180
1191 174
1189 168
1190 162
1193 156
1199 150
5 147
11 145
17 145
23 147
29 150
35 154
40 160
44 166
47 172
49 178
50 184
49 190
46 196
43 202
41 208
41 214
42 220
44 226
47 232
53 238
59 240
65 241
71 240
77 238
83 233
89 228
93 222
97 216
101 210
103 204
105 198
107 192
107 186
107 180
105 174
99 169
93 168
87 162
85 156
84 150
85 144
87 138
90 132
96 126
102 123
108 121
114 121
120 122
126 123
132 126
138 132
143 138
146 144
148 150
150 156
151 162
152 168
152 174
152 180
152 186
152 192
151 198
147 204
141 203
135 208
132 214
130 220
128 226
127 232
127 238
126 244
127 250
128 256
131 262
134 268
140 274
146 278
152 280
158 281
164 281
170 280
176 278
182 274
187 268
191 262
194 256
195 250
196 244
197 238
197 232
197 226
196 220
195 214
192 208
186 206
182 200
181 194
182 188
182 182
183 176
185 170
186 164
188 158
191 152
194 146
198 140
204 135
210 132
216 130
222 129
228 129
234 131
240 135
246 140
250 146
252 152
253 158
253 164
252 170
251 176
248 182
242 187
236 187
230 192
227 198
227 204
227 210
227 216
228 222
230 228
231 234
234 240
237 246
240 252
245 258
251 263
257 266
263 268
269 269
275 268
281 265
287 261
291 255
294 249
295 243
294 237
292 231
286 226
280 222
277 216
277 210
278 204
281 198
285 192
290 186
296 181
302 178
308 177
314 177
320 179
326 182
332 188
336 194
338 200
339 206
338 212
337 218
338 224
340 230
344 236
350 241
356 244
362 245
368 245
374 244
380 241
386 236
391 230
395 224
398 218
399 212
400 206
400 200
399 194
396 188
390 183
384 181
378 178
373 172
371 166
371 160
371 154
373 148
375 142
380 136
386 131
392 128
398 126
404 125
410 125
416 126
422 127
428 130
434 134
440 139
446 145
451 151
455 157
459 163
462 169
466 175
469 181
472 187
474 193
477 199
479 205
481 211
483 217
484 223
485 229
485 235
482 241
476 242
470 238
464 239
459 245
458 251
457 257
457 263
458 269
460 275
463 281
467 287
473 293
479 298
485 300
491 302
497 303
503 304
509 303
515 301
521 299
527 295
533 290
538 284
541 278
543 272
545 266
545 260
545 254
545 248
544 242
543 236
542 230
540 224
538 218
536 212
533 206
527 203
524 209
518 207
516 201
514 195
513 189
512 183
512 177
512 171
512 165
512 159
513 153
514 147
515 141
517 135
521 129
525 123
531 118
537 114
543 112
549 110
555 110
561 110
567 111
573 114
579 117
585 122
589 128
592 134
594 140
595 146
594 152
592 158
586 163
580 161
574 159
568 161
564 167
562 173
562 179
562 185
564 191
565 197
568 203
570 209
574 215
577 221
581 227
586 233
591 239
597 244
603 248
609 251
615 253
621 254
627 254
633 253
639 251
645 248
651 244
657 238
662 232
666 226
669 220
671 214
673 208
674 202
674 196
673 190
670 184
667 178
666 172
667 166
670 160
673 154
679 148
685 144
691 141
697 140
703 140
709 140
715 142
721 145
727 149
733 154
738 160
743 166
747 172
750 178
753 184
755 190
756 196
756 202
755 208
749 213
743 212
737 213
731 218
729 224
727 230
727 236
728 242
729 248
731 254
735 260
741 266
747 270
753 272
759 273
765 273
771 272
777 269
783 265
789 259
794 253
798 247
801 241
804 235
806 229
809 223
811 217
812 211
814 205
815 199
816 193
817 187
817 181
817 175
816 169
814 163
808 158
802 162
798 168
792 168
787 162
785 156
783 150
782 144
782 138
782 132
784 126
786 120
790 114
795 108
801 104
807 101
813 99
819 98
825 97
831 97
837 99
843 100
849 103
855 108
861 114
865 120
867 126
869 132
869 138
869 144
868 150
867 156
865 162
864 168
862 174
859 180
857 186
851 187
849 181
843 185
842 191
841 197
840 203
839 209
839 215
839 221
838 227
838 233
838 239
838 245
839 251
839 257
840 263
842 269
844 275
848 281
852 287
858 292
864 295
870 298
876 299
882 299
888 298
894 296
900 293
906 289
911 283
914 277
916 271
917 265
917 259
917 253
915 247
913 241
910 235
904 230
898 231
892 237
886 238
881 232
880 226
879 220
880 214
881 208
883 202
885 196
888 190
892 184
895 178
900 172
905 166
911 160
917 155
923 152
929 149
935 148
941 149
947 151
953 155
958 161
962 167
964 173
965 179
965 185
963 191
957 195
951 197
946 203
946 209
946 215
948 221
951 227
954 233
958 239
964 245
970 251
976 255
982 258
988 259
994 260
1000 259
1006 257
1012 253
1017 247
1021 241
1023 235
1025 229
1026 223
1026 217
1026 211
1026 205
1025 199
1023 193
1017 187
1011 182
1009 176
1009 170
1009 164
1010 158
1012 152
1014 146
1018 140
1023 134
1029 129
1035 126
1041 124
1047 124
1053 124
1059 125
1065 127
1071 131
1077 137
1081 143
1083 149
1084 155
1083 161
1081 167
1075 173
1069 174
1063 179
1060 185
1059 191
1059 197
1059 203
1060 209
1061 215
1063 221
1065 227
1068 233
1073 239
1079 245
1085 249
1091 250
1097 250
1103 249
1109 244
1112 238
1113 232
1113 226
1114 220
1117 214
1123 209
1129 206
1135 205
1141 206
1147 209
1153 213
1158 219
1164 225
1170 229
1176 231
1182 231
1188 229
1194 225
