0 195
6 192
12 190
18 189
24 190
30 192
36 196
42 200
48 204
54 207
60 208
66 208
72 206
78 203
84 198
90 192
96 187
102 184
108 182
114 182
120 184
126 187
132 193
136 199
141 205
147 211
153 215
159 217
165 217
171 217
177 214
183 211
189 205
194 199
200 193
206 188
212 185
218 184
224 184
230 186
236 190
241 196
247 202
253 208
259 212
265 214
271 214
277 213
283 211
289 206
295 201
301 197
307 194
313 193
319 193
325 196
331 199
337 203
343 207
349 209
355 209
361 208
367 206
373 202
379 197
385 192
391 188
397 186
403 186
409 186
415 187
421 189
427 190
433 191
439 192
445 193
451 194
457 196
463 199
469 203
475 209
481 215
487 220
493 223
499 224
505 224
511 223
517 220
523 214
527 208
530 202
533 196
536 190
540 184
546 180
552 178
558 177
564 179
570 182
576 187
582 193
588 199
594 203
600 206
606 208
612 209
618 209
624 208
630 208
636 207
642 206
648 205
654 204
660 203
666 201
672 199
678 196
684 193
690 191
696 189
702 188
708 188
714 190
720 192
726 196
732 201
738 207
744 211
750 214
756 216
762 217
768 216
774 214
780 211
786 206
790 200
794 194
798 188
803 182
809 177
815 174
821 173
827 173
833 175
839 178
845 184
848 190
851 196
854 202
857 208
861 214
867 220
873 223
879 225
885 225
891 224
897 221
903 216
908 210
912 204
916 198
922 192
928 188
934 186
940 187
946 188
952 191
958 196
964 201
970 205
976 208
982 210
988 211
994 211
1000 210
1006 208
1012 205
1018 201
1024 196
1030 191
1036 188
1042 186
1048 185
1054 185
1060 187
1066 191
1072 195
1078 200
1084 205
1090 207
1096 209
1102 209
1108 208
1114 206
1120 203
1126 201
1132 199
1138 198
1144 199
1150 200
1156 202
1162 204
1168 205
1174 206
1180 205
1186 203
1192 200
