0 203
6 202
12 201
18 200
24 200
30 200
36 200
42 201
48 201
54 202
60 203
66 204
72 206
78 207
84 208
90 210
96 211
102 213
108 215
114 217
120 219
126 221
132 223
138 226
144 228
150 230
156 232
162 233
168 235
174 235
180 236
186 235
192 234
198 233
204 230
210 227
216 223
222 218
228 212
234 206
240 200
246 196
252 192
258 189
264 187
270 185
276 184
282 184
288 185
294 186
300 188
306 190
312 194
318 197
324 202
330 206
336 210
342 213
348 216
354 218
360 219
366 219
372 219
378 219
384 218
390 216
396 215
402 213
408 212
414 210
420 210
426 210
432 210
438 211
444 213
450 215
456 217
462 220
468 223
474 226
480 228
486 230
492 231
498 231
504 231
510 230
516 228
522 226
528 223
534 219
540 215
546 210
552 206
558 203
564 200
570 197
576 196
582 195
588 195
594 195
600 195
606 197
612 198
618 200
624 202
630 204
636 206
642 208
648 210
654 211
660 212
666 213
672 214
678 214
684 215
690 215
696 216
702 216
708 217
714 218
720 220
726 221
732 223
738 225
744 227
750 229
756 230
762 232
768 232
774 232
780 232
786 231
792 229
798 226
804 223
810 219
816 214
822 209
828 204
834 200
840 196
846 193
852 191
858 190
864 189
870 188
876 188
882 189
888 190
894 191
900 192
906 194
912 196
918 197
924 199
930 200
936 202
942 203
948 204
954 205
960 206
966 208
972 209
978 211
984 213
990 215
996 218
1002 220
1008 222
1014 224
1020 226
1026 227
1032 228
1038 229
1044 229
1050 229
1056 228
1062 227
1068 226
1074 225
1080 223
1086 222
1092 220
1098 219
1104 218
1110 217
1116 216
1122 215
1128 215
1134 214
1140 213
1146 213
1152 212
1158 211
1164 210
1170 209
1176 208
1182 206
1188 205
