0 214
6 213
12 213
18 213
24 213
30 213
36 213
42 213
48 214
54 214
60 214
66 214
72 214
78 215
84 215
90 215
96 215
102 215
108 215
114 216
120 216
126 216
132 216
138 217
144 217
150 217
156 217
162 218
168 218
174 218
180 218
186 218
192 218
198 218
204 217
210 217
216 216
222 216
228 215
234 214
240 214
246 213
252 212
258 212
264 211
270 211
276 211
282 211
288 211
294 211
300 211
306 212
312 212
318 213
324 213
330 214
336 214
342 215
348 215
354 215
360 216
366 216
372 216
378 216
384 215
390 215
396 215
402 215
408 215
414 215
420 214
426 214
432 215
438 215
444 215
450 215
456 216
462 216
468 216
474 217
480 217
486 217
492 218
498 218
504 218
510 217
516 217
522 217
528 216
534 216
540 215
546 215
552 214
558 214
564 213
570 213
576 213
582 213
588 213
594 213
600 213
606 213
612 213
618 213
624 214
630 214
636 214
642 215
648 215
654 215
660 215
666 215
672 215
678 215
684 215
690 215
696 215
702 215
708 216
714 216
720 216
726 216
732 216
738 217
744 217
750 217
756 217
762 217
768 218
774 218
780 217
786 217
792 217
798 217
804 216
810 215
816 215
822 214
828 214
834 213
840 212
846 212
852 212
858 211
864 211
870 211
876 211
882 211
888 211
894 212
900 212
906 212
912 212
918 213
924 213
930 213
936 213
942 213
948 213
954 213
960 214
966 214
972 214
978 214
984 215
990 215
996 215
1002 216
1008 216
1014 217
1020 217
1026 217
1032 217
1038 218
1044 218
1050 218
1056 217
1062 217
1068 217
1074 217
1080 216
1086 216
1092 216
1098 216
1104 216
1110 216
1116 216
1122 216
1128 215
1134 215
1140 215
1146 215
1152 215
1158 215
1164 215
1170 215
1176 215
1182 214
1188 214
