0 202
6 201
12 201
18 201
24 201
30 201
36 201
42 201
48 202
54 202
60 203
66 203
72 204
78 205
84 205
90 206
96 207
102 208
108 208
114 209
120 210
126 211
132 212
138 213
144 214
150 215
156 216
162 217
168 218
174 218
180 218
186 218
192 218
198 217
204 215
210 214
216 212
222 209
228 207
234 204
240 202
246 199
252 197
258 195
264 194
270 193
276 192
282 192
288 193
294 193
300 194
306 196
312 197
318 199
324 201
330 203
336 205
342 207
348 208
354 209
360 210
366 210
372 210
378 210
384 209
390 209
396 208
402 207
408 206
414 206
420 206
426 206
432 206
438 206
444 207
450 208
456 209
462 211
468 212
474 214
480 215
486 216
492 216
498 216
504 216
510 216
516 215
522 213
528 212
534 210
540 208
546 206
552 204
558 202
564 201
570 200
576 199
582 198
588 198
594 198
600 199
606 199
612 200
618 201
624 202
630 203
636 204
642 205
648 206
654 207
660 207
666 208
672 208
678 208
684 208
690 208
696 208
702 209
708 209
714 210
720 210
726 211
732 212
738 213
744 214
750 215
756 216
762 216
768 217
774 217
780 216
786 216
792 215
798 213
804 211
810 210
816 207
822 205
828 203
834 201
840 199
846 197
852 196
858 195
864 195
870 194
876 194
882 195
888 195
894 196
900 197
906 198
912 198
918 199
924 200
930 201
936 201
942 202
948 202
954 203
960 203
966 204
972 205
978 206
984 207
990 208
996 209
1002 210
1008 212
1014 213
1020 214
1026 214
1032 215
1038 215
1044 216
1050 215
1056 215
1062 215
1068 214
1074 213
1080 212
1086 212
1092 211
1098 210
1104 210
1110 209
1116 209
1122 208
1128 208
1134 208
1140 208
1146 207
1152 207
1158 207
1164 206
1170 206
1176 205
1182 204
1188 203
