0 181
6 179
12 177
18 176
24 175
30 175
36 175
42 176
48 177
54 179
60 180
66 183
72 185
78 188
84 192
90 196
96 200
102 205
108 210
114 216
119 222
124 228
129 234
134 240
139 246
145 251
151 255
157 258
163 261
169 262
175 263
181 263
187 263
193 262
199 260
205 257
211 254
217 248
222 242
225 236
227 230
228 224
229 218
228 212
228 206
227 200
227 194
227 188
228 182
230 176
233 170
236 164
242 158
248 153
254 149
260 147
266 145
272 144
278 143
284 144
290 145
296 146
302 149
308 153
314 158
318 164
322 170
324 176
326 182
327 188
328 194
330 200
332 206
336 212
341 218
347 222
353 225
359 226
365 227
371 226
377 225
383 222
389 218
395 214
401 210
407 206
413 203
419 202
425 201
431 201
437 202
443 205
449 209
455 215
459 221
462 227
466 233
471 239
477 245
483 249
489 252
495 253
501 254
507 253
513 252
519 249
525 246
531 240
535 234
538 228
540 222
541 216
542 210
543 204
544 198
546 192
549 186
553 180
559 174
565 169
571 166
577 165
583 163
589 163
595 164
601 165
607 167
613 170
619 173
625 178
631 183
637 189
643 195
649 200
655 203
661 206
667 209
673 210
679 212
685 213
691 215
697 216
703 218
709 221
715 224
721 228
727 233
733 238
739 243
745 247
751 251
757 253
763 255
769 256
775 257
781 256
787 255
793 253
799 250
805 245
810 239
814 233
816 227
818 221
819 215
819 209
819 203
819 197
820 191
822 185
824 179
828 173
833 167
839 162
845 158
851 155
857 153
863 152
869 152
875 152
881 153
887 154
893 156
899 158
905 161
911 164
917 168
923 171
929 175
935 179
941 183
947 186
953 190
959 193
965 197
971 202
977 207
983 212
988 218
993 224
999 230
1005 236
1011 240
1017 244
1023 246
1029 248
1035 249
1041 249
1047 249
1053 248
1059 246
1065 244
1071 241
1077 238
1083 234
1089 230
1095 226
1101 222
1107 219
1113 217
1119 214
1125 213
1131 211
1137 209
1143 208
1149 206
1155 204
1161 201
1167 198
1173 195
1179 192
1185 188
1191 185
