0 100
6 98
12 97
18 97
24 97
30 97
36 98
42 99
48 100
54 103
60 105
66 108
72 112
78 116
84 121
90 127
96 133
101 139
105 145
109 151
113 157
117 163
121 169
124 175
127 181
131 187
134 193
137 199
140 205
143 211
146 217
149 223
151 229
153 235
155 241
156 247
157 253
157 259
156 265
154 271
149 277
143 280
137 279
131 275
125 269
119 264
113 262
107 263
101 268
97 274
94 280
93 286
92 292
92 298
93 304
94 310
96 316
98 322
101 328
106 334
111 340
117 345
123 349
129 352
135 355
141 357
147 359
153 360
159 361
165 361
171 362
177 362
183 361
189 361
195 360
201 359
207 358
213 356
219 354
225 352
231 349
237 345
243 340
249 334
254 328
257 322
260 316
262 310
264 304
265 298
266 292
266 286
266 280
265 274
264 268
263 262
262 256
261 250
259 244
257 238
255 232
253 226
251 220
248 214
246 208
243 202
241 196
238 190
236 184
232 178
226 179
224 185
222 191
222 197
221 203
221 209
221 215
220 221
220 227
219 233
215 239
209 239
204 233
201 227
198 221
196 215
194 209
192 203
190 197
189 191
188 185
187 179
186 173
186 167
185 161
185 155
185 149
186 143
186 137
187 131
188 125
189 119
191 113
193 107
196 101
199 95
203 89
207 83
213 77
219 72
225 67
231 64
237 61
243 58
249 56
255 55
261 54
267 53
273 52
279 52
285 52
291 53
297 54
303 55
309 57
315 59
321 62
327 65
333 70
339 75
344 81
348 87
352 93
354 99
356 105
357 111
358 117
357 123
357 129
355 135
352 141
349 147
344 153
338 157
332 159
326 160
320 158
314 153
309 147
303 141
297 135
291 130
285 126
279 126
273 127
267 130
261 135
258 141
256 147
256 153
257 159
259 165
261 171
264 177
267 183
271 189
275 195
279 201
283 207
287 213
292 219
297 225
302 231
308 237
314 243
320 247
326 251
332 254
338 256
344 258
350 258
356 258
362 257
368 254
374 249
378 243
380 237
380 231
380 225
380 219
383 213
389 207
395 203
401 201
407 199
413 198
419 198
425 198
431 199
437 200
443 202
449 204
455 206
461 210
467 213
473 217
479 222
485 227
491 232
497 238
502 244
506 250
510 256
512 262
513 268
513 274
510 280
504 285
498 286
492 287
486 286
480 284
474 283
468 283
462 284
456 288
453 294
451 300
451 306
452 312
454 318
457 324
462 330
468 335
474 339
480 342
486 344
492 346
498 347
504 347
510 347
516 347
522 346
528 344
534 342
540 340
546 337
552 333
558 328
564 322
569 316
573 310
576 304
579 298
581 292
583 286
584 280
585 274
586 268
586 262
586 256
585 250
584 244
583 238
581 232
579 226
575 220
571 214
565 210
559 211
554 217
551 223
548 229
542 234
536 233
531 227
527 221
523 215
519 209
516 203
513 197
511 191
509 185
507 179
506 173
505 167
505 161
505 155
505 149
506 143
508 137
510 131
512 125
515 119
519 113
524 107
529 101
535 96
541 91
547 87
553 84
559 82
565 80
571 79
577 78
583 77
589 77
595 78
601 78
607 80
613 81
619 84
625 87
631 90
637 95
643 100
648 106
653 112
657 118
659 124
662 130
663 136
664 142
665 148
663 154
660 160
654 163
648 164
642 165
637 171
637 177
638 183
641 189
645 195
649 201
655 207
661 213
667 218
673 223
679 227
685 232
691 236
697 240
703 244
709 248
715 253
721 258
727 263
732 269
735 275
737 281
737 287
731 293
725 296
719 300
715 306
714 312
715 318
717 324
720 330
726 336
732 341
738 345
744 348
750 350
756 352
762 353
768 354
774 354
780 354
786 353
792 352
798 351
804 349
810 347
816 344
822 341
828 337
834 332
840 326
845 320
849 314
853 308
856 302
858 296
861 290
863 284
864 278
866 272
867 266
868 260
869 254
870 248
870 242
870 236
870 230
869 224
868 218
867 212
864 206
861 200
857 194
851 189
845 185
839 185
833 189
830 195
827 201
825 207
823 213
822 219
819 225
813 229
807 229
801 227
795 222
789 216
785 210
781 204
779 198
776 192
775 186
773 180
773 174
772 168
772 162
772 156
772 150
773 144
774 138
776 132
778 126
780 120
783 114
786 108
789 102
793 96
798 90
804 84
810 79
816 75
822 71
828 68
834 66
840 63
846 62
852 60
858 59
864 58
870 58
876 58
882 58
888 58
894 59
900 60
906 62
912 63
918 66
924 68
930 72
936 76
942 80
948 86
953 92
958 98
961 104
965 110
967 116
969 122
971 128
973 134
974 140
976 146
977 152
978 158
979 164
980 170
981 176
982 182
982 188
983 194
983 200
982 206
981 212
979 218
976 224
970 226
964 223
958 220
952 218
946 222
943 228
941 234
941 240
940 246
940 252
941 258
942 264
943 270
945 276
947 282
949 288
951 294
954 300
958 306
962 312
966 318
972 324
978 330
984 334
990 338
996 341
1002 344
1008 346
1014 348
1020 349
1026 350
1032 351
1038 351
1044 351
1050 351
1056 350
1062 350
1068 348
1074 347
1080 345
1086 342
1092 339
1098 335
1104 329
1109 323
1113 317
1116 311
1118 305
1118 299
1117 293
1115 287
1109 281
1105 275
1103 269
1104 263
1106 257
1109 251
1113 245
1117 239
1122 233
1127 227
1132 221
1137 215
1141 209
1145 203
1147 197
1148 191
1148 185
1148 179
1147 173
1146 167
1146 161
1146 155
1148 149
1150 143
1153 137
1157 131
1161 125
1167 119
1173 113
1179 109
1185 106
1191 103
