0 212
6 212
12 212
18 212
24 212
30 212
36 212
42 212
48 212
54 212
60 212
66 212
72 212
78 212
84 212
90 212
96 212
102 213
108 213
114 213
120 213
126 213
132 213
138 213
144 213
150 213
156 213
162 213
168 213
174 213
180 213
186 213
192 213
198 213
204 213
210 213
216 213
222 213
228 212
234 212
240 212
246 212
252 212
258 212
264 212
270 211
276 211
282 211
288 211
294 211
300 211
306 212
312 212
318 212
324 212
330 212
336 212
342 212
348 212
354 212
360 212
366 213
372 213
378 212
384 212
390 212
396 212
402 212
408 212
414 212
420 212
426 212
432 212
438 212
444 212
450 212
456 213
462 213
468 213
474 213
480 213
486 213
492 213
498 213
504 213
510 213
516 213
522 213
528 213
534 213
540 212
546 212
552 212
558 212
564 212
570 212
576 212
582 212
588 212
594 212
600 212
606 212
612 212
618 212
624 212
630 212
636 212
642 212
648 212
654 212
660 212
666 212
672 212
678 212
684 212
690 212
696 212
702 212
708 212
714 213
720 213
726 213
732 213
738 213
744 213
750 213
756 213
762 213
768 213
774 213
780 213
786 213
792 213
798 213
804 213
810 212
816 212
822 212
828 212
834 212
840 212
846 211
852 211
858 211
864 211
870 211
876 211
882 211
888 211
894 212
900 212
906 212
912 212
918 212
924 212
930 212
936 212
942 212
948 212
954 212
960 212
966 212
972 212
978 212
984 212
990 212
996 212
1002 212
1008 213
1014 213
1020 213
1026 213
1032 213
1038 213
1044 213
1050 213
1056 213
1062 213
1068 213
1074 213
1080 213
1086 213
1092 213
1098 213
1104 213
1110 213
1116 213
1122 213
1128 213
1134 213
1140 213
1146 213
1152 213
1158 213
1164 212
1170 212
1176 212
1182 212
1188 212
