0 199
6 199
12 199
18 199
24 199
30 199
36 199
42 199
48 199
54 199
60 199
66 200
72 200
78 200
84 200
90 200
96 200
102 200
108 200
114 200
120 200
126 200
132 200
138 201
144 201
150 201
156 201
162 201
168 201
174 201
180 201
186 201
192 201
198 201
204 201
210 201
216 200
222 200
228 200
234 199
240 199
246 199
252 198
258 198
264 198
270 198
276 198
282 198
288 198
294 198
300 198
306 198
312 198
318 199
324 199
330 199
336 199
342 200
348 200
354 200
360 200
366 200
372 200
378 200
384 200
390 200
396 200
402 200
408 200
414 200
420 199
426 199
432 200
438 200
444 200
450 200
456 200
462 200
468 201
474 201
480 201
486 201
492 201
498 201
504 201
510 201
516 201
522 201
528 200
534 200
540 200
546 200
552 199
558 199
564 199
570 199
576 199
582 199
588 199
594 199
600 199
606 199
612 199
618 199
624 199
630 199
636 200
642 200
648 200
654 200
660 200
666 200
672 200
678 200
684 200
690 200
696 200
702 200
708 200
714 200
720 200
726 200
732 200
738 200
744 201
750 201
756 201
762 201
768 201
774 201
780 201
786 201
792 201
798 200
804 200
810 200
816 200
822 199
828 199
834 199
840 198
846 198
852 198
858 198
864 198
870 198
876 198
882 198
888 198
894 198
900 198
906 198
912 198
918 199
924 199
930 199
936 199
942 199
948 199
954 199
960 199
966 199
972 199
978 199
984 199
990 200
996 200
1002 200
1008 200
1014 201
1020 201
1026 201
1032 201
1038 201
1044 201
1050 201
1056 201
1062 201
1068 201
1074 201
1080 201
1086 200
1092 200
1098 200
1104 200
1110 200
1116 200
1122 200
1128 200
1134 200
1140 200
1146 200
1152 200
1158 200
1164 200
1170 200
1176 200
1182 199
1188 199
