0 129
6 126
12 125
18 123
24 123
30 122
36 123
42 123
48 125
54 126
60 128
66 131
72 134
78 138
84 142
90 148
96 154
102 160
106 166
110 172
114 178
117 184
120 190
123 196
125 202
127 208
129 214
130 220
130 226
129 232
127 238
124 244
120 250
116 256
115 262
114 268
114 274
115 280
117 286
120 292
124 298
129 304
135 310
141 314
147 317
153 320
159 322
165 323
171 324
177 325
183 325
189 324
195 323
201 322
207 320
213 317
219 314
225 309
231 304
237 298
241 292
245 286
247 280
250 274
251 268
253 262
254 256
254 250
255 244
254 238
254 232
253 226
252 220
250 214
248 208
244 202
238 198
232 199
226 202
220 205
214 204
208 199
204 193
201 187
200 181
198 175
198 169
197 163
197 157
198 151
199 145
200 139
202 133
204 127
207 121
210 115
215 109
220 103
226 97
232 93
238 89
244 86
250 84
256 82
262 81
268 80
274 79
280 79
286 79
292 80
298 82
304 83
310 86
316 89
322 93
328 98
334 104
338 110
341 116
343 122
344 128
344 134
343 140
341 146
337 152
331 156
325 158
319 158
313 158
307 159
301 162
297 168
296 174
296 180
297 186
298 192
300 198
303 204
306 210
310 216
314 222
319 228
325 233
331 237
337 241
343 243
349 244
355 244
361 243
367 241
373 237
379 232
383 226
387 220
390 214
394 208
399 202
405 197
411 193
417 191
423 190
429 189
435 189
441 191
447 193
453 196
459 200
465 206
470 212
473 218
476 224
477 230
478 236
477 242
474 248
470 254
466 260
463 266
461 272
461 278
463 284
466 290
470 296
476 301
482 305
488 307
494 309
500 310
506 310
512 310
518 308
524 307
530 304
536 301
542 296
548 291
553 285
557 279
560 273
562 267
564 261
565 255
566 249
566 243
565 237
564 231
562 225
558 219
552 214
546 212
540 210
534 207
529 201
526 195
523 189
522 183
521 177
521 171
521 165
522 159
523 153
525 147
528 141
531 135
536 129
542 123
548 118
554 114
560 111
566 109
572 107
578 106
584 105
590 105
596 106
602 107
608 108
614 110
620 113
626 117
632 122
638 128
642 134
645 140
647 146
649 152
649 158
649 164
648 170
649 176
650 182
653 188
657 194
662 200
668 206
674 210
680 215
686 219
692 223
698 227
704 231
710 237
716 243
720 249
722 255
724 261
725 267
726 273
727 279
729 285
732 291
736 297
742 303
748 307
754 310
760 312
766 314
772 315
778 315
784 315
790 314
796 313
802 311
808 308
814 305
820 300
826 295
831 289
836 283
839 277
842 271
845 265
847 259
848 253
849 247
849 241
849 235
849 229
848 223
846 217
843 211
837 206
831 204
825 204
819 205
813 205
807 204
801 198
797 192
794 186
792 180
791 174
790 168
790 162
791 156
792 150
793 144
795 138
798 132
801 126
805 120
810 114
816 109
822 104
828 100
834 97
840 94
846 92
852 90
858 89
864 88
870 88
876 88
882 89
888 90
894 91
900 93
906 95
912 98
918 101
924 105
930 110
936 116
941 122
946 128
950 134
953 140
957 146
960 152
963 158
966 164
969 170
972 176
974 182
976 188
977 194
978 200
978 206
977 212
975 218
972 224
970 230
968 236
967 242
968 248
969 254
970 260
972 266
975 272
979 278
983 284
989 290
995 295
1001 299
1007 302
1013 305
1019 307
1025 308
1031 309
1037 309
1043 309
1049 308
1055 307
1061 305
1067 303
1073 299
1079 295
1085 289
1089 283
1093 277
1095 271
1097 265
1099 259
1100 253
1102 247
1104 241
1108 235
1112 229
1117 223
1123 217
1129 212
1135 207
1141 201
1147 195
1152 189
1155 183
1159 177
1162 171
1164 165
1167 159
1171 153
1176 147
1181 141
1187 136
1193 132
