0 200
6 199
12 199
18 199
24 199
30 199
36 199
42 199
48 199
54 200
60 200
66 201
72 201
78 202
84 203
90 203
96 204
102 204
108 205
114 206
120 207
126 207
132 208
138 209
144 210
150 211
156 212
162 213
168 213
174 213
180 214
186 213
192 213
198 212
204 211
210 210
216 208
222 206
228 204
234 202
240 199
246 197
252 196
258 194
264 193
270 192
276 191
282 191
288 191
294 192
300 193
306 194
312 196
318 197
324 199
330 201
336 202
342 204
348 205
354 206
360 206
366 206
372 206
378 206
384 206
390 205
396 205
402 204
408 203
414 203
420 203
426 203
432 203
438 203
444 204
450 205
456 206
462 207
468 208
474 209
480 210
486 211
492 212
498 212
504 212
510 211
516 210
522 209
528 208
534 206
540 205
546 203
552 201
558 200
564 199
570 198
576 197
582 196
588 196
594 196
600 197
606 197
612 198
618 199
624 200
630 201
636 202
642 202
648 203
654 204
660 204
666 204
672 205
678 205
684 205
690 205
696 205
702 205
708 206
714 206
720 207
726 207
732 208
738 209
744 210
750 211
756 211
762 212
768 212
774 212
780 212
786 211
792 210
798 209
804 208
810 206
816 204
822 202
828 200
834 198
840 197
846 195
852 194
858 194
864 193
870 193
876 193
882 193
888 194
894 194
900 195
906 196
912 196
918 197
924 198
930 198
936 199
942 199
948 200
954 200
960 201
966 201
972 202
978 203
984 204
990 205
996 206
1002 207
1008 208
1014 209
1020 210
1026 210
1032 211
1038 211
1044 211
1050 211
1056 211
1062 210
1068 210
1074 209
1080 208
1086 208
1092 207
1098 207
1104 206
1110 206
1116 205
1122 205
1128 205
1134 205
1140 205
1146 204
1152 204
1158 204
1164 203
1170 203
1176 202
1182 201
1188 201
