80 86
130 132
114 115
90 106
107 121
101 128
96 98
95 102
120 129
101 102
111 123
114 131
98 100
125 126
126 127
127 132
102 109
126 134
90 107
80 92
86 97
83 85
85 95
85 119
129 132
126 131
128 132
125 129
122 128
93 118
129 130
85 93
80 94
124 125
81 84
124 127
114 124
91 92
79 80
113 123
117 134
126 132
121 134
90 101
119 121
125 127
118 123
116 126
121 130
93 95
122 123
119 132
133 134
119 120
113 114
125 132
123 125
120 126
116 128
89 90
91 93
85 124
87 89
120 121
115 126
98 101
90 92
114 119
96 134
117 120
90 93
131 134
88 90
87 90
86 87
122 132
120 132
126 133
125 130
111 112
80 134
99 100
126 130
81 85
119 123
95 98
93 131
96 101
113 116
86 92
87 88
101 103
111 124
131 133
103 105
80 96
120 124
80 91
89 97
121 122
116 127
80 84
86 96
129 134
96 100
121 127
119 131
102 107
119 130
85 131
97 98
103 104
80 95
123 129
86 113
98 99
101 133
93 99
124 131
90 98
126 128
104 107
127 133
127 134
93 97
121 131
123 131
97 99
127 131
101 104
120 128
123 134
90 97
132 133
112 124
69 70
85 86
114 122
124 128
118 134
116 117
115 118
81 86
92 93
90 96
117 131
130 134
113 121
118 131
71 72
77 79
86 93
132 134
80 81
105 107
90 102
122 131
91 94
128 130
101 110
82 86
113 125
119 134
102 103
93 101
92 114
96 97
123 124
123 126
87 91
91 95
111 127
128 131
122 130
112 114
126 129
128 129
117 118
105 106
94 97
73 74
95 96
95 99
121 126
129 131
88 89
87 119
128 133
127 128
124 133
87 96
95 100
127 129
85 96
127 130
87 120
90 103
90 134
96 99
130 133
89 131
99 101
130 131
125 131
113 124
87 92
112 113
96 102
120 131
94 95
100 102
81 87
90 105
119 126
89 91
107 109
114 125
86 95
84 85
89 102
92 96
89 95
129 133
81 82
80 93
122 126
131 132
87 126
