114 115
95 97
101 102
134 137
125 126
99 104
94 102
97 105
126 135
135 136
129 130
141 142
109 117
124 125
97 104
102 108
101 105
109 123
99 108
124 135
112 117
130 138
125 127
122 123
133 134
119 120
113 114
103 106
125 132
107 108
89 90
91 93
136 137
139 141
87 89
102 104
97 106
94 96
109 110
135 137
118 129
131 134
125 135
86 87
109 138
140 141
99 100
139 142
113 116
133 135
113 115
87 88
101 103
110 111
127 138
100 108
109 120
104 105
132 137
129 135
116 118
129 134
100 107
136 138
102 107
97 98
103 104
99 107
124 134
98 99
131 137
109 111
90 91
133 138
131 142
97 99
94 99
101 104
120 128
109 112
134 136
99 106
132 133
123 133
105 108
134 138
93 94
92 93
130 134
125 134
94 104
105 107
128 130
95 104
109 114
109 131
128 137
139 140
97 107
124 138
125 138
135 141
134 135
136 139
96 97
123 124
94 103
72 73
128 131
137 138
125 137
132 136
112 114
128 129
109 129
93 108
105 106
94 97
95 96
131 138
138 142
129 131
135 138
88 89
135 139
127 128
125 136
127 129
109 130
138 139
137 139
130 131
138 141
97 108
112 113
125 133
94 95
129 138
108 109
130 142
94 105
132 135
128 136
128 138
114 117
106 108
138 140
96 105
140 142
132 138
131 132
