80 86
130 132
114 115
95 97
112 120
96 98
101 102
80 85
92 94
98 100
125 126
126 127
127 132
83 84
90 114
126 134
90 107
117 124
104 106
114 118
83 85
85 95
85 119
129 132
126 131
128 132
89 94
85 94
129 130
85 93
124 125
81 84
91 92
79 80
113 123
89 99
113 126
90 100
118 120
87 95
90 101
119 121
118 119
125 127
85 126
116 126
93 95
122 123
133 134
119 120
113 114
81 83
92 97
92 103
93 103
123 125
120 126
86 91
89 90
91 93
115 116
85 124
82 83
87 89
120 121
115 121
115 126
90 126
90 92
90 93
131 134
87 90
86 87
117 126
99 100
126 130
114 123
81 85
96 101
97 101
87 88
101 103
104 105
131 133
120 124
89 97
121 122
128 134
101 126
129 134
121 127
97 98
103 104
99 107
98 99
93 99
90 98
90 91
126 128
127 134
121 124
118 126
94 99
127 131
101 104
90 97
100 101
132 133
80 83
69 70
85 86
116 117
93 94
92 93
90 96
94 98
130 134
113 121
132 134
71 72
77 79
86 93
80 81
85 87
91 94
128 130
95 104
92 109
80 87
111 119
113 125
116 125
119 125
124 126
102 103
93 101
96 97
95 106
123 124
123 126
94 103
128 131
92 125
128 129
117 118
105 106
94 97
97 103
73 74
95 96
90 109
95 99
121 126
129 131
88 89
87 119
127 128
87 96
127 129
127 130
96 99
90 99
130 133
87 94
111 113
130 131
112 113
85 113
119 126
93 126
87 99
93 98
106 108
89 119
84 85
129 133
89 96
81 82
122 126
101 109
131 132
87 126
