126 141
130 132
101 108
95 97
137 142
132 140
96 98
130 137
101 102
97 117
105 110
134 137
98 100
125 126
126 127
94 106
125 141
96 104
117 123
97 105
135 136
129 130
100 106
141 142
124 125
103 109
105 112
101 105
94 107
126 132
118 119
125 127
111 115
122 123
116 133
133 134
113 114
123 125
89 90
91 93
136 137
139 141
87 89
102 104
101 112
97 106
98 101
94 96
109 110
135 137
125 135
127 142
86 87
140 141
111 112
99 100
125 142
139 142
97 101
100 103
133 135
87 88
101 103
110 111
100 108
104 105
131 133
132 137
126 138
94 124
129 135
116 118
129 142
106 129
128 142
100 107
136 138
102 107
97 98
103 104
99 107
99 127
98 99
129 136
90 91
104 107
127 133
127 134
131 135
137 140
132 142
131 142
99 105
123 131
94 99
97 99
123 142
101 104
133 140
100 101
134 136
99 106
108 110
114 116
132 133
133 139
99 110
116 117
93 94
92 93
100 110
94 104
104 129
105 107
99 129
124 129
136 142
109 114
116 119
139 140
97 107
94 108
116 129
124 126
125 138
104 110
102 103
134 135
136 139
105 117
93 105
96 97
123 124
123 126
125 140
72 73
134 141
132 139
137 138
128 129
137 141
126 142
103 142
93 108
105 106
94 97
125 139
95 96
112 115
110 113
106 107
138 142
101 106
99 111
88 89
129 131
135 138
127 128
135 139
93 104
125 128
123 135
96 99
130 133
94 123
130 140
103 111
138 139
99 101
98 108
130 131
137 139
105 113
112 113
127 140
138 141
130 142
94 95
100 102
108 109
133 137
132 135
93 123
131 141
135 140
84 85
138 140
102 123
93 106
96 105
140 142
127 135
133 142
101 109
131 132
