67 70
95 97
71 91
60 63
86 88
96 98
95 102
101 102
92 94
92 100
98 100
93 102
83 84
67 68
94 102
98 102
93 96
68 74
91 100
70 76
65 74
64 65
91 99
68 69
88 99
68 77
70 78
91 92
66 102
79 80
88 101
70 71
88 92
77 78
75 95
74 75
65 91
65 86
78 79
70 72
89 90
87 89
88 91
98 101
94 96
88 100
86 87
66 88
69 81
65 99
99 100
59 65
97 101
87 88
77 80
57 58
91 98
96 100
72 74
97 98
98 99
65 73
86 98
93 99
66 82
90 91
68 73
70 74
75 102
92 99
97 99
94 99
65 66
69 85
100 101
65 92
65 72
69 70
70 79
93 94
71 74
92 93
94 98
66 70
71 72
90 102
71 73
85 87
91 94
86 99
89 98
65 77
70 77
76 78
97 102
63 66
60 61
92 102
93 101
60 65
71 76
71 78
59 60
96 97
87 91
72 73
66 71
62 63
63 64
89 92
51 52
66 72
94 97
73 74
95 96
70 102
94 100
65 71
88 89
94 101
63 65
76 84
96 99
70 91
66 68
87 94
99 101
66 77
96 102
94 95
100 102
70 75
75 76
62 65
97 100
76 77
66 67
67 72
99 102
87 99
89 91
86 94
60 62
86 95
84 85
65 102
92 96
88 98
93 100
68 70
68 75
91 102
72 77
