114 115
95 97
105 111
99 137
101 102
105 110
134 137
100 109
106 113
126 127
125 126
99 125
104 106
126 135
135 136
128 132
94 118
105 138
100 106
141 142
109 116
109 119
102 108
108 111
100 104
94 107
99 108
100 129
99 138
126 132
119 121
130 138
102 111
125 127
122 123
133 134
119 120
89 90
91 93
136 137
115 116
139 141
102 104
94 96
109 110
122 135
135 137
118 129
126 137
86 87
140 141
111 112
99 100
126 136
139 142
127 137
133 135
113 115
87 88
101 103
110 111
129 137
127 138
100 108
99 124
104 105
132 137
103 105
107 110
126 138
127 136
97 142
100 107
136 138
102 107
103 104
98 99
90 91
133 138
132 142
137 140
97 99
94 99
100 101
134 136
108 110
132 133
99 110
133 136
134 138
116 117
93 94
100 117
130 134
125 134
100 110
100 105
103 110
109 114
139 140
124 138
125 138
103 108
104 110
100 112
134 135
136 139
96 97
72 73
137 138
125 137
126 139
128 129
111 129
117 118
105 106
94 97
106 107
97 114
138 142
129 131
135 138
88 89
127 128
125 136
127 129
96 99
138 139
137 139
130 131
138 141
104 123
105 113
112 113
100 102
129 138
108 109
94 105
132 135
128 136
97 100
128 138
111 122
102 110
106 108
100 123
138 140
101 107
104 108
108 113
140 142
132 138
123 138
