0 215
6 215
12 215
18 215
24 214
30 214
36 214
42 214
48 214
54 214
60 215
66 216
72 217
78 218
84 219
90 219
96 219
102 219
108 217
114 215
120 212
126 210
132 210
138 210
144 212
150 214
156 217
162 220
168 221
174 222
180 221
186 218
192 215
198 211
204 208
210 206
216 205
222 205
228 206
234 209
240 212
246 215
252 218
258 220
264 222
270 223
276 223
282 222
288 221
294 219
300 218
306 216
312 215
318 215
324 215
330 215
336 215
342 216
348 216
354 214
360 213
366 211
372 209
378 207
384 206
390 206
396 206
402 206
408 207
414 209
420 211
426 213
432 215
438 217
444 220
450 222
456 224
462 226
468 227
474 228
480 229
486 229
492 228
498 227
504 225
510 222
516 219
522 215
528 212
534 208
540 205
546 202
552 200
558 199
564 199
570 200
576 202
582 205
588 209
594 214
600 218
606 220
612 221
618 222
624 221
630 220
636 220
642 220
648 221
654 222
660 223
666 223
672 223
678 221
684 218
690 214
696 210
702 205
708 203
714 202
720 201
726 202
732 204
738 206
744 209
750 212
756 215
762 218
768 219
774 221
780 222
786 222
792 223
798 223
804 223
810 224
816 224
822 224
828 223
834 222
840 220
846 218
852 215
858 213
864 211
870 210
876 210
882 210
888 210
894 211
900 212
906 212
912 213
918 213
924 213
930 214
936 214
942 214
948 215
954 215
960 216
966 216
972 217
978 217
984 217
990 217
996 217
1002 216
1008 215
1014 213
1020 211
1026 209
1032 206
1038 204
1044 203
1050 203
1056 204
1062 206
1068 211
1074 216
1079 222
1085 226
1091 230
1097 231
1103 231
1109 230
1115 227
1121 222
1127 217
1133 213
1139 210
1145 209
1151 209
1157 210
1163 211
1169 213
1175 214
1181 215
1187 216
1193 216
