0 218
6 218
12 218
18 218
24 217
30 217
36 217
42 217
48 217
54 217
60 217
66 218
72 219
78 220
84 220
90 220
96 220
102 220
108 219
114 218
120 216
126 215
132 214
138 215
144 216
150 217
156 219
162 221
168 222
174 222
180 221
186 220
192 217
198 215
204 214
210 212
216 212
222 212
228 213
234 214
240 216
246 218
252 220
258 221
264 222
270 223
276 223
282 222
288 221
294 220
300 219
306 218
312 218
318 217
324 217
330 218
336 218
342 218
348 218
354 217
360 217
366 215
372 214
378 213
384 212
390 212
396 212
402 212
408 213
414 214
420 215
426 216
432 218
438 219
444 221
450 222
456 223
462 224
468 225
474 226
480 226
486 226
492 226
498 225
504 223
510 222
516 220
522 218
528 216
534 214
540 212
546 210
552 209
558 208
564 208
570 208
576 209
582 212
588 214
594 217
600 219
606 221
612 221
618 222
624 221
630 221
636 220
642 220
648 221
654 221
660 222
666 223
672 222
678 221
684 220
690 217
696 214
702 212
708 210
714 209
720 209
726 210
732 211
738 213
744 214
750 216
756 218
762 219
768 220
774 221
780 222
786 222
792 222
798 222
804 223
810 223
816 223
822 223
828 223
834 222
840 221
846 220
852 218
858 217
864 216
870 215
876 215
882 215
888 215
894 215
900 216
906 216
912 216
918 217
924 217
930 217
936 217
942 217
948 217
954 217
960 218
966 218
972 218
978 219
984 219
990 219
996 219
1002 218
1008 218
1014 217
1020 215
1026 214
1032 213
1038 211
1044 210
1050 210
1056 211
1062 213
1068 215
1074 219
1080 222
1086 225
1092 227
1098 228
1104 228
1110 226
1116 224
1122 221
1128 219
1134 216
1140 215
1146 214
1152 214
1158 215
1164 216
1170 217
1176 218
1182 218
1188 218
