0 214
6 212
12 211
18 209
24 207
30 205
36 204
42 204
48 204
54 206
60 210
66 215
72 221
78 226
84 229
90 230
96 230
102 227
108 221
112 215
114 209
116 203
120 197
126 191
132 190
138 191
144 195
148 201
151 207
153 213
155 219
158 225
163 231
169 235
175 235
181 234
187 230
192 224
195 218
196 212
197 206
198 200
198 194
199 188
201 182
205 176
211 172
217 170
223 170
229 172
235 176
240 182
242 188
243 194
243 200
243 206
244 212
245 218
246 224
249 230
253 236
259 240
265 243
271 244
277 244
283 242
289 238
295 232
300 226
305 220
311 215
317 213
323 212
329 212
335 213
341 213
347 213
353 211
359 207
364 201
367 195
370 189
373 183
378 177
384 172
390 170
396 169
402 170
408 172
414 175
420 180
424 186
428 192
430 198
432 204
434 210
435 216
437 222
439 228
441 234
444 240
448 246
454 252
460 256
466 260
472 262
478 263
484 263
490 262
496 260
502 258
508 254
514 248
519 242
522 236
524 230
525 224
526 218
526 212
526 206
526 200
525 194
525 188
526 182
527 176
530 170
533 164
539 158
545 154
551 151
557 150
563 150
569 151
575 154
581 158
586 164
589 170
590 176
590 182
588 188
587 194
586 200
587 206
588 212
591 218
595 224
601 230
607 233
613 235
619 235
625 236
631 236
637 236
643 237
649 239
655 240
661 241
667 242
673 241
679 238
685 234
690 228
693 222
694 216
695 210
694 204
693 198
692 192
691 186
691 180
693 174
697 168
703 162
709 159
715 158
721 157
727 158
733 161
739 165
744 171
747 177
748 183
749 189
749 195
750 201
751 207
753 213
756 219
760 225
765 231
771 236
777 239
783 242
789 244
795 246
801 248
807 248
813 249
819 249
825 247
831 245
837 242
843 236
846 230
848 224
850 218
850 212
851 206
853 200
858 194
864 189
870 186
876 186
882 187
888 189
894 191
900 195
906 198
912 201
918 203
924 204
930 206
936 207
942 209
948 212
954 215
960 218
966 220
972 222
978 224
984 224
990 224
996 222
1002 220
1008 216
1014 210
1018 204
1022 198
1024 192
1027 186
1029 180
1033 174
1039 168
1045 166
1051 165
1057 166
1063 168
1069 173
1073 179
1076 185
1077 191
1077 197
1076 203
1075 209
1073 215
1070 221
1069 227
1068 233
1069 239
1070 245
1073 251
1078 257
1084 261
1090 264
1096 265
1102 265
1108 263
1114 260
1120 255
1124 249
1125 243
1126 237
1125 231
1123 225
1123 219
1123 213
1124 207
1126 201
1130 195
1136 189
1142 187
1148 186
1154 188
1160 192
1166 198
1172 204
1178 209
1184 212
1190 214
