0 199
6 199
12 199
18 199
24 199
30 199
36 199
42 199
48 199
54 199
60 199
66 199
72 200
78 200
84 200
90 200
96 200
102 200
108 200
114 199
120 199
126 198
132 198
138 198
144 198
150 199
156 199
162 200
168 201
174 201
180 200
186 200
192 199
198 198
204 198
210 197
216 197
222 197
228 197
234 198
240 198
246 199
252 200
258 200
264 200
270 201
276 201
282 201
288 200
294 200
300 200
306 199
312 199
318 199
324 199
330 199
336 199
342 199
348 199
354 199
360 199
366 198
372 198
378 197
384 197
390 197
396 197
402 198
408 198
414 198
420 198
426 199
432 199
438 200
444 200
450 201
456 201
462 202
468 202
474 202
480 202
486 202
492 202
498 202
504 201
510 201
516 200
522 199
528 198
534 198
540 197
546 197
552 196
558 196
564 196
570 196
576 196
582 197
588 198
594 199
600 199
606 200
612 200
618 200
624 200
630 200
636 200
642 200
648 200
654 200
660 201
666 201
672 201
678 200
684 200
690 199
696 198
702 197
708 197
714 196
720 196
726 197
732 197
738 197
744 198
750 199
756 199
762 200
768 200
774 200
780 200
786 201
792 201
798 201
804 201
810 201
816 201
822 201
828 201
834 201
840 200
846 200
852 199
858 199
864 198
870 198
876 198
882 198
888 198
894 198
900 198
906 199
912 199
918 199
924 199
930 199
936 199
942 199
948 199
954 199
960 199
966 199
972 199
978 199
984 199
990 199
996 199
1002 199
1008 199
1014 199
1020 198
1026 198
1032 197
1038 197
1044 197
1050 197
1056 197
1062 197
1068 198
1074 199
1080 200
1086 201
1092 202
1098 203
1104 203
1110 202
1116 201
1122 200
1128 199
1134 199
1140 198
1146 198
1152 198
1158 198
1164 199
1170 199
1176 199
1182 199
1188 199
