0 212
6 211
12 211
18 211
24 210
30 210
36 210
42 210
48 210
54 210
60 211
66 212
72 213
78 215
84 216
90 217
96 216
102 215
108 213
114 211
120 208
126 206
132 205
138 205
144 207
150 210
156 214
162 217
168 219
174 219
180 218
186 215
192 211
198 207
204 203
210 200
216 199
222 199
228 201
234 203
240 207
246 211
252 215
258 218
264 220
270 221
276 221
282 220
288 219
294 217
300 215
306 213
312 212
318 211
324 211
330 211
336 212
342 212
348 212
354 211
360 209
366 207
372 204
378 202
384 200
390 199
396 200
402 200
408 202
414 204
420 206
426 209
432 211
438 214
444 217
450 220
456 222
462 224
468 226
474 227
480 228
486 228
492 227
498 225
504 223
510 220
516 216
522 212
528 207
534 203
540 199
546 196
552 193
558 192
564 192
570 193
576 195
582 199
588 204
594 210
600 215
606 217
612 219
618 219
624 218
630 218
636 217
642 217
648 218
654 219
660 221
666 221
672 221
678 219
684 215
690 210
696 204
702 200
708 196
714 195
720 195
726 196
732 198
738 201
744 204
750 208
756 211
762 214
768 216
774 218
780 219
786 220
792 220
798 221
804 221
810 222
816 222
822 222
828 221
834 220
840 218
846 215
852 212
858 209
864 207
870 205
876 205
882 205
888 205
894 206
900 207
906 208
912 209
918 209
924 209
930 210
936 210
942 210
948 211
954 211
960 212
966 213
972 214
978 214
984 214
990 214
996 213
1002 212
1008 211
1014 209
1020 207
1026 204
1032 201
1038 198
1044 197
1050 196
1056 198
1062 200
1068 205
1072 211
1077 217
1082 223
1088 227
1094 230
1100 230
1106 230
1112 227
1118 223
1124 217
1130 211
1136 207
1142 204
1148 203
1154 204
1160 205
1166 207
1172 209
1178 211
1184 212
1190 212
