0 220
5 219
10 216
15 213
20 210
25 207
30 205
35 204
40 203
45 203
50 205
55 207
60 212
63 217
66 222
68 227
70 232
72 237
77 242
82 246
87 247
92 248
97 247
102 244
107 240
111 235
113 230
114 225
115 220
115 215
115 210
114 205
115 200
116 195
120 190
125 186
130 185
135 185
140 187
145 190
150 195
153 200
155 205
156 210
157 215
157 220
156 225
156 230
157 235
159 240
163 245
168 249
173 250
178 250
183 249
188 246
193 241
197 236
199 231
201 226
202 221
203 216
203 211
203 206
201 201
200 196
197 191
196 186
196 181
196 176
198 171
200 166
205 162
210 159
215 157
220 156
225 156
230 157
235 160
240 163
245 168
248 173
251 178
252 183
252 188
251 193
249 198
246 203
244 208
242 213
241 218
240 223
240 228
240 233
241 238
242 243
244 248
247 253
251 258
256 262
261 265
266 266
271 267
276 267
281 266
286 263
291 260
295 255
298 250
299 245
300 240
302 235
305 230
310 225
315 222
320 220
325 219
330 219
335 218
340 218
345 217
350 216
355 214
360 211
365 206
368 201
370 196
371 191
370 186
369 181
369 176
370 171
372 166
377 161
382 158
387 155
392 154
397 154
402 154
407 155
412 157
417 159
422 163
427 167
431 172
435 177
438 182
440 187
441 192
443 197
443 202
443 207
443 212
442 217
441 222
439 227
437 232
436 237
435 242
435 247
436 252
437 257
438 262
441 267
444 272
448 277
453 281
458 285
463 287
468 289
473 291
478 291
483 292
488 291
493 290
498 289
503 287
508 284
513 280
518 275
522 270
525 265
527 260
529 255
530 250
531 245
531 240
531 235
531 230
530 225
529 220
528 215
526 210
524 205
520 200
516 195
515 190
514 185
514 180
514 175
515 170
516 165
518 160
521 155
524 150
528 145
533 141
538 137
543 135
548 133
553 132
558 131
563 131
568 132
573 133
578 135
583 138
588 142
592 147
596 152
598 157
600 162
601 167
601 172
599 177
594 181
589 181
584 184
581 189
579 194
578 199
579 204
579 209
580 214
582 219
584 224
587 229
590 234
595 239
600 243
605 246
610 248
615 250
620 251
625 252
630 253
635 255
640 256
645 257
650 258
655 259
660 259
665 260
670 259
675 258
680 256
685 253
690 248
694 243
696 238
698 233
699 228
700 223
700 218
700 213
700 208
698 203
696 198
691 194
686 192
681 187
680 182
680 177
680 172
682 167
684 162
688 157
692 152
697 148
702 145
707 142
712 141
717 140
722 140
727 141
732 142
737 144
742 147
747 151
752 156
755 161
757 166
758 171
758 176
757 181
755 186
752 191
750 196
749 201
748 206
748 211
749 216
750 221
751 226
752 231
754 236
757 241
760 246
764 251
768 256
773 260
778 264
783 267
788 269
793 271
798 273
803 274
808 275
813 275
818 274
823 274
828 272
833 270
838 267
843 263
847 258
850 253
852 248
852 243
852 238
851 233
849 228
846 223
842 218
841 213
841 208
841 203
843 198
845 193
849 188
854 183
859 180
864 178
869 177
874 177
879 178
884 179
889 181
894 185
899 189
904 193
909 197
914 200
919 202
924 205
929 207
934 209
939 212
944 215
949 219
954 223
959 228
964 231
969 234
974 236
979 237
984 238
989 237
994 236
999 234
1004 232
1009 228
1014 223
1019 218
1022 213
1025 208
1027 203
1028 198
1029 193
1029 188
1029 183
1027 178
1027 173
1027 168
1029 163
1033 158
1038 154
1043 152
1048 151
1053 150
1058 151
1063 153
1068 155
1073 159
1078 164
1081 169
1083 174
1084 179
1085 184
1085 189
1085 194
1085 199
1084 204
1083 209
1082 214
1080 219
1078 224
1073 228
1068 233
1064 238
1062 243
1061 248
1061 253
1061 258
1061 263
1063 268
1065 273
1068 278
1072 283
1077 287
1082 289
1087 291
1092 292
1097 293
1102 292
1107 291
1112 289
1117 286
1122 282
1126 277
1128 272
1130 267
1130 262
1129 257
1127 252
1122 249
1117 248
1112 243
1111 238
1110 233
1111 228
1111 223
1113 218
1114 213
1116 208
1118 203
1121 198
1125 193
1130 188
1135 185
1140 183
1145 182
1150 183
1155 186
1159 191
1161 196
1163 201
1166 206
1170 211
1175 216
1180 219
1185 220
1190 221
