0 205
6 205
12 204
18 204
24 203
30 203
36 202
42 202
48 202
54 203
60 204
66 206
72 208
78 210
84 211
90 212
96 212
102 210
108 208
114 204
120 199
126 196
132 195
138 196
144 199
150 203
156 208
162 213
168 215
174 215
180 214
186 211
192 205
197 199
203 193
209 189
215 187
221 187
227 188
233 192
239 197
245 203
250 209
256 213
262 216
268 218
274 218
280 218
286 216
292 213
298 211
304 208
310 206
316 205
322 204
328 205
334 205
340 206
346 205
352 204
358 202
364 199
370 195
376 192
382 189
388 188
394 187
400 188
406 189
412 192
418 195
424 199
430 203
436 207
442 211
448 216
454 219
460 223
466 225
472 227
478 228
484 228
490 227
496 226
502 223
508 219
514 214
520 208
525 202
530 196
535 190
541 185
547 181
553 178
559 177
565 177
571 178
577 181
583 187
587 193
591 199
595 205
601 211
607 214
613 215
619 215
625 215
631 214
637 214
643 214
649 215
655 217
661 218
667 218
673 218
679 215
685 210
690 204
694 198
698 192
703 186
709 183
715 181
721 181
727 182
733 185
739 189
745 195
751 201
757 206
763 210
769 213
775 215
781 216
787 217
793 218
799 219
805 220
811 220
817 220
823 220
829 219
835 216
841 213
847 209
853 204
859 200
865 197
871 195
877 195
883 195
889 196
895 197
901 199
907 200
913 201
919 201
925 202
931 202
937 203
943 203
949 204
955 205
961 206
967 207
973 208
979 209
985 209
991 209
997 208
1003 206
1009 204
1015 201
1021 197
1027 193
1033 189
1039 186
1045 184
1051 183
1057 185
1063 189
1068 195
1071 201
1074 207
1076 213
1079 219
1084 225
1090 229
1096 231
1102 231
1108 229
1114 226
1120 220
1124 214
1127 208
1131 202
1137 196
1143 194
1149 193
1155 194
1161 196
1167 199
1173 202
1179 204
1185 205
1191 206
