0 217
5 213
10 208
14 203
18 198
22 193
27 188
32 185
37 182
42 181
47 181
52 182
57 184
62 187
67 191
71 196
75 201
79 206
81 211
83 216
85 221
86 226
86 231
86 236
83 241
78 244
73 242
68 240
63 240
58 243
55 248
54 253
54 258
54 263
56 268
59 273
63 278
68 282
73 285
78 287
83 288
88 288
93 288
98 287
103 285
108 282
113 278
118 273
122 268
124 263
127 258
129 253
131 248
132 243
134 238
135 233
136 228
137 223
138 218
139 213
140 208
140 203
140 198
139 193
136 188
131 187
126 192
123 197
118 202
114 197
111 192
110 187
109 182
109 177
110 172
112 167
115 162
120 158
125 156
130 154
135 154
140 154
145 155
150 155
155 157
160 158
165 160
170 162
175 165
180 167
185 170
190 174
195 178
200 183
202 188
204 193
203 198
199 203
194 206
189 205
184 200
181 195
176 193
171 193
166 196
163 201
160 206
159 211
158 216
157 221
157 226
157 231
157 236
158 241
160 246
163 251
168 254
173 256
178 255
183 253
188 249
193 244
198 239
203 235
208 230
213 227
218 223
223 219
228 214
233 209
237 204
241 199
243 194
246 189
247 184
249 179
250 174
250 169
250 164
250 159
249 154
248 149
247 144
244 139
241 134
237 129
232 126
227 124
222 123
217 125
214 130
214 135
215 140
213 145
208 148
203 146
198 142
193 137
189 132
187 127
186 122
186 117
186 112
188 107
191 102
196 97
201 93
206 91
211 89
216 88
221 88
226 89
231 89
236 91
241 93
246 96
251 100
256 104
260 109
264 114
267 119
270 124
272 129
274 134
276 139
277 144
278 149
279 154
279 159
279 164
279 169
278 174
273 169
272 164
271 159
269 154
266 149
262 154
262 159
262 164
261 169
261 174
260 179
259 184
258 189
256 194
255 199
253 204
251 209
249 214
247 219
245 224
242 229
240 234
237 239
234 244
231 249
229 254
226 259
224 264
223 269
222 274
221 279
221 284
221 289
222 294
223 299
226 304
229 309
233 314
238 319
243 322
248 325
253 326
258 328
263 328
268 328
273 328
278 327
283 326
288 324
293 321
298 318
303 314
307 309
311 304
314 299
316 294
318 289
320 284
320 279
320 274
318 269
313 268
308 271
303 275
298 280
293 282
290 277
291 272
293 267
296 262
299 257
303 252
308 247
313 243
318 238
323 234
328 231
333 227
338 224
343 221
348 217
353 214
358 210
363 206
368 203
373 198
378 194
383 189
388 184
392 179
395 174
398 169
400 164
402 159
403 154
402 149
401 144
398 139
393 134
388 131
383 130
378 130
373 132
368 136
364 141
362 146
360 151
359 156
354 161
349 158
346 153
344 148
343 143
343 138
343 133
343 128
344 123
346 118
348 113
351 108
354 103
359 98
364 94
369 91
374 89
379 88
384 87
389 87
394 87
399 88
404 89
409 91
414 93
419 96
424 100
429 104
434 108
439 113
443 118
447 123
451 128
455 133
458 138
462 143
465 148
468 153
471 158
473 163
476 168
478 173
480 178
481 183
483 188
484 193
485 198
486 203
487 208
487 213
487 218
487 223
487 228
487 233
487 238
486 243
485 248
484 253
483 258
482 263
480 268
479 273
476 278
473 283
468 287
463 287
460 282
461 277
462 272
463 267
465 262
465 257
466 252
465 247
464 242
462 237
458 232
453 230
448 231
443 233
438 236
433 240
429 245
425 250
422 255
419 260
416 265
415 270
413 275
412 280
411 285
410 290
410 295
410 300
410 305
411 310
412 315
413 320
415 325
418 330
421 335
425 340
430 345
435 349
440 352
445 355
450 357
455 358
460 359
465 360
470 361
475 361
480 361
485 361
490 361
495 360
500 359
505 357
510 355
515 353
520 350
525 347
530 342
534 337
538 332
540 327
542 322
543 317
544 312
544 307
544 302
544 297
543 292
542 287
541 282
539 277
537 272
535 267
533 262
531 257
529 252
528 247
526 242
525 237
524 232
524 227
523 222
523 217
523 212
523 207
523 202
523 197
524 192
524 187
524 182
524 177
524 172
524 167
524 162
519 157
514 155
512 150
511 145
510 140
508 135
507 130
506 125
505 120
504 115
503 110
503 105
503 100
503 95
504 90
505 85
507 80
510 75
514 70
518 65
523 61
528 58
533 56
538 54
543 52
548 51
553 51
558 51
563 51
568 52
573 53
578 55
583 57
588 59
593 63
598 67
602 72
606 77
609 82
611 87
613 92
614 97
615 102
616 107
616 112
617 117
617 122
617 127
616 132
616 137
616 142
615 147
614 152
614 157
613 162
612 167
611 172
610 177
608 182
606 187
602 192
600 197
598 192
595 187
593 182
593 177
594 172
594 167
594 162
594 157
594 152
594 147
594 142
593 137
592 132
592 127
590 122
588 117
585 112
580 108
575 107
570 108
565 112
561 117
559 122
558 127
556 132
556 137
555 142
555 147
554 152
554 157
554 162
554 167
554 172
554 177
555 182
555 187
556 192
557 197
558 202
559 207
561 212
563 217
565 222
568 227
571 232
574 237
577 242
581 247
585 252
590 257
595 262
600 267
605 271
610 275
615 279
620 282
625 285
630 287
635 289
640 291
645 292
650 293
655 294
660 294
665 293
670 292
675 290
680 288
685 285
690 280
695 275
698 270
701 265
703 260
705 255
706 250
708 245
708 240
709 235
709 230
709 225
709 220
709 215
709 210
708 205
708 200
707 195
707 190
706 185
706 180
705 175
705 170
704 165
704 160
703 155
703 150
702 145
702 140
701 135
700 130
698 125
693 121
688 124
684 129
681 134
679 139
677 144
675 149
674 154
673 159
671 164
670 169
669 174
668 179
667 184
667 189
666 194
666 199
665 204
660 208
656 203
655 198
654 193
654 188
654 183
655 178
655 173
656 168
657 163
658 158
658 153
659 148
660 143
661 138
662 133
664 128
665 123
666 118
668 113
670 108
672 103
675 98
678 93
681 88
685 83
690 78
695 74
700 71
705 68
710 66
715 64
720 63
725 63
730 62
735 63
740 63
745 65
750 66
755 69
760 72
765 76
770 81
773 86
776 91
778 96
779 101
780 106
780 111
780 116
779 121
778 126
776 131
774 136
772 141
770 146
767 151
764 156
760 161
755 166
750 162
749 157
750 152
751 147
752 142
753 137
753 132
753 127
752 122
749 117
744 114
739 114
734 117
731 122
729 127
728 132
727 137
727 142
727 147
727 152
727 157
727 162
727 167
728 172
728 177
729 182
730 187
731 192
732 197
733 202
734 207
736 212
737 217
738 222
740 227
742 232
743 237
744 242
746 247
747 252
749 257
750 262
751 267
752 272
753 277
754 282
755 287
756 292
758 297
760 302
762 307
766 312
769 317
774 322
779 326
784 329
789 332
794 334
799 336
804 337
809 338
814 338
819 338
824 338
829 337
834 336
839 334
844 332
849 330
854 327
859 323
863 318
867 313
870 308
873 303
874 298
876 293
877 288
877 283
877 278
877 273
876 268
875 263
874 258
872 253
870 248
867 243
864 238
860 233
855 229
850 225
845 222
840 221
835 221
830 222
825 225
821 230
820 235
819 240
820 245
822 250
825 255
826 260
821 265
816 265
811 263
806 260
801 255
798 250
795 245
793 240
791 235
790 230
789 225
789 220
789 215
789 210
790 205
792 200
793 195
795 190
798 185
801 180
804 175
808 170
811 165
816 160
820 155
825 150
830 146
835 142
840 138
845 135
850 132
855 130
860 129
865 128
870 128
875 128
880 129
885 131
890 135
895 140
896 145
896 150
896 155
898 160
901 165
905 170
909 175
914 180
919 185
924 190
928 195
932 200
934 205
935 210
936 215
936 220
938 225
940 230
944 235
948 240
953 245
958 249
963 252
968 255
973 256
978 258
983 258
988 259
993 258
998 258
1003 257
1008 256
1013 255
1018 253
1023 251
1028 249
1033 246
1038 242
1043 238
1048 233
1051 228
1053 223
1054 218
1055 213
1056 208
1056 203
1056 198
1056 193
1056 188
1055 183
1055 178
1054 173
1053 168
1053 163
1052 158
1052 153
1051 148
1051 143
1050 138
1050 133
1049 128
1049 123
1047 118
1045 113
1040 109
1035 108
1030 110
1025 115
1022 120
1020 125
1019 130
1019 135
1019 140
1019 145
1014 150
1009 146
1006 141
1004 136
1003 131
1002 126
1002 121
1002 116
1003 111
1004 106
1006 101
1008 96
1011 91
1014 86
1019 81
1024 77
1029 74
1034 71
1039 69
1044 68
1049 67
1054 67
1059 67
1064 67
1069 68
1074 70
1079 72
1084 75
1089 79
1094 84
1097 89
1099 94
1101 99
1102 104
1101 109
1100 114
1095 119
1090 120
1085 119
1080 117
1075 117
1070 120
1067 125
1066 130
1065 135
1064 140
1064 145
1064 150
1065 155
1066 160
1066 165
1068 170
1069 175
1070 180
1071 185
1073 190
1074 195
1075 200
1076 205
1077 210
1078 215
1079 220
1079 225
1080 230
1080 235
1080 240
1081 245
1081 250
1081 255
1081 260
1081 265
1086 262
1086 257
1086 252
1086 247
1086 242
1086 237
1086 232
1087 227
1087 222
1087 217
1087 212
1087 207
1087 202
1088 197
1088 192
1089 187
1090 182
1091 177
1094 172
1099 168
1104 166
1109 164
1114 163
1119 162
1124 162
1129 161
1134 161
1139 160
1144 160
1149 161
1154 162
1159 164
1162 169
1163 174
1161 179
1156 182
1151 182
1146 181
1141 181
1136 181
1131 183
1126 185
1122 190
1120 195
1119 200
1120 205
1122 210
1125 215
1130 220
1135 223
1140 225
1145 227
1150 228
1155 229
1160 229
1165 229
1170 229
1175 228
1180 227
1185 225
1190 223
