0 198
6 198
12 198
18 198
24 198
30 198
36 198
42 198
48 198
54 198
60 198
66 198
72 198
78 198
84 199
90 199
96 199
102 199
108 199
114 198
120 198
126 198
132 198
138 198
144 198
150 198
156 198
162 199
168 199
174 199
180 199
186 199
192 198
198 198
204 198
210 198
216 198
222 198
228 198
234 198
240 198
246 198
252 199
258 199
264 199
270 198
276 199
282 199
288 199
294 199
300 198
306 198
312 198
318 198
324 198
330 198
336 198
342 198
348 198
354 198
360 198
366 198
372 198
378 198
384 198
390 198
396 198
402 198
408 198
414 198
420 198
426 198
432 198
438 199
444 199
450 199
456 199
462 199
468 199
474 199
480 199
486 199
492 199
498 199
504 199
510 199
516 199
522 198
528 198
534 198
540 198
546 198
552 198
558 198
564 198
570 198
576 198
582 198
588 198
594 198
600 199
606 199
612 199
618 199
624 198
630 198
636 198
642 198
648 198
654 199
660 199
666 199
672 199
678 199
684 198
690 198
696 198
702 198
708 198
714 198
720 198
726 198
732 198
738 198
744 198
750 198
756 198
762 198
768 199
774 198
780 199
786 199
792 199
798 199
804 199
810 199
816 199
822 199
828 199
834 199
840 199
846 199
852 198
858 198
864 198
870 198
876 198
882 198
888 198
894 198
900 198
906 198
912 198
918 198
924 198
930 198
936 198
942 198
948 198
954 198
960 198
966 198
972 198
978 198
984 198
990 198
996 198
1002 198
1008 198
1014 198
1020 198
1026 198
1032 198
1038 198
1044 198
1050 198
1056 198
1062 198
1068 198
1074 198
1080 199
1086 199
1092 199
1098 199
1104 199
1110 199
1116 199
1122 199
1128 198
1134 198
1140 198
1146 198
1152 198
1158 198
1164 198
1170 198
1176 199
1182 198
1188 198
