0 202
6 202
12 202
18 202
24 202
30 202
36 202
42 201
48 202
54 202
60 202
66 202
72 202
78 202
84 202
90 202
96 202
102 202
108 202
114 202
120 201
126 201
132 201
138 201
144 201
150 201
156 202
162 202
168 203
174 203
180 203
186 202
192 202
198 201
204 200
210 200
216 200
222 200
228 200
234 201
240 201
246 202
252 202
258 203
264 203
270 203
276 203
282 203
288 203
294 202
300 202
306 202
312 202
318 202
324 202
330 202
336 202
342 202
348 202
354 202
360 201
366 201
372 201
378 200
384 200
390 200
396 200
402 200
408 201
414 201
420 201
426 201
432 202
438 202
444 203
450 203
456 203
462 204
468 204
474 204
480 204
486 204
492 204
498 204
504 203
510 203
516 202
522 202
528 201
534 201
540 200
546 200
552 199
558 199
564 199
570 199
576 199
582 200
588 201
594 201
600 202
606 203
612 203
618 203
624 203
630 202
636 202
642 202
648 202
654 203
660 203
666 203
672 203
678 203
684 202
690 201
696 201
702 200
708 200
714 199
720 200
726 200
732 200
738 200
744 201
750 201
756 202
762 202
768 202
774 203
780 203
786 203
792 203
798 203
804 203
810 203
816 203
822 203
828 203
834 203
840 203
846 202
852 202
858 201
864 201
870 201
876 201
882 201
888 201
894 201
900 201
906 201
912 201
918 201
924 201
930 201
936 201
942 201
948 201
954 202
960 202
966 202
972 202
978 202
984 202
990 202
996 202
1002 202
1008 202
1014 201
1020 201
1026 201
1032 200
1038 200
1044 200
1050 200
1056 200
1062 200
1068 201
1074 202
1080 203
1086 204
1092 204
1098 205
1104 205
1110 204
1116 204
1122 203
1128 202
1134 201
1140 201
1146 201
1152 201
1158 201
1164 201
1170 202
1176 202
1182 202
1188 202
