0 216
6 218
12 220
18 222
24 224
30 225
36 225
42 224
48 223
54 221
60 218
66 215
72 212
78 210
84 209
90 208
96 208
102 209
108 210
114 212
120 214
126 216
132 218
138 219
144 220
150 221
156 221
162 220
168 220
174 219
180 218
186 216
192 215
198 213
204 212
210 211
216 210
222 209
228 209
234 210
240 212
246 214
252 216
258 219
264 221
270 223
276 224
282 224
288 223
294 221
300 219
306 217
312 215
318 213
324 212
330 212
336 213
342 214
348 215
354 216
360 218
366 218
372 219
378 219
384 219
390 219
396 219
402 218
408 218
414 217
420 217
426 216
432 217
438 217
444 217
450 218
456 219
462 219
468 219
474 219
480 218
486 218
492 216
498 215
504 214
510 213
516 212
522 211
528 210
534 210
540 209
546 209
552 209
558 210
564 211
570 213
576 214
582 216
588 218
594 219
600 220
606 220
612 220
618 219
624 218
630 216
636 215
642 214
648 213
654 213
660 213
666 213
672 215
678 217
684 219
690 222
696 224
702 226
708 227
714 228
720 227
726 226
732 224
738 221
744 218
750 215
756 213
762 212
768 211
774 212
780 213
786 215
792 217
798 218
804 219
810 219
816 219
822 218
828 216
834 215
840 213
846 212
852 210
858 210
864 209
870 209
876 209
882 210
888 210
894 210
900 211
906 211
912 212
918 214
924 215
930 217
936 220
942 222
948 224
954 226
960 227
966 228
972 228
978 227
984 225
990 223
996 220
1002 216
1008 213
1014 210
1020 208
1026 206
1032 205
1038 205
1044 205
1050 206
1056 207
1062 208
1068 210
1074 213
1080 215
1086 218
1092 220
1098 222
1104 223
1110 224
1116 224
1122 224
1128 223
1134 222
1140 220
1146 218
1152 216
1158 214
1164 213
1170 211
1176 211
1182 211
1188 212
