0 214
6 215
12 216
18 217
24 218
30 218
36 218
42 218
48 217
54 216
60 215
66 213
72 212
78 211
84 210
90 210
96 210
102 210
108 211
114 212
120 213
126 214
132 215
138 215
144 216
150 216
156 216
162 216
168 215
174 215
180 214
186 214
192 213
198 213
204 212
210 211
216 211
222 211
228 210
234 211
240 212
246 213
252 214
258 215
264 216
270 217
276 218
282 218
288 217
294 216
300 215
306 214
312 213
318 212
324 212
330 212
336 212
342 213
348 214
354 214
360 215
366 215
372 215
378 216
384 216
390 215
396 215
402 215
408 215
414 214
420 214
426 214
432 214
438 214
444 215
450 215
456 215
462 215
468 215
474 215
480 215
486 214
492 214
498 213
504 213
510 212
516 212
522 211
528 211
534 211
540 210
546 210
552 210
558 211
564 211
570 212
576 213
582 214
588 215
594 215
600 216
606 216
612 215
618 215
624 215
630 214
636 213
642 213
648 213
654 212
660 213
666 213
672 213
678 214
684 216
690 217
696 218
702 219
708 220
714 220
720 220
726 219
732 218
738 216
744 215
750 214
756 212
762 212
768 212
774 212
780 213
786 214
792 214
798 215
804 215
810 215
816 215
822 215
828 214
834 213
840 212
846 211
852 211
858 211
864 210
870 210
876 211
882 211
888 211
894 211
900 211
906 212
912 212
918 213
924 213
930 214
936 216
942 217
948 218
954 219
960 219
966 220
972 220
978 219
984 218
990 217
996 215
1002 214
1008 212
1014 211
1020 210
1026 209
1032 208
1038 208
1044 208
1050 209
1056 209
1062 210
1068 211
1074 212
1080 213
1086 214
1092 215
1098 216
1104 217
1110 218
1116 218
1122 218
1128 217
1134 217
1140 216
1146 215
1152 214
1158 213
1164 212
1170 212
1176 212
1182 212
1188 212
