0 200
6 206
12 212
18 216
24 219
30 221
36 221
42 220
48 217
54 213
60 207
65 201
70 195
76 190
82 187
88 185
94 185
100 186
106 188
112 192
118 196
124 201
130 205
136 209
142 211
148 213
154 213
160 213
166 212
172 210
178 207
184 204
190 201
196 197
202 193
208 190
214 188
220 187
226 187
232 188
238 191
244 195
250 201
255 207
261 212
267 216
273 218
279 219
285 218
291 215
297 211
303 206
309 201
315 197
321 194
327 193
333 193
339 195
345 197
351 200
357 203
363 206
369 208
375 209
381 209
387 209
393 208
399 207
405 206
411 204
417 203
423 203
429 203
435 203
441 205
447 206
453 207
459 208
465 209
471 209
477 208
483 207
489 205
495 203
501 200
507 197
513 195
519 192
525 190
531 189
537 187
543 187
549 187
555 188
561 190
567 193
573 197
579 201
585 205
591 208
597 210
603 211
609 210
615 209
621 207
627 204
633 201
639 198
645 195
651 194
657 193
663 194
669 196
675 200
681 205
686 211
692 217
698 221
704 224
710 226
716 226
722 225
728 222
734 218
739 212
743 206
748 200
754 195
760 193
766 192
772 193
778 195
784 198
790 202
796 206
802 208
808 209
814 209
820 208
826 205
832 202
838 198
844 194
850 191
856 189
862 188
868 187
874 187
880 188
886 188
892 189
898 190
904 191
910 193
916 195
922 199
928 204
934 209
940 215
946 220
952 223
958 226
964 227
970 227
976 226
982 224
988 220
994 215
999 209
1003 203
1007 197
1011 191
1017 185
1023 181
1029 179
1035 178
1041 177
1047 178
1053 180
1059 183
1065 187
1071 192
1077 198
1083 204
1089 210
1095 214
1101 217
1107 219
1113 220
1119 220
1125 219
1131 217
1137 214
1143 209
1149 204
1155 199
1161 195
1167 192
1173 190
1179 190
1185 191
1191 194
