0 201
6 201
12 202
18 202
24 203
30 203
36 203
42 203
48 202
54 202
60 201
66 200
72 200
78 199
84 199
90 199
96 199
102 199
108 199
114 200
120 200
126 201
132 201
138 201
144 202
150 202
156 202
162 202
168 201
174 201
180 201
186 201
192 200
198 200
204 200
210 199
216 199
222 199
228 199
234 199
240 199
246 200
252 201
258 201
264 202
270 203
276 203
282 203
288 203
294 202
300 201
306 201
312 200
318 200
324 200
330 200
336 200
342 200
348 201
354 201
360 201
366 201
372 202
378 202
384 202
390 202
396 201
402 201
408 201
414 201
420 201
426 201
432 201
438 201
444 201
450 201
456 201
462 201
468 201
474 201
480 201
486 201
492 201
498 200
504 200
510 200
516 199
522 199
528 199
534 199
540 199
546 199
552 199
558 199
564 199
570 200
576 200
582 201
588 201
594 201
600 202
606 202
612 202
618 201
624 201
630 201
636 201
642 200
648 200
654 200
660 200
666 200
672 201
678 201
684 202
690 202
696 203
702 204
708 204
714 204
720 204
726 204
732 203
738 202
744 201
750 201
756 200
762 200
768 200
774 200
780 200
786 201
792 201
798 201
804 201
810 202
816 201
822 201
828 201
834 200
840 200
846 199
852 199
858 199
864 199
870 199
876 199
882 199
888 199
894 199
900 199
906 199
912 200
918 200
924 200
930 201
936 202
942 202
948 203
954 203
960 204
966 204
972 204
978 203
984 203
990 202
996 202
1002 201
1008 200
1014 199
1020 198
1026 198
1032 198
1038 198
1044 198
1050 198
1056 198
1062 199
1068 199
1074 200
1080 200
1086 201
1092 201
1098 202
1104 202
1110 203
1116 203
1122 203
1128 203
1134 202
1140 202
1146 201
1152 201
1158 200
1164 200
1170 200
1176 200
1182 200
1188 200
