0 263
3 269
6 275
11 281
17 286
23 289
29 291
35 293
41 293
47 292
53 290
59 287
65 282
70 276
73 270
75 264
77 258
78 252
78 246
78 240
78 234
78 228
77 222
76 216
75 210
74 204
72 198
70 192
64 190
61 196
59 202
53 202
51 196
50 190
49 184
48 178
48 172
47 166
47 160
47 154
48 148
49 142
51 136
53 130
57 124
63 118
69 113
75 110
81 109
87 108
93 108
99 108
105 110
111 113
117 118
123 124
127 130
130 136
131 142
133 148
133 154
133 160
133 166
131 172
125 177
119 173
113 167
107 168
103 174
102 180
102 186
103 192
104 198
105 204
107 210
109 216
111 222
114 228
117 234
120 240
124 246
129 252
135 257
141 261
147 264
153 265
159 265
165 264
171 262
177 258
183 252
187 246
190 240
193 234
195 228
197 222
198 216
200 210
201 204
201 198
201 192
201 186
199 180
193 176
187 179
181 179
178 173
178 167
178 161
179 155
180 149
183 143
185 137
189 131
193 125
199 120
205 116
211 113
217 111
223 110
229 110
235 111
241 113
247 116
253 121
258 127
261 133
263 139
264 145
264 151
263 157
262 163
260 169
259 175
257 181
255 187
252 193
246 192
241 186
236 192
234 198
233 204
233 210
233 216
233 222
233 228
233 234
234 240
235 246
237 252
238 258
241 264
245 270
250 276
256 281
262 284
268 285
274 286
280 286
286 284
292 281
298 276
303 270
306 264
307 258
308 252
307 246
306 240
305 234
302 228
296 222
290 223
284 226
278 220
277 214
277 208
278 202
280 196
283 190
286 184
289 178
293 172
297 166
302 160
308 154
314 149
320 145
326 143
332 142
338 142
344 144
350 147
356 152
360 158
361 164
361 170
359 176
353 181
347 182
341 184
336 190
335 196
335 202
336 208
338 214
340 220
344 226
348 232
354 238
360 243
366 246
372 248
378 249
384 247
390 245
395 239
398 233
400 227
401 221
403 215
408 209
414 204
420 202
426 200
432 201
438 202
444 205
450 210
454 216
457 222
458 228
460 234
462 240
468 246
474 249
480 250
486 250
492 248
498 245
504 240
509 234
512 228
515 222
517 216
519 210
520 204
521 198
522 192
522 186
522 180
522 174
521 168
518 162
512 158
506 158
500 159
494 156
491 150
490 144
490 138
491 132
494 126
497 120
502 114
508 109
514 105
520 102
526 100
532 98
538 98
544 98
550 98
556 100
562 102
568 105
574 109
580 115
585 121
588 127
590 133
591 139
591 145
591 151
589 157
586 163
580 168
574 165
568 163
562 168
560 174
559 180
559 186
559 192
559 198
560 204
561 210
562 216
564 222
566 228
570 234
575 240
581 244
587 247
593 248
599 249
605 248
611 246
617 243
623 238
629 233
634 227
638 221
641 215
642 209
642 203
638 197
632 194
629 188
629 182
631 176
634 170
638 164
644 158
650 154
656 152
662 151
668 151
674 153
680 157
686 163
690 169
693 175
695 181
696 187
698 193
699 199
700 205
700 211
701 217
702 223
702 229
703 235
703 241
703 247
702 253
701 259
695 263
691 257
688 251
682 246
676 250
672 256
669 262
668 268
667 274
667 280
668 286
670 292
673 298
678 304
684 310
690 314
696 317
702 319
708 320
714 320
720 320
726 319
732 317
738 314
744 310
750 305
755 299
758 293
761 287
762 281
763 275
762 269
761 263
759 257
755 251
749 245
743 244
738 250
736 256
733 262
727 263
724 257
723 251
722 245
722 239
721 233
721 227
722 221
722 215
723 209
723 203
724 197
725 191
727 185
728 179
731 173
734 167
739 161
745 157
751 155
757 154
763 155
769 157
775 162
781 168
784 174
786 180
785 186
779 191
774 197
774 203
777 209
782 215
788 221
794 225
800 228
806 230
812 232
818 233
824 233
830 232
836 230
842 228
848 224
854 218
859 212
863 206
866 200
868 194
869 188
869 182
868 176
865 170
859 165
853 165
847 168
841 170
835 168
831 162
829 156
828 150
828 144
829 138
831 132
835 126
840 120
846 115
852 112
858 109
864 108
870 107
876 107
882 108
888 109
894 111
900 114
906 117
912 122
918 128
923 134
928 140
932 146
935 152
939 158
942 164
945 170
948 176
950 182
953 188
955 194
957 200
958 206
959 212
960 218
960 224
960 230
959 236
956 242
950 247
944 242
942 236
940 230
937 224
931 222
925 225
920 231
917 237
915 243
913 249
912 255
912 261
912 267
913 273
914 279
916 285
919 291
923 297
928 303
934 308
940 312
946 315
952 317
958 318
964 318
970 318
976 317
982 316
988 313
994 309
1000 305
1005 299
1010 293
1013 287
1015 281
1017 275
1018 269
1019 263
1020 257
1020 251
1020 245
1020 239
1020 233
1020 227
1019 221
1019 215
1018 209
1017 203
1016 197
1016 191
1015 185
1013 179
1007 176
1005 182
1004 188
1003 194
1002 200
1001 206
995 209
993 203
992 197
991 191
990 185
989 179
988 173
987 167
986 161
986 155
985 149
985 143
986 137
987 131
988 125
990 119
992 113
996 107
1000 101
1006 96
1012 92
1018 88
1024 86
1030 85
1036 84
1042 84
1048 84
1054 85
1060 87
1066 90
1072 93
1078 98
1084 104
1088 110
1091 116
1092 122
1094 128
1094 134
1094 140
1093 146
1092 152
1090 158
1087 164
1084 170
1080 176
1074 180
1069 174
1068 168
1067 162
1064 156
1058 155
1052 159
1049 165
1048 171
1047 177
1047 183
1047 189
1048 195
1049 201
1050 207
1051 213
1053 219
1055 225
1057 231
1059 237
1062 243
1065 249
1068 255
1071 261
1075 267
1080 273
1086 279
1092 283
1098 286
1104 287
1110 288
1116 288
1122 287
1128 285
1134 281
1140 275
1145 269
1148 263
1150 257
1152 251
1153 245
1154 239
1155 233
1154 227
1154 221
1152 215
1149 209
1143 205
1137 208
1132 214
1126 219
1120 217
1117 211
1116 205
1117 199
1119 193
1121 187
1124 181
1127 175
1131 169
1136 163
1142 157
1148 151
1154 147
1160 144
1166 142
1172 141
1178 141
1184 142
1190 145
1196 149
2 155
7 161
10 167
13 173
16 179
18 185
20 191
21 197
22 203
23 209
23 215
21 221
15 223
10 217
5 211
1199 211
1195 217
1194 223
1194 229
1194 235
1195 241
1195 247
1197 253
