0 181
4 187
7 193
9 199
10 205
11 211
9 217
6 223
3 229
1 235
1 241
2 247
4 253
7 259
12 265
18 270
24 273
30 275
36 276
42 275
48 274
54 271
60 266
65 260
69 254
71 248
72 242
72 236
72 230
71 224
68 218
63 212
57 206
55 200
54 194
55 188
55 182
57 176
60 170
64 164
70 158
76 154
82 152
88 151
94 151
100 152
106 155
112 159
118 165
122 171
123 177
124 183
123 189
121 195
119 201
117 207
117 213
117 219
119 225
121 231
124 237
128 243
133 249
139 253
145 256
151 257
157 258
163 257
169 255
175 251
181 246
185 240
188 234
191 228
192 222
193 216
192 210
192 204
190 198
189 192
189 186
191 180
193 174
197 168
203 162
209 158
215 156
221 155
227 155
233 156
239 158
245 162
250 168
254 174
256 180
257 186
257 192
256 198
254 204
250 210
246 216
243 222
242 228
242 234
243 240
244 246
247 252
251 258
257 264
263 267
269 269
275 270
281 270
287 268
293 264
299 258
302 252
304 246
305 240
304 234
301 228
299 222
298 216
298 210
299 204
301 198
304 192
308 186
314 181
320 177
326 176
332 175
338 177
344 180
349 186
352 192
352 198
352 204
352 210
352 216
353 222
356 228
360 234
366 239
372 242
378 243
384 243
390 241
396 237
402 231
407 225
412 219
418 216
424 214
430 215
436 217
442 221
447 227
452 233
458 239
464 242
470 244
476 245
482 244
488 242
494 238
500 232
503 226
506 220
507 214
508 208
507 202
506 196
505 190
505 184
505 178
507 172
510 166
516 160
522 155
528 153
534 151
540 150
546 150
552 151
558 153
564 156
570 161
574 167
577 173
578 179
578 185
577 191
574 197
571 203
570 209
569 215
570 221
572 227
575 233
579 239
585 243
591 246
597 247
603 247
609 246
615 243
621 238
626 232
629 226
632 220
633 214
634 208
635 202
638 196
641 190
647 184
653 181
659 179
665 179
671 181
677 184
683 190
687 196
690 202
691 208
693 214
693 220
693 226
691 232
687 238
681 244
678 250
677 256
677 262
679 268
682 274
686 280
692 285
698 288
704 290
710 292
716 292
722 291
728 289
734 286
740 282
745 276
749 270
750 264
751 258
750 252
748 246
743 240
737 236
732 230
731 224
730 218
731 212
732 206
733 200
736 194
740 188
746 183
752 180
758 179
764 180
770 182
776 188
780 194
782 200
783 206
785 212
787 218
791 224
796 230
802 235
808 238
814 239
820 239
826 238
832 235
838 231
842 225
845 219
846 213
847 207
845 201
843 195
840 189
839 183
840 177
842 171
846 165
852 160
858 157
864 155
870 153
876 153
882 153
888 154
894 156
900 158
906 161
912 165
918 170
923 176
927 182
931 188
934 194
936 200
938 206
939 212
940 218
939 224
936 230
930 234
925 240
923 246
923 252
923 258
925 264
928 270
932 276
938 282
944 286
950 289
956 291
962 292
968 293
974 292
980 291
986 289
992 285
998 281
1003 275
1007 269
1010 263
1013 257
1014 251
1015 245
1016 239
1016 233
1015 227
1014 221
1011 215
1005 210
999 209
993 203
991 197
991 191
991 185
991 179
992 173
994 167
996 161
999 155
1004 149
1010 143
1016 139
1022 137
1028 135
1034 134
1040 133
1046 134
1052 135
1058 137
1064 140
1070 144
1075 150
1079 156
1082 162
1084 168
1084 174
1084 180
1083 186
1079 192
1073 197
1068 203
1066 209
1066 215
1066 221
1067 227
1068 233
1070 239
1072 245
1075 251
1079 257
1085 263
1091 268
1097 271
1103 273
1109 274
1115 274
1121 273
1127 271
1133 268
1139 262
1143 256
1146 250
1148 244
1149 238
1148 232
1147 226
1144 220
1141 214
1140 208
1141 202
1142 196
1145 190
1149 184
1154 178
1160 174
1166 171
1172 170
1178 169
1184 170
1190 173
