0 220
6 221
12 221
18 221
24 221
30 221
36 221
42 221
48 221
54 221
60 221
66 220
72 220
78 220
84 220
90 220
96 220
102 220
108 220
114 220
120 220
126 220
132 221
138 221
144 221
150 221
156 221
162 221
168 221
174 220
180 220
186 220
192 220
198 220
204 220
210 220
216 220
222 220
228 220
234 220
240 220
246 220
252 220
258 221
264 221
270 221
276 221
282 221
288 221
294 221
300 221
306 220
312 220
318 220
324 220
330 220
336 220
342 220
348 221
354 221
360 221
366 221
372 221
378 221
384 221
390 221
396 221
402 221
408 221
414 221
420 220
426 220
432 220
438 220
444 221
450 221
456 221
462 221
468 221
474 221
480 221
486 220
492 220
498 220
504 220
510 220
516 220
522 220
528 220
534 220
540 220
546 220
552 220
558 220
564 220
570 220
576 220
582 220
588 220
594 221
600 221
606 221
612 221
618 221
624 221
630 220
636 220
642 220
648 220
654 220
660 220
666 220
672 221
678 221
684 221
690 221
696 221
702 221
708 221
714 221
720 221
726 221
732 221
738 221
744 221
750 221
756 220
762 220
768 220
774 220
780 220
786 220
792 221
798 221
804 221
810 221
816 221
822 220
828 220
834 220
840 220
846 220
852 220
858 220
864 220
870 220
876 220
882 220
888 220
894 220
900 220
906 220
912 220
918 220
924 220
930 220
936 221
942 221
948 221
954 221
960 221
966 221
972 221
978 221
984 221
990 221
996 221
1002 220
1008 220
1014 220
1020 220
1026 220
1032 220
1038 220
1044 220
1050 220
1056 220
1062 220
1068 220
1074 220
1080 220
1086 220
1092 221
1098 221
1104 221
1110 221
1116 221
1122 221
1128 221
1134 221
1140 221
1146 221
1152 221
1158 220
1164 220
1170 220
1176 220
1182 220
1188 220
