0 198
6 199
12 199
18 200
24 200
30 200
36 200
42 200
48 200
54 199
60 198
66 198
72 197
78 197
84 196
90 196
96 196
102 196
108 197
114 197
120 198
126 198
132 198
138 199
144 199
150 199
156 199
162 199
168 199
174 198
180 198
186 198
192 198
198 197
204 197
210 197
216 197
222 197
228 196
234 197
240 197
246 197
252 198
258 199
264 199
270 200
276 200
282 200
288 200
294 199
300 199
306 198
312 198
318 197
324 197
330 197
336 197
342 198
348 198
354 198
360 199
366 199
372 199
378 199
384 199
390 199
396 199
402 199
408 198
414 198
420 198
426 198
432 198
438 198
444 198
450 199
456 199
462 199
468 199
474 199
480 198
486 198
492 198
498 198
504 197
510 197
516 197
522 197
528 197
534 196
540 196
546 196
552 196
558 196
564 197
570 197
576 197
582 198
588 198
594 199
600 199
606 199
612 199
618 199
624 198
630 198
636 198
642 198
648 198
654 198
660 198
666 198
672 198
678 198
684 199
690 200
696 200
702 201
708 201
714 201
720 201
726 201
732 200
738 199
744 199
750 198
756 197
762 197
768 197
774 197
780 198
786 198
792 198
798 199
804 199
810 199
816 199
822 198
828 198
834 197
840 197
846 197
852 197
858 196
864 196
870 196
876 196
882 197
888 197
894 197
900 197
906 197
912 197
918 197
924 198
930 198
936 199
942 199
948 200
954 200
960 201
966 201
972 201
978 200
984 200
990 199
996 199
1002 198
1008 197
1014 197
1020 196
1026 196
1032 196
1038 195
1044 195
1050 196
1056 196
1062 196
1068 197
1074 197
1080 198
1086 198
1092 199
1098 199
1104 200
1110 200
1116 200
1122 200
1128 200
1134 199
1140 199
1146 199
1152 198
1158 198
1164 197
1170 197
1176 197
1182 197
1188 197
