0 248
4 245
7 241
10 237
13 233
15 229
17 225
18 221
20 217
21 213
22 209
23 205
24 201
24 197
25 193
25 189
24 185
23 181
21 177
17 174
13 172
9 171
5 172
1 174
1197 178
1194 182
1190 186
1186 188
1182 188
1178 186
1175 182
1173 178
1172 174
1172 170
1172 166
1173 162
1175 158
1177 154
1179 150
1182 146
1186 142
1190 139
1194 137
1198 136
2 135
6 134
10 134
14 135
18 136
22 137
26 139
30 141
34 143
38 146
42 149
46 152
50 155
54 159
58 163
62 167
65 171
68 175
71 179
74 183
76 187
78 191
80 195
81 199
82 203
81 207
77 211
73 210
69 206
66 202
63 198
59 194
55 193
51 195
49 199
47 203
46 207
45 211
44 215
44 219
43 223
43 227
43 231
44 235
44 239
46 243
48 247
51 251
55 254
59 256
63 257
67 257
71 257
75 256
79 255
83 253
87 252
91 250
95 248
99 246
103 244
107 241
111 239
115 236
119 233
123 229
126 225
129 221
132 217
133 213
135 209
136 205
136 201
136 197
136 193
136 189
135 185
134 181
133 177
132 173
130 169
128 165
126 161
123 157
120 153
116 151
112 150
108 153
107 157
107 161
108 165
108 169
109 173
108 177
104 181
100 177
97 173
94 169
91 165
89 161
87 157
85 153
83 149
81 145
80 141
79 137
78 133
78 129
78 125
79 121
80 117
82 113
84 109
88 105
92 102
96 100
100 98
104 97
108 96
112 96
116 97
120 97
124 99
128 101
132 103
136 107
140 111
142 115
144 119
146 123
147 127
147 131
148 135
148 139
149 143
149 147
150 151
150 155
151 159
152 163
153 167
154 171
155 175
156 179
157 183
158 187
159 191
159 195
160 199
160 203
160 207
161 211
160 215
160 219
160 223
159 227
158 231
158 235
157 239
153 243
156 247
157 243
153 246
153 250
155 254
153 258
153 262
155 258
158 254
156 250
152 252
150 248
146 244
142 248
138 252
134 255
130 259
126 263
123 267
120 271
118 275
116 279
115 283
114 287
113 291
114 295
114 299
115 303
117 307
119 311
122 315
126 319
130 322
134 324
138 326
142 328
146 329
150 329
154 330
158 330
162 329
166 329
170 328
174 326
178 324
182 322
186 318
190 314
192 310
194 306
195 302
196 298
196 294
196 290
196 286
195 282
194 278
193 274
191 270
190 266
188 262
187 258
185 254
184 250
183 246
182 242
182 238
182 234
183 230
179 230
175 232
176 228
177 224
177 220
178 216
179 212
179 208
180 204
181 200
182 196
183 192
184 188
185 184
186 180
187 176
188 172
189 168
190 164
191 160
191 156
192 152
193 148
194 144
195 140
196 136
198 132
201 128
203 124
207 120
211 117
215 115
219 113
223 112
227 112
231 112
235 112
239 113
243 115
247 117
251 120
255 124
258 128
261 132
263 136
264 140
265 144
266 148
266 152
266 156
265 160
264 164
263 168
261 172
259 176
256 180
253 184
249 188
245 191
241 195
237 198
233 201
229 203
228 199
228 195
229 191
230 187
231 183
232 179
232 175
228 171
224 172
220 176
216 180
214 184
212 188
210 192
208 196
207 200
206 204
205 208
204 212
204 216
203 220
204 224
204 228
205 232
205 236
207 240
208 244
210 248
213 252
215 256
218 260
221 264
224 268
228 272
231 276
234 280
238 284
241 288
245 292
249 296
253 298
257 301
261 303
265 304
269 304
273 305
277 304
281 303
285 302
289 300
293 297
297 293
299 289
301 285
303 281
304 277
304 273
304 269
304 265
303 261
302 257
300 253
298 249
294 245
290 243
286 242
282 243
278 246
275 250
273 254
271 258
267 262
263 262
259 262
255 260
251 258
247 254
245 250
244 246
243 242
244 238
245 234
247 230
250 226
253 222
257 218
261 215
265 212
269 209
273 207
277 205
281 203
285 201
289 199
293 198
297 197
301 196
305 196
309 196
313 196
317 196
321 197
325 197
329 198
333 200
337 201
341 203
345 205
349 208
353 210
357 213
361 216
365 219
368 223
370 227
370 231
366 233
362 233
358 232
354 231
350 229
346 228
342 228
338 229
335 233
336 237
337 241
339 245
341 249
344 253
348 257
352 260
356 263
360 264
364 266
368 267
372 267
376 267
380 266
384 266
388 265
392 263
396 261
400 259
404 257
408 254
412 251
416 247
420 243
423 239
426 235
429 231
431 227
433 223
434 219
435 215
435 211
435 207
435 203
434 199
433 195
432 191
429 187
427 183
423 179
419 175
415 172
411 170
407 169
403 168
399 169
396 173
396 177
396 181
397 185
397 189
397 193
393 196
389 195
385 193
381 191
377 188
373 184
369 180
365 176
362 172
360 168
358 164
357 160
356 156
356 152
355 148
356 144
356 140
357 136
358 132
360 128
362 124
364 120
367 116
371 112
375 109
379 107
383 104
387 103
391 102
395 101
399 100
403 100
407 101
411 101
415 102
419 104
423 105
427 108
431 111
435 114
439 118
442 122
445 126
448 130
450 134
452 138
454 142
456 146
459 150
461 154
463 158
465 162
468 166
470 170
472 174
475 178
477 182
479 186
481 190
483 194
485 198
486 202
488 206
489 210
491 214
492 218
493 222
493 226
494 230
495 234
495 238
495 242
496 246
496 250
496 254
496 258
496 262
496 266
496 270
496 274
495 278
495 282
495 286
495 290
494 294
494 298
493 302
491 306
487 309
483 309
479 305
478 301
478 297
478 293
478 289
478 285
478 281
478 277
478 273
478 269
477 265
477 261
475 257
471 255
467 256
463 259
459 263
456 267
454 271
451 275
449 279
447 283
446 287
444 291
443 295
442 299
442 303
442 307
442 311
443 315
444 319
445 323
447 327
450 331
453 335
457 339
461 343
465 345
469 348
473 350
477 351
481 352
485 353
489 354
493 355
497 355
501 355
505 355
509 354
513 354
517 353
521 351
525 350
529 348
533 346
537 343
541 339
545 335
548 331
550 327
551 323
552 319
553 315
553 311
552 307
552 303
550 299
549 295
547 291
544 287
541 283
538 279
534 275
531 271
527 267
525 263
523 259
522 255
521 251
520 247
520 243
520 239
519 235
519 231
518 227
518 223
518 219
518 215
518 211
518 207
518 203
518 199
518 195
518 191
518 187
518 183
518 179
518 175
518 171
517 167
517 163
517 159
517 155
516 151
516 147
515 143
515 139
515 135
515 131
515 127
515 123
516 119
517 115
518 111
520 107
522 103
525 99
528 95
532 92
536 89
540 87
544 85
548 84
552 83
556 83
560 83
564 83
568 84
572 85
576 87
580 89
584 91
588 95
592 99
595 103
598 107
600 111
601 115
603 119
604 123
604 127
605 131
605 135
605 139
605 143
605 147
604 151
604 155
603 159
602 163
601 167
600 171
598 175
597 179
595 183
592 187
588 191
584 192
580 189
578 185
578 181
577 177
577 173
578 169
578 165
579 161
579 157
579 153
579 149
578 145
576 141
573 137
569 135
565 135
561 137
557 140
554 144
552 148
550 152
549 156
547 160
546 164
546 168
545 172
544 176
544 180
544 184
543 188
543 192
543 196
543 200
543 204
544 208
544 212
545 216
546 220
547 224
548 228
550 232
552 236
554 240
557 244
560 248
564 252
568 256
572 260
576 263
580 266
584 269
588 272
592 275
596 277
600 279
604 281
608 283
612 284
616 286
620 286
624 287
628 287
632 287
636 286
640 285
644 284
648 282
652 279
656 276
660 273
663 269
667 265
669 261
672 257
674 253
676 249
678 245
680 241
681 237
683 233
684 229
685 225
687 221
688 217
688 213
689 209
690 205
690 201
690 197
689 193
688 189
684 185
680 184
676 185
672 187
668 191
666 195
663 199
661 203
659 207
655 211
651 213
647 212
644 208
643 204
642 200
642 196
643 192
643 188
644 184
645 180
647 176
648 172
650 168
652 164
654 160
657 156
659 152
663 148
666 144
670 141
674 138
678 136
682 134
686 132
690 131
694 131
698 131
702 131
706 131
710 132
714 133
718 135
722 136
726 138
730 141
734 143
738 146
742 149
746 152
750 155
754 158
758 162
762 166
766 170
769 174
772 178
775 182
778 186
780 190
782 194
783 198
785 202
786 206
786 210
786 214
786 218
786 222
785 226
784 230
782 234
780 238
777 242
773 245
769 247
765 248
761 248
757 245
755 241
755 237
755 233
756 229
756 225
756 221
756 217
755 213
752 209
748 205
744 204
740 204
736 206
732 210
729 214
727 218
725 222
724 226
723 230
722 234
721 238
720 242
719 246
719 250
719 254
718 258
718 262
719 266
719 270
720 274
721 278
722 282
724 286
726 290
729 294
733 298
737 301
741 303
745 305
749 306
753 306
757 306
761 306
765 305
769 303
773 301
777 299
781 296
785 292
788 288
792 284
795 280
798 276
801 272
804 268
807 264
810 260
813 256
815 252
817 248
819 244
820 240
821 236
822 232
822 228
823 224
823 220
824 216
824 212
824 208
824 204
824 200
824 196
824 192
824 188
824 184
824 180
823 176
823 172
823 168
824 164
824 160
824 156
824 152
825 148
825 144
825 140
825 136
825 132
825 128
825 124
825 120
824 116
823 112
821 108
817 104
813 105
809 108
807 112
807 116
806 120
807 124
807 128
808 132
809 136
809 140
810 144
810 148
810 152
810 156
810 160
810 164
810 168
806 170
803 166
801 162
798 158
795 154
792 150
790 146
787 142
784 138
782 134
780 130
778 126
777 122
776 118
775 114
774 110
774 106
774 102
775 98
776 94
778 90
779 86
782 82
785 78
789 74
793 71
797 68
801 66
805 64
809 63
813 61
817 61
821 60
825 60
829 60
833 60
837 61
841 61
845 62
849 64
853 66
857 68
861 70
865 73
869 77
872 81
875 85
877 89
879 93
880 97
881 101
882 105
882 109
882 113
881 117
880 121
878 125
876 129
872 133
868 137
864 139
860 141
856 142
852 142
848 140
845 136
844 132
845 128
845 124
845 120
845 116
841 115
840 119
840 123
840 127
839 131
839 135
838 139
836 143
835 147
834 151
833 155
833 159
832 163
832 167
832 171
832 175
832 179
832 183
833 187
834 191
834 195
835 199
836 203
837 207
838 211
839 215
841 219
842 223
844 227
845 231
847 235
848 239
850 243
851 247
852 251
853 255
854 259
855 263
856 267
856 271
856 275
856 279
854 283
851 287
847 290
844 294
841 298
840 302
839 306
839 310
839 314
840 318
842 322
844 326
847 330
850 334
854 337
858 339
862 341
866 343
870 344
874 345
878 345
882 346
886 345
890 345
894 344
898 343
902 342
906 340
910 337
914 334
918 330
921 326
923 322
925 318
926 314
926 310
926 306
925 302
925 298
923 294
922 290
920 286
918 282
916 278
914 274
912 270
910 266
907 262
905 258
903 254
900 250
898 246
895 242
893 238
889 235
885 237
884 241
884 245
885 249
885 253
886 257
886 261
887 265
888 269
889 273
889 277
890 281
891 285
891 289
890 293
886 296
882 294
879 290
878 286
876 282
875 278
874 274
873 270
872 266
871 262
870 258
869 254
868 250
866 246
865 242
864 238
863 234
862 230
861 226
860 222
859 218
859 214
858 210
858 206
858 202
859 198
860 194
862 190
864 186
868 182
872 179
876 176
880 174
884 172
888 170
892 169
896 167
900 166
904 165
908 163
912 162
916 161
920 160
924 160
928 159
932 159
936 159
940 159
944 160
948 162
952 164
956 168
960 172
963 176
965 180
967 184
968 188
970 192
971 196
971 200
972 204
972 208
972 212
972 216
971 220
971 224
969 228
967 232
963 234
959 234
955 232
952 228
949 224
947 220
945 216
944 212
942 208
939 204
936 200
932 198
928 197
924 196
920 198
916 201
914 205
914 209
914 213
915 217
916 221
917 225
919 229
921 233
923 237
926 241
928 245
931 249
934 253
937 257
940 261
943 265
947 269
951 273
955 277
959 280
963 283
967 286
971 288
975 290
979 292
983 293
987 294
991 295
995 295
999 295
1003 294
1007 293
1011 291
1015 289
1019 285
1022 281
1023 277
1025 273
1026 269
1026 265
1026 261
1026 257
1026 253
1025 249
1025 245
1024 241
1023 237
1022 233
1022 229
1021 225
1020 221
1020 217
1019 213
1019 209
1018 205
1018 201
1018 197
1018 193
1018 189
1018 185
1018 181
1019 177
1019 173
1015 169
1013 173
1012 177
1011 181
1010 185
1009 189
1008 193
1007 197
1005 193
1002 197
1002 193
1002 189
1002 185
1002 181
1002 177
1002 173
1002 169
1002 165
1002 161
1002 157
1002 153
1003 149
1003 145
1004 141
1005 137
1006 133
1008 129
1010 125
1012 121
1015 117
1019 113
1023 109
1027 106
1031 104
1035 102
1039 101
1043 100
1047 99
1051 99
1055 99
1059 99
1063 100
1067 101
1071 103
1075 105
1079 108
1083 111
1086 115
1089 119
1092 123
1094 127
1095 131
1096 135
1097 139
1098 143
1098 147
1098 151
1097 155
1096 159
1095 163
1093 167
1091 171
1088 175
1084 178
1080 180
1076 180
1072 178
1070 174
1069 170
1069 166
1069 162
1069 158
1068 154
1066 150
1062 146
1058 145
1054 145
1050 147
1046 151
1044 155
1042 159
1040 163
1039 167
1038 171
1038 175
1037 179
1037 183
1036 187
1036 191
1037 195
1037 199
1037 203
1038 207
1039 211
1040 215
1041 219
1042 223
1043 227
1045 231
1047 235
1048 239
1050 243
1052 247
1055 251
1057 255
1060 259
1062 263
1065 267
1069 271
1073 275
1077 278
1081 281
1085 283
1089 284
1093 285
1097 285
1101 284
1105 282
1109 280
1112 276
1114 272
1115 268
1114 264
1111 260
1107 257
1103 256
1099 254
1095 253
1091 250
1089 246
1088 242
1089 238
1091 234
1095 231
1099 229
1103 228
1107 227
1111 226
1115 225
1119 225
1123 225
1127 225
1131 225
1135 225
1139 226
1143 227
1147 227
1151 229
1155 230
1159 232
1163 235
1167 239
1170 243
1174 247
1178 250
1182 252
1186 252
1190 252
1194 251
