0 256
2 251
4 246
6 241
7 236
8 231
10 226
10 221
10 216
9 211
5 206
0 205
1195 207
1190 212
1188 217
1185 222
1182 227
1179 232
1174 236
1169 235
1165 230
1163 225
1161 220
1160 215
1159 210
1158 205
1158 200
1157 195
1157 190
1158 185
1158 180
1159 175
1160 170
1162 165
1165 160
1168 155
1171 150
1176 145
1181 142
1186 139
1191 136
1196 135
1 134
6 134
11 134
16 134
21 135
26 137
31 139
36 141
41 144
46 147
51 150
56 153
61 157
66 161
71 165
76 170
81 174
86 179
90 184
95 189
99 194
102 199
105 204
108 209
109 214
111 219
112 224
112 229
111 234
110 239
108 244
106 249
102 254
97 259
92 261
87 262
82 261
77 256
75 251
73 246
72 241
70 236
68 231
66 226
61 221
56 219
51 219
46 224
43 229
41 234
39 239
38 244
37 249
36 254
35 259
35 264
34 269
34 274
34 279
35 284
35 289
37 294
38 299
40 304
43 309
47 314
52 319
57 322
62 325
67 326
72 328
77 328
82 328
87 328
92 327
97 325
102 323
107 320
112 316
117 311
120 306
123 301
125 296
127 291
128 286
130 281
131 276
133 271
135 266
137 261
139 256
141 251
142 246
144 241
146 236
147 231
148 226
149 221
150 216
151 211
152 206
152 201
153 196
153 191
154 186
154 181
155 176
155 171
156 166
157 161
157 156
158 151
158 146
159 141
159 136
159 131
159 126
159 121
159 116
159 111
158 106
153 102
148 104
145 109
143 114
142 119
141 124
140 129
140 134
139 139
139 144
139 149
139 154
139 159
139 164
139 169
138 174
137 179
133 184
128 179
125 174
122 169
118 164
115 159
112 154
108 149
106 144
103 139
101 134
99 129
97 124
96 119
96 114
95 109
96 104
96 99
98 94
100 89
102 84
105 79
109 74
114 69
119 65
124 62
129 60
134 57
139 56
144 54
149 53
154 53
159 52
164 52
169 53
174 53
179 54
184 56
189 57
194 59
199 62
204 65
209 69
214 73
218 78
222 83
225 88
227 93
229 98
230 103
231 108
232 113
232 118
232 123
231 128
229 133
227 138
225 143
221 148
216 153
211 157
206 160
201 163
196 165
191 166
186 167
183 162
183 157
183 152
184 147
185 142
186 137
186 132
186 127
186 122
185 117
183 112
179 107
174 107
173 112
173 117
173 122
173 127
172 132
172 137
171 142
170 147
170 152
168 157
167 162
166 167
164 172
163 177
163 182
162 187
162 192
162 197
162 202
162 207
162 212
163 217
163 222
164 227
165 232
166 237
168 242
169 247
171 252
173 257
175 262
178 267
180 272
183 277
185 282
187 287
189 292
190 297
191 302
191 307
191 312
192 317
194 322
197 327
201 332
206 337
211 340
216 343
221 345
226 346
231 347
236 347
241 347
246 347
251 346
256 345
261 343
266 340
271 337
276 334
281 329
285 324
288 319
290 314
292 309
293 304
294 299
294 294
293 289
292 284
290 279
287 274
283 269
278 265
273 263
268 262
263 262
258 263
253 267
250 272
246 277
244 282
241 287
237 292
232 296
227 296
222 295
217 293
212 288
207 283
203 278
200 273
198 268
195 263
193 258
192 253
190 248
189 243
189 238
189 233
190 228
191 223
193 218
196 213
201 208
206 205
211 202
216 199
221 198
226 196
231 195
236 194
241 193
246 193
251 193
256 194
261 196
266 199
271 204
276 209
281 213
286 215
291 217
296 218
301 219
306 219
311 220
316 220
321 220
326 220
331 219
336 219
341 218
346 217
351 216
356 215
361 214
366 213
371 211
376 209
381 206
386 203
390 198
392 193
391 188
386 183
381 181
376 180
371 178
366 174
364 169
364 164
366 159
371 154
376 151
381 149
386 149
391 148
396 149
401 150
406 151
411 153
416 155
421 158
426 161
431 163
436 167
441 170
446 174
451 177
456 182
461 187
465 192
468 197
471 202
473 207
474 212
475 217
475 222
475 227
474 232
473 237
471 242
469 247
467 252
464 257
460 262
456 267
451 271
446 274
441 274
436 272
432 267
430 262
428 257
426 252
424 247
420 242
415 240
410 241
405 242
400 246
395 250
391 255
388 260
386 265
385 270
384 275
384 280
385 285
386 290
388 295
390 300
393 305
397 310
402 315
407 319
412 322
417 324
422 326
427 327
432 327
437 327
442 327
447 325
452 324
457 321
462 318
467 313
471 308
473 303
475 298
477 293
478 288
478 283
479 278
480 273
482 268
483 263
485 258
487 253
490 248
492 243
494 238
496 233
497 228
499 223
501 218
502 213
503 208
504 203
504 198
504 193
504 188
504 183
503 178
503 173
503 168
503 163
503 158
502 153
502 148
503 143
503 138
502 133
497 130
494 135
493 140
493 145
493 150
494 155
494 160
494 165
494 170
493 175
488 173
485 168
481 163
476 159
471 155
466 150
461 145
457 140
453 135
450 130
448 125
447 120
446 115
447 110
447 105
449 100
451 95
453 90
457 85
462 80
467 76
472 72
477 70
482 68
487 66
492 65
497 65
502 64
507 64
512 65
517 66
522 67
527 68
532 70
537 73
542 76
547 80
552 85
556 90
560 95
563 100
566 105
568 110
570 115
572 120
573 125
575 130
576 135
577 140
578 145
578 150
579 155
580 160
580 165
580 170
581 175
581 180
581 185
580 190
579 195
577 200
572 205
567 204
562 199
560 194
559 189
558 184
556 179
555 174
553 169
551 164
549 159
547 154
545 149
543 144
541 139
539 134
537 129
534 124
529 120
524 120
521 125
520 130
521 135
521 140
522 145
522 150
522 155
523 160
523 165
524 170
524 175
524 180
525 185
525 190
526 195
526 200
526 205
527 210
527 215
528 220
529 225
530 230
531 235
533 240
535 245
538 250
540 255
544 260
548 265
553 270
558 274
563 278
568 281
573 284
578 287
583 289
588 292
593 294
598 296
603 298
608 301
613 303
618 305
623 307
628 309
633 311
638 312
643 313
648 313
653 313
658 312
663 311
668 309
673 306
678 303
683 299
688 294
692 289
695 284
697 279
699 274
701 269
702 264
704 259
705 254
706 249
706 244
707 239
708 234
708 229
708 224
709 219
709 214
709 209
709 204
709 199
708 194
708 189
707 184
707 179
706 174
705 169
704 164
703 159
701 154
700 149
698 144
696 139
692 134
687 132
682 133
677 138
675 143
674 148
673 153
672 158
671 163
669 168
667 173
666 178
664 183
663 188
663 193
662 198
662 203
660 208
657 213
652 216
647 217
642 215
637 212
633 207
630 202
628 197
627 192
627 187
626 182
626 177
626 172
626 167
627 162
627 157
628 152
629 147
630 142
631 137
632 132
633 127
635 122
637 117
640 112
643 107
646 102
650 97
655 92
660 88
665 85
670 83
675 81
680 80
685 79
690 79
695 80
700 81
705 83
710 85
715 88
720 92
725 97
729 102
732 107
735 112
737 117
739 122
741 127
743 132
744 137
746 142
747 147
749 152
750 157
752 162
754 167
756 172
758 177
760 182
762 187
764 192
766 197
768 202
771 207
773 212
776 217
779 222
782 227
785 232
789 237
792 242
795 247
790 251
785 248
780 243
776 238
772 233
769 228
766 223
763 218
760 213
758 208
755 203
753 198
750 193
748 188
746 183
744 178
742 173
739 168
737 163
734 158
731 153
727 148
723 153
725 158
727 163
729 168
730 173
732 178
733 183
734 188
734 193
735 198
736 203
736 208
737 213
737 218
738 223
739 228
739 233
740 238
741 243
743 248
744 253
746 258
749 263
752 268
757 273
762 277
767 280
772 282
777 283
782 284
787 285
792 285
797 285
802 285
807 285
812 284
817 283
822 282
827 281
832 280
837 279
842 277
847 275
852 273
857 271
862 268
867 265
871 260
874 255
875 250
875 245
874 240
872 235
870 230
867 225
864 220
860 215
855 210
850 205
845 200
840 195
836 190
832 185
828 180
825 175
823 170
821 165
818 160
813 160
811 165
811 170
812 175
812 180
813 185
814 190
815 195
817 200
818 205
819 210
820 215
821 220
822 225
823 230
824 235
824 240
822 245
817 247
812 244
809 239
807 234
804 229
801 224
799 219
796 214
794 209
791 204
789 199
787 194
786 189
784 184
783 179
781 174
780 169
779 164
779 159
778 154
778 149
778 144
778 139
778 134
779 129
780 124
781 119
782 114
784 109
786 104
788 99
792 94
796 89
801 85
806 82
811 79
816 78
821 77
826 77
831 78
836 79
841 81
846 83
851 87
856 92
859 97
862 102
864 107
865 112
865 117
865 122
864 127
861 132
857 137
852 139
847 139
842 137
837 136
832 137
828 142
827 147
828 152
830 157
832 162
835 167
838 172
842 177
846 182
851 186
856 190
861 194
866 198
871 202
876 207
881 212
884 217
888 222
890 227
893 232
898 227
897 222
896 217
895 212
894 207
893 202
893 197
892 192
892 187
892 182
892 177
893 172
894 167
896 162
899 157
903 152
907 147
912 142
917 137
922 132
926 127
931 122
935 117
938 112
940 107
940 102
935 97
932 92
931 87
932 82
934 77
937 72
941 67
946 63
951 59
956 57
961 54
966 53
971 52
976 51
981 51
986 51
991 51
996 52
1001 54
1006 55
1011 58
1016 61
1021 64
1026 69
1031 74
1034 79
1036 84
1038 89
1040 94
1040 99
1041 104
1040 109
1039 114
1038 119
1035 124
1031 129
1026 134
1021 137
1016 139
1011 141
1006 142
1001 143
996 144
991 145
986 145
981 144
978 139
978 134
978 129
979 124
979 119
979 114
978 109
973 104
968 103
963 105
958 108
953 113
949 118
945 123
941 128
937 133
933 138
929 143
925 148
922 153
919 158
916 163
914 168
912 173
911 178
910 183
910 188
910 193
910 198
911 203
912 208
914 213
916 218
918 223
922 228
927 232
932 234
937 235
942 234
947 234
952 232
957 231
962 229
967 227
972 224
977 221
982 216
985 211
986 206
984 201
981 196
978 191
979 186
981 181
986 178
991 175
996 174
1001 173
1006 173
1011 172
1016 172
1021 172
1026 172
1031 172
1036 172
1041 172
1046 172
1051 173
1056 173
1061 174
1066 174
1071 175
1076 177
1081 178
1086 180
1091 183
1096 186
1101 190
1106 195
1111 200
1115 205
1118 210
1121 215
1124 220
1126 225
1128 230
1130 235
1131 240
1132 245
1131 250
1130 255
1126 260
1121 262
1116 262
1111 260
1106 257
1101 252
1096 248
1091 244
1086 241
1081 240
1076 242
1072 247
1070 252
1069 257
1069 262
1070 267
1071 272
1073 277
1075 282
1078 287
1082 292
1087 297
1092 302
1097 305
1102 308
1107 311
1112 312
1117 314
1122 315
1127 315
1132 315
1137 315
1142 314
1147 312
1152 311
1157 308
1162 305
1167 302
1172 297
1177 292
1181 287
1185 282
1189 277
1192 272
1194 267
1197 262
