0 305
4 311
9 317
15 323
21 326
27 329
33 331
39 331
45 331
51 331
57 329
63 326
69 322
75 316
78 310
80 304
81 298
82 292
81 286
80 280
79 274
78 268
76 262
74 256
72 250
70 244
69 238
68 232
67 226
67 220
67 214
67 208
61 203
62 197
68 196
63 190
69 185
68 191
64 185
65 179
69 173
69 179
73 185
72 191
72 197
67 203
61 207
55 213
55 219
58 225
59 219
60 213
55 207
55 201
55 195
55 189
54 183
53 177
51 171
50 165
48 159
47 153
46 147
45 141
45 135
45 129
46 123
48 117
51 111
54 105
60 99
66 94
72 90
78 88
84 87
90 86
96 87
102 88
108 90
114 94
120 99
125 105
129 111
132 117
134 123
135 129
136 135
137 141
137 147
137 153
137 159
137 165
136 171
136 177
135 183
134 189
133 195
132 201
129 207
123 208
120 202
118 196
117 190
116 184
116 178
116 172
115 166
114 160
112 154
108 148
102 147
97 153
95 159
94 165
93 171
92 177
92 183
92 189
91 195
91 201
92 207
92 213
93 219
95 225
96 231
99 237
101 243
104 249
107 255
111 261
115 267
119 273
124 279
130 285
136 290
142 293
148 295
154 297
160 297
166 296
172 294
178 291
184 286
189 280
193 274
196 268
198 262
200 256
201 250
202 244
202 238
202 232
202 226
202 220
201 214
201 208
200 202
200 196
200 190
199 184
199 178
199 172
199 166
198 160
192 157
188 163
186 169
184 175
182 181
181 187
179 193
178 199
176 205
175 211
169 215
167 209
166 203
166 197
167 191
167 185
168 179
169 173
170 167
171 161
172 155
173 149
175 143
176 137
178 131
181 125
184 119
187 113
191 107
197 101
203 96
209 92
215 89
221 87
227 86
233 86
239 87
245 88
251 90
257 94
263 99
268 105
271 111
273 117
274 123
274 129
273 135
271 141
267 147
263 153
258 159
252 165
246 170
240 176
234 182
229 176
230 170
231 164
231 158
225 156
223 162
222 168
221 174
221 180
221 186
221 192
221 198
222 204
222 210
223 216
225 222
226 228
228 234
230 240
232 246
233 252
235 258
236 264
236 270
237 276
238 282
238 288
239 294
241 300
244 306
249 312
255 317
261 321
267 323
273 324
279 324
285 324
291 322
297 319
303 315
308 309
311 303
312 297
312 291
311 285
310 279
307 273
304 267
301 261
297 255
293 249
289 243
284 237
278 232
273 238
273 244
274 250
275 256
276 262
270 268
276 266
270 263
264 261
260 255
257 249
255 243
253 237
251 231
251 225
250 219
251 213
252 207
255 201
259 195
264 189
270 184
276 180
282 176
288 173
294 169
300 166
306 163
312 159
318 155
324 152
330 149
336 147
342 145
348 145
354 147
360 150
366 155
370 161
373 167
374 173
375 179
374 185
371 191
367 197
361 203
355 205
349 205
343 199
341 193
335 187
329 186
323 186
317 188
311 191
305 196
302 202
301 208
302 214
305 220
307 226
311 232
315 238
320 244
325 250
331 256
337 262
343 267
349 271
355 275
361 278
367 279
373 280
379 280
385 278
391 274
396 268
397 262
395 256
389 252
385 246
386 240
392 234
398 230
404 226
410 223
416 221
422 220
428 218
434 218
440 218
446 218
452 219
458 220
464 222
470 226
476 232
478 238
477 244
471 250
465 254
462 260
462 266
465 272
470 278
476 282
482 283
488 284
494 283
500 280
506 277
512 271
516 265
520 259
523 253
525 247
526 241
528 235
529 229
530 223
531 217
532 211
533 205
533 199
534 193
534 187
534 181
534 175
534 169
534 163
534 157
533 151
533 145
532 139
531 133
529 127
525 121
519 117
513 119
507 124
504 130
503 136
503 142
503 148
503 154
501 160
495 164
489 162
483 157
479 151
477 145
475 139
474 133
474 127
474 121
475 115
477 109
479 103
482 97
486 91
491 85
497 79
503 75
509 71
515 69
521 67
527 66
533 65
539 65
545 65
551 66
557 67
563 69
569 72
575 75
581 80
587 86
592 92
595 98
597 104
599 110
600 116
600 122
599 128
598 134
596 140
594 146
591 152
587 158
584 164
579 170
573 165
572 159
572 153
572 147
572 141
571 135
570 129
567 123
561 120
555 126
554 132
553 138
553 144
553 150
553 156
553 162
553 168
553 174
553 180
553 186
553 192
554 198
554 204
555 210
556 216
557 222
558 228
559 234
560 240
562 246
564 252
567 258
572 264
578 270
584 273
590 275
596 276
602 276
608 275
614 274
620 271
626 269
632 265
638 261
644 256
650 250
654 244
657 238
659 232
660 226
659 220
656 214
651 208
645 206
639 207
633 212
629 218
624 224
618 226
612 224
608 218
607 212
607 206
608 200
611 194
614 188
618 182
623 176
629 170
635 165
641 161
647 158
653 156
659 155
665 156
671 157
677 160
683 165
687 171
689 177
691 183
692 189
693 195
694 201
695 207
696 213
697 219
699 225
700 231
701 237
702 243
703 249
704 255
705 261
706 267
706 273
706 279
706 285
706 291
706 297
706 303
706 309
706 315
706 321
705 327
701 333
695 332
691 326
689 320
689 314
689 308
689 302
689 296
688 290
686 284
680 282
674 286
668 292
663 298
660 304
658 310
657 316
657 322
658 328
660 334
663 340
668 346
674 351
680 355
686 358
692 361
698 362
704 364
710 364
716 364
722 364
728 363
734 361
740 359
746 356
752 352
758 347
763 341
767 335
770 329
772 323
774 317
774 311
773 305
772 299
769 293
765 287
759 282
753 279
747 278
741 283
740 289
740 295
740 301
741 307
741 313
740 319
738 325
734 331
728 332
724 326
722 320
721 314
720 308
720 302
719 296
719 290
718 284
718 278
718 272
717 266
717 260
718 254
718 248
718 242
719 236
720 230
721 224
722 218
724 212
725 206
727 200
729 194
731 188
733 182
736 176
742 170
748 166
754 165
760 165
766 166
772 168
778 172
784 176
790 182
796 188
800 194
804 200
807 206
808 212
804 218
798 219
792 217
786 213
780 209
774 206
768 205
762 208
758 214
757 220
759 226
764 232
770 237
776 240
782 243
788 246
794 248
800 249
806 250
812 251
818 252
824 252
830 251
836 250
842 248
848 246
854 244
860 241
866 237
872 233
878 228
884 222
890 216
894 210
898 204
901 198
903 192
904 186
903 180
902 174
899 168
894 162
888 157
882 153
876 151
870 150
864 151
858 155
856 161
856 167
857 173
858 179
857 185
851 189
845 189
839 185
833 179
829 173
825 167
822 161
819 155
817 149
816 143
815 137
815 131
816 125
818 119
820 113
824 107
829 101
835 96
841 92
847 90
853 88
859 87
865 87
871 88
877 89
883 91
889 93
895 97
901 101
907 106
913 112
918 118
923 124
928 130
933 136
938 142
943 148
947 154
951 160
956 166
959 172
963 178
966 184
969 190
971 196
973 202
974 208
975 214
975 220
975 226
975 232
975 238
974 244
973 250
972 256
971 262
970 268
969 274
968 280
966 286
965 292
962 298
958 304
952 308
946 307
942 301
941 295
942 289
945 283
947 277
948 271
949 265
950 259
950 253
950 247
950 241
945 235
939 235
933 238
927 244
921 250
916 256
912 262
908 268
905 274
902 280
900 286
898 292
897 298
897 304
897 310
898 316
900 322
902 328
906 334
910 340
916 346
922 350
928 353
934 356
940 358
946 359
952 360
958 361
964 361
970 360
976 359
982 358
988 355
994 353
1000 349
1006 344
1011 338
1014 332
1017 326
1018 320
1019 314
1019 308
1018 302
1017 296
1016 290
1014 284
1012 278
1010 272
1008 266
1007 260
1007 254
1006 248
1007 242
1007 236
1008 230
1009 224
1010 218
1011 212
1012 206
1013 200
1007 204
1004 198
1004 192
1008 198
1014 195
1015 189
1016 183
1017 177
1011 175
1012 169
1018 168
1012 163
1013 157
1019 159
1020 153
1020 147
1021 141
1015 136
1014 142
1013 148
1008 154
1014 152
1008 148
1003 154
998 160
1000 166
1002 172
1003 178
1004 184
1010 185
1009 191
1003 185
1007 179
1006 173
1011 179
1005 173
1004 167
1002 161
996 155
994 149
991 143
989 137
988 131
986 125
985 119
985 113
985 107
985 101
987 95
988 89
991 83
995 77
1000 71
1006 66
1012 62
1018 59
1024 57
1030 55
1036 54
1042 54
1048 54
1054 55
1060 56
1066 57
1072 60
1078 63
1084 67
1090 72
1095 78
1099 84
1101 90
1103 96
1105 102
1105 108
1105 114
1104 120
1103 126
1101 132
1099 138
1096 144
1092 150
1089 156
1085 162
1081 168
1077 174
1073 180
1070 186
1066 192
1061 198
1055 192
1055 186
1056 180
1057 174
1058 168
1059 162
1061 156
1062 150
1064 144
1065 138
1066 132
1065 126
1063 120
1057 116
1051 119
1046 125
1044 131
1042 137
1041 143
1040 149
1039 155
1038 161
1037 167
1037 173
1036 179
1035 185
1034 191
1034 197
1033 203
1033 209
1033 215
1033 221
1034 227
1035 233
1037 239
1039 245
1042 251
1045 257
1049 263
1053 269
1058 275
1063 281
1067 287
1072 293
1077 299
1083 305
1089 310
1095 314
1101 317
1107 319
1113 319
1119 319
1125 318
1131 316
1137 313
1143 308
1148 302
1151 296
1154 290
1156 284
1157 278
1158 272
1159 266
1159 260
1159 254
1159 248
1159 242
1159 236
1158 230
1157 224
1155 218
1152 212
1147 206
1141 204
1135 205
1129 210
1125 216
1122 222
1120 228
1119 234
1119 240
1120 246
1119 252
1115 258
1109 260
1103 259
1097 256
1091 250
1089 244
1087 238
1087 232
1088 226
1090 220
1092 214
1095 208
1098 202
1102 196
1106 190
1111 184
1116 178
1122 172
1128 167
1134 162
1140 158
1146 154
1152 151
1158 149
1164 147
1170 146
1176 146
1182 147
1188 150
1194 153
0 157
6 163
10 169
14 175
18 181
21 187
23 193
25 199
26 205
27 211
28 217
28 223
29 229
29 235
28 241
28 247
28 253
27 259
26 265
25 271
19 271
16 265
14 259
13 253
12 247
11 241
9 235
8 229
6 223
4 217
0 211
1194 207
1189 213
1188 219
1188 225
1188 231
1189 237
1189 243
1189 249
1190 255
1190 261
1191 267
1192 273
1192 279
1193 285
1195 291
1197 297
