0 307
1 301
1 295
1 289
1 283
0 277
0 271
0 265
0 259
0 253
0 247
0 241
1199 235
1199 229
1198 223
1197 217
1196 211
1194 205
1193 199
1192 193
1190 187
1184 193
1183 187
1188 181
1182 182
1185 176
1191 174
1193 180
1194 186
1196 192
1197 198
1198 204
0 210
1 216
2 222
1196 216
1190 210
1185 204
1185 198
1189 204
1185 210
1179 205
1173 200
1167 195
1161 189
1157 183
1153 177
1151 171
1149 165
1149 159
1149 153
1150 147
1152 141
1154 135
1157 129
1162 123
1168 117
1174 113
1180 110
1186 108
1192 108
1198 108
4 109
10 112
16 116
22 122
26 128
30 134
32 140
34 146
36 152
37 158
38 164
39 170
40 176
40 182
41 188
41 194
41 200
41 206
35 209
32 203
30 197
28 191
26 185
23 179
20 173
14 170
12 176
12 182
13 188
14 194
15 200
16 206
17 212
18 218
20 224
21 230
23 236
25 242
27 248
29 254
32 260
35 266
39 272
43 278
47 284
53 290
59 294
65 297
71 299
77 300
83 300
89 299
95 296
101 292
107 286
111 280
113 274
114 268
115 262
115 256
114 250
113 244
112 238
110 232
109 226
107 220
105 214
103 208
101 202
99 196
97 190
96 184
94 178
88 175
85 181
84 187
83 193
83 199
82 205
82 211
81 217
75 217
73 211
72 205
71 199
71 193
71 187
71 181
71 175
71 169
71 163
72 157
73 151
74 145
75 139
76 133
78 127
80 121
82 115
85 109
89 103
95 97
101 92
107 88
113 85
119 83
125 82
131 82
137 82
143 83
149 84
155 87
161 90
167 94
173 100
177 106
180 112
182 118
184 124
184 130
184 136
182 142
180 148
177 154
173 160
168 166
162 170
156 170
152 164
151 158
151 152
150 146
146 140
140 138
134 139
128 144
124 150
121 156
120 162
120 168
120 174
121 180
122 186
123 192
125 198
128 204
130 210
133 216
136 222
140 228
144 234
148 240
153 246
159 252
165 258
171 261
177 264
183 265
189 266
195 265
201 263
207 260
213 255
218 249
221 243
223 237
224 231
223 225
218 219
212 218
206 219
200 221
194 219
191 213
192 207
195 201
199 195
205 189
211 183
217 179
223 175
229 172
235 169
241 167
247 166
253 165
259 166
265 166
271 168
277 171
283 174
289 178
295 183
300 189
305 195
310 201
313 207
316 213
319 219
321 225
322 231
322 237
320 243
315 249
315 255
315 261
315 267
315 273
314 279
308 283
302 282
296 288
295 294
295 300
295 306
297 312
300 318
304 324
310 330
316 334
322 338
328 340
334 342
340 344
346 344
352 345
358 345
364 344
370 342
376 341
382 338
388 334
394 330
400 324
404 318
407 312
409 306
410 300
410 294
410 288
408 282
406 276
404 270
400 264
396 258
392 252
388 246
385 240
382 234
379 228
376 222
374 216
372 210
370 204
368 198
366 192
365 186
364 180
364 174
363 168
363 162
363 156
363 150
363 144
364 138
364 132
365 126
365 120
359 119
356 125
355 131
354 137
354 143
353 149
353 155
353 161
354 167
354 173
348 176
346 170
344 164
342 158
340 152
339 146
338 140
337 134
336 128
336 122
337 116
338 110
340 104
343 98
347 92
352 86
358 81
364 78
370 75
376 73
382 72
388 71
394 72
400 73
406 74
412 77
418 81
424 87
429 93
432 99
433 105
434 111
434 117
432 123
430 129
426 135
422 141
416 146
410 151
404 154
398 149
398 143
399 137
401 131
403 125
403 119
402 113
396 107
390 106
384 109
380 115
378 121
376 127
375 133
374 139
373 145
372 151
372 157
372 163
372 169
373 175
374 181
375 187
377 193
380 199
383 205
388 211
393 217
399 222
405 226
411 229
417 233
423 236
429 240
435 246
440 252
446 258
452 262
458 265
464 265
470 264
476 260
481 254
484 248
486 242
487 236
488 230
488 224
488 218
487 212
486 206
483 200
478 194
472 192
466 192
460 195
456 201
454 207
451 213
445 216
439 216
433 214
427 211
422 205
419 199
420 193
423 187
428 181
434 175
440 170
446 166
452 162
458 159
464 156
470 153
476 152
482 151
488 150
494 151
500 152
506 154
512 158
518 162
523 168
528 174
532 180
535 186
538 192
540 198
542 204
543 210
544 216
544 222
543 228
537 228
533 222
530 216
527 210
523 204
517 201
514 207
514 213
514 219
514 225
514 231
514 237
515 243
515 249
516 255
518 261
520 267
522 273
525 279
530 285
536 290
542 294
548 296
554 297
560 297
566 297
572 295
578 292
584 288
590 282
594 276
597 270
599 264
600 258
601 252
601 246
601 240
601 234
600 228
599 222
597 216
596 210
594 204
592 198
590 192
588 186
586 180
580 181
579 187
578 193
572 195
570 189
569 183
567 177
566 171
564 165
563 159
563 153
562 147
562 141
563 135
564 129
566 123
569 117
572 111
577 105
583 99
589 95
595 92
601 90
607 88
613 88
619 88
625 88
631 89
637 91
643 94
649 98
655 103
661 109
666 115
669 121
672 127
674 133
675 139
676 145
676 151
675 157
671 163
665 166
659 163
654 157
652 151
649 145
643 139
637 135
631 135
625 138
620 144
618 150
617 156
617 162
618 168
620 174
622 180
624 186
627 192
630 198
635 204
640 210
646 215
652 219
658 222
664 224
670 226
676 227
682 227
688 228
694 228
700 229
706 229
712 230
718 231
724 232
730 233
736 235
742 238
748 241
754 245
760 251
763 257
764 263
763 269
757 274
751 275
745 274
739 273
733 273
727 278
725 284
725 290
726 296
730 302
735 308
741 312
747 315
753 317
759 318
765 318
771 318
777 316
783 314
789 311
795 307
801 302
806 296
811 290
815 284
818 278
822 272
824 266
827 260
829 254
831 248
833 242
835 236
837 230
838 224
839 218
840 212
841 206
842 200
842 194
843 188
843 182
843 176
843 170
842 164
842 158
841 152
840 146
839 140
838 134
837 128
834 122
831 116
825 111
819 111
813 114
808 120
806 126
805 132
804 138
805 144
806 150
807 156
808 162
808 168
806 174
800 178
794 177
788 172
783 166
779 160
776 154
774 148
773 142
772 136
772 130
772 124
773 118
774 112
776 106
778 100
781 94
785 88
790 82
796 77
802 72
808 69
814 67
820 65
826 64
832 64
838 64
844 65
850 66
856 69
862 72
868 76
874 81
879 87
883 93
886 99
888 105
890 111
891 117
892 123
892 129
892 135
891 141
890 147
889 153
888 159
886 165
885 171
883 177
881 183
878 189
872 183
872 177
872 171
872 165
872 159
871 153
871 147
870 141
869 135
867 129
865 123
859 121
857 127
858 133
858 139
858 145
859 151
859 157
859 163
860 169
860 175
860 181
860 187
859 193
859 199
859 205
859 211
859 217
858 223
858 229
858 235
858 241
859 247
858 253
858 259
858 265
858 271
857 277
857 283
856 289
856 295
856 301
857 307
858 313
861 319
865 325
870 331
876 335
882 338
888 341
894 342
900 343
906 343
912 343
918 342
924 340
930 337
936 334
942 330
948 324
952 318
955 312
957 306
958 300
958 294
958 288
957 282
956 276
954 270
952 264
949 258
946 252
942 246
936 241
930 242
927 248
925 254
925 260
925 266
923 272
917 273
913 267
911 261
910 255
909 249
909 243
910 237
911 231
912 225
914 219
917 213
920 207
923 201
927 195
931 189
936 183
940 177
945 171
949 165
953 159
955 153
957 147
956 141
957 135
958 129
960 123
963 117
966 111
971 105
976 99
982 94
988 91
994 88
1000 86
1006 85
1012 84
1018 85
1024 86
1030 87
1036 90
1042 94
1048 98
1053 104
1058 110
1061 116
1063 122
1065 128
1066 134
1066 140
1066 146
1065 152
1063 158
1061 164
1057 170
1051 176
1045 181
1039 185
1033 188
1027 191
1021 192
1016 186
1018 180
1021 174
1023 168
1023 162
1017 158
1011 159
1005 162
999 166
993 171
988 177
984 183
981 189
979 195
977 201
977 207
977 213
978 219
979 225
982 231
985 237
988 243
992 249
997 255
1003 261
1009 266
1015 271
1021 274
1027 277
1033 278
1039 279
1045 279
1051 278
1057 275
1063 272
1069 266
1074 260
1078 254
1081 248
1081 242
1077 236
1071 235
1065 236
1059 238
1053 241
1047 244
1041 245
1035 244
1030 238
1031 232
1036 226
1042 222
1048 218
1054 216
1060 213
1066 211
1072 209
1078 208
1084 207
1090 206
1096 206
1102 206
1108 206
1114 207
1120 209
1126 211
1132 214
1138 217
1144 220
1150 224
1156 230
1162 236
1166 242
1168 248
1170 254
1171 260
1171 266
1171 272
1169 278
1167 284
1164 290
1158 295
1152 296
1146 292
1144 286
1143 280
1142 274
1140 268
1135 262
1129 261
1123 264
1118 270
1114 276
1112 282
1111 288
1111 294
1111 300
1112 306
1114 312
1118 318
1123 324
1129 329
1135 332
1141 335
1147 337
1153 337
1159 338
1165 337
1171 336
1177 333
1183 330
1189 326
1194 320
1198 314
