0 268
2 273
7 276
12 277
17 277
22 276
27 273
32 270
37 267
42 262
47 257
51 252
55 247
59 242
62 237
65 232
67 227
69 222
70 217
71 212
72 207
71 202
71 197
70 192
68 187
65 182
62 177
58 172
53 168
48 165
43 163
38 163
33 164
28 169
26 174
25 179
25 184
25 189
25 194
22 199
17 201
12 201
7 200
2 196
1199 191
1197 186
1196 181
1195 176
1195 171
1196 166
1197 161
1199 156
1 151
3 146
6 141
9 136
13 131
18 126
23 123
28 120
33 118
38 117
43 117
48 117
53 118
58 120
63 124
68 128
72 133
75 138
77 143
79 148
82 153
84 158
86 163
89 168
91 173
94 178
96 183
99 188
101 193
103 198
104 203
106 208
107 213
108 218
109 223
109 228
110 233
110 238
105 239
104 234
103 229
102 224
97 223
95 228
94 233
91 238
88 243
85 248
82 253
80 258
77 263
74 268
72 273
70 278
69 283
68 288
68 293
68 298
70 303
72 308
75 313
80 318
85 322
90 324
95 326
100 327
105 328
110 328
115 328
120 327
125 325
130 323
135 320
140 317
145 312
149 307
152 302
154 297
156 292
158 287
159 282
160 277
161 272
161 267
162 262
162 257
163 252
163 247
163 242
163 237
163 232
163 227
163 222
163 217
163 212
163 207
163 202
162 197
160 192
155 191
151 196
150 201
149 206
148 211
148 216
147 221
146 226
146 231
145 236
143 241
138 244
137 239
136 234
135 229
135 224
134 219
133 214
132 209
131 204
130 199
129 194
129 189
128 184
127 179
127 174
126 169
126 164
127 159
127 154
128 149
129 144
130 139
132 134
135 129
138 124
142 119
147 115
152 112
157 110
162 109
167 108
172 108
177 109
182 110
187 112
192 114
197 117
202 121
207 126
212 131
216 136
220 141
224 146
227 151
230 156
233 161
236 166
239 171
241 176
243 181
245 186
247 191
249 196
250 201
251 206
251 211
251 216
250 221
248 226
245 231
240 235
235 236
230 234
227 229
226 224
225 219
225 214
225 209
224 204
222 199
219 194
215 189
210 185
205 185
200 189
197 194
196 199
194 204
194 209
193 214
193 219
193 224
193 229
193 234
193 239
193 244
194 249
195 254
196 259
198 264
199 269
201 274
204 279
207 284
211 289
216 293
221 296
226 298
231 299
236 299
241 298
246 296
251 293
256 289
261 284
264 279
267 274
270 269
273 264
276 259
279 254
283 249
286 244
289 239
292 234
295 229
298 224
301 219
303 214
305 209
306 204
307 199
308 194
309 189
310 184
310 179
310 174
310 169
309 164
309 159
308 154
308 149
306 144
305 139
302 134
297 131
292 133
290 138
289 143
290 148
290 153
290 158
291 163
291 168
291 173
291 178
290 183
289 188
284 190
280 185
278 180
275 175
273 170
271 165
269 160
267 155
265 150
263 145
262 140
261 135
260 130
259 125
259 120
259 115
260 110
261 105
263 100
266 95
270 90
275 86
280 83
285 80
290 79
295 78
300 78
305 78
310 79
315 80
320 82
325 85
330 89
335 93
339 98
342 103
345 108
348 113
349 118
351 123
352 128
353 133
354 138
355 143
356 148
356 153
357 158
357 163
358 168
358 173
358 178
359 183
359 188
359 193
360 198
360 203
360 208
360 213
360 218
360 223
359 228
358 233
353 236
352 231
352 226
351 221
351 216
351 211
350 206
350 201
349 196
348 191
347 186
347 181
346 176
344 171
343 166
342 161
341 156
339 151
336 146
332 151
332 156
332 161
332 166
333 171
333 176
333 181
332 186
332 191
332 196
331 201
330 206
329 211
328 216
326 221
325 226
323 231
321 236
320 241
318 246
317 251
316 256
315 261
314 266
313 271
313 276
313 281
313 286
313 291
314 296
316 301
318 306
321 311
325 316
330 321
335 325
340 328
345 330
350 331
355 332
360 333
365 333
370 333
375 332
380 331
385 330
390 327
395 325
400 321
405 317
409 312
413 307
416 302
418 297
420 292
422 287
423 282
425 277
426 272
427 267
428 262
428 257
429 252
430 247
430 242
431 237
431 232
432 227
432 222
432 217
433 212
433 207
433 202
433 197
434 192
434 187
434 182
434 177
433 172
432 167
431 162
426 157
421 160
418 165
416 170
415 175
414 180
413 185
412 190
411 195
410 200
410 205
409 210
408 215
406 220
405 225
403 230
398 235
396 230
395 225
394 220
394 215
394 210
394 205
393 200
393 195
393 190
393 185
393 180
393 175
393 170
394 165
394 160
394 155
395 150
396 145
397 140
398 135
400 130
401 125
404 120
406 115
409 110
413 105
418 100
423 96
428 94
433 91
438 90
443 89
448 89
453 90
458 91
463 92
468 95
473 98
478 103
483 108
486 113
489 118
491 123
493 128
495 133
496 138
497 143
498 148
499 153
499 158
500 163
500 168
500 173
500 178
500 183
500 188
500 193
500 198
499 203
499 208
499 213
498 218
498 223
497 228
497 233
495 238
490 237
488 232
487 227
487 222
486 217
485 212
484 207
484 202
483 197
482 192
482 187
481 182
480 177
478 172
476 167
471 162
467 167
466 172
465 177
464 182
464 187
464 192
463 197
463 202
463 207
463 212
462 217
462 222
462 227
462 232
462 237
462 242
462 247
462 252
463 257
463 262
464 267
465 272
465 277
467 282
468 287
470 292
472 297
474 302
478 307
482 312
487 317
492 320
497 323
502 324
507 326
512 326
517 326
522 325
527 324
532 322
537 320
542 316
547 311
550 306
553 301
555 296
557 291
558 286
559 281
559 276
560 271
560 266
560 261
560 256
560 251
560 246
560 241
560 236
560 231
559 226
559 221
559 216
559 211
559 206
559 201
559 196
560 191
560 186
560 181
560 176
559 171
554 172
551 177
549 182
548 187
546 192
545 197
544 202
542 207
541 212
540 217
539 222
538 227
536 232
532 227
532 222
532 217
532 212
533 207
533 202
533 197
534 192
534 187
534 182
535 177
535 172
536 167
537 162
537 157
538 152
539 147
540 142
541 137
542 132
543 127
545 122
547 117
549 112
552 107
555 102
559 97
564 93
569 89
574 86
579 84
584 83
589 82
594 82
599 82
604 83
609 84
614 86
619 88
624 92
629 96
634 100
638 105
641 110
644 115
647 120
649 125
651 130
653 135
655 140
656 145
657 150
658 155
658 160
659 165
659 170
660 175
660 180
660 185
660 190
659 195
659 200
658 205
657 210
655 215
652 220
647 225
642 226
637 225
633 220
631 215
630 210
630 205
630 200
630 195
630 190
630 185
630 180
629 175
628 170
626 165
624 160
621 155
616 151
611 150
606 151
601 155
597 160
595 165
593 170
592 175
591 180
590 185
589 190
589 195
589 200
589 205
589 210
589 215
589 220
589 225
590 230
591 235
591 240
592 245
593 250
594 255
596 260
597 265
599 270
600 275
602 280
605 285
608 290
611 295
615 300
620 305
625 309
630 312
635 315
640 316
645 317
650 318
655 318
660 318
665 317
670 315
675 314
680 311
685 309
690 306
695 303
700 300
705 297
710 293
715 290
720 285
725 280
729 275
732 270
735 265
737 260
739 255
740 250
741 245
742 240
742 235
742 230
742 225
742 220
742 215
742 210
742 205
741 200
741 195
740 190
740 185
739 180
739 175
739 170
738 165
738 160
738 155
738 150
738 145
739 140
739 135
739 130
740 125
740 120
740 115
740 110
736 105
731 109
728 114
727 119
725 124
724 129
723 134
721 139
720 144
719 149
718 154
718 159
717 164
716 169
715 174
714 179
714 184
713 189
712 194
711 199
706 198
705 193
705 188
705 183
705 178
705 173
705 168
705 163
705 158
705 153
705 148
705 143
706 138
706 133
706 128
707 123
707 118
708 113
709 108
710 103
711 98
713 93
715 88
717 83
720 78
724 73
729 68
734 64
739 60
744 58
749 56
754 54
759 53
764 52
769 51
774 51
779 51
784 52
789 53
794 54
799 56
804 58
809 61
814 65
819 69
824 74
828 79
831 84
833 89
835 94
836 99
837 104
838 109
838 114
838 119
837 124
835 129
834 134
831 139
828 144
823 149
818 152
813 153
808 152
804 147
803 142
803 137
804 132
805 127
805 122
805 117
804 112
803 107
800 102
796 97
791 94
786 92
781 93
776 96
771 101
769 106
767 111
766 116
765 121
764 126
764 131
764 136
763 141
763 146
763 151
764 156
764 161
765 166
765 171
766 176
767 181
768 186
770 191
771 196
773 201
774 206
776 211
778 216
780 221
782 226
785 231
787 236
790 241
792 246
796 251
799 256
803 261
808 265
813 270
818 273
823 275
828 277
833 278
838 278
843 278
848 277
853 276
858 274
863 271
868 267
872 262
876 257
879 252
881 247
883 242
883 237
883 232
881 227
876 224
871 222
866 217
866 212
868 207
871 202
876 197
881 194
886 191
891 188
896 186
901 185
906 184
911 183
916 183
921 183
926 184
931 185
936 186
941 188
946 191
951 194
956 198
961 203
965 208
968 213
970 218
971 223
972 228
971 233
970 238
967 243
962 246
957 245
952 241
947 240
942 241
938 246
935 251
934 256
933 261
933 266
933 271
934 276
936 281
938 286
941 291
945 296
950 301
955 305
960 307
965 309
970 310
975 311
980 311
985 311
990 310
995 309
1000 307
1005 305
1010 302
1015 298
1020 294
1024 289
1027 284
1030 279
1033 274
1035 269
1037 264
1038 259
1040 254
1041 249
1042 244
1043 239
1044 234
1045 229
1046 224
1047 219
1048 214
1049 209
1049 204
1050 199
1051 194
1052 189
1053 184
1054 179
1055 174
1056 169
1056 164
1057 159
1058 154
1058 149
1059 144
1059 139
1060 134
1060 129
1060 124
1061 119
1061 114
1060 109
1060 104
1057 99
1052 96
1047 97
1042 101
1039 106
1036 111
1035 116
1033 121
1033 126
1032 131
1032 136
1031 141
1030 146
1027 151
1022 152
1017 147
1014 142
1012 137
1010 132
1009 127
1009 122
1009 117
1009 112
1010 107
1011 102
1012 97
1014 92
1016 87
1019 82
1023 77
1028 72
1033 67
1038 64
1043 61
1048 59
1053 57
1058 55
1063 54
1068 54
1073 54
1078 54
1083 54
1088 55
1093 56
1098 58
1103 60
1108 63
1113 66
1118 70
1123 75
1127 80
1130 85
1133 90
1135 95
1137 100
1138 105
1139 110
1140 115
1140 120
1140 125
1140 130
1140 135
1139 140
1138 145
1137 150
1136 155
1134 160
1130 165
1125 169
1120 168
1116 163
1115 158
1115 153
1115 148
1115 143
1115 138
1115 133
1114 128
1113 123
1112 118
1110 113
1108 108
1103 103
1098 101
1093 103
1089 108
1086 113
1085 118
1084 123
1083 128
1082 133
1081 138
1080 143
1080 148
1079 153
1079 158
1078 163
1077 168
1077 173
1077 178
1077 183
1076 188
1076 193
1077 198
1077 203
1077 208
1078 213
1079 218
1080 223
1081 228
1082 233
1084 238
1087 243
1089 248
1093 253
1098 257
1103 259
1108 260
1113 259
1118 254
1120 249
1123 244
1128 241
1133 240
1138 240
1143 240
1148 240
1153 241
1158 242
1163 242
1168 243
1173 244
1178 246
1183 247
1188 249
1193 251
1198 255
0 260
1196 265
