0 356
6 352
12 348
17 342
22 336
25 330
27 324
29 318
30 312
30 306
30 300
30 294
30 288
29 282
29 276
28 270
27 264
27 258
26 252
25 246
24 240
23 234
22 228
21 222
19 216
18 210
17 204
16 198
14 192
13 186
12 180
11 174
10 168
10 162
9 156
8 150
8 144
8 138
9 132
4 126
1199 132
1196 138
1195 144
1193 150
1192 156
1190 162
1188 168
1187 174
1185 180
1184 186
1182 192
1181 198
1181 204
1181 210
1181 216
1181 222
1181 228
1178 234
1172 238
1166 236
1160 231
1156 225
1153 219
1152 213
1151 207
1151 201
1151 195
1151 189
1151 183
1152 177
1153 171
1153 165
1154 159
1155 153
1156 147
1158 141
1159 135
1160 129
1162 123
1164 117
1166 111
1168 105
1171 99
1174 93
1177 87
1181 81
1186 75
1191 69
1197 64
3 59
9 56
15 52
21 50
27 48
33 46
39 45
45 44
51 43
57 43
63 43
69 43
75 44
81 45
87 46
93 48
99 50
105 52
111 55
117 59
123 64
129 70
134 76
138 82
141 88
144 94
146 100
148 106
149 112
150 118
150 124
150 130
150 136
148 142
147 148
144 154
141 160
136 166
130 172
124 176
118 179
112 181
106 182
100 181
94 179
90 173
88 167
88 161
87 155
85 149
82 143
79 137
75 131
72 125
70 119
67 113
61 107
55 104
49 103
43 104
37 107
33 113
31 119
31 125
31 131
32 137
32 143
33 149
34 155
35 161
36 167
37 173
39 179
40 185
42 191
44 197
46 203
48 209
50 215
52 221
55 227
58 233
61 239
64 245
67 251
70 257
73 263
77 269
81 275
85 281
89 287
93 293
98 299
103 305
109 311
115 316
121 320
127 323
133 324
139 325
145 325
151 325
157 323
163 319
169 314
173 308
175 302
176 296
175 290
173 284
167 278
161 275
155 273
149 272
143 270
137 268
131 266
125 261
120 255
118 249
117 243
119 237
125 231
131 228
137 226
143 224
149 223
155 222
161 221
167 220
173 219
179 218
185 218
191 218
197 217
203 217
209 217
215 217
221 218
227 218
233 219
239 219
245 220
251 221
257 222
263 224
269 226
275 231
278 237
278 243
275 249
272 255
270 261
269 267
271 273
276 279
282 282
288 283
294 284
300 283
306 281
312 279
318 275
324 271
330 267
336 262
342 256
348 250
354 244
359 238
364 232
369 226
374 220
379 214
383 208
388 202
392 196
395 190
398 184
401 178
402 172
401 166
399 160
396 154
391 148
385 143
379 139
373 137
367 135
361 134
355 134
349 135
343 140
339 146
335 152
330 158
326 164
324 170
321 176
315 182
309 184
303 184
297 183
291 182
285 179
279 175
273 170
268 164
264 158
262 152
260 146
259 140
259 134
259 128
259 122
261 116
262 110
264 104
267 98
270 92
274 86
279 80
285 74
291 69
297 66
303 63
309 61
315 59
321 58
327 57
333 57
339 57
345 57
351 58
357 60
363 62
369 65
375 68
381 72
387 77
393 82
398 88
403 94
408 100
412 106
417 112
421 118
425 124
430 130
434 136
439 142
443 148
447 154
450 160
454 166
457 172
459 178
462 184
464 190
465 196
467 202
468 208
469 214
470 220
470 226
471 232
471 238
471 244
472 250
472 256
472 262
473 268
473 274
473 280
473 286
473 292
471 298
467 304
461 307
455 306
449 303
445 297
444 291
444 285
444 279
444 273
443 267
442 261
440 255
439 249
438 243
438 237
437 231
437 225
437 219
436 213
432 207
426 208
422 214
418 220
413 226
409 232
405 238
401 244
398 250
394 256
391 262
388 268
385 274
382 280
379 286
377 292
375 298
374 304
373 310
372 316
372 322
373 328
374 334
377 340
380 346
385 352
391 358
397 362
403 364
409 367
415 368
421 370
427 371
433 372
439 373
445 373
451 374
457 374
463 374
469 374
475 373
481 373
487 372
493 371
499 369
505 367
511 365
517 362
523 358
529 353
534 347
538 341
541 335
544 329
545 323
547 317
548 311
549 305
550 299
550 293
551 287
551 281
551 275
551 269
551 263
550 257
550 251
550 245
550 239
550 233
550 227
549 221
549 215
549 209
549 203
549 197
549 191
549 185
549 179
549 173
549 167
549 161
549 155
549 149
549 143
546 137
540 139
537 145
535 151
535 157
534 163
533 169
532 175
531 181
530 187
528 193
527 199
526 205
524 211
522 217
521 223
519 229
518 235
517 241
515 247
514 253
513 259
512 265
511 271
510 277
509 283
506 289
500 295
494 292
494 286
494 280
495 274
496 268
496 262
497 256
497 250
498 244
498 238
498 232
498 226
498 220
498 214
498 208
498 202
497 196
496 190
496 184
495 178
494 172
493 166
492 160
491 154
490 148
489 142
489 136
488 130
488 124
488 118
489 112
489 106
491 100
492 94
494 88
497 82
500 76
504 70
510 64
516 58
522 54
528 51
534 48
540 46
546 45
552 43
558 42
564 42
570 42
576 42
582 43
588 44
594 45
600 47
606 49
612 52
618 55
624 60
630 65
635 71
639 77
643 83
646 89
648 95
650 101
651 107
652 113
653 119
654 125
654 131
655 137
655 143
655 149
655 155
655 161
655 167
655 173
655 179
655 185
655 191
655 197
655 203
655 209
655 215
656 221
656 227
656 233
656 239
656 245
656 251
655 257
651 263
645 262
639 256
637 250
635 244
634 238
633 232
632 226
630 220
628 214
626 208
624 202
621 196
618 190
615 184
612 178
609 172
606 166
604 160
603 154
602 148
601 142
599 136
595 130
589 127
583 128
579 134
578 140
578 146
579 152
580 158
581 164
582 170
582 176
583 182
584 188
585 194
586 200
587 206
588 212
589 218
590 224
591 230
592 236
594 242
595 248
596 254
598 260
599 266
601 272
603 278
605 284
608 290
610 296
613 302
616 308
620 314
624 320
628 326
633 332
639 337
645 341
651 345
657 347
663 349
669 350
675 351
681 351
687 350
693 349
699 347
705 345
711 342
717 338
723 333
728 327
733 321
738 315
742 309
745 303
749 297
752 291
755 285
757 279
760 273
763 267
765 261
767 255
770 249
772 243
774 237
776 231
778 225
780 219
782 213
783 207
785 201
786 195
786 189
786 183
784 177
780 171
774 168
768 167
762 168
756 173
753 179
751 185
750 191
748 197
744 203
740 209
736 215
732 221
728 227
724 233
722 239
720 245
719 251
717 257
714 263
708 269
702 272
696 272
690 268
687 262
686 256
686 250
686 244
687 238
687 232
688 226
689 220
689 214
690 208
691 202
692 196
693 190
694 184
695 178
697 172
698 166
700 160
701 154
703 148
705 142
707 136
709 130
712 124
714 118
717 112
721 106
725 100
730 94
736 88
742 83
748 79
754 76
760 74
766 72
772 71
778 71
784 72
790 73
796 75
802 78
808 81
814 86
820 92
824 98
828 104
831 110
834 116
836 122
838 128
840 134
842 140
844 146
846 152
848 158
849 164
851 170
853 176
854 182
856 188
857 194
858 200
859 206
860 212
861 218
861 224
862 230
863 236
863 242
864 248
865 254
866 260
866 266
867 272
868 278
869 284
870 290
870 296
871 302
872 308
873 314
874 320
875 326
877 332
879 338
881 344
882 350
876 352
870 350
865 344
861 338
859 332
856 326
854 320
853 314
851 308
849 302
847 296
845 290
842 284
840 278
839 272
837 266
836 260
835 254
834 248
833 242
833 236
832 230
831 224
829 218
827 212
821 209
819 215
819 221
819 227
818 233
817 239
816 245
814 251
813 257
811 263
810 269
808 275
807 281
805 287
804 293
803 299
802 305
801 311
800 317
799 323
799 329
800 335
801 341
802 347
805 353
809 359
814 365
820 369
826 372
832 374
838 376
844 377
850 379
856 380
862 381
868 382
874 383
880 383
886 384
892 383
898 383
901 389
907 391
905 385
911 381
917 380
923 379
929 377
935 376
941 374
947 371
953 367
959 362
964 356
968 350
970 344
972 338
973 332
974 326
975 320
975 314
975 308
975 302
975 296
975 290
974 284
974 278
973 272
973 266
972 260
971 254
970 248
969 242
968 236
966 230
963 224
959 218
953 213
947 211
941 214
938 220
937 226
938 232
938 238
939 244
938 250
937 256
936 262
934 268
931 274
929 280
927 286
925 292
923 298
922 304
921 310
920 316
919 322
918 328
917 334
915 340
912 346
906 351
900 350
898 344
898 338
898 332
898 326
897 320
897 314
896 308
895 302
895 296
894 290
893 284
893 278
892 272
892 266
891 260
891 254
890 248
890 242
890 236
890 230
890 224
890 218
890 212
890 206
891 200
891 194
892 188
892 182
893 176
893 170
894 164
894 158
895 152
895 146
896 140
897 134
898 128
899 122
900 116
901 110
903 104
905 98
908 92
911 86
914 80
919 74
924 68
930 63
936 59
942 55
948 52
954 50
960 48
966 47
972 45
978 45
984 44
990 44
996 44
1002 44
1008 45
1014 46
1020 47
1026 49
1032 51
1038 54
1044 57
1050 62
1056 66
1062 72
1067 78
1071 84
1075 90
1078 96
1080 102
1083 108
1085 114
1087 120
1088 126
1090 132
1091 138
1092 144
1093 150
1093 156
1094 162
1094 168
1094 174
1094 180
1093 186
1092 192
1090 198
1088 204
1085 210
1079 216
1073 217
1067 216
1061 215
1055 213
1049 211
1043 209
1037 210
1031 216
1029 222
1027 228
1027 234
1027 240
1027 246
1028 252
1029 258
1030 264
1031 270
1033 276
1035 282
1037 288
1039 294
1042 300
1044 306
1047 312
1050 318
1053 324
1057 330
1061 336
1066 342
1072 348
1078 353
1084 357
1090 360
1096 362
1102 364
1108 365
1114 366
1120 367
1126 368
1132 368
1138 368
1144 368
1150 368
1156 368
1162 367
1168 366
1174 365
1180 364
1186 362
1192 360
