0 211
6 212
12 214
18 215
24 215
30 215
36 214
42 213
48 210
54 207
60 204
66 201
72 199
78 197
84 196
90 195
96 196
102 197
108 198
114 200
120 202
126 205
132 207
138 208
144 209
150 210
156 210
162 209
168 207
174 205
180 203
186 201
192 200
198 200
204 200
210 202
216 205
222 209
228 213
234 216
240 218
246 220
252 220
258 219
264 216
270 213
276 209
282 205
288 202
294 199
300 198
306 198
312 199
318 201
324 205
330 208
336 212
342 214
348 216
354 216
360 216
366 214
372 211
378 206
384 201
390 196
396 191
402 189
408 188
414 188
420 189
426 191
432 195
438 199
444 203
450 206
456 209
462 211
468 212
474 213
480 213
486 212
492 211
498 210
504 209
510 208
516 206
522 204
528 202
534 200
540 199
546 197
552 196
558 196
564 196
570 197
576 199
582 202
588 204
594 207
600 209
606 211
612 213
618 213
624 214
630 214
636 214
642 214
648 214
654 214
660 214
666 214
672 213
678 212
684 210
690 208
696 205
702 202
708 200
714 198
720 197
726 197
732 197
738 199
744 201
750 203
756 205
762 206
768 207
774 208
780 208
786 208
792 208
798 208
804 208
810 208
816 208
822 208
828 207
834 206
840 205
846 203
852 202
858 200
864 199
870 198
876 198
882 198
888 198
894 199
900 200
906 201
912 203
918 206
924 209
930 212
936 215
942 217
948 220
954 221
960 222
966 222
972 222
978 220
984 218
990 215
996 211
1002 206
1008 201
1014 196
1020 192
1026 189
1032 187
1038 187
1044 188
1050 189
1056 192
1062 195
1068 200
1074 204
1080 207
1086 210
1092 211
1098 212
1104 212
1110 211
1116 210
1122 208
1128 206
1134 205
1140 203
1146 202
1152 202
1158 202
1164 202
1170 203
1176 204
1182 206
1188 207
