0 221
6 221
12 221
18 221
24 221
30 221
36 221
42 221
48 221
54 221
60 220
66 220
72 220
78 220
84 220
90 220
96 220
102 220
108 220
114 220
120 220
126 220
132 220
138 221
144 221
150 221
156 221
162 221
168 221
174 221
180 221
186 220
192 220
198 220
204 220
210 220
216 221
222 221
228 221
234 221
240 221
246 221
252 221
258 221
264 221
270 221
276 221
282 221
288 220
294 220
300 220
306 220
312 220
318 220
324 220
330 221
336 221
342 221
348 221
354 221
360 221
366 221
372 220
378 220
384 220
390 220
396 220
402 220
408 220
414 220
420 220
426 220
432 220
438 220
444 220
450 220
456 220
462 220
468 220
474 221
480 220
486 220
492 220
498 220
504 220
510 220
516 220
522 220
528 220
534 220
540 220
546 220
552 220
558 220
564 220
570 220
576 220
582 220
588 220
594 221
600 221
606 221
612 221
618 221
624 221
630 221
636 221
642 221
648 221
654 221
660 221
666 221
672 221
678 221
684 221
690 221
696 221
702 221
708 220
714 220
720 220
726 220
732 220
738 220
744 220
750 220
756 220
762 221
768 221
774 221
780 220
786 220
792 220
798 220
804 220
810 221
816 221
822 221
828 221
834 220
840 220
846 220
852 220
858 220
864 220
870 220
876 220
882 220
888 220
894 220
900 220
906 220
912 220
918 221
924 221
930 221
936 221
942 221
948 221
954 221
960 221
966 221
972 221
978 221
984 221
990 221
996 221
1002 220
1008 220
1014 220
1020 220
1026 220
1032 220
1038 220
1044 220
1050 220
1056 220
1062 220
1068 220
1074 220
1080 220
1086 220
1092 221
1098 221
1104 221
1110 221
1116 220
1122 220
1128 220
1134 220
1140 220
1146 220
1152 220
1158 220
1164 220
1170 220
1176 220
1182 221
1188 221
