0 211
6 211
12 212
18 212
24 212
30 212
36 212
42 211
48 211
54 210
60 210
66 209
72 208
78 208
84 208
90 208
96 208
102 208
108 208
114 209
120 209
126 210
132 210
138 210
144 211
150 211
156 211
162 211
168 210
174 210
180 210
186 209
192 209
198 209
204 209
210 209
216 210
222 211
228 212
234 212
240 213
246 213
252 213
258 213
264 212
270 212
276 211
282 210
288 209
294 209
300 208
306 208
312 209
318 209
324 210
330 210
336 211
342 212
348 212
354 212
360 212
366 211
372 211
378 210
384 208
390 207
396 207
402 206
408 206
414 206
420 206
426 207
432 207
438 208
444 209
450 210
456 210
462 211
468 211
474 211
480 211
486 211
492 211
498 210
504 210
510 210
516 210
522 210
528 209
534 209
540 208
546 208
552 208
558 208
564 208
570 208
576 209
582 209
588 210
594 210
600 211
606 211
612 212
618 212
624 212
630 212
636 212
642 212
648 212
654 212
660 212
666 212
672 212
678 211
684 211
690 211
696 210
702 209
708 209
714 208
720 208
726 208
732 208
738 208
744 209
750 209
756 210
762 210
768 210
774 210
780 210
786 210
792 210
798 210
804 210
810 210
816 210
822 210
828 210
834 210
840 210
846 209
852 209
858 209
864 208
870 208
876 208
882 208
888 208
894 209
900 209
906 209
912 210
918 210
924 211
930 211
936 212
942 213
948 213
954 213
960 214
966 214
972 213
978 213
984 212
990 212
996 211
1002 210
1008 209
1014 208
1020 207
1026 206
1032 206
1038 206
1044 206
1050 206
1056 207
1062 207
1068 208
1074 209
1080 210
1086 210
1092 211
1098 211
1104 211
1110 211
1116 210
1122 210
1128 210
1134 210
1140 209
1146 209
1152 209
1158 209
1164 209
1170 210
1176 210
1182 210
1188 210
