0 219
6 223
12 226
18 228
24 229
30 229
36 228
42 225
48 221
53 215
57 209
60 203
64 197
69 191
75 187
81 184
87 183
93 183
99 184
105 187
111 191
117 197
123 203
129 209
135 213
141 216
147 217
153 217
159 216
165 213
171 208
177 203
183 198
189 194
195 193
201 193
207 195
213 199
218 205
221 211
223 217
226 223
230 229
236 233
242 236
248 237
254 237
260 235
266 231
271 225
275 219
277 213
279 207
282 201
287 195
293 191
299 189
305 189
311 191
317 195
323 201
327 207
330 213
334 219
340 225
346 229
352 230
358 231
364 229
370 226
376 221
379 215
381 209
383 203
383 197
385 191
386 185
390 179
396 173
402 170
408 169
414 169
420 170
426 173
432 179
436 185
439 191
441 197
443 203
447 209
452 215
458 220
464 223
470 225
476 225
482 225
488 224
494 222
500 220
506 216
512 213
518 208
524 203
530 197
536 192
542 188
548 185
554 184
560 184
566 184
572 187
578 191
584 197
588 203
592 209
598 215
604 220
610 223
616 225
622 226
628 226
634 227
640 227
646 227
652 227
658 226
664 226
670 224
676 222
682 219
688 214
693 208
698 202
702 196
708 191
714 187
720 186
726 186
732 187
738 190
744 194
750 199
756 204
762 208
768 211
774 213
780 214
786 214
792 214
798 215
804 215
810 214
816 214
822 213
828 211
834 209
840 206
846 202
852 198
858 194
864 191
870 189
876 188
882 187
888 188
894 189
900 191
906 194
912 199
918 205
922 211
926 217
930 223
935 229
941 234
947 238
953 241
959 242
965 243
971 242
977 241
983 238
989 234
995 228
999 222
1001 216
1003 210
1004 204
1004 198
1006 192
1008 186
1011 180
1017 174
1023 170
1029 168
1035 167
1041 167
1047 169
1053 172
1059 178
1063 184
1066 190
1068 196
1071 202
1074 208
1079 214
1085 219
1091 221
1097 222
1103 222
1109 221
1115 218
1121 214
1127 210
1133 205
1139 202
1145 199
1151 198
1157 197
1163 198
1169 199
1175 202
1181 205
1187 209
1193 214
