0 222
6 223
12 224
18 224
24 224
30 224
36 224
42 223
48 222
54 221
60 220
66 219
72 218
78 217
84 216
90 216
96 216
102 217
108 217
114 218
120 219
126 220
132 221
138 221
144 222
150 222
156 222
162 222
168 221
174 220
180 220
186 219
192 218
198 218
204 218
210 219
216 220
222 222
228 223
234 225
240 226
246 226
252 226
258 226
264 225
270 223
276 222
282 220
288 219
294 218
300 218
306 218
312 218
318 219
324 220
330 221
336 223
342 224
348 224
354 225
360 224
366 223
372 222
378 220
384 218
390 216
396 215
402 213
408 213
414 213
420 213
426 214
432 216
438 217
444 219
450 220
456 221
462 222
468 223
474 223
480 223
486 222
492 222
498 222
504 221
510 221
516 220
522 220
528 219
534 218
540 218
546 217
552 217
558 216
564 217
570 217
576 218
582 219
588 220
594 221
600 222
606 223
612 223
618 224
624 224
630 224
636 224
642 224
648 224
654 224
660 224
666 224
672 223
678 223
684 222
690 222
696 220
702 219
708 218
714 217
720 217
726 217
732 217
738 218
744 218
750 219
756 220
762 221
768 221
774 221
780 221
786 221
792 221
798 221
804 221
810 221
816 221
822 221
828 221
834 220
840 220
846 219
852 219
858 218
864 218
870 218
876 217
882 217
888 218
894 218
900 218
906 219
912 220
918 221
924 222
930 223
936 224
942 225
948 226
954 227
960 227
966 227
972 227
978 226
984 225
990 224
996 222
1002 220
1008 218
1014 217
1020 215
1026 214
1032 213
1038 213
1044 213
1050 214
1056 215
1062 216
1068 218
1074 219
1080 221
1086 222
1092 222
1098 223
1104 222
1110 222
1116 222
1122 221
1128 220
1134 220
1140 219
1146 219
1152 219
1158 219
1164 219
1170 220
1176 220
1182 220
1188 221
