0 222
6 222
12 222
18 222
24 222
30 222
36 222
42 222
48 222
54 222
60 222
66 221
72 221
78 221
84 221
90 221
96 221
102 221
108 221
114 221
120 222
126 222
132 222
138 222
144 222
150 222
156 222
162 222
168 222
174 222
180 222
186 222
192 222
198 221
204 222
210 222
216 222
222 222
228 222
234 222
240 222
246 222
252 222
258 222
264 222
270 222
276 222
282 222
288 222
294 222
300 221
306 221
312 221
318 222
324 222
330 222
336 222
342 222
348 222
354 222
360 222
366 222
372 222
378 221
384 221
390 221
396 221
402 221
408 221
414 221
420 221
426 221
432 221
438 221
444 221
450 221
456 222
462 222
468 222
474 222
480 222
486 222
492 222
498 222
504 222
510 222
516 222
522 222
528 221
534 221
540 221
546 221
552 221
558 221
564 221
570 221
576 221
582 222
588 222
594 222
600 222
606 222
612 222
618 222
624 222
630 222
636 222
642 222
648 222
654 222
660 222
666 222
672 222
678 222
684 222
690 222
696 222
702 222
708 222
714 221
720 221
726 221
732 221
738 221
744 222
750 222
756 222
762 222
768 222
774 222
780 222
786 222
792 222
798 222
804 222
810 222
816 222
822 222
828 222
834 222
840 222
846 222
852 221
858 221
864 221
870 221
876 221
882 221
888 221
894 221
900 222
906 222
912 222
918 222
924 222
930 222
936 222
942 222
948 222
954 222
960 222
966 222
972 222
978 222
984 222
990 222
996 222
1002 222
1008 221
1014 221
1020 221
1026 221
1032 221
1038 221
1044 221
1050 221
1056 221
1062 221
1068 221
1074 221
1080 222
1086 222
1092 222
1098 222
1104 222
1110 222
1116 222
1122 222
1128 222
1134 222
1140 221
1146 222
1152 222
1158 222
1164 222
1170 222
1176 222
1182 222
1188 222
