0 213
6 217
12 219
18 221
24 222
30 221
36 220
42 218
48 214
54 208
59 202
64 196
70 190
76 186
82 184
88 183
94 183
100 184
106 187
112 191
118 195
124 201
130 205
136 209
142 211
148 212
154 211
160 210
166 207
172 203
178 199
184 195
190 192
196 191
202 191
208 194
214 198
219 204
222 210
226 216
231 222
237 226
243 228
249 229
255 228
261 226
267 222
272 216
276 210
279 204
283 198
289 192
295 189
301 188
307 188
313 191
319 195
325 201
329 207
334 213
340 218
346 222
352 223
358 223
364 222
370 219
376 213
380 207
382 201
384 195
386 189
388 183
393 177
399 173
405 171
411 170
417 171
423 173
429 177
434 183
438 189
441 195
445 201
450 207
456 212
462 215
468 217
474 218
480 218
486 217
492 216
498 214
504 212
510 209
516 205
522 201
528 197
534 192
540 189
546 186
552 184
558 184
564 184
570 186
576 189
582 194
588 200
594 206
600 211
606 214
612 217
618 218
624 219
630 219
636 219
642 219
648 219
654 219
660 219
666 218
672 217
678 215
684 212
690 208
695 202
701 196
707 191
713 187
719 186
725 185
731 186
737 189
743 192
749 196
755 200
761 204
767 206
773 208
779 208
785 209
791 209
797 209
803 209
809 209
815 209
821 208
827 207
833 205
839 203
845 200
851 196
857 193
863 191
869 189
875 187
881 187
887 187
893 188
899 190
905 193
911 196
917 202
923 208
928 214
934 220
940 225
946 229
952 231
958 233
964 233
970 233
976 232
982 230
988 226
994 220
998 214
1001 208
1003 202
1005 196
1007 190
1011 184
1015 178
1021 174
1027 171
1033 169
1039 169
1045 170
1051 173
1057 177
1062 183
1066 189
1069 195
1073 201
1078 207
1084 212
1090 215
1096 216
1102 216
1108 215
1114 213
1120 210
1126 206
1132 202
1138 199
1144 197
1150 196
1156 195
1162 196
1168 197
1174 199
1180 201
1186 204
1192 208
