0 87
6 86
12 85
18 85
24 85
30 85
36 86
42 88
48 90
54 92
60 95
66 99
72 104
78 110
83 116
87 122
90 128
93 134
95 140
97 146
98 152
99 158
99 164
100 170
100 176
99 182
98 188
97 194
95 200
91 206
85 211
79 211
73 209
67 206
61 204
55 207
51 213
49 219
48 225
48 231
48 237
49 243
50 249
51 255
53 261
55 267
57 273
60 279
64 285
68 291
72 297
78 303
84 308
90 313
96 316
102 319
108 321
114 322
120 323
126 324
132 324
138 323
144 322
150 320
156 318
162 314
168 310
174 305
179 299
183 293
186 287
189 281
190 275
191 269
191 263
191 257
189 251
186 245
180 240
174 239
168 238
162 236
156 230
154 224
153 218
153 212
153 206
155 200
156 194
158 188
161 182
164 176
167 170
170 164
175 158
179 152
185 146
191 141
197 137
203 133
209 130
215 128
221 127
227 126
233 126
239 126
245 127
251 129
257 131
263 135
269 139
275 144
281 150
285 156
289 162
292 168
294 174
296 180
296 186
297 192
296 198
294 204
290 210
284 216
281 222
279 228
278 234
279 240
280 246
282 252
285 258
289 264
294 270
300 276
306 280
312 283
318 286
324 287
330 288
336 288
342 288
348 287
354 285
360 282
366 278
372 273
378 267
383 261
387 255
391 249
394 243
396 237
398 231
400 225
401 219
402 213
402 207
400 201
397 195
391 191
385 189
379 188
373 184
369 178
367 172
366 166
366 160
366 154
367 148
368 142
370 136
373 130
376 124
380 118
386 112
392 107
398 103
404 100
410 98
416 96
422 95
428 95
434 94
440 95
446 96
452 97
458 99
464 102
470 105
476 109
482 114
488 120
493 126
497 132
501 138
504 144
506 150
508 156
509 162
510 168
510 174
510 180
510 186
508 192
506 198
502 204
496 208
490 208
484 207
478 206
472 207
466 212
463 218
462 224
461 230
460 236
460 242
461 248
462 254
463 260
465 266
467 272
470 278
473 284
477 290
482 296
488 301
494 306
500 309
506 312
512 314
518 316
524 317
530 318
536 318
542 318
548 317
554 316
560 314
566 312
572 310
578 307
584 303
590 299
596 294
602 288
607 282
611 276
616 270
619 264
623 258
626 252
629 246
632 240
634 234
636 228
637 222
639 216
639 210
639 204
638 198
635 192
629 188
623 186
617 181
613 175
611 169
610 163
610 157
611 151
612 145
613 139
615 133
618 127
621 121
624 115
629 109
634 103
640 98
646 93
652 90
658 87
664 84
670 82
676 81
682 79
688 79
694 78
700 79
706 79
712 80
718 81
724 83
730 85
736 88
742 91
748 95
754 100
760 105
765 111
770 117
773 123
776 129
779 135
781 141
783 147
785 153
786 159
787 165
787 171
787 177
787 183
787 189
786 195
784 201
782 207
778 213
772 219
766 220
760 217
754 213
748 209
742 208
736 212
732 218
730 224
728 230
727 236
727 242
727 248
727 254
728 260
729 266
731 272
733 278
735 284
738 290
741 296
745 302
750 308
756 314
762 319
768 323
774 327
780 330
786 332
792 334
798 335
804 336
810 336
816 336
822 336
828 335
834 334
840 333
846 331
852 328
858 325
864 321
870 317
876 311
881 305
885 299
888 293
891 287
893 281
894 275
895 269
895 263
894 257
893 251
888 245
882 242
876 240
870 238
865 232
863 226
862 220
862 214
862 208
863 202
865 196
867 190
869 184
871 178
874 172
877 166
880 160
884 154
888 148
892 142
897 136
903 130
909 124
915 119
921 115
927 112
933 109
939 107
945 105
951 103
957 102
963 101
969 101
975 101
981 102
987 103
993 104
999 106
1005 108
1011 111
1017 114
1023 118
1029 123
1035 129
1040 135
1044 141
1048 147
1052 153
1054 159
1057 165
1059 171
1061 177
1063 183
1064 189
1065 195
1065 201
1065 207
1064 213
1062 219
1058 225
1052 229
1046 230
1040 229
1034 228
1028 230
1022 236
1019 242
1018 248
1018 254
1018 260
1019 266
1020 272
1022 278
1025 284
1028 290
1032 296
1037 302
1042 308
1048 313
1054 317
1060 320
1066 323
1072 325
1078 327
1084 328
1090 328
1096 329
1102 328
1108 328
1114 326
1120 325
1126 323
1132 320
1138 316
1144 312
1150 307
1155 301
1160 295
1164 289
1168 283
1170 277
1173 271
1175 265
1177 259
1178 253
1179 247
1180 241
1180 235
1179 229
1178 223
1176 217
1171 211
1165 210
1159 212
1153 214
1147 214
1141 211
1137 205
1135 199
1134 193
1133 187
1133 181
1133 175
1134 169
1135 163
1136 157
1138 151
1140 145
1142 139
1145 133
1148 127
1152 121
1156 115
1161 109
1167 104
1173 99
1179 96
1185 93
1191 90
