0 163
6 161
12 160
18 159
24 159
30 160
36 162
42 164
48 166
54 170
60 175
65 181
69 187
73 193
76 199
78 205
81 211
83 217
87 223
91 229
97 235
103 239
109 242
115 244
121 246
127 246
133 246
139 245
145 243
151 240
157 236
163 231
169 225
174 219
178 213
183 207
188 201
194 195
200 190
206 187
212 184
218 182
224 181
230 180
236 180
242 181
248 182
254 184
260 186
266 189
272 193
278 197
284 202
290 208
296 213
302 217
308 221
314 225
320 227
326 228
332 229
338 229
344 228
350 226
356 224
362 220
368 214
373 208
378 202
382 196
386 190
390 184
396 178
402 173
408 170
414 167
420 166
426 165
432 165
438 166
444 167
450 170
456 173
462 178
468 184
472 190
476 196
479 202
482 208
485 214
489 220
494 226
500 231
506 235
512 238
518 240
524 241
530 241
536 241
542 241
548 240
554 239
560 237
566 235
572 233
578 231
584 229
590 226
596 223
602 220
608 217
614 213
620 208
626 203
632 197
637 191
642 185
648 179
654 173
660 169
666 165
672 162
678 160
684 158
690 157
696 157
702 157
708 158
714 159
720 161
726 164
732 168
738 173
743 179
747 185
751 191
753 197
756 203
758 209
760 215
763 221
766 227
771 233
776 239
782 243
788 247
794 249
800 251
806 252
812 252
818 252
824 251
830 250
836 248
842 245
848 241
854 237
860 232
866 226
871 220
877 214
883 208
889 202
895 197
901 193
907 189
913 186
919 183
925 180
931 178
937 176
943 174
949 172
955 171
961 170
967 170
973 170
979 170
985 170
991 171
997 173
1003 175
1009 178
1015 181
1021 186
1027 191
1032 197
1036 203
1040 209
1044 215
1048 221
1053 227
1059 233
1065 238
1071 242
1077 244
1083 246
1089 248
1095 248
1101 248
1107 247
1113 246
1119 244
1125 241
1131 237
1137 232
1142 226
1147 220
1151 214
1154 208
1157 202
1161 196
1165 190
1169 184
1175 178
1181 173
1187 169
1193 165
