0 208
6 208
12 208
18 208
24 208
30 208
36 208
42 208
48 208
54 208
60 208
66 208
72 209
78 209
84 209
90 209
96 209
102 209
108 210
114 210
120 210
126 210
132 210
138 210
144 210
150 210
156 209
162 209
168 209
174 209
180 209
186 209
192 209
198 209
204 209
210 208
216 208
222 208
228 208
234 208
240 208
246 208
252 208
258 208
264 208
270 209
276 209
282 209
288 209
294 209
300 209
306 209
312 209
318 209
324 209
330 209
336 209
342 209
348 209
354 209
360 209
366 209
372 209
378 209
384 208
390 208
396 208
402 208
408 208
414 208
420 208
426 208
432 208
438 208
444 208
450 208
456 208
462 208
468 209
474 209
480 209
486 209
492 209
498 209
504 210
510 210
516 210
522 210
528 210
534 210
540 210
546 210
552 209
558 209
564 209
570 209
576 209
582 209
588 209
594 209
600 209
606 209
612 209
618 209
624 209
630 209
636 209
642 208
648 208
654 208
660 208
666 208
672 208
678 208
684 208
690 207
696 207
702 208
708 208
714 208
720 208
726 208
732 208
738 208
744 208
750 209
756 209
762 209
768 209
774 209
780 210
786 210
792 210
798 210
804 210
810 210
816 210
822 210
828 210
834 210
840 210
846 210
852 210
858 210
864 209
870 209
876 209
882 209
888 209
894 209
900 209
906 209
912 208
918 208
924 208
930 208
936 208
942 208
948 208
954 208
960 208
966 208
972 208
978 208
984 208
990 208
996 208
1002 208
1008 208
1014 208
1020 208
1026 208
1032 209
1038 209
1044 209
1050 209
1056 209
1062 209
1068 210
1074 210
1080 210
1086 210
1092 210
1098 210
1104 210
1110 210
1116 210
1122 209
1128 209
1134 209
1140 209
1146 209
1152 209
1158 209
1164 209
1170 208
1176 208
1182 208
1188 208
