0 214
6 214
12 214
18 214
24 214
30 214
36 214
42 214
48 214
54 214
60 214
66 215
72 215
78 215
84 215
90 215
96 215
102 215
108 215
114 215
120 215
126 216
132 216
138 215
144 215
150 215
156 215
162 215
168 215
174 215
180 215
186 215
192 215
198 215
204 215
210 215
216 215
222 215
228 215
234 215
240 215
246 215
252 215
258 215
264 215
270 215
276 215
282 215
288 215
294 215
300 215
306 215
312 215
318 215
324 215
330 215
336 215
342 215
348 215
354 215
360 215
366 215
372 215
378 215
384 215
390 215
396 214
402 214
408 214
414 214
420 214
426 214
432 214
438 214
444 214
450 214
456 214
462 215
468 215
474 215
480 215
486 215
492 215
498 215
504 215
510 215
516 215
522 215
528 215
534 215
540 215
546 215
552 215
558 215
564 215
570 215
576 215
582 215
588 215
594 215
600 215
606 215
612 215
618 215
624 215
630 215
636 215
642 215
648 214
654 214
660 214
666 214
672 214
678 214
684 214
690 214
696 214
702 214
708 214
714 214
720 214
726 214
732 214
738 215
744 215
750 215
756 215
762 215
768 215
774 215
780 215
786 215
792 216
798 216
804 216
810 216
816 216
822 216
828 216
834 216
840 216
846 216
852 215
858 215
864 215
870 215
876 215
882 215
888 215
894 215
900 215
906 215
912 215
918 215
924 215
930 215
936 214
942 214
948 214
954 214
960 214
966 214
972 214
978 214
984 214
990 214
996 214
1002 214
1008 214
1014 215
1020 215
1026 215
1032 215
1038 215
1044 215
1050 215
1056 215
1062 215
1068 215
1074 215
1080 215
1086 215
1092 216
1098 215
1104 215
1110 215
1116 215
1122 215
1128 215
1134 215
1140 215
1146 215
1152 215
1158 215
1164 215
1170 215
1176 215
1182 214
1188 214
