0 212
6 212
12 211
18 211
24 211
30 211
36 211
42 212
48 212
54 212
60 212
66 212
72 212
78 212
84 212
90 213
96 213
102 213
108 213
114 213
120 213
126 213
132 213
138 213
144 213
150 213
156 213
162 213
168 213
174 213
180 213
186 212
192 212
198 212
204 212
210 212
216 212
222 212
228 212
234 212
240 212
246 212
252 212
258 212
264 212
270 212
276 212
282 212
288 212
294 212
300 212
306 212
312 212
318 213
324 213
330 213
336 213
342 213
348 213
354 213
360 213
366 212
372 212
378 212
384 212
390 212
396 212
402 212
408 212
414 212
420 212
426 211
432 211
438 212
444 212
450 212
456 212
462 212
468 212
474 212
480 213
486 213
492 213
498 213
504 213
510 213
516 213
522 213
528 213
534 213
540 213
546 213
552 213
558 213
564 213
570 213
576 213
582 213
588 213
594 213
600 213
606 213
612 213
618 212
624 212
630 212
636 212
642 212
648 212
654 212
660 212
666 212
672 211
678 211
684 211
690 211
696 211
702 211
708 211
714 211
720 212
726 212
732 212
738 212
744 212
750 212
756 212
762 213
768 213
774 213
780 213
786 213
792 213
798 213
804 213
810 213
816 213
822 213
828 213
834 213
840 213
846 213
852 213
858 213
864 213
870 213
876 213
882 213
888 212
894 212
900 212
906 212
912 212
918 212
924 212
930 212
936 212
942 212
948 212
954 212
960 212
966 212
972 212
978 212
984 212
990 212
996 212
1002 212
1008 212
1014 212
1020 212
1026 212
1032 212
1038 212
1044 213
1050 213
1056 213
1062 213
1068 213
1074 213
1080 213
1086 213
1092 213
1098 213
1104 213
1110 213
1116 213
1122 213
1128 213
1134 213
1140 213
1146 213
1152 212
1158 212
1164 212
1170 212
1176 212
1182 212
1188 212
