0 201
6 201
12 201
18 201
24 201
30 201
36 201
42 201
48 201
54 201
60 201
66 201
72 201
78 201
84 201
90 201
96 201
102 201
108 201
114 202
120 202
126 202
132 202
138 202
144 202
150 201
156 201
162 201
168 201
174 201
180 201
186 201
192 201
198 201
204 201
210 201
216 201
222 201
228 201
234 201
240 201
246 201
252 201
258 201
264 201
270 201
276 201
282 201
288 201
294 201
300 201
306 201
312 201
318 201
324 201
330 201
336 201
342 201
348 201
354 201
360 201
366 201
372 201
378 201
384 201
390 201
396 201
402 201
408 201
414 201
420 201
426 201
432 201
438 201
444 201
450 201
456 201
462 201
468 201
474 201
480 201
486 201
492 201
498 202
504 202
510 202
516 202
522 202
528 202
534 202
540 202
546 202
552 201
558 201
564 201
570 201
576 201
582 201
588 201
594 201
600 201
606 201
612 201
618 201
624 201
630 201
636 201
642 201
648 201
654 201
660 201
666 201
672 201
678 201
684 201
690 201
696 201
702 201
708 201
714 201
720 201
726 201
732 201
738 201
744 201
750 201
756 201
762 201
768 201
774 201
780 202
786 202
792 202
798 202
804 202
810 202
816 202
822 202
828 202
834 202
840 202
846 202
852 202
858 202
864 201
870 201
876 201
882 201
888 201
894 201
900 201
906 201
912 201
918 201
924 201
930 201
936 201
942 201
948 201
954 201
960 201
966 201
972 201
978 201
984 201
990 201
996 201
1002 201
1008 201
1014 201
1020 201
1026 201
1032 201
1038 201
1044 201
1050 201
1056 201
1062 201
1068 202
1074 202
1080 202
1086 202
1092 202
1098 202
1104 202
1110 202
1116 201
1122 201
1128 201
1134 201
1140 201
1146 201
1152 201
1158 201
1164 201
1170 201
1176 201
1182 201
1188 201
