30 245
31 250
32 255
32 260
33 265
34 270
35 275
36 280
38 285
39 290
41 295
42 300
44 305
46 310
48 315
51 320
53 325
56 330
59 335
62 340
65 345
70 350
75 355
80 359
85 362
90 365
95 367
100 368
105 370
110 371
115 371
120 372
125 372
130 373
135 373
140 372
145 372
150 371
155 371
160 370
165 368
170 367
175 365
180 363
185 360
190 356
195 352
199 347
202 342
204 337
206 332
207 327
208 322
209 317
209 312
209 307
209 302
209 297
209 292
208 287
207 282
207 277
206 272
205 267
204 262
203 257
202 252
201 247
200 242
198 237
197 232
195 227
192 222
188 217
183 214
178 213
173 215
168 220
166 225
164 230
163 235
162 240
161 245
159 250
156 255
153 260
150 265
148 270
145 275
143 280
142 285
142 290
141 295
140 300
137 305
132 309
127 311
122 312
117 313
112 312
107 310
102 305
99 300
98 295
98 290
98 285
99 280
100 275
101 270
102 265
103 260
105 255
106 250
108 245
109 240
111 235
113 230
115 225
117 220
120 215
122 210
125 205
127 200
130 195
133 190
136 185
139 180
143 175
146 170
150 165
154 160
157 155
161 150
165 145
169 140
173 135
178 130
183 125
187 120
192 116
197 112
202 108
207 105
212 102
217 100
222 98
227 97
232 96
237 95
242 96
247 96
252 97
257 98
262 100
267 103
272 106
277 109
282 114
287 119
292 124
296 129
299 134
303 139
306 144
309 149
311 154
314 159
316 164
319 169
321 174
323 179
326 184
328 189
330 194
332 199
334 204
335 209
337 214
339 219
340 224
341 229
341 234
341 239
339 244
337 249
332 253
327 255
322 256
317 255
312 254
307 250
303 245
301 240
298 235
295 230
292 225
288 220
283 215
279 210
276 205
273 200
270 195
266 190
261 186
256 185
251 184
246 185
241 188
237 193
235 198
234 203
234 208
235 213
236 218
237 223
239 228
241 233
243 238
245 243
247 248
249 253
251 258
253 263
255 268
257 273
260 278
262 283
265 288
268 293
271 298
275 303
279 308
283 313
288 318
293 322
298 325
303 328
308 330
313 331
318 332
323 333
328 332
333 332
338 331
343 329
348 326
353 323
358 320
363 315
368 310
373 305
377 300
381 295
385 290
388 285
392 280
396 275
399 270
402 265
406 260
409 255
412 250
414 245
417 240
419 235
422 230
424 225
426 220
428 215
430 210
432 205
434 200
436 195
437 190
439 185
441 180
442 175
444 170
446 165
447 160
449 155
450 150
451 145
452 140
453 135
453 130
453 125
450 120
445 116
440 115
435 116
430 119
427 124
425 129
424 134
423 139
421 144
418 149
416 154
413 159
409 164
407 169
404 174
402 179
400 184
399 189
398 194
397 199
396 204
395 209
393 214
391 219
386 224
381 224
377 219
375 214
373 209
372 204
371 199
370 194
369 189
368 184
367 179
366 174
365 169
364 164
363 159
362 154
361 149
361 144
360 139
360 134
359 129
359 124
359 119
359 114
360 109
360 104
361 99
363 94
364 89
367 84
369 79
373 74
377 69
382 64
387 60
392 57
397 54
402 52
407 51
412 49
417 48
422 48
427 47
432 47
437 48
442 48
447 49
452 50
457 51
462 53
467 55
472 58
477 61
482 64
487 68
492 73
497 78
501 83
505 88
508 93
511 98
514 103
517 108
519 113
521 118
523 123
525 128
527 133
529 138
530 143
532 148
533 153
535 158
536 163
538 168
539 173
540 178
542 183
543 188
544 193
546 198
547 203
548 208
549 213
551 218
552 223
552 228
553 233
553 238
553 243
552 248
550 253
547 258
542 262
537 264
532 265
527 265
522 264
517 262
513 257
512 252
512 247
513 242
514 237
514 232
515 227
514 222
513 217
511 212
509 207
507 202
505 197
503 192
501 187
500 182
499 177
498 172
497 167
496 162
495 157
494 152
493 147
490 142
485 138
480 143
480 148
479 153
478 158
477 163
477 168
476 173
474 178
473 183
472 188
471 193
469 198
468 203
466 208
465 213
464 218
462 223
461 228
459 233
458 238
457 243
455 248
454 253
453 258
452 263
451 268
450 273
449 278
448 283
447 288
447 293
446 298
446 303
446 308
446 313
447 318
447 323
448 328
450 333
452 338
455 343
459 348
464 353
469 357
474 360
479 363
484 365
489 366
494 367
499 369
504 369
509 370
514 371
519 371
524 372
529 372
534 372
539 372
544 372
549 372
554 372
559 371
564 371
569 370
574 369
579 367
584 365
589 363
594 361
599 358
604 354
609 350
613 345
617 340
620 335
623 330
625 325
627 320
629 315
631 310
633 305
635 300
637 295
639 290
641 285
643 280
645 275
647 270
648 265
650 260
652 255
654 250
655 245
657 240
658 235
660 230
661 225
662 220
663 215
665 210
666 205
667 200
668 195
669 190
670 185
671 180
672 175
672 170
673 165
674 160
674 155
674 150
674 145
673 140
671 135
668 130
663 127
658 126
653 126
648 128
643 133
641 138
641 143
641 148
641 153
640 158
639 163
637 168
635 173
633 178
632 183
630 188
629 193
628 198
628 203
627 208
627 213
627 218
626 223
624 228
621 233
616 238
611 239
606 238
601 234
598 229
596 224
595 219
593 214
592 209
591 204
591 199
590 194
589 189
588 184
588 179
587 174
587 169
586 164
586 159
586 154
585 149
585 144
585 139
585 134
585 129
585 124
586 119
586 114
586 109
587 104
588 99
589 94
590 89
592 84
594 79
596 74
599 69
602 64
605 59
610 54
615 49
620 46
625 42
630 40
635 38
640 36
645 34
650 33
655 32
660 31
665 30
670 30
675 29
680 29
685 29
690 29
695 29
700 29
705 29
710 30
715 30
720 31
725 31
730 32
735 34
740 35
745 37
750 39
755 41
760 44
765 47
770 51
775 56
779 61
783 66
786 71
788 76
790 81
792 86
794 91
795 96
796 101
797 106
798 111
799 116
800 121
800 126
800 131
800 136
801 141
801 146
800 151
800 156
800 161
800 166
799 171
799 176
798 181
797 186
797 191
796 196
796 201
795 206
794 211
794 216
793 221
793 226
792 231
792 236
791 241
791 246
791 251
791 256
790 261
790 266
790 271
789 276
789 281
788 286
787 291
785 296
781 301
776 303
771 302
766 298
763 293
761 288
761 283
761 278
762 273
763 268
763 263
763 258
763 253
763 248
762 243
761 238
760 233
758 228
757 223
755 218
753 213
752 208
750 203
749 198
748 193
747 188
746 183
746 178
747 173
747 168
748 163
748 158
748 153
745 148
740 144
735 144
730 146
726 151
724 156
723 161
722 166
721 171
720 176
720 181
719 186
719 191
718 196
718 201
718 206
717 211
717 216
716 221
715 226
715 231
714 236
714 241
713 246
712 251
712 256
711 261
711 266
710 271
710 276
709 281
709 286
709 291
709 296
709 301
709 306
709 311
710 316
710 321
711 326
712 331
713 336
714 341
716 346
719 351
715 356
720 357
725 359
730 364
735 368
740 371
745 373
750 374
755 376
760 377
765 378
770 379
775 379
780 380
785 380
790 381
795 381
800 381
805 381
810 381
815 381
820 381
825 381
830 381
835 381
840 381
845 380
850 380
855 379
860 378
865 377
870 376
875 375
880 374
885 373
890 372
895 370
900 367
905 364
910 360
915 355
918 350
921 345
923 340
925 335
926 330
927 325
928 320
929 315
929 310
929 305
930 300
930 295
930 290
930 285
930 280
930 275
929 270
929 265
929 260
929 255
928 250
927 245
927 240
925 235
924 230
922 225
919 220
915 215
910 211
905 210
900 210
895 211
890 215
886 220
884 225
883 230
883 235
882 240
882 245
880 250
878 255
876 260
874 265
872 270
870 275
869 280
868 285
868 290
868 295
868 300
866 305
862 310
857 314
852 316
847 318
842 319
837 318
832 316
827 311
825 306
824 301
824 296
825 291
825 286
826 281
827 276
828 271
829 266
830 261
831 256
832 251
833 246
834 241
835 236
836 231
838 226
839 221
840 216
842 211
843 206
845 201
847 196
848 191
850 186
852 181
854 176
856 171
858 166
860 161
862 156
864 151
866 146
869 141
871 136
873 131
875 126
878 121
880 116
883 111
885 106
888 101
891 96
895 91
899 86
903 81
908 76
913 72
918 68
923 65
928 62
933 60
938 58
943 56
948 55
953 54
958 53
963 53
968 53
973 53
978 53
983 53
988 54
993 55
998 57
1003 59
1008 61
1013 63
1018 66
1023 70
1028 74
1033 78
1037 83
1041 88
1045 93
1048 98
1051 103
1054 108
1056 113
1059 118
1061 123
1063 128
1065 133
1067 138
1069 143
1070 148
1072 153
1074 158
1075 163
1077 168
1078 173
1080 178
1081 183
1082 188
1083 193
1084 198
1085 203
1086 208
1087 213
1088 218
1089 223
1090 228
1090 233
1091 238
1092 243
1092 248
1093 253
1093 258
1094 263
1094 268
1094 273
1095 278
1095 283
1095 288
1095 293
1094 298
1093 303
1090 308
1085 311
1080 312
1075 312
1070 310
1065 308
1060 304
1056 299
1053 294
1052 289
1052 284
1052 279
1051 274
1051 269
1049 264
1047 259
1044 254
1042 249
1039 244
1036 239
1034 234
1033 229
1032 224
1032 219
1031 214
1031 209
1028 204
1024 199
1019 196
1014 195
1009 194
1004 195
999 197
994 201
990 206
987 211
986 216
985 221
984 226
984 231
984 236
984 241
984 246
984 251
985 256
985 261
986 266
987 271
987 276
988 281
989 286
989 291
990 296
991 301
992 306
993 311
994 316
996 321
997 326
999 331
1001 336
1003 341
1006 346
1010 351
1014 356
1019 360
1024 363
1029 366
1034 368
1039 370
1044 371
1049 373
1054 374
1059 375
1064 375
1069 376
1074 377
1079 377
1084 377
1089 378
1094 378
1099 378
1104 378
1109 378
1114 377
1119 377
1124 376
1129 375
1134 374
1139 373
1144 371
1149 369
1154 366
1159 363
1164 359
1169 354
1172 349
1175 344
1177 339
1179 334
1181 329
1182 324
1183 319
1184 314
1185 309
1186 304
1186 299
1187 294
1187 289
1187 284
1187 279
1187 274
1187 269
1187 264
1187 259
1187 254
1187 249
1187 244
1187 239
1186 234
1186 229
1186 224
1186 219
1186 214
1186 209
1187 204
1187 199
1187 194
1187 189
1187 184
1188 179
1188 174
1188 169
1189 164
1189 159
1190 154
1190 149
1190 144
1189 139
1187 134
1182 133
1177 138
1175 143
1174 148
1173 153
1173 158
1172 163
1171 168
1170 173
1169 178
1168 183
1166 188
1165 193
1163 198
1162 203
1160 208
1159 213
1157 218
1155 223
1154 228
1152 233
1151 238
1150 243
1149 248
1148 253
1147 258
1147 263
1146 268
1146 273
1145 278
1145 283
1144 288
1142 293
1138 298
1133 300
1128 297
1127 292
1126 287
1126 282
1126 277
1126 272
1127 267
1127 262
1127 257
1128 252
1128 247
1128 242
1129 237
1129 232
1129 227
1129 222
1129 217
1129 212
1129 207
1129 202
1129 197
1129 192
1128 187
1128 182
1128 177
1128 172
1128 167
1128 162
1128 157
1128 152
1128 147
1128 142
1128 137
1128 132
1129 127
1129 122
1130 117
1131 112
1132 107
1133 102
1135 97
1136 92
1138 87
1140 82
1143 77
1146 72
1149 67
1153 62
1158 57
1163 53
1168 50
1173 47
1178 44
1183 42
1188 40
1193 39
1198 38
3 37
8 36
13 35
18 35
23 35
28 35
33 35
38 35
43 36
48 36
53 37
58 38
63 40
68 41
73 43
78 46
83 49
88 52
93 56
98 61
102 66
105 71
107 76
109 81
111 86
112 91
113 96
113 101
113 106
113 111
113 116
112 121
111 126
111 131
109 136
108 141
107 146
105 151
103 156
102 161
100 166
98 171
96 176
94 181
92 186
91 191
89 196
87 201
85 206
84 211
82 216
81 221
79 226
78 231
77 236
76 241
75 246
75 251
74 256
74 261
74 266
74 271
74 276
69 279
65 274
63 269
61 264
60 259
59 254
59 249
59 244
58 239
58 234
58 229
57 224
57 219
56 214
56 209
55 204
53 199
52 194
51 189
49 184
48 179
46 174
45 169
44 164
43 159
42 154
42 149
43 144
43 139
42 134
40 129
35 125
30 124
25 127
22 132
20 137
20 142
20 147
20 152
20 157
21 162
21 167
22 172
23 177
23 182
24 187
24 192
25 197
25 202
25 207
26 212
27 217
27 222
28 227
28 232
29 237
