0 178
6 176
12 175
18 175
24 175
30 176
36 177
42 179
48 181
54 185
60 189
66 195
71 201
76 207
80 213
85 219
90 225
96 230
102 234
108 237
114 239
120 241
126 241
132 241
138 240
144 239
150 237
156 234
162 230
168 225
174 220
180 215
186 210
192 205
198 201
204 198
210 196
216 194
222 193
228 192
234 192
240 192
246 193
252 194
258 196
264 198
270 200
276 203
282 207
288 210
294 214
300 218
306 221
312 223
318 225
324 227
330 227
336 228
342 227
348 226
354 224
360 221
366 217
372 213
378 207
384 201
390 195
396 191
402 187
408 184
414 182
420 180
426 179
432 179
438 180
444 182
450 184
456 187
462 191
468 197
474 203
479 209
484 215
489 221
495 226
501 230
507 233
513 235
519 236
525 237
531 238
537 237
543 237
549 236
555 235
561 234
567 232
573 230
579 229
585 227
591 225
597 223
603 220
609 218
615 215
621 211
627 208
633 203
639 199
645 194
651 189
657 185
663 182
669 179
675 176
681 175
687 173
693 173
699 173
705 173
711 174
717 176
723 178
729 182
735 186
741 191
746 197
751 203
755 209
759 215
764 221
769 227
775 233
781 237
787 241
793 243
799 245
805 246
811 246
817 246
823 246
829 244
835 243
841 240
847 237
853 234
859 230
865 226
871 221
877 217
883 213
889 209
895 205
901 202
907 199
913 196
919 194
925 192
931 190
937 188
943 187
949 186
955 185
961 184
967 183
973 183
979 183
985 184
991 185
997 186
1003 188
1009 190
1015 193
1021 197
1027 201
1033 206
1039 212
1045 218
1051 223
1057 229
1063 233
1069 236
1075 239
1081 241
1087 242
1093 243
1099 243
1105 242
1111 241
1117 240
1123 237
1129 234
1135 230
1141 225
1147 220
1152 214
1158 208
1163 202
1169 197
1175 191
1181 187
1187 183
1193 180
