0 215
6 215
12 215
18 215
24 215
30 215
36 215
42 215
48 215
54 215
60 215
66 215
72 215
78 215
84 215
90 216
96 216
102 216
108 216
114 216
120 216
126 216
132 216
138 216
144 216
150 216
156 216
162 216
168 216
174 216
180 216
186 215
192 215
198 215
204 215
210 215
216 215
222 215
228 215
234 215
240 215
246 215
252 215
258 215
264 215
270 215
276 215
282 215
288 215
294 215
300 215
306 215
312 215
318 215
324 216
330 216
336 216
342 216
348 216
354 216
360 215
366 215
372 215
378 215
384 215
390 215
396 215
402 215
408 215
414 215
420 215
426 215
432 215
438 215
444 215
450 215
456 215
462 215
468 215
474 215
480 215
486 216
492 216
498 216
504 216
510 216
516 216
522 216
528 216
534 216
540 216
546 216
552 216
558 216
564 216
570 216
576 216
582 216
588 216
594 216
600 216
606 216
612 216
618 215
624 215
630 215
636 215
642 215
648 215
654 215
660 215
666 215
672 214
678 214
684 214
690 214
696 214
702 214
708 214
714 215
720 215
726 215
732 215
738 215
744 215
750 215
756 215
762 216
768 216
774 216
780 216
786 216
792 216
798 216
804 216
810 216
816 216
822 216
828 216
834 216
840 216
846 216
852 216
858 216
864 216
870 216
876 216
882 216
888 215
894 215
900 215
906 215
912 215
918 215
924 215
930 215
936 215
942 215
948 215
954 215
960 215
966 215
972 215
978 215
984 215
990 215
996 215
1002 215
1008 215
1014 215
1020 215
1026 215
1032 215
1038 215
1044 216
1050 216
1056 216
1062 216
1068 216
1074 216
1080 216
1086 216
1092 216
1098 216
1104 216
1110 216
1116 216
1122 216
1128 216
1134 216
1140 216
1146 216
1152 215
1158 215
1164 215
1170 215
1176 215
1182 215
1188 215
