0 192
6 191
12 191
18 191
24 191
30 191
36 192
42 193
48 194
54 195
60 197
66 199
72 201
78 204
84 206
90 208
96 210
102 212
108 213
114 214
120 215
126 215
132 215
138 215
144 214
150 213
156 212
162 211
168 209
174 208
180 206
186 204
192 203
198 202
204 200
210 199
216 199
222 198
228 198
234 198
240 198
246 198
252 199
258 199
264 200
270 201
276 202
282 203
288 204
294 205
300 206
306 207
312 208
318 208
324 209
330 209
336 209
342 209
348 209
354 208
360 207
366 206
372 204
378 202
384 201
390 199
396 197
402 196
408 194
414 193
420 193
426 192
432 192
438 193
444 194
450 195
456 197
462 198
468 200
474 203
480 205
486 207
492 209
498 210
504 212
510 213
516 213
522 214
528 214
534 214
540 214
546 213
552 213
558 212
564 212
570 211
576 210
582 210
588 209
594 209
600 208
606 207
612 206
618 205
624 204
630 202
636 201
642 199
648 198
654 196
660 194
666 193
672 192
678 191
684 190
690 189
696 189
702 190
708 190
714 191
720 192
726 194
732 195
738 197
744 200
750 202
756 204
762 207
768 209
774 211
780 213
786 214
792 216
798 217
804 217
810 217
816 218
822 217
828 217
834 216
840 215
846 214
852 213
858 211
864 210
870 208
876 207
882 205
888 204
894 203
900 202
906 201
912 200
918 199
924 198
930 197
936 196
942 196
948 195
954 195
960 194
966 194
972 194
978 194
984 194
990 194
996 195
1002 196
1008 197
1014 198
1020 199
1026 201
1032 203
1038 204
1044 206
1050 208
1056 210
1062 211
1068 213
1074 214
1080 215
1086 215
1092 216
1098 216
1104 216
1110 215
1116 214
1122 213
1128 212
1134 210
1140 209
1146 207
1152 205
1158 203
1164 201
1170 200
1176 198
1182 196
1188 195
