0 153
6 153
12 155
18 157
24 161
29 167
32 173
34 179
36 185
36 191
34 197
33 203
31 209
31 215
32 221
33 227
35 233
38 239
43 245
49 251
55 255
61 257
67 258
73 257
79 256
85 253
91 247
95 241
98 235
100 229
100 223
100 217
98 211
96 205
92 199
91 193
90 187
91 181
92 175
94 169
98 163
103 157
109 153
115 150
121 148
127 147
133 147
139 148
145 150
151 153
157 158
161 164
164 170
165 176
164 182
163 188
161 194
160 200
160 206
160 212
162 218
165 224
169 230
175 235
181 238
187 240
193 240
199 238
205 235
211 229
215 223
217 217
219 211
222 205
225 199
230 193
236 188
242 186
248 185
254 186
260 188
266 193
271 199
274 205
277 211
281 217
287 223
293 228
299 232
305 237
311 243
315 249
319 255
322 261
327 267
333 271
339 274
345 275
351 276
357 275
363 273
369 270
375 265
380 259
383 253
385 247
386 241
387 235
387 229
387 223
387 217
386 211
384 205
382 199
376 193
370 192
364 189
360 183
359 177
359 171
359 165
361 159
364 153
368 147
374 142
380 138
386 135
392 134
398 134
404 134
410 136
416 138
422 143
427 149
430 155
431 161
431 167
429 173
424 179
418 184
415 190
414 196
415 202
416 208
417 214
419 220
421 226
424 232
428 238
432 244
438 249
444 252
450 253
456 253
462 251
468 247
472 241
475 235
475 229
475 223
473 217
470 211
468 205
469 199
471 193
474 187
479 181
485 176
491 174
497 172
503 173
509 175
515 179
520 185
522 191
523 197
523 203
522 209
521 215
521 221
522 227
524 233
528 239
533 245
539 250
545 252
551 253
557 253
563 251
569 248
575 243
579 237
582 231
584 225
585 219
585 213
584 207
582 201
581 195
580 189
580 183
582 177
584 171
588 165
594 159
600 156
606 153
612 152
618 152
624 153
630 156
636 160
641 166
644 172
645 178
644 184
643 190
642 196
643 202
645 208
648 214
654 220
660 224
666 225
672 225
678 225
684 223
690 221
696 220
702 218
708 218
714 219
720 221
726 226
732 232
735 238
739 244
743 250
749 256
755 259
761 262
767 263
773 263
779 262
785 260
791 257
797 252
803 246
807 240
810 234
812 228
814 222
816 216
817 210
817 204
817 198
815 192
812 186
806 182
800 178
797 172
797 166
798 160
800 154
803 148
808 142
814 137
820 134
826 132
832 131
838 130
844 131
850 132
856 134
862 137
868 142
873 148
877 154
879 160
881 166
882 172
882 178
881 184
880 190
875 196
869 198
863 202
860 208
859 214
858 220
858 226
858 232
859 238
860 244
862 250
864 256
867 262
872 268
878 273
884 276
890 279
896 280
902 280
908 279
914 278
920 275
926 270
931 264
934 258
936 252
936 246
935 240
934 234
934 228
936 222
939 216
942 210
947 204
951 198
956 192
960 186
964 180
968 174
971 168
975 162
980 156
986 151
992 148
998 146
1004 145
1010 145
1016 146
1022 148
1028 152
1034 158
1038 164
1039 170
1040 176
1040 182
1037 188
1033 194
1027 199
1022 205
1020 211
1019 217
1019 223
1020 229
1022 235
1026 241
1031 247
1037 251
1043 253
1049 254
1055 253
1061 251
1067 247
1071 241
1074 235
1076 229
1076 223
1077 217
1079 211
1081 205
1086 199
1092 194
1098 192
1104 191
1110 192
1116 195
1122 200
1127 206
1129 212
1131 218
1132 224
1130 230
1127 236
1125 242
1123 248
1124 254
1125 260
1129 266
1135 272
1141 275
1147 277
1153 278
1159 277
1165 275
1171 272
1177 268
1182 262
1185 256
1187 250
1188 244
1189 238
1189 232
1188 226
1186 220
1182 214
1176 208
1172 202
1171 196
1170 190
1170 184
1172 178
1174 172
1177 166
1183 160
1189 156
