0 199
6 199
12 199
18 199
24 199
30 199
36 200
42 200
48 200
54 201
60 201
66 201
72 200
78 200
84 200
90 200
96 199
102 199
108 199
114 199
120 199
126 199
132 199
138 199
144 199
150 199
156 199
162 199
168 199
174 200
180 200
186 200
192 200
198 200
204 200
210 200
216 200
222 200
228 200
234 200
240 200
246 200
252 200
258 200
264 200
270 200
276 200
282 201
288 201
294 201
300 201
306 201
312 201
318 201
324 201
330 201
336 201
342 201
348 202
354 201
360 201
366 201
372 200
378 200
384 199
390 199
396 198
402 198
408 198
414 198
420 199
426 199
432 200
438 200
444 201
450 201
456 201
462 201
468 200
474 200
480 199
486 199
492 199
498 199
504 199
510 199
516 200
522 200
528 200
534 200
540 200
546 200
552 200
558 200
564 200
570 200
576 200
582 200
588 199
594 199
600 199
606 199
612 199
618 199
624 199
630 199
636 199
642 199
648 200
654 200
660 200
666 200
672 200
678 200
684 200
690 200
696 200
702 200
708 200
714 200
720 200
726 201
732 201
738 201
744 201
750 201
756 201
762 201
768 201
774 201
780 201
786 201
792 200
798 200
804 200
810 199
816 199
822 199
828 198
834 198
840 198
846 198
852 198
858 199
864 199
870 200
876 200
882 201
888 201
894 201
900 202
906 201
912 201
918 201
924 201
930 200
936 200
942 200
948 200
954 200
960 200
966 200
972 200
978 200
984 199
990 199
996 199
1002 199
1008 199
1014 199
1020 199
1026 199
1032 200
1038 200
1044 201
1050 201
1056 201
1062 201
1068 201
1074 201
1080 200
1086 200
1092 200
1098 200
1104 200
1110 200
1116 200
1122 201
1128 201
1134 201
1140 202
1146 202
1152 202
1158 201
1164 201
1170 201
1176 200
1182 200
1188 200
