0 196
6 195
12 195
18 196
24 198
30 201
36 204
42 208
48 211
54 213
60 214
66 214
72 213
78 211
84 209
90 206
96 203
102 200
108 198
114 196
120 195
126 195
132 195
138 195
144 196
150 197
156 199
162 201
168 203
174 205
180 207
186 209
192 209
198 210
204 209
210 208
216 207
222 205
228 203
234 202
240 202
246 202
252 203
258 204
264 206
270 207
276 208
282 209
288 209
294 210
300 210
306 210
312 211
318 213
324 214
330 216
336 218
342 219
348 219
354 218
360 217
366 214
372 209
378 203
384 197
390 192
396 189
402 188
408 188
414 191
420 194
426 200
432 206
438 210
444 214
450 215
456 215
462 214
468 211
474 208
480 204
486 200
492 198
498 198
504 198
510 200
516 202
522 205
528 208
534 210
540 211
546 212
552 212
558 211
564 210
570 208
576 206
582 204
588 201
594 199
600 198
606 196
612 196
618 196
624 197
630 198
636 200
642 202
648 204
654 206
660 207
666 208
672 208
678 208
684 208
690 207
696 207
702 207
708 207
714 208
720 208
726 209
732 210
738 211
744 212
750 213
756 214
762 215
768 215
774 215
780 214
786 213
792 211
798 208
804 204
810 200
816 196
822 193
828 190
834 189
840 188
846 189
852 191
858 194
864 199
870 205
876 210
882 215
888 218
894 220
900 220
906 220
912 218
918 216
924 213
930 210
936 208
942 206
948 204
954 204
960 203
966 203
972 202
978 200
984 198
990 196
996 194
1002 193
1008 193
1014 194
1020 196
1026 200
1032 204
1038 208
1044 212
1050 214
1056 215
1062 214
1068 213
1074 211
1080 208
1086 205
1092 202
1098 201
1104 202
1110 203
1116 206
1122 209
1128 213
1134 216
1140 218
1146 219
1152 219
1158 218
1164 216
1170 213
1176 209
1182 204
1188 201
