0 183
6 181
12 182
18 183
24 187
30 191
35 197
41 203
47 208
53 211
59 212
65 213
71 212
77 210
83 206
89 202
95 196
101 191
107 187
113 184
119 183
125 182
131 182
137 182
143 184
149 185
155 188
161 191
167 195
173 199
179 202
185 205
191 206
197 206
203 205
209 204
215 201
221 199
227 196
233 194
239 193
245 193
251 194
257 196
263 198
269 200
275 202
281 203
287 204
293 205
299 205
305 206
311 208
317 210
323 213
329 216
335 218
341 219
347 220
353 220
359 218
365 214
371 208
375 202
377 196
379 190
382 184
388 178
394 174
400 173
406 173
412 174
418 178
423 184
426 190
429 196
433 202
438 208
444 212
450 214
456 214
462 212
468 209
474 203
479 197
485 192
491 188
497 187
503 187
509 189
515 193
521 197
527 202
533 206
539 208
545 210
551 210
557 209
563 207
569 205
575 201
581 197
587 193
593 189
599 187
605 185
611 184
617 184
623 185
629 187
635 190
641 193
647 196
653 199
659 201
665 203
671 203
677 203
683 202
689 202
695 201
701 201
707 201
713 202
719 203
725 204
731 206
737 208
743 209
749 211
755 212
761 214
767 214
773 214
779 213
785 212
791 209
797 205
803 199
808 193
812 187
818 181
824 176
830 174
836 172
842 172
848 174
854 176
860 181
864 187
868 193
870 199
873 205
877 211
883 216
889 220
895 222
901 222
907 221
913 219
919 216
925 211
931 207
937 202
943 199
949 197
955 196
961 195
967 193
973 192
979 189
985 186
991 183
997 181
1003 180
1009 180
1015 181
1021 185
1027 190
1031 196
1035 202
1041 208
1047 212
1053 213
1059 213
1065 212
1071 209
1077 204
1083 199
1089 195
1095 193
1101 192
1107 193
1113 196
1119 201
1125 207
1131 213
1137 217
1143 220
1149 221
1155 220
1161 218
1167 215
1173 209
1178 203
1182 197
1187 191
1193 186
