0 116
6 117
12 119
18 123
24 128
29 134
32 140
35 146
37 152
39 158
40 164
41 170
41 176
41 182
40 188
34 192
29 186
23 180
18 186
17 192
18 198
19 204
20 210
22 216
24 222
26 228
29 234
32 240
35 246
39 252
43 258
48 264
54 268
60 272
66 274
72 275
78 274
84 273
90 271
96 267
102 261
106 255
108 249
110 243
110 237
111 231
111 225
110 219
109 213
108 207
107 201
105 195
103 189
98 183
92 186
89 192
86 198
80 196
78 190
76 184
76 178
76 172
76 166
76 160
77 154
78 148
80 142
82 136
84 130
87 124
91 118
97 112
103 107
109 103
115 101
121 99
127 98
133 98
139 99
145 100
151 102
157 105
163 109
169 115
173 121
176 127
177 133
178 139
178 145
177 151
174 157
170 163
164 166
158 162
152 157
146 156
140 162
137 168
136 174
136 180
137 186
138 192
139 198
141 204
144 210
146 216
150 222
153 228
158 234
164 240
170 244
176 247
182 249
188 249
194 248
200 246
206 242
212 236
215 230
217 224
217 218
214 212
209 206
208 200
209 194
212 188
216 182
222 176
228 171
234 167
240 165
246 163
252 163
258 163
264 164
270 166
276 169
282 174
288 180
292 186
296 192
298 198
299 204
299 210
298 216
299 222
300 228
303 234
306 240
309 246
311 252
313 258
312 264
309 270
307 276
308 282
310 288
314 294
320 300
326 304
332 307
338 309
344 310
350 310
356 310
362 309
368 308
374 305
380 302
386 297
391 291
395 285
397 279
399 273
399 267
399 261
399 255
397 249
396 243
394 237
392 231
390 225
389 219
387 213
385 207
383 201
381 195
379 189
377 183
376 177
374 171
373 165
372 159
371 153
370 147
364 144
362 150
361 156
360 162
360 168
361 174
360 180
354 180
350 174
347 168
345 162
343 156
342 150
342 144
341 138
342 132
343 126
345 120
347 114
351 108
356 102
362 96
368 92
374 90
380 88
386 87
392 86
398 87
404 88
410 90
416 93
422 97
427 103
431 109
433 115
434 121
434 127
433 133
431 139
428 145
423 151
417 155
411 154
408 148
408 142
407 136
403 130
397 128
391 131
388 137
387 143
386 149
386 155
387 161
388 167
389 173
391 179
393 185
396 191
399 197
402 203
406 209
410 215
415 221
420 227
425 233
430 239
435 245
441 251
447 255
453 257
459 258
465 256
471 253
477 247
480 241
482 235
483 229
483 223
483 217
482 211
480 205
474 199
468 198
462 202
456 207
450 208
444 205
440 199
439 193
440 187
443 181
448 175
453 169
459 164
465 160
471 156
477 153
483 151
489 149
495 149
501 150
507 152
513 155
519 160
524 166
528 172
531 178
533 184
535 190
535 196
535 202
529 206
523 202
517 201
513 207
513 213
513 219
514 225
515 231
517 237
519 243
522 249
526 255
531 261
537 266
543 269
549 270
555 271
561 271
567 270
573 267
579 263
585 258
589 252
592 246
594 240
595 234
596 228
596 222
596 216
595 210
594 204
593 198
591 192
588 186
582 184
576 188
571 182
569 176
568 170
568 164
567 158
568 152
568 146
570 140
572 134
575 128
579 122
585 116
591 112
597 108
603 106
609 105
615 104
621 104
627 105
633 107
639 109
645 113
651 118
657 124
661 130
663 136
665 142
665 148
664 154
658 160
652 158
646 154
640 152
634 154
629 160
627 166
627 172
628 178
629 184
631 190
634 196
638 202
643 208
649 214
655 217
661 219
667 220
673 220
679 220
685 219
691 218
697 218
703 217
709 217
715 218
721 219
727 220
733 222
739 226
745 231
749 237
750 243
747 249
741 253
735 259
734 265
736 271
739 277
745 282
751 286
757 288
763 289
769 289
775 289
781 287
787 285
793 281
799 277
804 271
809 265
813 259
816 253
819 247
821 241
823 235
825 229
827 223
829 217
831 211
832 205
833 199
834 193
835 187
836 181
836 175
837 169
837 163
836 157
835 151
834 145
831 139
825 134
819 134
813 137
809 143
808 149
807 155
807 161
805 167
799 170
793 168
787 162
784 156
781 150
780 144
780 138
780 132
781 126
782 120
784 114
787 108
791 102
797 96
803 91
809 87
815 85
821 83
827 81
833 81
839 81
845 82
851 83
857 85
863 88
869 92
875 97
880 103
884 109
887 115
889 121
890 127
891 133
892 139
892 145
892 151
891 157
890 163
888 169
886 175
884 181
881 187
875 190
873 184
873 178
872 172
872 166
871 160
869 154
863 151
861 157
860 163
859 169
858 175
858 181
857 187
856 193
856 199
855 205
855 211
855 217
854 223
854 229
854 235
854 241
854 247
854 253
854 259
855 265
856 271
857 277
859 283
862 289
867 295
873 301
879 305
885 308
891 310
897 311
903 311
909 311
915 309
921 307
927 304
933 300
939 294
944 288
947 282
949 276
950 270
951 264
951 258
950 252
948 246
945 240
939 236
933 239
927 245
921 241
920 235
920 229
921 223
923 217
926 211
929 205
932 199
935 193
939 187
943 181
946 175
950 169
953 163
955 157
957 151
958 145
960 139
962 133
964 127
968 121
973 115
979 109
985 105
991 102
997 100
1003 99
1009 99
1015 99
1021 100
1027 102
1033 105
1039 109
1045 114
1050 120
1053 126
1055 132
1057 138
1057 144
1057 150
1056 156
1054 162
1051 168
1046 174
1041 180
1035 184
1029 186
1026 180
1025 174
1019 168
1013 170
1007 174
1003 180
999 186
997 192
996 198
995 204
995 210
996 216
997 222
999 228
1002 234
1005 240
1009 246
1015 252
1021 257
1027 261
1033 263
1039 264
1045 264
1051 263
1057 261
1063 258
1069 252
1074 246
1076 240
1077 234
1075 228
1069 226
1063 227
1057 227
1053 221
1055 215
1059 209
1065 204
1071 199
1077 196
1083 193
1089 191
1095 190
1101 189
1107 190
1113 191
1119 193
1125 196
1131 200
1137 205
1143 211
1148 217
1152 223
1155 229
1157 235
1158 241
1158 247
1157 253
1152 259
1146 260
1140 255
1134 249
1128 247
1122 250
1118 256
1116 262
1115 268
1115 274
1116 280
1119 286
1122 292
1128 298
1134 302
1140 305
1146 307
1152 308
1158 308
1164 307
1170 305
1176 303
1182 299
1188 294
1192 288
1195 282
1197 276
1199 270
1199 264
1199 258
1199 252
1199 246
1199 240
1198 234
1197 228
1196 222
1195 216
1194 210
1192 204
1190 198
1184 195
1183 201
1177 207
1173 201
1169 195
1166 189
1163 183
1160 177
1158 171
1157 165
1157 159
1157 153
1158 147
1161 141
1164 135
1168 129
1174 124
1180 120
1186 118
1192 116
