0 209
6 209
12 209
18 209
24 209
30 209
36 209
42 209
48 210
54 210
60 210
66 210
72 210
78 210
84 209
90 209
96 209
102 209
108 209
114 209
120 209
126 209
132 209
138 209
144 209
150 209
156 209
162 209
168 209
174 209
180 209
186 209
192 210
198 210
204 210
210 210
216 209
222 209
228 209
234 209
240 209
246 209
252 209
258 210
264 210
270 210
276 210
282 210
288 210
294 210
300 210
306 210
312 210
318 210
324 210
330 210
336 210
342 210
348 210
354 210
360 210
366 210
372 210
378 209
384 209
390 209
396 209
402 208
408 208
414 209
420 209
426 209
432 209
438 210
444 210
450 210
456 210
462 210
468 210
474 209
480 209
486 209
492 209
498 209
504 209
510 209
516 209
522 209
528 210
534 210
540 210
546 210
552 210
558 210
564 209
570 209
576 209
582 209
588 209
594 209
600 209
606 209
612 209
618 209
624 209
630 209
636 209
642 209
648 209
654 209
660 210
666 210
672 210
678 210
684 210
690 210
696 210
702 210
708 210
714 210
720 210
726 210
732 210
738 210
744 210
750 210
756 210
762 210
768 210
774 210
780 210
786 210
792 210
798 210
804 209
810 209
816 209
822 209
828 209
834 209
840 208
846 209
852 209
858 209
864 209
870 209
876 210
882 210
888 210
894 210
900 210
906 210
912 210
918 210
924 210
930 210
936 209
942 209
948 209
954 209
960 209
966 209
972 209
978 209
984 209
990 209
996 209
1002 209
1008 209
1014 209
1020 209
1026 209
1032 209
1038 210
1044 210
1050 210
1056 210
1062 210
1068 210
1074 210
1080 210
1086 210
1092 209
1098 209
1104 209
1110 209
1116 210
1122 210
1128 210
1134 210
1140 210
1146 210
1152 210
1158 210
1164 210
1170 210
1176 210
1182 209
1188 209
