0 221
6 221
12 221
18 221
24 221
30 221
36 222
42 222
48 222
54 222
60 222
66 222
72 222
78 222
84 222
90 221
96 221
102 221
108 221
114 221
120 221
126 221
132 221
138 221
144 221
150 221
156 221
162 221
168 221
174 221
180 222
186 222
192 222
198 222
204 222
210 222
216 222
222 222
228 222
234 221
240 222
246 222
252 222
258 222
264 222
270 222
276 222
282 222
288 222
294 222
300 222
306 222
312 222
318 222
324 222
330 222
336 222
342 222
348 222
354 222
360 222
366 222
372 222
378 222
384 221
390 221
396 221
402 221
408 221
414 221
420 221
426 221
432 222
438 222
444 222
450 222
456 222
462 222
468 222
474 222
480 221
486 221
492 221
498 221
504 221
510 221
516 222
522 222
528 222
534 222
540 222
546 222
552 222
558 222
564 222
570 222
576 221
582 221
588 221
594 221
600 221
606 221
612 221
618 221
624 221
630 221
636 221
642 221
648 222
654 222
660 222
666 222
672 222
678 222
684 222
690 222
696 222
702 222
708 222
714 222
720 222
726 222
732 222
738 222
744 222
750 222
756 222
762 222
768 222
774 222
780 222
786 222
792 222
798 222
804 222
810 221
816 221
822 221
828 221
834 221
840 221
846 221
852 221
858 221
864 221
870 222
876 222
882 222
888 222
894 222
900 222
906 222
912 222
918 222
924 222
930 222
936 222
942 222
948 222
954 222
960 222
966 222
972 222
978 222
984 221
990 221
996 221
1002 221
1008 221
1014 221
1020 221
1026 221
1032 222
1038 222
1044 222
1050 222
1056 222
1062 222
1068 222
1074 222
1080 222
1086 222
1092 222
1098 222
1104 222
1110 222
1116 222
1122 222
1128 222
1134 222
1140 222
1146 222
1152 222
1158 222
1164 222
1170 222
1176 222
1182 222
1188 222
