0 182
6 181
12 182
18 184
24 188
29 194
32 200
35 206
37 212
40 218
44 224
50 229
56 232
62 234
68 234
74 232
80 229
86 223
90 217
93 211
96 205
99 199
103 193
109 187
115 184
121 182
127 181
133 181
139 182
145 184
151 188
157 193
162 199
167 205
171 211
177 217
183 221
189 223
195 223
201 222
207 220
213 216
219 212
225 207
231 203
237 201
243 200
249 201
255 203
261 206
267 209
273 213
279 215
285 217
291 219
297 220
303 222
309 224
315 228
321 232
327 236
333 240
339 242
345 243
351 243
357 242
363 239
369 235
373 229
375 223
377 217
377 211
377 205
376 199
376 193
377 187
380 181
384 175
390 171
396 169
402 168
408 169
414 172
420 177
423 183
425 189
426 195
427 201
428 207
429 213
431 219
435 225
441 231
447 234
453 234
459 233
465 230
471 224
474 218
476 212
479 206
482 200
488 194
494 191
500 190
506 192
512 195
517 201
521 207
525 213
529 219
535 225
541 228
547 230
553 230
559 228
565 226
571 221
576 215
581 209
585 203
589 197
595 191
601 187
607 185
613 184
619 185
625 186
631 190
637 195
642 201
648 207
654 212
660 215
666 217
672 217
678 217
684 216
690 215
696 214
702 214
708 214
714 215
720 217
726 219
732 222
738 225
744 228
750 231
756 233
762 235
768 235
774 235
780 234
786 232
792 228
798 223
802 217
804 211
806 205
808 199
809 193
811 187
814 181
819 175
825 171
831 168
837 167
843 168
849 169
855 172
861 177
865 183
867 189
869 195
869 201
869 207
869 213
870 219
871 225
874 231
878 237
884 242
890 245
896 247
902 247
908 246
914 243
920 239
926 233
930 227
934 221
939 215
945 210
951 207
957 204
963 201
969 198
975 194
981 190
987 185
993 181
999 179
1005 178
1011 178
1017 181
1023 185
1027 191
1029 197
1030 203
1031 209
1033 215
1035 221
1039 227
1045 231
1051 233
1057 233
1063 232
1069 228
1075 222
1079 216
1083 210
1088 204
1094 200
1100 199
1106 199
1112 202
1118 208
1121 214
1123 220
1126 226
1129 232
1134 238
1140 242
1146 244
1152 245
1158 244
1164 241
1170 236
1175 230
1177 224
1179 218
1180 212
1181 206
1182 200
1185 194
1190 188
