0 212
6 211
12 211
18 212
24 212
30 213
36 214
42 214
48 215
54 216
60 216
66 216
72 216
78 215
84 214
90 213
96 213
102 212
108 212
114 211
120 211
126 211
132 211
138 211
144 211
150 211
156 212
162 212
168 213
174 213
180 214
186 214
192 215
198 215
204 215
210 215
216 214
222 214
228 213
234 213
240 213
246 213
252 214
258 214
264 214
270 215
276 215
282 215
288 215
294 215
300 215
306 215
312 216
318 216
324 216
330 217
336 217
342 218
348 218
354 218
360 217
366 216
372 215
378 214
384 212
390 211
396 210
402 209
408 209
414 210
420 211
426 212
432 214
438 215
444 216
450 217
456 217
462 216
468 215
474 214
480 213
486 212
492 212
498 212
504 212
510 212
516 213
522 214
528 214
534 215
540 215
546 215
552 215
558 215
564 215
570 214
576 214
582 213
588 213
594 212
600 212
606 211
612 211
618 211
624 212
630 212
636 212
642 213
648 213
654 214
660 214
666 215
672 215
678 215
684 215
690 214
696 214
702 214
708 215
714 215
720 215
726 215
732 215
738 216
744 216
750 216
756 216
762 216
768 216
774 216
780 216
786 216
792 215
798 215
804 214
810 213
816 212
822 211
828 210
834 210
840 209
846 210
852 210
858 211
864 212
870 214
876 215
882 216
888 217
894 218
900 218
906 218
912 217
918 217
924 216
930 215
936 214
942 214
948 214
954 213
960 213
966 213
972 213
978 213
984 212
990 212
996 211
1002 211
1008 210
1014 211
1020 211
1026 212
1032 213
1038 215
1044 216
1050 216
1056 217
1062 217
1068 216
1074 215
1080 215
1086 214
1092 213
1098 213
1104 213
1110 214
1116 214
1122 215
1128 216
1134 217
1140 218
1146 218
1152 218
1158 218
1164 217
1170 216
1176 215
1182 214
1188 213
