0 122
6 123
12 125
18 128
24 132
29 138
33 144
36 150
38 156
39 162
40 168
40 174
39 180
33 184
27 183
23 189
22 195
23 201
24 207
26 213
28 219
30 225
32 231
35 237
39 243
43 249
48 255
54 260
60 263
66 264
72 265
78 264
84 262
90 259
96 254
100 248
103 242
105 236
107 230
107 224
108 218
107 212
107 206
105 200
104 194
100 188
94 187
88 189
82 183
81 177
80 171
80 165
81 159
82 153
83 147
86 141
88 135
92 129
97 123
103 118
109 114
115 112
121 110
127 109
133 109
139 110
145 111
151 113
157 117
163 122
168 128
171 134
173 140
174 146
173 152
170 158
164 163
158 164
152 166
148 172
146 178
146 184
146 190
147 196
149 202
151 208
153 214
157 220
161 226
166 232
172 236
178 239
184 240
190 240
196 239
202 236
208 231
212 225
215 219
216 213
216 207
215 201
215 195
216 189
219 183
223 177
229 171
235 167
241 164
247 163
253 162
259 163
265 165
271 168
277 173
282 179
285 185
288 191
288 197
289 203
290 209
293 215
296 221
300 227
304 233
308 239
311 245
313 251
314 257
314 263
314 269
316 275
320 281
326 287
332 291
338 293
344 295
350 295
356 295
362 294
368 292
374 288
380 283
385 277
389 271
391 265
393 259
393 253
394 247
394 241
393 235
392 229
391 223
390 217
389 211
388 205
387 199
385 193
384 187
382 181
380 175
379 169
376 163
370 158
366 164
365 170
363 176
357 176
353 170
350 164
348 158
347 152
346 146
347 140
348 134
350 128
352 122
356 116
361 110
367 105
373 102
379 99
385 98
391 97
397 97
403 97
409 99
415 102
421 106
427 111
431 117
433 123
434 129
434 135
433 141
430 147
425 153
419 156
413 150
408 144
402 144
398 150
397 156
397 162
398 168
399 174
401 180
402 186
405 192
407 198
410 204
413 210
416 216
420 222
424 228
428 234
432 240
438 246
444 250
450 252
456 253
462 252
468 249
474 243
477 237
479 231
480 225
480 219
479 213
477 207
471 201
465 201
459 201
453 198
451 192
451 186
453 180
456 174
461 168
467 163
473 158
479 154
485 152
491 150
497 149
503 150
509 152
515 156
521 161
525 167
528 173
530 179
530 185
530 191
524 197
518 201
516 207
516 213
517 219
518 225
520 231
522 237
525 243
530 249
536 255
542 258
548 260
554 261
560 260
566 259
572 256
578 251
583 245
586 239
589 233
591 227
592 221
592 215
592 209
591 203
590 197
588 191
584 185
578 182
574 176
572 170
572 164
572 158
572 152
574 146
576 140
580 134
585 128
591 123
597 119
603 117
609 116
615 115
621 115
627 116
633 118
639 121
645 125
651 131
655 137
657 143
657 149
656 155
650 159
644 160
638 163
634 169
634 175
634 181
635 187
638 193
641 199
645 205
651 210
657 214
663 216
669 216
675 216
681 215
687 214
693 212
699 211
705 210
711 210
717 211
723 213
729 215
735 220
739 226
741 232
741 238
740 244
739 250
739 256
742 262
747 268
753 273
759 275
765 276
771 276
777 276
783 274
789 271
795 267
801 261
806 255
810 249
813 243
816 237
818 231
820 225
822 219
824 213
825 207
827 201
828 195
829 189
830 183
830 177
830 171
830 165
829 159
826 153
820 148
814 149
808 155
805 161
799 165
793 163
789 157
786 151
785 145
785 139
785 133
787 127
789 121
793 115
798 109
804 103
810 99
816 96
822 94
828 93
834 92
840 92
846 93
852 94
858 97
864 100
870 104
876 110
881 116
884 122
887 128
888 134
889 140
890 146
890 152
889 158
888 164
887 170
884 176
881 182
875 184
872 178
871 172
867 166
861 169
859 175
857 181
856 187
856 193
855 199
855 205
854 211
854 217
854 223
854 229
854 235
855 241
855 247
856 253
857 259
859 265
861 271
865 277
869 283
875 289
881 293
887 295
893 297
899 298
905 298
911 297
917 295
923 292
929 288
934 282
939 276
942 270
944 264
945 258
945 252
945 246
943 240
938 234
932 233
926 227
926 221
927 215
929 209
932 203
935 197
939 191
943 185
946 179
950 173
954 167
957 161
959 155
961 149
963 143
965 137
968 131
972 125
978 119
984 115
990 112
996 110
1002 109
1008 108
1014 109
1020 110
1026 112
1032 115
1038 120
1044 126
1048 132
1050 138
1051 144
1051 150
1051 156
1049 162
1046 168
1042 174
1036 178
1030 178
1024 174
1018 174
1012 180
1008 186
1006 192
1005 198
1005 204
1005 210
1006 216
1007 222
1009 228
1012 234
1015 240
1020 246
1026 251
1032 254
1038 256
1044 257
1050 257
1056 255
1062 252
1068 246
1072 240
1075 234
1076 228
1074 222
1068 217
1065 211
1066 205
1070 199
1075 193
1081 188
1087 185
1093 182
1099 181
1105 181
1111 181
1117 184
1123 187
1129 192
1135 198
1139 204
1143 210
1145 216
1147 222
1148 228
1148 234
1145 240
1139 242
1133 240
1127 240
1121 246
1119 252
1118 258
1119 264
1120 270
1123 276
1127 282
1133 288
1139 291
1145 294
1151 295
1157 295
1163 294
1169 292
1175 289
1181 285
1186 279
1190 273
1193 267
1194 261
1196 255
1196 249
1196 243
1196 237
1196 231
1195 225
1195 219
1193 213
1192 207
1189 201
1183 197
1177 202
1171 196
1168 190
1166 184
1164 178
1162 172
1162 166
1162 160
1162 154
1164 148
1167 142
1171 136
1177 130
1183 126
1189 124
