0 135
6 135
12 136
18 139
24 144
29 150
33 156
35 162
37 168
38 174
38 180
36 186
32 192
28 198
27 204
27 210
28 216
30 222
32 228
35 234
38 240
42 246
47 252
53 256
59 259
65 261
71 261
77 260
83 258
89 254
95 248
99 242
102 236
103 230
104 224
104 218
104 212
102 206
100 200
94 195
88 189
86 183
85 177
85 171
86 165
88 159
90 153
93 147
97 141
103 135
109 130
115 128
121 126
127 125
133 125
139 126
145 127
151 130
157 135
163 141
166 147
168 153
169 159
168 165
165 171
160 177
156 183
154 189
153 195
154 201
155 207
156 213
159 219
163 225
168 231
174 236
180 239
186 240
192 240
198 238
204 235
210 229
213 223
215 217
217 211
218 205
219 199
221 193
224 187
229 181
235 177
241 174
247 172
253 172
259 174
265 176
271 181
275 187
278 193
280 199
282 205
284 211
288 217
292 223
298 229
304 235
309 241
313 247
315 253
317 259
319 265
323 271
329 277
335 281
341 283
347 284
353 284
359 283
365 281
371 278
377 273
382 267
385 261
388 255
389 249
390 243
390 237
390 231
390 225
389 219
389 213
388 207
387 201
385 195
384 189
381 183
377 177
371 176
366 182
360 181
356 175
354 169
353 163
352 157
353 151
354 145
356 139
359 133
363 127
369 121
375 117
381 114
387 112
393 111
399 111
405 112
411 114
417 117
423 122
428 128
431 134
432 140
433 146
432 152
430 158
425 164
419 163
413 162
408 168
407 174
406 180
407 186
408 192
410 198
412 204
414 210
416 216
419 222
422 228
425 234
430 240
435 246
441 250
447 253
453 253
459 253
465 250
471 245
475 239
477 233
477 227
477 221
475 215
470 209
464 205
461 199
461 193
463 187
465 181
470 175
475 169
481 164
487 161
493 159
499 159
505 159
511 162
517 167
522 173
524 179
526 185
526 191
525 197
522 203
520 209
519 215
519 221
520 227
522 233
525 239
529 245
535 250
541 254
547 256
553 256
559 256
565 254
571 251
577 246
582 240
585 234
587 228
588 222
588 216
588 210
587 204
585 198
582 192
579 186
576 180
576 174
576 168
577 162
579 156
582 150
586 144
592 139
598 135
604 132
610 131
616 131
622 131
628 133
634 135
640 139
645 145
649 151
650 157
649 163
646 169
642 175
639 181
639 187
639 193
641 199
643 205
647 211
653 216
659 219
665 221
671 221
677 221
683 219
689 217
695 216
701 215
707 214
713 214
719 216
725 219
731 224
735 230
737 236
738 242
740 248
743 254
747 260
753 264
759 267
765 269
771 269
777 268
783 267
789 264
795 260
801 254
806 248
810 242
813 236
815 230
817 224
819 218
821 212
822 206
823 200
823 194
823 188
823 182
822 176
819 170
813 166
807 167
801 169
795 166
792 160
791 154
791 148
792 142
794 136
797 130
801 124
807 118
813 114
819 111
825 109
831 107
837 107
843 107
849 109
855 111
861 113
867 118
873 123
877 129
881 135
883 141
885 147
886 153
887 159
887 165
886 171
885 177
882 183
877 189
871 185
865 183
860 189
858 195
857 201
856 207
855 213
855 219
855 225
855 231
856 237
857 243
858 249
859 255
862 261
865 267
869 273
875 279
881 283
887 286
893 287
899 288
905 288
911 287
917 285
923 281
929 276
934 270
937 264
940 258
940 252
940 246
938 240
934 234
931 228
932 222
933 216
936 210
939 204
943 198
946 192
950 186
954 180
957 174
960 168
963 162
966 156
968 150
971 144
976 138
982 132
988 128
994 125
1000 124
1006 123
1012 123
1018 124
1024 127
1030 130
1036 136
1041 142
1043 148
1045 154
1046 160
1045 166
1044 172
1041 178
1035 184
1029 185
1023 187
1017 193
1014 199
1013 205
1012 211
1013 217
1013 223
1015 229
1018 235
1021 241
1026 247
1032 251
1038 254
1044 255
1050 255
1056 254
1062 251
1068 245
1072 239
1074 233
1075 227
1074 221
1073 215
1073 209
1076 203
1080 197
1086 191
1092 187
1098 185
1104 184
1110 185
1116 187
1122 191
1128 197
1132 203
1135 209
1137 215
1139 221
1139 227
1137 233
1131 237
1125 241
1122 247
1121 253
1121 259
1123 265
1126 271
1131 277
1137 281
1143 284
1149 285
1155 286
1161 285
1167 283
1173 280
1179 275
1185 269
1188 263
1190 257
1192 251
1193 245
1193 239
1193 233
1192 227
1191 221
1190 215
1186 209
1180 205
1174 203
1170 197
1168 191
1167 185
1166 179
1166 173
1166 167
1168 161
1170 155
1174 149
1179 143
1185 139
1191 136
