0 202
6 202
12 202
18 202
24 202
30 202
36 202
42 203
48 203
54 203
60 203
66 203
72 203
78 203
84 202
90 202
96 202
102 202
108 202
114 202
120 201
126 201
132 201
138 201
144 202
150 202
156 202
162 202
168 202
174 202
180 202
186 203
192 203
198 203
204 203
210 203
216 203
222 202
228 202
234 202
240 202
246 202
252 202
258 203
264 203
270 203
276 203
282 203
288 203
294 203
300 203
306 203
312 203
318 203
324 203
330 204
336 204
342 204
348 204
354 204
360 204
366 203
372 203
378 202
384 202
390 202
396 201
402 201
408 201
414 201
420 201
426 202
432 202
438 203
444 203
450 203
456 203
462 203
468 203
474 203
480 202
486 202
492 202
498 202
504 202
510 202
516 202
522 202
528 203
534 203
540 203
546 203
552 203
558 203
564 203
570 203
576 202
582 202
588 202
594 202
600 202
606 202
612 202
618 202
624 202
630 202
636 202
642 202
648 202
654 203
660 203
666 203
672 203
678 203
684 203
690 203
696 203
702 203
708 203
714 203
720 203
726 203
732 203
738 203
744 203
750 203
756 203
762 203
768 203
774 203
780 203
786 203
792 203
798 203
804 202
810 202
816 202
822 202
828 201
834 201
840 201
846 201
852 201
858 202
864 202
870 202
876 203
882 203
888 204
894 204
900 204
906 204
912 204
918 203
924 203
930 203
936 203
942 202
948 202
954 202
960 202
966 202
972 202
978 202
984 202
990 202
996 202
1002 201
1008 201
1014 201
1020 202
1026 202
1032 202
1038 203
1044 203
1050 203
1056 203
1062 203
1068 203
1074 203
1080 203
1086 203
1092 202
1098 202
1104 202
1110 202
1116 203
1122 203
1128 203
1134 204
1140 204
1146 204
1152 204
1158 204
1164 204
1170 203
1176 203
1182 203
1188 202
