0 119
6 120
12 122
18 125
24 130
29 136
33 142
36 148
38 154
39 160
40 166
41 172
41 178
40 184
34 188
28 183
22 183
20 189
20 195
20 201
22 207
23 213
25 219
28 225
30 231
33 237
37 243
41 249
46 255
52 261
58 264
64 266
70 268
76 268
82 266
88 264
94 260
100 254
104 248
106 242
108 236
109 230
109 224
109 218
109 212
108 206
107 200
105 194
102 188
96 185
90 190
84 193
80 187
79 181
78 175
78 169
78 163
79 157
80 151
81 145
83 139
86 133
89 127
93 121
99 115
105 111
111 108
117 105
123 104
129 103
135 104
141 104
147 106
153 109
159 112
165 117
169 123
173 129
175 135
176 141
176 147
174 153
172 159
166 164
160 163
154 161
148 162
143 168
142 174
141 180
141 186
142 192
144 198
145 204
148 210
151 216
154 222
159 228
165 234
171 238
177 241
183 242
189 243
195 242
201 239
207 235
212 229
215 223
216 217
216 211
213 205
212 199
212 193
215 187
218 181
224 175
230 170
236 166
242 164
248 163
254 162
260 163
266 165
272 168
278 172
284 178
288 184
291 190
293 196
293 202
293 208
294 214
296 220
299 226
303 232
307 238
310 244
313 250
313 256
312 262
311 268
312 274
314 280
317 286
323 292
329 296
335 299
341 301
347 301
353 302
359 301
365 299
371 297
377 293
383 288
388 282
391 276
394 270
395 264
396 258
396 252
396 246
395 240
394 234
393 228
391 222
390 216
388 210
386 204
385 198
383 192
381 186
380 180
378 174
377 168
375 162
373 156
367 151
364 157
363 163
363 169
363 175
357 179
352 173
349 167
347 161
345 155
344 149
344 143
344 137
345 131
347 125
349 119
353 113
357 107
363 102
369 98
375 95
381 93
387 92
393 91
399 92
405 93
411 95
417 98
423 102
428 108
432 114
434 120
435 126
434 132
433 138
430 144
426 150
420 155
414 154
411 148
409 142
404 136
398 136
393 142
392 148
391 154
392 160
393 166
394 172
396 178
398 184
400 190
403 196
406 202
409 208
413 214
417 220
422 226
426 232
431 238
437 244
443 249
449 252
455 253
461 253
467 251
473 246
477 240
480 234
481 228
481 222
481 216
480 210
477 204
471 200
465 200
459 203
453 204
447 199
445 193
445 187
448 181
452 175
457 169
463 163
469 159
475 155
481 152
487 150
493 149
499 149
505 150
511 153
517 157
523 163
527 169
529 175
532 181
533 187
533 193
530 199
524 200
518 200
515 206
514 212
515 218
516 224
517 230
519 236
522 242
526 248
531 254
537 258
543 261
549 263
555 264
561 263
567 262
573 259
579 254
585 248
588 242
591 236
593 230
594 224
595 218
594 212
594 206
593 200
591 194
588 188
582 184
576 184
572 178
570 172
569 166
569 160
570 154
570 148
572 142
574 136
578 130
583 124
589 118
595 115
601 112
607 111
613 110
619 110
625 110
631 112
637 114
643 118
649 122
654 128
658 134
660 140
661 146
661 152
657 158
651 159
645 157
639 157
633 163
631 169
630 175
631 181
633 187
635 193
638 199
643 205
649 211
655 214
661 216
667 217
673 217
679 217
685 216
691 215
697 214
703 213
709 213
715 213
721 214
727 216
733 219
739 224
744 230
745 236
744 242
740 248
737 254
737 260
740 266
745 272
751 277
757 279
763 281
769 281
775 280
781 279
787 276
793 273
799 268
804 262
809 256
812 250
815 244
818 238
821 232
823 226
825 220
827 214
828 208
830 202
831 196
832 190
833 184
833 178
834 172
834 166
833 160
832 154
830 148
824 142
818 141
812 144
808 150
807 156
805 162
799 168
793 166
788 160
785 154
783 148
782 142
782 136
783 130
784 124
786 118
790 112
794 106
800 100
806 95
812 92
818 89
824 88
830 87
836 86
842 87
848 88
854 89
860 92
866 95
872 100
878 106
882 112
886 118
888 124
890 130
891 136
891 142
891 148
891 154
890 160
889 166
887 172
884 178
881 184
875 187
873 181
872 175
871 169
870 163
864 158
861 164
859 170
858 176
857 182
856 188
855 194
855 200
854 206
854 212
854 218
853 224
853 230
854 236
854 242
854 248
855 254
856 260
857 266
859 272
862 278
865 284
870 290
876 295
882 299
888 301
894 303
900 303
906 303
912 302
918 300
924 297
930 293
936 287
940 281
944 275
946 269
947 263
948 257
948 251
947 245
945 239
939 233
933 235
927 236
923 230
923 224
925 218
927 212
929 206
933 200
936 194
940 188
944 182
947 176
951 170
954 164
956 158
958 152
960 146
961 140
963 134
966 128
970 122
976 116
982 111
988 108
994 106
1000 104
1006 103
1012 103
1018 104
1024 106
1030 108
1036 112
1042 117
1047 123
1050 129
1053 135
1054 141
1054 147
1054 153
1053 159
1050 165
1047 171
1042 177
1036 181
1030 182
1026 176
1020 171
1014 173
1008 179
1004 185
1002 191
1001 197
1000 203
1000 209
1001 215
1002 221
1004 227
1007 233
1011 239
1016 245
1022 251
1028 254
1034 257
1040 258
1046 258
1052 258
1058 255
1064 251
1070 246
1074 240
1076 234
1076 228
1070 222
1064 221
1059 215
1061 209
1065 203
1071 198
1077 193
1083 190
1089 187
1095 185
1101 185
1107 185
1113 186
1119 189
1125 192
1131 197
1137 202
1142 208
1146 214
1149 220
1152 226
1153 232
1153 238
1151 244
1145 249
1139 247
1133 243
1127 242
1121 246
1118 252
1117 258
1117 264
1118 270
1119 276
1122 282
1127 288
1133 293
1139 297
1145 299
1151 300
1157 300
1163 299
1169 298
1175 295
1181 291
1187 285
1191 279
1193 273
1195 267
1197 261
1198 255
1198 249
1198 243
1198 237
1197 231
1197 225
1196 219
1194 213
1193 207
1191 201
1186 195
1182 201
1176 204
1172 198
1168 192
1165 186
1163 180
1161 174
1160 168
1159 162
1159 156
1160 150
1162 144
1165 138
1170 132
1176 126
1182 123
1188 120
