0 199
6 199
12 199
18 199
24 200
30 200
36 200
42 201
48 201
54 202
60 202
66 202
72 202
78 201
84 201
90 200
96 200
102 200
108 199
114 199
120 199
126 199
132 199
138 199
144 199
150 199
156 199
162 200
168 200
174 200
180 201
186 201
192 201
198 201
204 201
210 201
216 201
222 201
228 200
234 200
240 200
246 200
252 201
258 201
264 201
270 201
276 201
282 202
288 202
294 202
300 202
306 202
312 202
318 202
324 202
330 202
336 203
342 203
348 203
354 203
360 203
366 202
372 201
378 201
384 200
390 199
396 198
402 198
408 198
414 198
420 199
426 200
432 201
438 201
444 202
450 202
456 202
462 202
468 201
474 201
480 200
486 200
492 199
498 199
504 200
510 200
516 200
522 201
528 201
534 201
540 201
546 201
552 201
558 201
564 201
570 201
576 201
582 200
588 200
594 200
600 199
606 199
612 199
618 199
624 199
630 200
636 200
642 200
648 200
654 201
660 201
666 201
672 201
678 201
684 201
690 201
696 201
702 201
708 201
714 201
720 201
726 201
732 202
738 202
744 202
750 202
756 202
762 202
768 202
774 202
780 202
786 202
792 201
798 201
804 201
810 200
816 200
822 199
828 199
834 198
840 198
846 198
852 199
858 199
864 200
870 201
876 201
882 202
888 202
894 203
900 203
906 203
912 203
918 202
924 202
930 201
936 201
942 201
948 200
954 200
960 200
966 200
972 200
978 200
984 200
990 200
996 199
1002 199
1008 199
1014 199
1020 199
1026 200
1032 200
1038 201
1044 202
1050 202
1056 202
1062 202
1068 202
1074 202
1080 201
1086 201
1092 200
1098 200
1104 200
1110 201
1116 201
1122 202
1128 202
1134 203
1140 203
1146 203
1152 203
1158 203
1164 202
1170 202
1176 201
1182 201
1188 200
