0 144
6 144
12 146
18 148
24 153
29 159
33 165
35 171
36 177
37 183
36 189
33 195
30 201
29 207
29 213
30 219
32 225
34 231
37 237
40 243
45 249
51 254
57 257
63 259
69 259
75 259
81 257
87 253
93 248
97 242
100 236
101 230
102 224
102 218
101 212
99 206
95 200
90 194
88 188
88 182
88 176
89 170
91 164
94 158
98 152
103 146
109 142
115 139
121 137
127 136
133 136
139 137
145 139
151 142
157 147
162 153
165 159
166 165
166 171
165 177
162 183
159 189
157 195
157 201
157 207
159 213
161 219
164 225
169 231
175 236
181 239
187 240
193 240
199 238
205 234
211 228
214 222
217 216
218 210
220 204
222 198
225 192
231 186
237 182
243 179
249 178
255 179
261 181
267 186
272 192
275 198
278 204
280 210
284 216
289 222
295 228
301 233
307 239
312 245
315 251
318 257
321 263
325 269
331 274
337 277
343 279
349 280
355 279
361 278
367 275
373 271
379 265
383 259
385 253
387 247
388 241
389 235
389 229
389 223
388 217
387 211
386 205
385 199
383 193
379 187
373 184
367 187
361 184
358 178
356 172
356 166
356 160
357 154
359 148
362 142
367 136
373 130
379 127
385 124
391 123
397 122
403 123
409 124
415 127
421 131
426 137
430 143
432 149
432 155
431 161
429 167
423 172
417 173
412 179
411 185
411 191
412 197
413 203
414 209
416 215
419 221
421 227
424 233
428 239
434 245
440 250
446 252
452 253
458 253
464 250
470 245
474 239
476 233
476 227
475 221
473 215
468 209
465 203
465 197
467 191
469 185
473 179
479 173
485 169
491 166
497 165
503 166
509 168
515 172
520 178
523 184
525 190
525 196
524 202
522 208
520 214
520 220
521 226
523 232
526 238
530 244
536 249
542 252
548 254
554 255
560 254
566 252
572 248
578 242
582 236
584 230
586 224
587 218
586 212
586 206
584 200
581 194
579 188
578 182
578 176
579 170
581 164
585 158
590 152
596 147
602 144
608 142
614 142
620 142
626 143
632 146
638 150
643 156
646 162
647 168
646 174
643 180
641 186
641 192
641 198
643 204
646 210
651 216
657 220
663 223
669 223
675 223
681 222
687 220
693 218
699 217
705 216
711 216
717 217
723 220
729 226
734 232
736 238
739 244
742 250
746 256
752 260
758 264
764 265
770 266
776 265
782 264
788 261
794 258
800 252
805 246
809 240
812 234
814 228
816 222
818 216
819 210
820 204
820 198
820 192
819 186
816 180
810 175
804 175
798 172
795 166
794 160
794 154
795 148
798 142
802 136
807 130
813 126
819 123
825 120
831 119
837 119
843 119
849 120
855 122
861 125
867 129
873 135
877 141
880 147
882 153
884 159
884 165
884 171
884 177
883 183
880 189
874 192
868 191
862 195
859 201
858 207
857 213
856 219
856 225
856 231
857 237
858 243
859 249
861 255
864 261
868 267
873 273
879 278
885 281
891 283
897 284
903 284
909 283
915 281
921 278
927 273
932 267
936 261
938 255
938 249
938 243
935 237
933 231
933 225
935 219
937 213
941 207
945 201
949 195
953 189
957 183
961 177
964 171
967 165
970 159
973 153
978 147
984 141
990 138
996 135
1002 134
1008 134
1014 134
1020 136
1026 139
1032 144
1037 150
1041 156
1042 162
1043 168
1042 174
1041 180
1037 186
1031 190
1025 193
1020 199
1017 205
1016 211
1016 217
1016 223
1018 229
1020 235
1024 241
1029 247
1035 251
1041 254
1047 255
1053 254
1059 252
1065 248
1071 242
1073 236
1075 230
1075 224
1075 218
1076 212
1078 206
1081 200
1087 194
1093 190
1099 188
1105 187
1111 188
1117 191
1123 196
1128 202
1131 208
1133 214
1135 220
1135 226
1133 232
1127 238
1124 244
1122 250
1123 256
1124 262
1127 268
1133 274
1139 278
1145 280
1151 281
1157 281
1163 280
1169 278
1175 274
1181 268
1185 262
1188 256
1190 250
1191 244
1191 238
1191 232
1190 226
1189 220
1186 214
1180 209
1174 204
1170 198
1169 192
1168 186
1168 180
1169 174
1170 168
1173 162
1177 156
1183 150
1189 147
