0 217
6 217
12 217
18 217
24 217
30 217
36 217
42 217
48 218
54 218
60 218
66 218
72 218
78 217
84 217
90 217
96 217
102 217
108 217
114 217
120 217
126 217
132 217
138 217
144 217
150 217
156 217
162 217
168 217
174 217
180 217
186 217
192 218
198 218
204 218
210 218
216 218
222 217
228 217
234 217
240 217
246 217
252 217
258 218
264 218
270 218
276 218
282 218
288 218
294 218
300 218
306 218
312 218
318 218
324 218
330 218
336 218
342 218
348 218
354 218
360 218
366 218
372 218
378 218
384 217
390 217
396 217
402 217
408 217
414 217
420 217
426 217
432 217
438 218
444 218
450 218
456 218
462 218
468 218
474 217
480 217
486 217
492 217
498 217
504 217
510 217
516 217
522 217
528 218
534 218
540 218
546 218
552 218
558 217
564 217
570 217
576 217
582 217
588 217
594 217
600 217
606 217
612 217
618 217
624 217
630 217
636 217
642 217
648 217
654 217
660 218
666 218
672 218
678 218
684 218
690 218
696 218
702 218
708 218
714 218
720 218
726 218
732 218
738 218
744 218
750 218
756 218
762 218
768 218
774 218
780 218
786 218
792 218
798 218
804 218
810 217
816 217
822 217
828 217
834 217
840 217
846 217
852 217
858 217
864 217
870 217
876 218
882 218
888 218
894 218
900 218
906 218
912 218
918 218
924 218
930 218
936 217
942 217
948 217
954 217
960 218
966 218
972 218
978 217
984 217
990 217
996 217
1002 217
1008 217
1014 217
1020 217
1026 217
1032 217
1038 218
1044 218
1050 218
1056 218
1062 218
1068 218
1074 218
1080 218
1086 218
1092 218
1098 217
1104 217
1110 218
1116 218
1122 218
1128 218
1134 218
1140 218
1146 218
1152 218
1158 218
1164 218
1170 218
1176 218
1182 218
1188 217
