0 211
6 211
12 210
18 211
24 212
30 214
36 216
42 217
48 219
54 220
60 221
66 221
72 220
78 219
84 218
90 216
96 214
102 213
108 212
114 211
120 210
126 210
132 210
138 211
144 211
150 212
156 212
162 213
168 214
174 216
180 217
186 218
192 218
198 218
204 218
210 218
216 217
222 216
228 215
234 215
240 214
246 215
252 215
258 216
264 217
270 217
276 218
282 218
288 219
294 219
300 219
306 219
312 220
318 220
324 221
330 222
336 223
342 224
348 224
354 224
360 223
366 221
372 218
378 215
384 212
390 209
396 207
402 207
408 207
414 208
420 210
426 213
432 216
438 219
444 221
450 222
456 222
462 221
468 219
474 217
480 215
486 213
492 212
498 212
504 212
510 213
516 214
522 216
528 217
534 218
540 219
546 220
552 219
558 219
564 218
570 217
576 216
582 215
588 214
594 213
600 212
606 211
612 211
618 211
624 211
630 212
636 213
642 214
648 215
654 216
660 217
666 217
672 218
678 218
684 217
690 217
696 217
702 217
708 217
714 218
720 218
726 219
732 219
738 220
744 220
750 220
756 221
762 221
768 221
774 221
780 221
786 220
792 219
798 217
804 216
810 213
816 211
822 210
828 208
834 207
840 207
846 207
852 208
858 210
864 213
870 216
876 218
882 221
888 223
894 224
900 225
906 224
912 223
918 222
924 220
930 218
936 217
942 216
948 215
954 215
960 215
966 215
972 214
978 214
984 212
990 211
996 210
1002 210
1008 209
1014 210
1020 211
1026 213
1032 215
1038 218
1044 220
1050 221
1056 222
1062 221
1068 221
1074 219
1080 218
1086 216
1092 215
1098 214
1104 214
1110 215
1116 217
1122 218
1128 220
1134 222
1140 223
1146 224
1152 224
1158 223
1164 222
1170 220
1176 218
1182 216
1188 214
