0 158
6 155
12 153
18 154
24 155
30 158
36 164
41 170
44 176
46 182
47 188
46 194
44 200
42 206
41 212
41 218
43 224
45 230
50 236
56 240
62 241
68 241
74 239
80 236
86 231
91 225
94 219
98 213
100 207
102 201
103 195
103 189
102 183
97 177
91 173
87 167
86 161
86 155
87 149
90 143
95 137
101 133
107 131
113 130
119 130
125 132
131 135
137 141
142 147
145 153
147 159
149 165
150 171
150 177
151 183
151 189
150 195
148 201
142 205
136 208
132 214
130 220
129 226
128 232
128 238
128 244
129 250
131 256
134 262
139 268
145 273
151 276
157 277
163 277
169 277
175 275
181 271
187 265
191 259
194 253
195 247
196 241
197 235
197 229
197 223
195 217
193 211
187 207
184 201
183 195
183 189
184 183
185 177
187 171
189 165
191 159
195 153
200 147
206 142
212 139
218 138
224 138
230 139
236 141
242 146
247 152
250 158
251 164
252 170
251 176
249 182
246 188
240 192
234 196
231 202
230 208
230 214
230 220
231 226
233 232
235 238
237 244
241 250
246 256
252 261
258 264
264 266
270 266
276 265
282 262
288 257
291 251
293 245
293 239
292 233
288 227
283 221
281 215
281 209
283 203
286 197
290 191
296 186
302 182
308 180
314 181
320 182
326 186
331 192
335 198
336 204
337 210
337 216
337 222
339 228
342 234
348 240
354 244
360 245
366 245
372 244
378 241
384 236
389 230
392 224
394 218
396 212
396 206
395 200
393 194
387 188
381 185
376 179
374 173
373 167
374 161
375 155
378 149
384 143
390 139
396 136
402 135
408 134
414 135
420 136
426 139
432 142
438 147
444 152
449 158
454 164
458 170
462 176
465 182
469 188
471 194
474 200
477 206
479 212
481 218
482 224
482 230
481 236
475 240
469 239
463 242
460 248
459 254
459 260
460 266
462 272
465 278
470 284
476 290
482 294
488 296
494 298
500 298
506 298
512 297
518 295
524 292
530 287
535 281
539 275
541 269
543 263
544 257
544 251
544 245
544 239
543 233
541 227
539 221
537 215
534 209
528 206
522 210
517 204
515 198
514 192
513 186
513 180
513 174
513 168
513 162
515 156
516 150
519 144
522 138
526 132
532 127
538 123
544 120
550 119
556 119
562 119
568 121
574 124
580 128
586 134
589 140
591 146
592 152
592 158
590 164
584 167
578 167
572 169
567 175
566 181
566 187
567 193
568 199
571 205
573 211
576 217
580 223
584 229
589 235
595 241
601 246
607 249
613 251
619 252
625 252
631 252
637 250
643 247
649 244
655 239
660 233
664 227
667 221
670 215
672 209
673 203
673 197
672 191
670 185
670 179
670 173
672 167
676 161
681 155
687 151
693 149
699 148
705 148
711 149
717 151
723 154
729 159
735 165
740 171
743 177
746 183
749 189
751 195
751 201
750 207
746 213
740 215
734 218
731 224
729 230
729 236
729 242
731 248
733 254
738 260
744 266
750 269
756 271
762 271
768 270
774 269
780 265
786 261
791 255
796 249
799 243
802 237
805 231
807 225
809 219
810 213
812 207
813 201
814 195
814 189
814 183
813 177
810 171
804 168
798 172
792 173
787 167
785 161
784 155
783 149
784 143
785 137
787 131
790 125
795 119
801 113
807 110
813 108
819 106
825 106
831 106
837 108
843 110
849 113
855 118
860 124
863 130
866 136
867 142
868 148
868 154
867 160
866 166
865 172
863 178
861 184
859 190
853 194
848 188
843 194
841 200
840 206
840 212
839 218
839 224
838 230
838 236
838 242
839 248
840 254
841 260
843 266
845 272
849 278
854 284
860 289
866 292
872 294
878 294
884 294
890 293
896 291
902 287
908 281
912 275
915 269
916 263
916 257
916 251
915 245
912 239
908 233
902 231
896 234
890 235
885 229
884 223
884 217
885 211
887 205
889 199
892 193
895 187
899 181
903 175
908 169
914 163
920 159
926 156
932 155
938 154
944 156
950 159
956 164
960 170
962 176
963 182
963 188
961 194
955 199
951 205
950 211
950 217
952 223
955 229
958 235
962 241
968 247
974 252
980 255
986 257
992 258
998 258
1004 256
1010 253
1016 247
1020 241
1023 235
1024 229
1025 223
1026 217
1026 211
1025 205
1023 199
1019 193
1014 187
1012 181
1011 175
1011 169
1013 163
1015 157
1018 151
1022 145
1028 140
1034 136
1040 134
1046 133
1052 133
1058 134
1064 137
1070 141
1076 147
1079 153
1081 159
1081 165
1080 171
1076 177
1070 181
1065 187
1063 193
1062 199
1062 205
1063 211
1064 217
1066 223
1068 229
1071 235
1076 241
1082 245
1088 248
1094 249
1100 249
1106 246
1111 240
1114 234
1115 228
1116 222
1119 216
1125 210
1131 208
1137 207
1143 208
1149 212
1155 217
1160 223
1166 228
1172 231
1178 232
1184 231
1190 228
1196 222
1199 216
1 210
1 204
1 198
1199 192
1196 186
1193 180
1192 174
1193 168
