0 218
3 212
5 206
6 200
7 194
6 188
3 182
1197 177
1191 174
1187 168
1187 162
1189 156
1193 150
1199 145
5 142
11 141
17 142
23 143
29 146
35 150
41 156
46 162
49 168
52 174
54 180
53 186
49 192
44 198
42 204
41 210
41 216
42 222
45 228
49 234
55 238
61 240
67 240
73 239
79 236
85 232
91 226
96 220
100 214
103 208
106 202
109 196
111 190
112 184
112 178
111 172
106 166
100 165
94 166
88 162
85 156
83 150
83 144
84 138
86 132
91 126
97 121
103 118
109 117
115 116
121 117
127 119
133 123
139 128
144 134
147 140
149 146
151 152
152 158
153 164
153 170
154 176
154 182
154 188
153 194
152 200
146 204
140 201
136 207
133 213
131 219
129 225
127 231
126 237
125 243
125 249
126 255
127 261
130 267
134 273
140 279
146 282
152 284
158 285
164 285
170 284
176 282
182 278
187 272
191 266
194 260
195 254
196 248
197 242
197 236
197 230
196 224
196 218
194 212
192 206
186 205
180 200
180 194
180 188
181 182
182 176
184 170
185 164
187 158
189 152
192 146
196 140
201 134
207 130
213 127
219 126
225 126
231 126
237 129
243 132
249 138
252 144
254 150
255 156
255 162
254 168
252 174
248 180
242 185
236 183
230 183
225 189
224 195
223 201
223 207
224 213
225 219
227 225
228 231
231 237
233 243
236 249
240 255
245 261
251 266
257 269
263 271
269 271
275 270
281 268
287 264
292 258
295 252
296 246
296 240
294 234
290 228
284 225
278 224
273 218
272 212
273 206
276 200
279 194
284 188
290 183
296 179
302 177
308 175
314 176
320 177
326 180
332 185
338 191
341 197
342 203
340 209
337 215
337 221
339 227
342 233
348 239
354 243
360 245
366 245
372 245
378 243
384 239
390 234
395 228
399 222
402 216
403 210
404 204
405 198
404 192
402 186
397 180
391 178
385 178
379 178
373 172
370 166
369 160
368 154
369 148
371 142
374 136
380 130
386 126
392 123
398 121
404 120
410 120
416 121
422 123
428 126
434 129
440 134
446 140
451 146
455 152
459 158
462 164
466 170
469 176
472 182
475 188
478 194
480 200
483 206
485 212
486 218
487 224
488 230
488 236
487 242
481 247
475 242
469 237
463 238
459 244
456 250
455 256
455 262
455 268
456 274
458 280
461 286
465 292
471 298
477 303
483 306
489 308
495 309
501 309
507 309
513 308
519 306
525 303
531 298
537 292
541 286
543 280
545 274
546 268
547 262
546 256
546 250
545 244
543 238
542 232
540 226
538 220
536 214
534 208
531 202
525 203
523 209
517 205
515 199
514 193
513 187
512 181
512 175
511 169
511 163
511 157
512 151
512 145
514 139
516 133
519 127
523 121
529 115
535 111
541 108
547 106
553 105
559 105
565 106
571 108
577 111
583 115
588 121
592 127
595 133
596 139
597 145
597 151
595 157
590 163
584 164
578 158
572 154
566 155
560 161
558 167
558 173
558 179
559 185
561 191
563 197
565 203
568 209
572 215
576 221
580 227
585 233
590 239
596 244
602 249
608 252
614 254
620 255
626 255
632 255
638 253
644 250
650 246
656 241
661 235
665 229
669 223
671 217
674 211
675 205
676 199
676 193
674 187
668 182
663 176
663 170
664 164
666 158
670 152
676 146
682 142
688 139
694 137
700 137
706 137
712 138
718 140
724 144
730 148
736 153
742 159
747 165
751 171
755 177
758 183
760 189
762 195
762 201
761 207
755 213
749 212
743 209
737 208
731 214
728 220
726 226
726 232
726 238
726 244
728 250
730 256
734 262
740 268
746 272
752 274
758 275
764 275
770 274
776 271
782 268
788 262
793 256
797 250
800 244
803 238
806 232
808 226
811 220
813 214
814 208
816 202
817 196
818 190
819 184
820 178
820 172
819 166
818 160
816 154
810 150
804 156
802 162
799 168
793 167
789 161
786 155
783 149
782 143
781 137
781 131
781 125
783 119
786 113
790 107
796 101
802 97
808 94
814 92
820 91
826 91
832 91
838 93
844 94
850 97
856 102
862 108
866 114
869 120
870 126
871 132
871 138
869 144
868 150
866 156
863 162
860 168
858 174
855 180
849 181
843 175
842 181
841 187
841 193
840 199
840 205
839 211
839 217
839 223
839 229
839 235
839 241
839 247
839 253
839 259
840 265
841 271
843 277
846 283
850 289
856 295
862 299
868 302
874 303
880 304
886 303
892 302
898 300
904 296
910 290
914 284
916 278
918 272
918 266
918 260
917 254
916 248
914 242
911 236
906 230
900 227
894 232
891 238
885 243
879 238
877 232
875 226
875 220
875 214
876 208
878 202
880 196
883 190
886 184
891 178
896 172
901 166
907 161
913 156
919 152
925 149
931 148
937 147
943 148
949 150
955 154
960 160
963 166
965 172
966 178
967 184
965 190
959 195
953 194
947 194
942 200
941 206
942 212
944 218
947 224
950 230
954 236
959 242
964 248
970 253
976 257
982 260
988 261
994 261
1000 261
1006 259
1012 255
1017 249
1021 243
1023 237
1025 231
1026 225
1026 219
1027 213
1027 207
1026 201
1025 195
1024 189
1018 183
1012 184
1008 178
1007 172
1007 166
1007 160
1008 154
1010 148
1013 142
1017 136
1022 130
1028 125
1034 122
1040 120
1046 119
1052 119
1058 120
1064 122
1070 125
1076 130
1081 136
1084 142
1086 148
1086 154
1085 160
1082 166
1076 170
1070 169
1064 169
1058 175
1056 181
1055 187
1055 193
1056 199
1057 205
1058 211
1060 217
1062 223
1065 229
1068 235
1072 241
1078 246
1084 250
1090 252
1096 252
1102 251
1108 246
1111 240
1112 234
1111 228
1110 222
1112 216
1117 210
1123 206
1129 204
1135 204
1141 205
1147 207
1153 211
1159 217
1164 223
1170 228
1176 231
1182 231
1188 229
