0 167
6 163
12 162
18 162
24 163
30 167
36 172
40 178
42 184
44 190
44 196
43 202
42 208
41 214
42 220
43 226
46 232
52 238
58 241
64 242
70 241
76 239
82 234
88 228
92 222
95 216
97 210
98 204
99 198
99 192
96 186
92 180
88 174
87 168
87 162
89 156
92 150
98 145
104 142
110 140
116 140
122 141
128 144
134 148
139 154
143 160
145 166
147 172
148 178
149 184
149 190
148 196
146 202
140 208
134 214
131 220
130 226
129 232
129 238
129 244
131 250
133 256
137 262
143 268
149 271
155 273
161 274
167 274
173 272
179 269
185 264
190 258
193 252
195 246
196 240
197 234
197 228
196 222
194 216
190 210
186 204
185 198
185 192
185 186
187 180
189 174
191 168
194 162
199 156
205 151
211 148
217 147
223 147
229 148
235 150
241 155
246 161
248 167
250 173
250 179
249 185
246 191
241 197
235 203
233 209
233 215
233 221
234 227
235 233
237 239
240 245
244 251
249 257
255 261
261 263
267 264
273 263
279 261
285 257
290 251
292 245
292 239
291 233
289 227
286 221
284 215
285 209
287 203
290 197
295 191
301 187
307 185
313 185
319 186
325 190
330 196
333 202
335 208
336 214
336 220
338 226
340 232
345 238
351 242
357 245
363 245
369 244
375 242
381 237
386 231
389 225
391 219
392 213
392 207
390 201
387 195
381 189
377 183
375 177
375 171
377 165
380 159
385 153
391 148
397 146
403 145
409 144
415 145
421 147
427 149
433 153
439 157
445 163
451 169
456 175
460 181
464 187
467 193
470 199
473 205
476 211
477 217
479 223
479 229
477 235
471 239
465 242
462 248
461 254
462 260
463 266
466 272
470 278
476 284
482 288
488 291
494 293
500 293
506 293
512 292
518 290
524 287
530 282
535 276
538 270
541 264
542 258
543 252
543 246
543 240
542 234
541 228
539 222
537 216
532 210
526 210
520 208
517 202
516 196
515 190
514 184
514 178
515 172
516 166
517 160
519 154
523 148
527 142
533 137
539 133
545 131
551 129
557 129
563 130
569 132
575 135
581 140
586 146
588 152
590 158
590 164
587 170
581 173
575 176
571 182
570 188
570 194
571 200
573 206
575 212
578 218
581 224
586 230
591 236
597 242
603 246
609 249
615 250
621 251
627 251
633 250
639 248
645 245
651 241
657 235
662 229
666 223
669 217
671 211
672 205
672 199
672 193
672 187
672 181
674 175
677 169
683 163
689 159
695 157
701 156
707 156
713 158
719 160
725 164
731 169
736 175
739 181
743 187
745 193
746 199
746 205
745 211
739 217
733 223
731 229
730 235
730 241
732 247
735 253
739 259
745 264
751 267
757 269
763 269
769 268
775 266
781 263
787 258
792 252
796 246
800 240
802 234
805 228
806 222
808 216
809 210
810 204
811 198
810 192
809 186
806 180
800 178
794 179
788 173
786 167
785 161
785 155
786 149
788 143
790 137
795 131
801 125
807 122
813 119
819 118
825 118
831 118
837 119
843 122
849 125
855 131
860 137
863 143
865 149
866 155
866 161
866 167
866 173
865 179
863 185
861 191
858 197
852 197
846 197
843 203
841 209
840 215
839 221
839 227
839 233
839 239
839 245
840 251
842 257
843 263
846 269
850 275
856 281
862 285
868 288
874 290
880 290
886 290
892 288
898 286
904 281
909 275
912 269
914 263
915 257
915 251
914 245
912 239
906 233
900 233
894 232
890 226
889 220
890 214
891 208
893 202
895 196
898 190
902 184
906 178
912 172
918 167
924 163
930 161
936 161
942 161
948 164
954 169
958 175
961 181
962 187
961 193
959 199
955 205
953 211
954 217
955 223
957 229
960 235
964 241
970 247
976 252
982 255
988 256
994 257
1000 256
1006 253
1012 249
1018 243
1021 237
1023 231
1024 225
1025 219
1025 213
1024 207
1021 201
1018 195
1015 189
1013 183
1014 177
1015 171
1017 165
1020 159
1025 153
1031 148
1037 145
1043 144
1049 143
1055 144
1061 146
1067 149
1073 155
1077 161
1079 167
1079 173
1078 179
1074 185
1069 191
1066 197
1065 203
1065 209
1065 215
1067 221
1069 227
1072 233
1076 239
1082 244
1088 247
1094 248
1100 248
1106 245
1112 239
1115 233
1117 227
1119 221
1123 215
1129 211
1135 209
1141 210
1147 212
1153 217
1159 223
1165 229
1171 232
1177 233
1183 232
1189 229
1194 223
1197 217
1199 211
1199 205
1198 199
1197 193
1194 187
1194 181
1195 175
