0 236
5 230
9 224
12 218
14 212
16 206
17 200
17 194
17 188
15 182
9 177
3 176
1197 178
1191 181
1185 181
1180 175
1178 169
1178 163
1180 157
1183 151
1188 145
1194 140
0 138
6 136
12 136
18 137
24 139
30 142
36 146
42 151
48 157
54 163
58 169
62 175
65 181
68 187
69 193
68 199
62 201
56 197
50 196
44 202
42 208
41 214
41 220
41 226
43 232
45 238
49 244
55 248
61 250
67 250
73 249
79 247
85 244
91 240
97 235
103 230
109 224
115 218
119 212
122 206
125 200
126 194
127 188
127 182
126 176
124 170
121 164
116 158
110 157
105 163
103 169
97 174
91 169
88 163
85 157
82 151
81 145
80 139
80 133
81 127
84 121
88 115
94 110
100 107
106 105
112 105
118 105
124 107
130 109
136 114
142 120
145 126
148 132
149 138
151 144
152 150
153 156
154 162
155 168
155 174
156 180
157 186
157 192
158 198
157 204
157 210
156 216
150 222
156 220
155 226
154 232
150 226
144 220
140 226
136 232
132 238
129 244
125 250
122 256
120 262
119 268
119 274
120 280
122 286
125 292
130 298
136 303
142 306
148 308
154 309
160 309
166 308
172 307
178 304
184 299
189 293
193 287
195 281
196 275
196 269
196 263
195 257
194 251
193 245
192 239
190 233
189 227
189 221
183 218
177 213
178 207
178 201
179 195
181 189
182 183
183 177
185 171
186 165
188 159
189 153
191 147
194 141
197 135
201 129
207 123
213 120
219 118
225 117
231 117
237 119
243 122
249 126
254 132
258 138
260 144
261 150
261 156
261 162
259 168
256 174
253 180
248 186
243 192
237 196
232 190
232 184
230 178
224 177
218 183
215 189
213 195
212 201
211 207
212 213
212 219
214 225
216 231
218 237
221 243
224 249
227 255
231 261
235 267
239 273
245 279
251 284
257 287
263 289
269 289
275 289
281 287
287 284
293 279
297 273
300 267
301 261
301 255
300 249
297 243
291 237
285 236
279 240
273 245
267 246
261 244
257 238
255 232
256 226
258 220
262 214
267 208
273 202
279 198
285 194
291 191
297 188
303 187
309 186
315 187
321 188
327 190
333 193
339 196
345 201
351 207
355 213
356 219
350 223
344 222
338 224
336 230
338 236
341 242
346 248
352 253
358 256
364 257
370 258
376 257
382 256
388 253
394 250
400 245
406 240
411 234
415 228
418 222
420 216
421 210
422 204
421 198
420 192
417 186
413 180
407 175
401 173
395 175
392 181
390 187
384 189
378 186
372 180
367 174
364 168
362 162
361 156
361 150
361 144
363 138
365 132
369 126
374 120
380 115
386 112
392 110
398 108
404 108
410 108
416 110
422 112
428 115
434 119
440 124
445 130
449 136
453 142
457 148
460 154
463 160
466 166
469 172
473 178
475 184
478 190
481 196
484 202
486 208
488 214
490 220
491 226
492 232
493 238
494 244
494 250
494 256
494 262
494 268
492 274
488 280
482 280
479 274
478 268
477 262
476 256
474 250
468 245
462 248
457 254
453 260
451 266
449 272
448 278
447 284
448 290
448 296
450 302
453 308
457 314
462 320
468 325
474 328
480 331
486 333
492 334
498 335
504 335
510 334
516 333
522 331
528 328
534 324
540 318
544 312
547 306
549 300
550 294
550 288
550 282
548 276
546 270
544 264
541 258
538 252
535 246
532 240
530 234
528 228
527 222
526 216
525 210
519 216
516 210
515 204
515 198
514 192
513 186
513 180
512 174
512 168
512 162
512 156
511 150
512 144
512 138
513 132
514 126
516 120
519 114
523 108
529 102
535 98
541 95
547 93
553 92
559 92
565 93
571 94
577 97
583 101
589 106
594 112
597 118
599 124
601 130
602 136
602 142
602 148
601 154
600 160
598 166
595 172
590 178
584 179
579 173
578 167
578 161
577 155
575 149
569 144
563 143
557 147
552 153
550 159
548 165
547 171
547 177
547 183
547 189
548 195
550 201
552 207
554 213
557 219
560 225
565 231
569 237
574 243
580 249
586 254
592 259
598 263
604 267
610 269
616 271
622 272
628 272
634 272
640 270
646 268
652 264
658 259
664 253
668 247
672 241
675 235
677 229
680 223
682 217
683 211
684 205
685 199
684 193
679 187
673 187
667 191
661 196
655 197
651 191
650 185
651 179
652 173
654 167
657 161
660 155
665 149
671 143
677 138
683 135
689 133
695 132
701 132
707 133
713 134
719 137
725 140
731 143
737 148
743 153
749 159
755 165
760 171
765 177
769 183
772 189
775 195
777 201
778 207
778 213
777 219
775 225
770 231
764 234
758 234
754 228
753 222
752 216
748 210
742 207
736 208
730 214
727 220
724 226
723 232
722 238
721 244
721 250
721 256
722 262
724 268
727 274
731 280
737 285
743 289
749 291
755 292
761 292
767 290
773 288
779 284
785 279
791 273
795 267
800 261
804 255
807 249
811 243
813 237
816 231
818 225
820 219
821 213
822 207
823 201
824 195
824 189
824 183
824 177
824 171
824 165
824 159
824 153
823 147
823 141
822 135
820 129
814 125
808 130
807 136
807 142
807 148
807 154
808 160
807 166
801 172
796 166
792 160
789 154
785 148
782 142
780 136
778 130
777 124
777 118
777 112
778 106
781 100
784 94
789 88
795 83
801 79
807 76
813 74
819 73
825 73
831 73
837 74
843 75
849 77
855 81
861 85
867 91
871 97
874 103
876 109
877 115
877 121
876 127
874 133
871 139
866 145
861 151
855 156
849 161
844 155
839 161
839 167
839 173
838 179
838 185
839 191
839 197
839 203
840 209
841 215
842 221
843 227
844 233
845 239
845 245
845 251
845 257
844 263
843 269
841 275
840 281
840 287
840 293
841 299
844 305
847 311
853 317
859 321
865 324
871 326
877 326
883 327
889 326
895 325
901 322
907 319
913 314
917 308
920 302
922 296
923 290
923 284
922 278
920 272
918 266
915 260
912 254
909 248
905 242
900 236
894 232
888 238
888 244
888 250
889 256
889 262
888 268
882 271
876 265
873 259
871 253
869 247
867 241
866 235
865 229
865 223
864 217
865 211
866 205
868 199
870 193
874 187
880 181
886 175
892 171
898 167
904 163
910 160
916 157
922 155
928 153
934 152
940 153
946 154
952 157
958 162
962 168
965 174
968 180
969 186
970 192
971 198
971 204
969 210
966 216
960 217
954 213
949 207
945 201
939 197
933 196
927 200
925 206
925 212
927 218
929 224
932 230
936 236
940 242
945 248
950 254
955 260
961 265
967 270
973 273
979 276
985 278
991 279
997 279
1003 278
1009 276
1015 272
1020 266
1023 260
1025 254
1026 248
1026 242
1026 236
1026 230
1026 224
1025 218
1025 212
1024 206
1023 200
1023 194
1022 188
1021 182
1015 180
1012 186
1010 192
1004 191
1003 185
1003 179
1003 173
1003 167
1003 161
1004 155
1005 149
1006 143
1008 137
1011 131
1015 125
1021 119
1027 114
1033 111
1039 108
1045 107
1051 107
1057 107
1063 108
1069 111
1075 114
1081 119
1086 125
1089 131
1092 137
1093 143
1094 149
1093 155
1092 161
1089 167
1084 173
1078 176
1072 172
1069 166
1067 160
1061 156
1055 157
1049 162
1046 168
1045 174
1044 180
1044 186
1044 192
1045 198
1046 204
1047 210
1049 216
1051 222
1053 228
1055 234
1058 240
1061 246
1065 252
1070 258
1076 264
1082 267
1088 269
1094 270
1100 269
1106 266
1111 260
1112 254
1110 248
1104 243
1099 237
1098 231
1102 225
1108 221
1114 218
1120 217
1126 216
1132 216
1138 216
1144 218
1150 220
1156 223
1162 228
1167 234
1173 240
1179 242
1185 243
1191 242
