0 230
5 224
8 218
10 212
12 206
13 200
14 194
13 188
10 182
4 177
1198 177
1192 179
1186 177
1182 171
1181 165
1182 159
1185 153
1189 147
1195 142
1 139
7 138
13 138
19 138
25 140
31 143
37 148
43 153
48 159
53 165
57 171
60 177
62 183
63 189
62 195
56 197
50 196
44 200
42 206
41 212
41 218
41 224
43 230
46 236
52 242
58 245
64 246
70 245
76 244
82 241
88 237
94 232
100 226
106 220
110 214
114 208
118 202
120 196
122 190
122 184
122 178
121 172
118 166
112 160
106 160
101 166
95 171
89 166
86 160
83 154
82 148
81 142
81 136
83 130
85 124
90 118
96 113
102 110
108 109
114 108
120 109
126 111
132 114
138 119
143 125
146 131
148 137
150 143
152 149
153 155
154 161
154 167
155 173
156 179
156 185
156 191
156 197
156 203
155 209
154 215
148 214
153 220
158 214
157 220
151 224
148 218
142 212
138 218
135 224
131 230
128 236
126 242
124 248
122 254
121 260
121 266
123 272
125 278
129 284
135 290
141 294
147 296
153 298
159 298
165 298
171 296
177 294
183 290
189 284
192 278
194 272
196 266
196 260
196 254
196 248
195 242
195 236
194 230
193 224
192 218
190 212
184 214
178 208
178 202
179 196
180 190
181 184
182 178
184 172
185 166
187 160
189 154
191 148
193 142
197 136
202 130
208 125
214 122
220 120
226 120
232 120
238 122
244 126
250 131
254 137
257 143
259 149
259 155
259 161
257 167
255 173
252 179
248 185
242 191
236 191
233 185
227 179
221 183
218 189
216 195
215 201
215 207
216 213
217 219
219 225
221 231
223 237
226 243
229 249
232 255
236 261
241 267
247 273
253 277
259 280
265 281
271 281
277 280
283 278
289 274
295 268
298 262
299 256
299 250
298 244
296 238
290 233
284 233
278 236
272 238
266 236
262 230
261 224
262 218
265 212
269 206
274 200
280 195
286 190
292 187
298 184
304 183
310 182
316 183
322 184
328 187
334 190
340 195
346 201
349 207
350 213
344 218
338 220
336 226
338 232
341 238
346 244
352 248
358 251
364 252
370 253
376 252
382 250
388 247
394 243
400 238
405 232
409 226
412 220
414 214
415 208
416 202
415 196
414 190
411 184
405 178
399 175
393 176
389 182
383 185
377 182
371 176
367 170
365 164
364 158
363 152
364 146
365 140
368 134
372 128
378 122
384 118
390 115
396 113
402 112
408 112
414 113
420 115
426 117
432 121
438 125
444 131
448 137
452 143
456 149
460 155
463 161
466 167
469 173
472 179
475 185
478 191
480 197
483 203
485 209
487 215
489 221
490 227
491 233
492 239
493 245
493 251
492 257
490 263
484 267
478 261
476 255
475 249
471 243
465 241
459 246
455 252
452 258
451 264
450 270
450 276
450 282
452 288
454 294
457 300
462 306
468 312
474 316
480 319
486 321
492 322
498 323
504 323
510 322
516 321
522 319
528 316
534 311
540 305
544 299
547 293
549 287
549 281
549 275
548 269
547 263
545 257
543 251
541 245
538 239
536 233
533 227
531 221
529 215
528 209
523 215
517 214
516 208
515 202
514 196
513 190
512 184
512 178
511 172
511 166
511 160
511 154
511 148
512 142
512 136
514 130
516 124
519 118
523 112
529 106
535 102
541 99
547 97
553 96
559 96
565 97
571 99
577 102
583 106
589 111
593 117
596 123
599 129
600 135
601 141
601 147
600 153
599 159
596 165
592 171
586 174
580 168
578 162
577 156
574 150
568 147
562 148
556 153
552 159
551 165
550 171
550 177
550 183
551 189
553 195
554 201
557 207
560 213
563 219
567 225
572 231
577 237
582 243
588 248
594 253
600 257
606 260
612 263
618 264
624 265
630 265
636 264
642 262
648 259
654 255
660 249
665 243
669 237
673 231
675 225
678 219
680 213
681 207
682 201
682 195
679 189
673 186
667 188
661 190
655 184
655 178
655 172
657 166
660 160
663 154
668 148
674 142
680 138
686 136
692 134
698 133
704 133
710 135
716 136
722 139
728 143
734 147
740 152
746 158
751 164
756 170
761 176
765 182
768 188
770 194
772 200
773 206
772 212
771 218
766 224
760 227
754 224
751 218
748 212
742 208
736 208
730 214
727 220
724 226
723 232
722 238
722 244
723 250
724 256
726 262
729 268
734 274
740 279
746 282
752 283
758 284
764 284
770 282
776 279
782 276
788 270
793 264
797 258
801 252
805 246
808 240
811 234
814 228
816 222
818 216
819 210
821 204
822 198
823 192
823 186
823 180
824 174
824 168
823 162
823 156
822 150
821 144
819 138
813 134
807 140
806 146
806 152
806 158
806 164
804 170
798 170
793 164
789 158
786 152
783 146
781 140
779 134
778 128
778 122
779 116
780 110
783 104
786 98
792 92
798 87
804 84
810 81
816 80
822 79
828 79
834 79
840 81
846 83
852 86
858 90
864 95
868 101
871 107
873 113
875 119
875 125
874 131
872 137
869 143
866 149
862 155
857 161
852 167
846 173
840 179
840 185
840 191
840 197
840 203
840 209
840 215
841 221
841 227
842 233
842 239
842 245
841 251
841 257
840 263
840 269
839 275
840 281
841 287
843 293
847 299
852 305
858 309
864 313
870 315
876 316
882 316
888 315
894 314
900 312
906 308
912 303
916 297
919 291
921 285
921 279
921 273
920 267
918 261
916 255
913 249
910 243
906 237
900 231
894 230
890 236
889 242
889 248
889 254
883 260
877 255
873 249
871 243
869 237
868 231
868 225
867 219
868 213
869 207
871 201
873 195
877 189
882 183
887 177
893 172
899 167
905 162
911 158
917 155
923 152
929 151
935 150
941 150
947 152
953 155
959 161
963 167
966 173
968 179
969 185
970 191
969 197
968 203
962 209
956 207
950 201
944 196
938 195
932 200
930 206
931 212
933 218
935 224
939 230
942 236
947 242
952 248
958 254
964 259
970 264
976 267
982 269
988 271
994 271
1000 271
1006 269
1012 266
1018 260
1022 254
1024 248
1026 242
1026 236
1027 230
1027 224
1027 218
1026 212
1026 206
1025 200
1024 194
1023 188
1022 182
1016 182
1012 188
1006 189
1004 183
1004 177
1003 171
1004 165
1004 159
1005 153
1006 147
1009 141
1011 135
1015 129
1020 123
1026 118
1032 115
1038 113
1044 111
1050 111
1056 111
1062 112
1068 115
1074 118
1080 123
1084 129
1088 135
1090 141
1091 147
1091 153
1090 159
1088 165
1083 171
1077 173
1071 169
1067 163
1061 160
1055 163
1051 169
1049 175
1048 181
1048 187
1048 193
1049 199
1050 205
1051 211
1053 217
1055 223
1057 229
1060 235
1063 241
1067 247
1072 253
1078 257
1084 260
1090 262
1096 262
1102 261
1108 257
1111 251
1111 245
1108 239
1103 233
1103 227
1106 221
1112 216
1118 214
1124 212
1130 211
1136 212
1142 213
1148 215
1154 218
1160 223
1165 229
1171 235
1177 237
1183 238
1189 237
