0 199
6 196
12 194
18 194
24 194
30 196
36 199
42 203
48 206
54 208
60 210
66 209
72 208
78 205
84 201
90 196
96 192
102 189
108 188
114 188
120 189
126 192
132 198
138 204
144 209
150 213
156 216
162 217
168 217
174 216
180 213
186 209
192 204
198 198
204 194
210 191
216 189
222 189
228 191
234 194
240 198
246 204
252 209
258 212
264 214
270 215
276 214
282 212
288 209
294 204
300 201
306 198
312 197
318 197
324 199
330 202
336 205
342 208
348 210
354 211
360 210
366 208
372 205
378 201
384 197
390 193
396 192
402 191
408 191
414 192
420 193
426 194
432 195
438 196
444 197
450 198
456 199
462 201
468 205
474 209
480 214
486 219
492 222
498 223
504 224
510 223
516 220
522 215
527 209
531 203
534 197
539 191
545 187
551 184
557 184
563 185
569 187
575 191
581 196
587 201
593 205
599 207
605 209
611 210
617 210
623 210
629 209
635 209
641 208
647 207
653 206
659 205
665 204
671 202
677 200
683 198
689 195
695 194
701 193
707 193
713 194
719 196
725 199
731 203
737 207
743 211
749 214
755 216
761 217
767 216
773 215
779 212
785 208
791 202
796 196
801 190
807 185
813 182
819 180
825 180
831 181
837 184
843 189
848 195
852 201
856 207
860 213
866 219
872 222
878 224
884 224
890 223
896 221
902 217
908 211
913 205
919 199
925 194
931 192
937 191
943 192
949 194
955 197
961 201
967 205
973 208
979 211
985 212
991 212
997 212
1003 210
1009 208
1015 205
1021 201
1027 198
1033 194
1039 192
1045 190
1051 190
1057 191
1063 194
1069 197
1075 201
1081 205
1087 208
1093 210
1099 210
1105 210
1111 209
1117 206
1123 204
1129 202
1135 202
1141 201
1147 202
1153 204
1159 205
1165 207
1171 207
1177 207
1183 206
1189 204
