0 214
6 214
12 213
18 213
24 213
30 213
36 214
42 214
48 214
54 214
60 214
66 214
72 214
78 214
84 214
90 214
96 213
102 213
108 213
114 213
120 213
126 213
132 214
138 214
144 214
150 214
156 214
162 214
168 214
174 214
180 214
186 214
192 214
198 214
204 214
210 214
216 213
222 213
228 213
234 214
240 214
246 214
252 214
258 214
264 214
270 214
276 214
282 214
288 214
294 214
300 214
306 214
312 214
318 214
324 214
330 214
336 214
342 214
348 214
354 214
360 214
366 214
372 214
378 214
384 214
390 213
396 213
402 213
408 213
414 214
420 214
426 214
432 214
438 214
444 214
450 214
456 214
462 214
468 214
474 214
480 214
486 214
492 215
498 215
504 215
510 215
516 215
522 214
528 214
534 214
540 213
546 213
552 213
558 213
564 213
570 213
576 214
582 214
588 214
594 214
600 214
606 214
612 214
618 214
624 214
630 214
636 214
642 214
648 214
654 214
660 214
666 214
672 214
678 214
684 214
690 214
696 214
702 214
708 214
714 214
720 214
726 214
732 214
738 214
744 214
750 214
756 214
762 214
768 214
774 214
780 214
786 214
792 214
798 214
804 213
810 213
816 213
822 213
828 213
834 213
840 213
846 214
852 214
858 214
864 214
870 215
876 215
882 215
888 215
894 215
900 215
906 214
912 214
918 214
924 214
930 214
936 214
942 214
948 214
954 214
960 214
966 214
972 214
978 214
984 214
990 214
996 214
1002 214
1008 214
1014 214
1020 214
1026 214
1032 214
1038 214
1044 213
1050 213
1056 213
1062 214
1068 214
1074 214
1080 214
1086 214
1092 214
1098 214
1104 214
1110 214
1116 214
1122 214
1128 214
1134 214
1140 214
1146 214
1152 214
1158 214
1164 214
1170 214
1176 214
1182 214
1188 214
