0 196
6 192
12 190
18 189
24 190
30 193
36 198
42 204
48 209
54 213
60 214
66 214
72 212
78 209
83 203
87 197
91 191
97 185
103 181
109 180
115 180
121 182
127 186
131 192
135 198
137 204
140 210
144 216
150 222
156 225
162 226
168 226
174 224
180 221
186 215
190 209
193 203
197 197
201 191
207 186
213 183
219 182
225 183
231 185
237 191
241 197
244 203
248 209
253 215
259 220
265 222
271 222
277 221
283 217
289 212
294 206
299 200
305 196
311 194
317 194
323 196
329 200
335 206
341 211
347 214
353 215
359 215
365 213
371 209
376 203
381 197
387 191
393 187
399 185
405 184
411 185
417 186
423 188
429 190
435 191
441 193
447 194
453 196
459 199
465 203
470 209
474 215
478 221
483 227
489 231
495 233
501 234
507 234
513 232
519 229
524 223
528 217
529 211
530 205
531 199
533 193
535 187
540 181
546 177
552 175
558 174
564 176
570 179
576 185
581 191
584 197
589 203
595 209
601 212
607 214
613 215
619 215
625 215
631 214
637 213
643 212
649 211
655 209
661 207
667 204
673 201
679 197
685 193
691 190
697 188
703 187
709 188
715 190
721 193
727 199
732 205
736 211
742 217
748 221
754 224
760 225
766 225
772 224
778 221
784 216
788 210
791 204
794 198
796 192
798 186
802 180
808 174
814 171
820 169
826 169
832 170
838 173
844 178
848 184
850 190
851 196
852 202
853 208
854 214
857 220
861 226
867 230
873 233
879 235
885 235
891 233
897 230
903 225
907 219
910 213
912 207
914 201
918 195
924 189
930 186
936 185
942 186
948 188
954 193
960 199
965 205
971 211
977 215
983 218
989 219
995 219
1001 217
1007 214
1013 210
1019 204
1024 198
1029 192
1035 187
1041 184
1047 183
1053 184
1059 186
1065 189
1070 195
1075 201
1080 207
1086 212
1092 214
1098 215
1104 215
1110 213
1116 210
1122 207
1128 204
1134 202
1140 202
1146 203
1152 205
1158 207
1164 209
1170 211
1176 211
1182 209
1188 206
