0 185
6 180
12 178
18 178
24 179
30 183
35 189
39 195
40 201
41 207
41 213
41 219
42 225
45 231
50 237
56 241
62 242
68 242
74 240
80 236
85 230
89 224
91 218
93 212
93 206
92 200
91 194
89 188
89 182
90 176
92 170
98 164
104 161
110 160
116 159
122 161
128 163
134 168
139 174
141 180
143 186
144 192
144 198
143 204
141 210
137 216
134 222
132 228
132 234
132 240
133 246
136 252
140 258
146 263
152 266
158 268
164 268
170 268
176 265
182 261
188 255
191 249
193 243
195 237
195 231
194 225
193 219
190 213
189 207
188 201
189 195
190 189
193 183
196 177
202 171
208 167
214 165
220 164
226 165
232 167
238 171
243 177
245 183
247 189
246 195
245 201
242 207
239 213
238 219
238 225
238 231
240 237
243 243
247 249
253 255
259 258
265 260
271 260
277 258
283 254
288 248
291 242
291 236
291 230
290 224
289 218
290 212
293 206
297 200
303 196
309 194
315 194
321 196
327 201
331 207
333 213
335 219
336 225
339 231
343 237
349 242
355 244
361 245
367 244
373 241
379 235
383 229
385 223
386 217
385 211
383 205
381 199
379 193
379 187
380 181
384 175
390 169
396 166
402 165
408 164
414 165
420 166
426 169
432 172
438 176
444 180
450 186
456 191
461 197
465 203
469 209
471 215
473 221
474 227
473 233
471 239
467 245
466 251
467 257
468 263
472 269
477 275
483 279
489 282
495 284
501 284
507 284
513 283
519 280
525 276
531 270
535 264
538 258
539 252
540 246
540 240
539 234
538 228
535 222
529 216
523 211
520 205
519 199
518 193
518 187
519 181
521 175
524 169
528 163
534 157
540 153
546 151
552 150
558 150
564 151
570 153
576 157
581 163
584 169
585 175
585 181
582 187
578 193
577 199
577 205
578 211
580 217
583 223
587 229
591 235
597 240
603 244
609 247
615 248
621 249
627 248
633 247
639 245
645 242
651 239
657 234
662 228
666 222
669 216
671 210
673 204
674 198
676 192
679 186
684 180
690 176
696 173
702 172
708 173
714 174
720 177
726 182
731 188
735 194
737 200
739 206
739 212
737 218
735 224
733 230
733 236
733 242
735 248
739 254
745 259
751 263
757 265
763 265
769 264
775 263
781 259
787 254
792 248
796 242
799 236
801 230
803 224
804 218
804 212
804 206
802 200
799 194
793 189
790 183
788 177
789 171
790 165
792 159
796 153
802 148
808 144
814 142
820 141
826 140
832 141
838 143
844 145
850 150
856 156
859 162
861 168
863 174
863 180
863 186
862 192
861 198
857 204
851 208
845 214
843 220
842 226
842 232
842 238
842 244
843 250
845 256
848 262
852 268
857 274
863 278
869 281
875 282
881 283
887 282
893 280
899 277
905 272
909 266
912 260
913 254
913 248
912 242
908 236
902 231
899 225
898 219
899 213
900 207
902 201
906 195
910 189
915 183
921 178
927 176
933 174
939 175
945 176
951 180
956 186
959 192
960 198
960 204
959 210
959 216
959 222
960 228
963 234
967 240
972 246
978 250
984 253
990 254
996 254
1002 252
1008 249
1014 244
1018 238
1021 232
1022 226
1022 220
1022 214
1020 208
1019 202
1018 196
1018 190
1019 184
1022 178
1027 172
1033 167
1039 164
1045 163
1051 163
1057 164
1063 167
1069 172
1073 178
1075 184
1075 190
1074 196
1072 202
1070 208
1070 214
1070 220
1072 226
1074 232
1079 238
1085 243
1091 246
1097 246
1103 245
1109 242
1115 236
1118 230
1122 224
1127 218
1133 215
1139 214
1145 216
1151 219
1157 225
1163 230
1169 233
1175 234
1181 234
1187 230
1193 224
1195 218
1196 212
1196 206
1196 200
1196 194
