0 218
6 215
12 211
18 207
24 203
30 200
36 197
42 195
48 194
54 193
60 194
66 195
72 197
78 200
84 204
90 209
96 215
102 221
108 226
114 231
120 234
126 236
132 238
138 238
144 238
150 237
156 235
162 233
168 229
174 224
179 218
184 212
189 206
195 200
201 195
207 191
213 187
219 185
225 184
231 183
237 183
243 184
249 185
255 187
261 190
267 194
273 198
279 204
285 209
291 215
297 219
303 223
309 226
315 228
321 229
327 229
333 229
339 228
345 226
351 223
357 220
363 216
369 211
375 207
381 203
387 199
393 197
399 194
405 193
411 192
417 192
423 192
429 193
435 195
441 197
447 200
453 203
459 206
465 210
471 214
477 217
483 220
489 223
495 225
501 227
507 228
513 229
519 229
525 229
531 229
537 227
543 226
549 224
555 221
561 219
567 215
573 212
579 208
585 205
591 202
597 199
603 197
609 195
615 194
621 193
627 192
633 193
639 193
645 194
651 196
657 198
663 201
669 204
675 207
681 211
687 214
693 217
699 219
705 221
711 223
717 224
723 224
729 224
735 223
741 222
747 220
753 217
759 214
765 211
771 207
777 203
783 199
789 195
795 192
801 189
807 187
813 185
819 184
825 183
831 183
837 184
843 185
849 187
855 189
861 193
867 197
873 203
878 209
883 215
887 221
892 227
897 233
903 238
909 242
915 245
921 247
927 248
933 248
939 248
945 247
951 245
957 243
963 239
969 235
975 230
980 224
986 218
992 212
998 207
1004 203
1010 199
1016 196
1022 194
1028 192
1034 191
1040 190
1046 189
1052 188
1058 188
1064 188
1070 188
1076 188
1082 188
1088 189
1094 190
1100 191
1106 193
1112 195
1118 198
1124 201
1130 204
1136 208
1142 212
1148 215
1154 218
1160 221
1166 222
1172 223
1178 224
1184 223
1190 222
