0 215
6 215
12 215
18 215
24 215
30 215
36 215
42 215
48 214
54 215
60 215
66 215
72 215
78 215
84 215
90 215
96 215
102 215
108 215
114 215
120 215
126 215
132 215
138 215
144 215
150 215
156 215
162 215
168 215
174 215
180 215
186 215
192 215
198 215
204 215
210 215
216 214
222 214
228 214
234 214
240 214
246 214
252 214
258 214
264 214
270 215
276 215
282 215
288 215
294 215
300 215
306 215
312 215
318 215
324 215
330 215
336 215
342 215
348 215
354 215
360 215
366 215
372 215
378 215
384 215
390 215
396 215
402 215
408 215
414 215
420 215
426 215
432 215
438 215
444 215
450 215
456 215
462 215
468 215
474 215
480 215
486 215
492 215
498 215
504 215
510 215
516 215
522 215
528 215
534 215
540 215
546 215
552 215
558 215
564 215
570 215
576 215
582 215
588 215
594 215
600 215
606 215
612 215
618 215
624 214
630 214
636 214
642 214
648 214
654 215
660 215
666 215
672 215
678 215
684 215
690 215
696 215
702 215
708 215
714 215
720 215
726 215
732 215
738 215
744 215
750 215
756 215
762 215
768 215
774 215
780 215
786 215
792 215
798 214
804 214
810 214
816 214
822 214
828 214
834 214
840 214
846 214
852 215
858 215
864 215
870 215
876 215
882 215
888 215
894 215
900 215
906 216
912 216
918 216
924 216
930 216
936 216
942 216
948 216
954 216
960 216
966 215
972 215
978 215
984 215
990 215
996 215
1002 215
1008 215
1014 215
1020 215
1026 215
1032 215
1038 214
1044 214
1050 214
1056 214
1062 214
1068 214
1074 214
1080 214
1086 214
1092 214
1098 214
1104 214
1110 214
1116 214
1122 214
1128 214
1134 214
1140 215
1146 215
1152 215
1158 215
1164 215
1170 215
1176 215
1182 215
1188 215
