0 214
6 212
12 211
18 209
24 207
30 205
36 204
42 203
48 202
54 202
60 202
66 203
72 204
78 206
84 208
90 210
96 213
102 215
108 218
114 220
120 222
126 223
132 224
138 224
144 224
150 223
156 222
162 221
168 218
174 216
180 213
186 210
192 208
198 205
204 202
210 200
216 199
222 198
228 197
234 197
240 197
246 197
252 198
258 200
264 201
270 203
276 206
282 208
288 211
294 213
300 215
306 216
312 218
318 219
324 219
330 219
336 219
342 218
348 217
354 215
360 213
366 211
372 209
378 207
384 206
390 204
396 203
402 202
408 202
414 201
420 201
426 202
432 203
438 204
444 205
450 206
456 208
462 209
468 211
474 213
480 214
486 215
492 217
498 218
504 218
510 219
516 219
522 219
528 219
534 219
540 218
546 217
552 216
558 215
564 213
570 212
576 210
582 209
588 207
594 206
600 204
606 203
612 202
618 202
624 201
630 201
636 202
642 202
648 203
654 204
660 205
666 206
672 208
678 209
684 211
690 212
696 213
702 214
708 215
714 216
720 216
726 216
732 216
738 215
744 214
750 213
756 212
762 210
768 209
774 207
780 205
786 204
792 202
798 200
804 199
810 198
816 197
822 197
828 197
834 197
840 198
846 199
852 200
858 202
864 204
870 207
876 210
882 213
888 216
894 219
900 222
906 224
912 226
918 228
924 229
930 230
936 230
942 229
948 228
954 227
960 225
966 223
972 220
978 218
984 215
990 212
996 210
1002 208
1008 206
1014 204
1020 203
1026 202
1032 201
1038 200
1044 200
1050 200
1056 199
1062 199
1068 199
1074 199
1080 199
1086 199
1092 200
1098 200
1104 201
1110 202
1116 203
1122 204
1128 206
1134 207
1140 209
1146 211
1152 212
1158 214
1164 215
1170 216
1176 216
1182 216
1188 216
