0 253
6 247
10 241
12 235
14 229
15 223
15 217
16 211
16 205
17 199
18 193
21 187
24 181
30 175
36 170
42 167
48 165
54 164
60 163
66 164
72 166
78 168
84 172
90 176
95 182
99 188
102 194
104 200
106 206
107 212
106 218
105 224
103 230
101 236
98 242
96 248
95 254
95 260
97 266
99 272
103 278
108 284
114 289
120 292
126 295
132 296
138 297
144 297
150 296
156 295
162 293
168 290
174 286
180 280
185 274
189 268
191 262
193 256
194 250
194 244
193 238
191 232
188 226
184 220
180 214
178 208
176 202
176 196
176 190
177 184
178 178
181 172
183 166
187 160
192 154
198 149
204 144
210 141
216 139
222 137
228 136
234 136
240 137
246 138
252 140
258 142
264 146
270 151
276 157
280 163
283 169
285 175
286 181
287 187
286 193
285 199
283 205
281 211
279 217
277 223
277 229
278 235
279 241
281 247
284 253
289 259
294 265
300 269
306 272
312 275
318 276
324 277
330 277
336 276
342 274
348 271
354 267
360 261
364 255
367 249
369 243
369 237
369 231
369 225
368 219
367 213
367 207
367 201
368 195
370 189
373 183
377 177
382 171
388 165
394 162
400 159
406 157
412 156
418 156
424 156
430 157
436 159
442 161
448 165
454 170
459 176
463 182
466 188
468 194
470 200
470 206
470 212
470 218
469 224
469 230
469 236
470 242
472 248
474 254
478 260
483 266
489 271
495 275
501 277
507 279
513 280
519 281
525 281
531 280
537 278
543 276
549 273
555 269
561 263
565 257
568 251
571 245
572 239
572 233
572 227
572 221
571 215
571 209
571 203
572 197
574 191
577 185
581 179
586 173
592 167
598 163
604 160
610 158
616 156
622 156
628 156
634 156
640 158
646 160
652 163
658 167
664 173
669 179
673 185
675 191
677 197
678 203
678 209
679 215
679 221
680 227
681 233
683 239
686 245
691 251
697 257
703 261
709 263
715 265
721 266
727 266
733 266
739 264
745 262
751 259
757 255
763 249
768 243
771 237
774 231
776 225
776 219
777 213
776 207
775 201
775 195
775 189
775 183
777 177
779 171
782 165
786 159
791 153
797 148
803 144
809 141
815 139
821 138
827 137
833 137
839 138
845 139
851 140
857 143
863 146
869 150
875 155
880 161
885 167
889 173
891 179
894 185
896 191
897 197
897 203
897 209
897 215
895 221
892 227
887 233
881 238
877 244
874 250
872 256
872 262
873 268
874 274
876 280
879 286
883 292
888 298
894 303
900 307
906 310
912 312
918 314
924 315
930 316
936 316
942 316
948 315
954 313
960 311
966 309
972 305
978 300
984 294
989 288
992 282
994 276
995 270
996 264
995 258
993 252
989 246
985 240
981 234
979 228
978 222
978 216
979 210
981 204
983 198
985 192
989 186
993 180
997 174
1003 168
1009 163
1015 159
1021 155
1027 152
1033 150
1039 148
1045 146
1051 145
1057 145
1063 145
1069 145
1075 145
1081 146
1087 148
1093 150
1099 153
1105 156
1111 161
1117 166
1122 172
1125 178
1128 184
1129 190
1130 196
1130 202
1130 208
1129 214
1129 220
1129 226
1130 232
1133 238
1136 244
1141 250
1147 256
1153 259
1159 262
1165 263
1171 264
1177 263
1183 262
1189 260
