0 201
6 201
12 200
18 200
24 200
30 200
36 200
42 200
48 200
54 200
60 200
66 200
72 200
78 200
84 200
90 201
96 201
102 201
108 201
114 202
120 202
126 202
132 202
138 202
144 202
150 202
156 202
162 201
168 201
174 201
180 201
186 200
192 200
198 200
204 200
210 200
216 199
222 199
228 199
234 199
240 199
246 199
252 199
258 199
264 200
270 200
276 200
282 200
288 200
294 201
300 201
306 201
312 201
318 201
324 201
330 201
336 201
342 201
348 201
354 201
360 201
366 200
372 200
378 200
384 200
390 200
396 200
402 200
408 200
414 200
420 200
426 200
432 200
438 200
444 200
450 200
456 200
462 200
468 201
474 201
480 201
486 201
492 201
498 201
504 201
510 201
516 201
522 201
528 201
534 201
540 201
546 201
552 201
558 201
564 201
570 201
576 200
582 200
588 200
594 200
600 200
606 200
612 200
618 200
624 199
630 199
636 199
642 200
648 200
654 200
660 200
666 200
672 200
678 200
684 200
690 200
696 200
702 201
708 201
714 201
720 201
726 201
732 201
738 201
744 201
750 200
756 200
762 200
768 200
774 200
780 200
786 200
792 200
798 199
804 199
810 199
816 199
822 199
828 199
834 199
840 199
846 199
852 200
858 200
864 200
870 200
876 201
882 201
888 201
894 201
900 202
906 202
912 202
918 202
924 203
930 203
936 203
942 203
948 202
954 202
960 202
966 202
972 202
978 201
984 201
990 201
996 200
1002 200
1008 200
1014 200
1020 200
1026 200
1032 200
1038 200
1044 200
1050 199
1056 199
1062 199
1068 199
1074 199
1080 199
1086 199
1092 199
1098 199
1104 199
1110 199
1116 199
1122 199
1128 200
1134 200
1140 200
1146 200
1152 200
1158 201
1164 201
1170 201
1176 201
1182 201
1188 201
