0 237
5 231
9 225
12 219
14 213
16 207
18 201
21 195
24 189
29 183
35 178
41 174
47 172
53 171
59 170
65 171
71 173
77 176
83 180
89 186
93 192
96 198
98 204
99 210
99 216
99 222
99 228
99 234
99 240
101 246
103 252
106 258
112 264
118 269
124 272
130 274
136 275
142 275
148 275
154 273
160 271
166 268
172 263
178 257
182 251
184 245
186 239
187 233
187 227
186 221
185 215
184 209
183 203
183 197
184 191
185 185
187 179
190 173
195 167
201 161
207 156
213 153
219 151
225 150
231 149
237 149
243 150
249 151
255 154
261 157
267 162
272 168
276 174
279 180
281 186
282 192
282 198
282 204
282 210
283 216
284 222
285 228
288 234
291 240
296 246
302 251
308 254
314 256
320 258
326 258
332 257
338 256
344 254
350 250
356 245
360 239
364 233
366 227
368 221
369 215
370 209
371 203
373 197
376 191
380 185
385 179
391 174
397 170
403 168
409 166
415 165
421 165
427 166
433 168
439 170
445 174
451 179
456 185
460 191
463 197
465 203
467 209
469 215
471 221
473 227
476 233
480 239
485 245
491 250
497 254
503 256
509 258
515 259
521 260
527 259
533 258
539 256
545 253
551 250
557 244
562 238
566 232
569 226
571 220
573 214
575 208
577 202
579 196
583 190
587 184
593 178
599 174
605 170
611 168
617 167
623 166
629 166
635 167
641 168
647 170
653 174
659 178
665 184
669 190
672 196
675 202
677 208
680 214
683 220
686 226
690 232
696 238
702 242
708 245
714 247
720 248
726 248
732 248
738 246
744 244
750 241
756 236
762 230
766 224
769 218
771 212
773 206
775 200
776 194
778 188
780 182
783 176
788 170
793 164
799 159
805 156
811 153
817 151
823 150
829 150
835 150
841 150
847 152
853 154
859 157
865 161
871 166
876 172
880 178
883 184
885 190
887 196
887 202
887 208
887 214
885 220
884 226
882 232
881 238
881 244
881 250
882 256
885 262
888 268
892 274
898 279
904 284
910 287
916 289
922 291
928 292
934 292
940 292
946 291
952 289
958 287
964 284
970 279
976 274
980 268
984 262
986 256
987 250
987 244
987 238
987 232
986 226
986 220
986 214
987 208
989 202
992 196
995 190
1000 184
1005 178
1011 173
1017 169
1023 166
1029 163
1035 161
1041 159
1047 158
1053 157
1059 157
1065 157
1071 157
1077 158
1083 159
1089 161
1095 163
1101 166
1107 169
1113 174
1119 180
1123 186
1126 192
1129 198
1131 204
1133 210
1135 216
1137 222
1141 228
1145 234
1151 239
1157 243
1163 245
1169 246
1175 247
1181 246
1187 244
1193 242
