0 205
6 205
12 204
18 203
24 202
30 201
36 201
42 200
48 200
54 200
60 200
66 200
72 201
78 202
84 203
90 204
96 205
102 206
108 207
114 208
120 209
126 210
132 210
138 210
144 210
150 210
156 209
162 208
168 207
174 206
180 205
186 204
192 202
198 201
204 200
210 199
216 198
222 198
228 197
234 197
240 197
246 197
252 198
258 199
264 199
270 200
276 201
282 203
288 204
294 205
300 206
306 206
312 207
318 207
324 208
330 208
336 207
342 207
348 206
354 206
360 205
366 204
372 203
378 202
384 201
390 201
396 200
402 200
408 200
414 200
420 200
426 200
432 200
438 201
444 201
450 202
456 203
462 204
468 204
474 205
480 206
486 206
492 207
498 207
504 208
510 208
516 208
522 208
528 208
534 208
540 207
546 207
552 206
558 206
564 205
570 205
576 204
582 203
588 202
594 202
600 201
606 200
612 200
618 200
624 199
630 199
636 199
642 200
648 200
654 200
660 201
666 202
672 202
678 203
684 204
690 204
696 205
702 205
708 206
714 206
720 206
726 206
732 206
738 206
744 205
750 205
756 204
762 203
768 203
774 202
780 201
786 200
792 200
798 199
804 198
810 198
816 198
822 197
828 197
834 197
840 198
846 198
852 199
858 200
864 201
870 202
876 204
882 205
888 207
894 208
900 209
906 211
912 212
918 213
924 213
930 213
936 213
942 213
948 213
954 212
960 211
966 210
972 209
978 207
984 206
990 205
996 204
1002 203
1008 202
1014 201
1020 200
1026 200
1032 199
1038 199
1044 199
1050 199
1056 198
1062 198
1068 198
1074 198
1080 198
1086 198
1092 198
1098 198
1104 199
1110 199
1116 200
1122 200
1128 201
1134 202
1140 202
1146 203
1152 204
1158 205
1164 206
1170 206
1176 206
1182 206
1188 206
