0 221
6 218
12 216
18 213
24 210
30 207
36 205
42 204
48 203
54 202
60 203
66 204
72 205
78 208
84 211
90 214
96 219
102 223
108 226
114 230
120 232
126 234
132 235
138 236
144 236
150 235
156 233
162 231
168 228
174 224
180 220
186 215
192 210
198 206
204 203
210 200
216 197
222 196
228 195
234 195
240 195
246 196
252 197
258 199
264 202
270 205
276 208
282 212
288 216
294 219
300 223
306 225
312 227
318 228
324 229
330 229
336 228
342 227
348 225
354 223
360 220
366 217
372 214
378 211
384 208
390 206
396 204
402 203
408 202
414 202
420 202
426 202
432 203
438 205
444 207
450 209
456 211
462 214
468 216
474 219
480 221
486 223
492 225
498 226
504 228
510 228
516 229
522 229
528 228
534 228
540 227
546 226
552 224
558 222
564 220
570 217
576 215
582 213
588 210
594 208
600 206
606 205
612 203
618 202
624 202
630 202
636 202
642 203
648 204
654 205
660 207
666 209
672 211
678 214
684 216
690 218
696 220
702 222
708 223
714 224
720 224
726 224
732 224
738 223
744 222
750 220
756 218
762 216
768 213
774 211
780 208
786 205
792 203
798 200
804 198
810 197
816 196
822 195
828 195
834 195
840 196
846 197
852 199
858 202
864 205
870 209
876 213
882 218
888 224
894 228
900 233
906 236
912 239
918 241
924 243
930 243
936 244
942 243
948 242
954 240
960 237
966 234
972 231
978 227
984 222
990 218
996 214
1002 211
1008 208
1014 206
1020 204
1026 202
1032 201
1038 200
1044 199
1050 199
1056 199
1062 198
1068 198
1074 198
1080 199
1086 199
1092 200
1098 200
1104 202
1110 203
1116 205
1122 207
1128 209
1134 212
1140 214
1146 217
1152 219
1158 221
1164 223
1170 224
1176 224
1182 224
1188 224
