0 303
6 299
12 293
18 288
23 282
28 276
33 270
38 264
42 258
46 252
50 246
54 240
57 234
60 228
62 222
62 216
61 210
55 205
49 205
43 207
37 211
31 216
25 221
19 226
13 232
7 237
1 241
1195 242
1189 240
1186 234
1185 228
1186 222
1186 216
1188 210
1189 204
1191 198
1194 192
1196 186
1198 180
1 174
4 168
8 162
11 156
16 150
21 144
27 138
33 134
39 130
45 128
51 127
57 126
63 126
69 127
75 129
81 132
87 136
93 141
99 146
104 152
109 158
114 164
118 170
122 176
126 182
130 188
133 194
137 200
140 206
143 212
146 218
148 224
150 230
152 236
153 242
155 248
156 254
157 260
157 266
158 272
159 278
159 284
160 290
159 296
156 302
150 305
144 306
138 303
133 297
130 291
128 285
125 279
122 273
119 267
116 261
114 255
112 249
109 243
103 237
97 238
91 244
88 250
85 256
82 262
80 268
78 274
76 280
74 286
73 292
72 298
72 304
72 310
72 316
73 322
75 328
77 334
81 340
86 346
92 351
98 355
104 358
110 360
116 362
122 363
128 364
134 365
140 365
146 365
152 364
158 364
164 362
170 360
176 358
182 355
188 351
194 346
199 340
203 334
206 328
208 322
210 316
211 310
212 304
213 298
213 292
213 286
213 280
213 274
212 268
212 262
211 256
211 250
210 244
210 238
209 232
209 226
208 220
208 214
208 208
208 202
208 196
208 190
209 184
204 178
200 184
198 190
197 196
196 202
195 208
194 214
194 220
193 226
192 232
192 238
191 244
190 250
189 256
188 262
186 268
184 274
178 278
176 272
177 266
178 260
178 254
178 248
178 242
177 236
176 230
175 224
174 218
173 212
172 206
170 200
169 194
168 188
166 182
165 176
164 170
163 164
162 158
161 152
161 146
160 140
160 134
160 128
161 122
162 116
164 110
166 104
168 98
172 92
176 86
182 80
188 75
194 71
200 68
206 66
212 64
218 63
224 62
230 62
236 62
242 63
248 64
254 65
260 68
266 71
272 74
278 79
284 85
289 91
292 97
295 103
298 109
299 115
301 121
302 127
302 133
303 139
303 145
303 151
303 157
302 163
302 169
301 175
300 181
299 187
298 193
297 199
296 205
295 211
294 217
293 223
291 229
285 235
279 231
276 225
274 219
272 213
270 207
268 201
265 195
262 189
260 183
257 177
255 171
253 165
250 159
244 154
238 154
232 160
231 166
231 172
232 178
232 184
233 190
234 196
235 202
237 208
238 214
239 220
241 226
243 232
245 238
247 244
249 250
251 256
254 262
257 268
260 274
263 280
267 286
270 292
274 298
279 304
284 310
290 316
296 321
302 325
308 328
314 330
320 332
326 333
332 333
338 332
344 331
350 329
356 326
362 321
368 316
373 310
377 304
381 298
384 292
386 286
388 280
390 274
392 268
393 262
394 256
395 250
396 244
397 238
397 232
398 226
397 220
397 214
395 208
391 202
385 200
379 202
373 208
369 214
365 220
361 226
356 232
352 238
349 244
345 250
339 255
333 256
327 255
322 249
320 243
320 237
321 231
322 225
324 219
325 213
327 207
330 201
332 195
334 189
337 183
339 177
342 171
345 165
348 159
351 153
355 147
358 141
362 135
366 129
371 123
376 117
382 111
388 107
394 103
400 100
406 97
412 96
418 95
424 94
430 95
436 96
442 97
448 100
454 103
460 107
466 112
471 118
476 124
479 130
482 136
485 142
488 148
490 154
492 160
493 166
495 172
496 178
497 184
498 190
499 196
500 202
500 208
501 214
501 220
502 226
502 232
501 238
501 244
499 250
496 256
490 260
484 258
479 252
476 246
473 240
470 234
467 228
464 222
462 216
458 210
453 204
447 203
441 208
439 214
437 220
437 226
437 232
437 238
437 244
438 250
438 256
439 262
440 268
441 274
443 280
444 286
446 292
448 298
450 304
453 310
456 316
460 322
465 328
471 334
477 339
483 343
489 346
495 348
501 350
507 352
513 352
519 353
525 353
531 353
537 352
543 351
549 349
555 347
561 344
567 341
573 336
579 330
584 324
588 318
591 312
594 306
596 300
598 294
600 288
601 282
602 276
602 270
603 264
603 258
603 252
603 246
602 240
601 234
600 228
598 222
596 216
591 210
585 208
579 213
575 219
572 225
570 231
567 237
564 243
562 249
559 255
553 261
547 262
541 259
537 253
535 247
535 241
534 235
534 229
535 223
535 217
536 211
537 205
538 199
539 193
540 187
541 181
543 175
544 169
546 163
548 157
550 151
552 145
555 139
558 133
561 127
565 121
569 115
575 109
581 104
587 99
593 96
599 94
605 92
611 90
617 90
623 90
629 90
635 91
641 93
647 95
653 98
659 102
665 107
671 112
676 118
681 124
686 130
689 136
693 142
696 148
699 154
702 160
705 166
707 172
710 178
712 184
714 190
716 196
717 202
718 208
719 214
719 220
718 226
714 232
708 236
702 235
696 232
690 226
686 220
681 214
676 208
672 202
666 196
660 193
654 194
648 200
646 206
645 212
645 218
645 224
646 230
648 236
649 242
651 248
653 254
655 260
658 266
660 272
663 278
667 284
671 290
676 296
681 302
687 307
693 311
699 314
705 316
711 318
717 318
723 318
729 318
735 317
741 315
747 312
753 309
759 305
765 301
771 296
777 291
783 285
789 279
794 273
800 267
805 261
810 255
815 249
819 243
824 237
828 231
832 225
836 219
839 213
842 207
844 201
845 195
846 189
845 183
843 177
838 171
832 166
826 164
820 164
814 166
809 172
806 178
803 184
799 190
796 196
793 202
790 208
786 214
780 218
774 219
768 217
763 211
760 205
758 199
757 193
756 187
755 181
754 175
754 169
753 163
753 157
754 151
754 145
755 139
755 133
757 127
758 121
760 115
762 109
765 103
768 97
773 91
778 85
784 80
790 76
796 72
802 70
808 68
814 67
820 66
826 66
832 66
838 66
844 68
850 69
856 71
862 74
868 78
874 82
880 88
886 94
890 100
894 106
897 112
900 118
902 124
904 130
906 136
908 142
909 148
911 154
913 160
914 166
915 172
916 178
918 184
919 190
919 196
920 202
921 208
921 214
921 220
921 226
921 232
921 238
921 244
921 250
921 256
921 262
921 268
921 274
921 280
921 286
921 292
921 298
921 304
921 310
921 316
919 322
913 327
907 325
902 319
900 313
899 307
899 301
898 295
897 289
895 283
894 277
892 271
891 265
890 259
889 253
889 247
889 241
888 235
887 229
886 223
880 220
875 226
873 232
870 238
867 244
864 250
861 256
858 262
855 268
852 274
850 280
847 286
845 292
843 298
842 304
840 310
840 316
839 322
839 328
840 334
841 340
843 346
847 352
851 358
857 363
863 367
869 370
875 372
881 374
887 376
893 377
899 378
905 379
911 379
917 380
923 380
929 380
935 386
941 391
939 385
945 380
951 380
957 380
963 379
969 378
975 378
981 377
987 375
993 374
999 372
1005 370
1011 367
1017 364
1023 360
1028 354
1032 348
1035 342
1037 336
1038 330
1039 324
1039 318
1039 312
1039 306
1038 300
1037 294
1035 288
1033 282
1032 276
1029 270
1027 264
1024 258
1020 252
1016 246
1010 241
1004 238
998 240
993 246
992 252
991 258
991 264
989 270
987 276
985 282
982 288
980 294
978 300
976 306
975 312
974 318
970 324
964 329
958 331
952 331
946 326
944 320
944 314
944 308
945 302
945 296
946 290
946 284
947 278
948 272
948 266
949 260
950 254
950 248
951 242
952 236
953 230
954 224
956 218
957 212
959 206
960 200
962 194
964 188
965 182
967 176
969 170
971 164
973 158
975 152
977 146
979 140
982 134
985 128
988 122
991 116
995 110
999 104
1005 98
1011 92
1017 87
1023 83
1029 80
1035 77
1041 75
1047 73
1053 72
1059 71
1065 71
1071 71
1077 71
1083 72
1089 73
1095 75
1101 77
1107 80
1113 83
1119 87
1125 92
1130 98
1135 104
1139 110
1142 116
1145 122
1147 128
1149 134
1150 140
1151 146
1152 152
1153 158
1153 164
1153 170
1153 176
1153 182
1153 188
1153 194
1152 200
1151 206
1150 212
1148 218
1145 224
1140 230
1134 232
1128 231
1122 225
1119 219
1116 213
1113 207
1109 201
1106 195
1102 189
1096 184
1090 183
1084 185
1078 189
1073 195
1070 201
1069 207
1068 213
1069 219
1070 225
1072 231
1074 237
1077 243
1080 249
1084 255
1087 261
1091 267
1096 273
1101 279
1106 285
1111 291
1117 296
1123 301
1129 305
1135 308
1141 311
1147 313
1153 315
1159 315
1165 315
1171 315
1177 314
1183 312
1189 309
