0 257
6 251
10 245
13 239
15 233
16 227
16 221
16 215
16 209
15 203
16 197
17 191
18 185
21 179
26 173
32 167
38 163
44 160
50 158
56 158
62 158
68 158
74 160
80 163
86 166
92 171
97 177
101 183
105 189
107 195
109 201
110 207
110 213
109 219
108 225
105 231
101 237
97 243
95 249
93 255
93 261
94 267
96 273
98 279
103 285
109 291
115 296
121 298
127 301
133 302
139 302
145 302
151 302
157 300
163 298
169 295
175 291
181 286
186 280
190 274
193 268
195 262
196 256
197 250
197 244
196 238
194 232
190 226
185 220
179 214
176 208
174 202
173 196
173 190
173 184
174 178
176 172
178 166
181 160
185 154
189 148
195 143
201 138
207 135
213 132
219 131
225 129
231 129
237 129
243 130
249 131
255 133
261 136
267 140
273 145
278 151
282 157
285 163
287 169
288 175
289 181
289 187
287 193
285 199
282 205
278 211
276 217
274 223
274 229
274 235
276 241
278 247
280 253
284 259
289 265
295 270
301 274
307 277
313 279
319 281
325 281
331 281
337 280
343 278
349 275
355 271
361 265
365 259
368 253
370 247
371 241
371 235
370 229
369 223
367 217
366 211
365 205
364 199
365 193
367 187
369 181
372 175
376 169
382 163
388 158
394 154
400 152
406 150
412 149
418 149
424 149
430 150
436 152
442 154
448 157
454 162
460 168
464 174
468 180
470 186
471 192
472 198
472 204
472 210
470 216
469 222
468 228
467 234
467 240
468 246
470 252
473 258
476 264
481 270
487 275
493 279
499 282
505 284
511 285
517 286
523 286
529 286
535 284
541 283
547 280
553 276
559 271
564 265
568 259
571 253
573 247
574 241
574 235
573 229
572 223
571 217
569 211
569 205
569 199
570 193
571 187
574 181
577 175
581 169
587 163
593 158
599 155
605 152
611 150
617 149
623 149
629 149
635 149
641 151
647 153
653 156
659 160
665 166
670 172
674 178
677 184
678 190
679 196
680 202
679 208
679 214
678 220
678 226
679 232
680 238
683 244
686 250
691 256
697 261
703 265
709 267
715 269
721 270
727 270
733 270
739 268
745 266
751 263
757 259
763 254
768 248
772 242
775 236
778 230
779 224
780 218
779 212
778 206
777 200
775 194
774 188
773 182
774 176
775 170
777 164
780 158
784 152
790 146
796 141
802 137
808 134
814 132
820 131
826 130
832 130
838 130
844 131
850 133
856 135
862 137
868 141
874 146
880 151
885 157
889 163
892 169
895 175
897 181
899 187
900 193
901 199
901 205
901 211
900 217
898 223
894 229
888 234
882 237
876 242
872 248
869 254
869 260
868 266
869 272
871 278
873 284
876 290
879 296
885 302
891 308
897 312
903 315
909 318
915 320
921 321
927 322
933 323
939 323
945 322
951 321
957 319
963 317
969 314
975 311
981 306
987 300
991 294
995 288
997 282
999 276
1000 270
999 264
998 258
995 252
990 246
984 241
979 235
976 229
975 223
975 217
975 211
977 205
978 199
980 193
983 187
986 181
990 175
994 169
1000 163
1006 157
1012 153
1018 149
1024 146
1030 143
1036 141
1042 140
1048 138
1054 137
1060 137
1066 137
1072 137
1078 138
1084 139
1090 141
1096 143
1102 146
1108 150
1114 155
1120 161
1124 167
1127 173
1130 179
1131 185
1131 191
1131 197
1130 203
1128 209
1127 215
1126 221
1126 227
1127 233
1129 239
1132 245
1137 251
1143 257
1149 261
1155 264
1161 266
1167 267
1173 267
1179 267
1185 265
1191 263
