0 213
6 213
12 213
18 212
24 212
30 212
36 211
42 211
48 211
54 211
60 211
66 211
72 212
78 212
84 212
90 213
96 213
102 214
108 214
114 215
120 215
126 215
132 216
138 216
144 215
150 215
156 215
162 215
168 214
174 214
180 213
186 213
192 212
198 212
204 211
210 211
216 211
222 210
228 210
234 210
240 210
246 210
252 210
258 211
264 211
270 211
276 212
282 212
288 213
294 213
300 213
306 214
312 214
318 214
324 214
330 214
336 214
342 214
348 214
354 214
360 213
366 213
372 212
378 212
384 212
390 212
396 211
402 211
408 211
414 211
420 211
426 211
432 211
438 212
444 212
450 212
456 212
462 213
468 213
474 213
480 214
486 214
492 214
498 214
504 214
510 214
516 214
522 214
528 214
534 214
540 214
546 214
552 214
558 214
564 213
570 213
576 213
582 212
588 212
594 212
600 212
606 211
612 211
618 211
624 211
630 211
636 211
642 211
648 211
654 211
660 212
666 212
672 212
678 212
684 213
690 213
696 213
702 213
708 213
714 213
720 213
726 213
732 213
738 213
744 213
750 213
756 213
762 212
768 212
774 212
780 212
786 211
792 211
798 211
804 211
810 210
816 210
822 210
828 210
834 210
840 210
846 211
852 211
858 211
864 212
870 212
876 213
882 213
888 214
894 215
900 215
906 216
912 216
918 217
924 217
930 217
936 217
942 217
948 217
954 216
960 216
966 215
972 215
978 214
984 214
990 213
996 213
1002 212
1008 212
1014 212
1020 211
1026 211
1032 211
1038 211
1044 211
1050 211
1056 211
1062 211
1068 210
1074 210
1080 210
1086 210
1092 210
1098 210
1104 210
1110 211
1116 211
1122 211
1128 211
1134 212
1140 212
1146 212
1152 213
1158 213
1164 213
1170 214
1176 214
1182 214
1188 214
