0 244
5 238
9 232
12 226
14 220
15 214
16 208
18 202
20 196
23 190
27 184
33 178
39 174
45 171
51 169
57 169
63 169
69 170
75 173
81 176
87 181
92 187
96 193
98 199
100 205
101 211
101 217
100 223
99 229
98 235
98 241
98 247
99 253
101 259
104 265
109 271
115 276
121 280
127 282
133 284
139 284
145 284
151 283
157 282
163 279
169 276
175 271
180 265
184 259
186 253
188 247
189 241
189 235
188 229
187 223
185 217
183 211
182 205
181 199
181 193
182 187
184 181
186 175
190 169
194 163
200 157
206 153
212 150
218 147
224 146
230 145
236 145
242 146
248 147
254 150
260 153
266 157
272 163
276 169
279 175
281 181
282 187
283 193
283 199
282 205
282 211
281 217
281 223
282 229
284 235
286 241
290 247
295 253
301 258
307 262
313 264
319 266
325 266
331 266
337 265
343 262
349 259
355 254
360 248
364 242
366 236
367 230
368 224
369 218
369 212
370 206
371 200
373 194
376 188
380 182
385 176
391 171
397 167
403 165
409 164
415 163
421 163
427 164
433 165
439 168
445 171
451 176
456 182
460 188
463 194
465 200
467 206
468 212
469 218
470 224
471 230
473 236
476 242
480 248
485 254
491 259
497 263
503 265
509 267
515 268
521 268
527 268
533 267
539 265
545 262
551 258
557 253
562 247
566 241
568 235
570 229
571 223
573 217
574 211
575 205
577 199
579 193
583 187
587 181
593 175
599 171
605 168
611 165
617 164
623 163
629 163
635 164
641 166
647 168
653 171
659 176
665 182
669 188
672 194
674 200
676 206
678 212
680 218
682 224
684 230
688 236
692 242
698 247
704 251
710 253
716 255
722 256
728 256
734 255
740 253
746 251
752 247
758 242
764 236
767 230
770 224
772 218
773 212
774 206
775 200
776 194
777 188
779 182
782 176
785 170
790 164
796 158
802 154
808 151
814 148
820 147
826 146
832 146
838 146
844 147
850 149
856 152
862 155
868 159
874 165
879 171
883 177
886 183
888 189
889 195
890 201
890 207
890 213
888 219
886 225
883 231
881 237
879 243
878 249
878 255
879 261
881 267
883 273
887 279
892 285
898 290
904 294
910 297
916 299
922 301
928 302
934 302
940 302
946 301
952 299
958 297
964 294
970 290
976 285
981 279
985 273
988 267
989 261
990 255
990 249
989 243
987 237
986 231
985 225
984 219
985 213
986 207
988 201
990 195
994 189
998 183
1003 177
1009 172
1015 167
1021 164
1027 161
1033 159
1039 157
1045 155
1051 154
1057 154
1063 153
1069 154
1075 154
1081 155
1087 157
1093 159
1099 161
1105 165
1111 169
1117 175
1121 181
1125 187
1127 193
1129 199
1130 205
1131 211
1132 217
1134 223
1136 229
1139 235
1144 241
1150 246
1156 250
1162 252
1168 254
1174 254
1180 253
1186 252
1192 249
