0 203
5 203
10 202
15 201
20 200
25 199
30 198
35 197
40 197
45 196
50 196
55 196
60 196
65 197
70 197
75 198
80 199
85 200
90 201
95 203
100 204
105 205
110 207
115 208
120 209
125 209
130 210
135 210
140 210
145 210
150 209
155 209
160 208
165 207
170 206
175 204
180 203
185 202
190 200
195 199
200 198
205 196
210 195
215 194
220 194
225 193
230 193
235 193
240 193
245 193
250 193
255 194
260 195
265 196
270 197
275 198
280 199
285 201
290 202
295 203
300 204
305 205
310 206
315 206
320 206
325 207
330 207
335 206
340 206
345 205
350 205
355 204
360 203
365 202
370 201
375 200
380 199
385 198
390 198
395 197
400 196
405 196
410 196
415 196
420 196
425 196
430 197
435 197
440 198
445 198
450 199
455 200
460 201
465 201
470 202
475 203
480 204
485 204
490 205
495 206
500 206
505 206
510 207
515 207
520 207
525 207
530 207
535 206
540 206
545 206
550 205
555 204
560 204
565 203
570 202
575 202
580 201
585 200
590 199
595 198
600 198
605 197
610 197
615 196
620 196
625 196
630 196
635 196
640 196
645 196
650 197
655 197
660 198
665 198
670 199
675 200
680 201
685 201
690 202
695 203
700 203
705 204
710 204
715 204
720 205
725 205
730 204
735 204
740 204
745 203
750 203
755 202
760 201
765 201
770 200
775 199
780 198
785 197
790 196
795 196
800 195
805 194
810 194
815 193
820 193
825 193
830 193
835 193
840 194
845 194
850 195
855 196
860 197
865 198
870 199
875 201
880 202
885 204
890 206
895 207
900 209
905 210
910 211
915 212
920 213
925 214
930 214
935 214
940 214
945 213
950 213
955 212
960 211
965 210
970 208
975 207
980 205
985 204
990 203
995 201
1000 200
1005 199
1010 198
1015 197
1020 197
1025 196
1030 196
1035 195
1040 195
1045 195
1050 195
1055 194
1060 194
1065 194
1070 194
1075 194
1080 194
1085 194
1090 194
1095 194
1100 195
1105 195
1110 196
1115 196
1120 197
1125 197
1130 198
1135 199
1140 200
1145 201
1150 202
1155 203
1160 203
1165 204
1170 204
1175 205
1180 205
1185 205
1190 204
