0 208
6 205
12 204
18 206
24 210
30 216
36 222
42 225
48 227
54 227
60 225
66 221
70 215
73 209
74 203
75 197
75 191
76 185
77 179
81 173
87 167
93 164
99 163
105 163
111 165
117 169
122 175
125 181
127 187
128 193
129 199
130 205
132 211
135 217
140 223
146 227
152 229
158 229
164 228
170 225
176 219
180 213
183 207
187 201
193 195
199 191
205 190
211 190
217 192
223 197
228 203
232 209
236 215
241 221
247 226
253 229
259 231
265 231
271 229
277 225
282 219
284 213
286 207
286 201
286 195
286 189
287 183
290 177
295 171
301 168
307 167
313 168
319 171
324 177
327 183
330 189
333 195
337 201
343 206
349 208
355 209
361 208
367 204
373 200
379 196
385 192
391 189
397 187
403 187
409 188
415 190
421 194
427 200
432 206
438 212
444 216
450 219
456 221
462 221
468 222
474 223
480 224
486 224
492 224
498 224
504 222
510 220
516 217
522 213
528 209
534 204
540 200
546 197
552 195
558 192
564 189
570 185
576 182
582 180
588 179
594 180
600 182
606 187
610 193
614 199
620 205
626 208
632 208
638 206
644 202
650 197
656 193
662 191
668 191
674 193
680 199
682 205
684 211
685 217
686 223
689 229
695 235
701 238
707 240
713 239
719 237
725 234
730 228
733 222
735 216
735 210
735 204
735 198
736 192
738 186
741 180
747 174
753 170
759 169
765 169
771 170
777 172
783 176
789 182
794 188
797 194
800 200
804 206
808 212
814 217
820 221
826 222
832 222
838 220
844 217
849 211
853 205
856 199
860 193
865 187
871 182
877 181
883 181
889 183
895 188
899 194
902 200
904 206
906 212
909 218
912 224
918 230
924 234
930 237
936 238
942 238
948 237
954 236
960 232
966 227
970 221
973 215
975 209
976 203
978 197
981 191
987 185
993 181
999 180
1005 180
1011 181
1017 183
1023 185
1029 187
1035 190
1041 192
1047 194
1053 196
1059 199
1065 202
1071 205
1077 207
1083 208
1089 206
1095 203
1101 198
1106 192
1111 186
1117 180
1123 177
1129 176
1135 177
1141 181
1146 187
1148 193
1148 199
1149 205
1149 211
1151 217
1155 223
1161 228
1167 230
1173 230
1179 228
1185 224
1191 218
