0 217
6 215
12 215
18 216
24 218
30 220
36 222
42 223
48 224
54 223
60 222
66 218
72 214
78 210
84 206
90 204
96 202
102 202
108 203
114 204
120 207
126 211
132 215
138 219
144 221
150 223
156 224
162 224
168 223
174 221
180 218
186 216
192 213
198 212
204 211
210 211
216 212
222 214
228 216
234 218
240 220
246 222
252 224
258 225
264 224
270 223
276 220
282 216
288 212
294 207
300 204
306 203
312 203
318 204
324 207
330 210
336 213
342 215
348 216
354 217
360 216
366 215
372 214
378 213
384 212
390 211
396 210
402 210
408 211
414 211
420 213
426 214
432 216
438 218
444 219
450 220
456 220
462 221
468 221
474 221
480 221
486 222
492 222
498 222
504 221
510 220
516 219
522 218
528 217
534 215
540 214
546 213
552 213
558 212
564 211
570 210
576 209
582 208
588 207
594 207
600 208
606 210
612 212
618 215
624 216
630 217
636 217
642 215
648 214
654 212
660 210
666 210
672 212
678 215
684 218
690 223
696 226
702 228
708 228
714 227
720 225
726 222
732 217
738 212
744 208
750 206
756 204
762 204
768 204
774 205
780 206
786 208
792 210
798 212
804 214
810 217
816 219
822 220
828 221
834 221
840 220
846 219
852 216
858 213
864 211
870 209
876 208
882 208
888 210
894 212
900 215
906 218
912 221
918 223
924 225
930 226
936 227
942 227
948 226
954 225
960 223
966 221
972 218
978 215
984 212
990 210
996 208
1002 208
1008 208
1014 209
1020 209
1026 210
1032 211
1038 211
1044 211
1050 212
1056 212
1062 213
1068 214
1074 215
1080 216
1086 216
1092 215
1098 214
1104 212
1110 210
1116 208
1122 206
1128 206
1134 207
1140 209
1146 213
1152 217
1158 221
1164 223
1170 225
1176 225
1182 224
1188 221
