0 198
6 198
12 198
18 198
24 198
30 198
36 198
42 198
48 198
54 198
60 198
66 198
72 198
78 198
84 198
90 197
96 197
102 197
108 197
114 197
120 198
126 198
132 198
138 198
144 198
150 198
156 198
162 198
168 198
174 198
180 198
186 198
192 198
198 198
204 198
210 198
216 198
222 198
228 198
234 198
240 198
246 198
252 198
258 198
264 198
270 198
276 198
282 198
288 198
294 198
300 197
306 197
312 197
318 197
324 197
330 198
336 198
342 198
348 198
354 198
360 198
366 198
372 198
378 198
384 198
390 198
396 198
402 198
408 198
414 198
420 198
426 198
432 198
438 198
444 198
450 198
456 198
462 198
468 198
474 198
480 198
486 198
492 198
498 198
504 198
510 198
516 198
522 198
528 198
534 198
540 198
546 198
552 198
558 198
564 198
570 198
576 198
582 198
588 197
594 198
600 197
606 197
612 198
618 198
624 198
630 198
636 198
642 198
648 198
654 198
660 198
666 197
672 198
678 198
684 198
690 198
696 198
702 198
708 198
714 198
720 198
726 198
732 198
738 197
744 198
750 197
756 197
762 197
768 197
774 197
780 197
786 197
792 197
798 198
804 198
810 198
816 198
822 198
828 198
834 198
840 198
846 198
852 198
858 198
864 198
870 198
876 198
882 198
888 198
894 198
900 198
906 198
912 198
918 198
924 198
930 198
936 198
942 198
948 198
954 198
960 198
966 198
972 198
978 198
984 198
990 198
996 198
1002 198
1008 198
1014 198
1020 198
1026 198
1032 198
1038 198
1044 198
1050 197
1056 197
1062 198
1068 198
1074 198
1080 198
1086 198
1092 198
1098 198
1104 198
1110 198
1116 198
1122 197
1128 197
1134 197
1140 198
1146 198
1152 198
1158 198
1164 198
1170 198
1176 198
1182 198
1188 198
