0 228
6 226
12 225
18 225
24 228
30 234
34 240
37 246
40 252
46 257
52 259
58 259
64 257
70 253
75 247
79 241
81 235
82 229
83 223
83 217
82 211
81 205
78 199
73 193
70 187
68 181
68 175
69 169
72 163
76 157
82 152
88 149
94 148
100 147
106 148
112 150
118 153
124 158
128 164
130 170
131 176
131 182
130 188
128 194
126 200
124 206
123 212
123 218
123 224
123 230
125 236
127 242
130 248
134 254
140 259
146 262
152 263
158 263
164 261
170 258
175 252
178 246
179 240
179 234
180 228
180 222
182 216
185 210
190 204
196 199
202 197
208 196
214 198
220 201
226 207
230 213
233 219
235 225
236 231
237 237
237 243
239 249
242 255
247 261
253 265
259 267
265 267
271 266
277 264
283 260
288 254
291 248
292 242
293 236
292 230
291 224
289 218
286 212
283 206
280 200
278 194
277 188
277 182
278 176
280 170
284 164
290 158
296 155
302 154
308 154
314 156
320 161
324 167
325 173
324 179
323 185
323 191
324 197
325 203
328 209
331 215
336 221
342 225
348 227
354 228
360 226
366 222
372 216
376 210
380 204
384 198
390 192
396 188
402 186
408 186
414 188
420 191
426 197
429 203
430 209
431 215
431 221
431 227
432 233
435 239
439 245
445 250
451 253
457 256
463 258
469 259
475 260
481 261
487 261
493 261
499 260
505 259
511 256
517 252
523 246
527 240
530 234
532 228
535 222
538 216
542 210
546 204
551 198
556 192
560 186
565 180
571 175
577 172
583 170
589 170
595 171
601 175
606 181
608 187
609 193
609 199
610 205
611 211
613 217
619 223
625 226
631 226
637 225
643 222
649 217
655 211
661 206
667 203
673 203
679 206
685 211
689 217
692 223
693 229
693 235
691 241
687 247
683 253
683 259
684 265
688 271
694 276
700 279
706 280
712 280
718 279
724 277
730 273
736 267
740 261
742 255
743 249
744 243
743 237
742 231
739 225
736 219
733 213
731 207
730 201
729 195
730 189
731 183
732 177
735 171
740 165
746 160
752 157
758 156
764 155
770 156
776 158
782 162
788 168
791 174
793 180
795 186
795 192
795 198
794 204
794 210
795 216
796 222
797 228
800 234
804 240
810 246
816 250
822 252
828 252
834 251
840 248
846 243
850 237
853 231
855 225
856 219
856 213
857 207
858 201
860 195
863 189
869 183
875 180
881 179
887 179
893 182
899 186
904 192
907 198
909 204
910 210
910 216
909 222
908 228
906 234
904 240
904 246
905 252
907 258
909 264
914 270
920 275
926 278
932 280
938 281
944 281
950 280
956 279
962 276
968 271
974 265
977 259
979 253
980 247
979 241
977 235
974 229
971 223
969 217
969 211
969 205
970 199
972 193
976 187
982 181
988 177
994 175
1000 175
1006 175
1012 177
1018 181
1024 185
1030 189
1036 194
1042 199
1048 205
1054 211
1059 217
1065 223
1071 226
1077 228
1083 227
1089 226
1095 222
1101 216
1105 210
1108 204
1110 198
1112 192
1113 186
1116 180
1121 174
1127 171
1133 170
1139 171
1145 173
1151 179
1155 185
1157 191
1157 197
1156 203
1154 209
1151 215
1147 221
1144 227
1142 233
1141 239
1141 245
1143 251
1147 257
1153 262
1159 265
1165 266
1171 265
1177 263
1183 257
1186 251
1188 245
1191 239
