0 203
6 200
12 199
18 201
24 205
30 210
36 214
42 218
48 219
54 218
60 216
66 210
70 204
73 198
75 192
77 186
80 180
84 174
90 169
96 167
102 167
108 168
114 171
120 177
124 183
127 189
129 195
132 201
135 207
140 213
146 217
152 219
158 220
164 219
170 216
176 211
181 205
187 199
193 193
199 190
205 189
211 189
217 191
223 194
229 200
234 206
240 212
246 217
252 220
258 221
264 221
270 219
276 215
281 209
284 203
286 197
287 191
289 185
292 179
297 173
303 170
309 170
315 171
321 175
326 181
330 187
335 193
341 199
347 202
353 203
359 202
365 200
371 197
377 194
383 191
389 188
395 187
401 186
407 187
413 189
419 191
425 195
431 200
437 205
443 208
449 210
455 212
461 213
467 213
473 214
479 214
485 215
491 215
497 215
503 214
509 212
515 210
521 207
527 203
533 200
539 197
545 195
551 193
557 191
563 189
569 186
575 183
581 181
587 180
593 180
599 182
605 186
611 192
617 197
623 201
629 203
635 202
641 200
647 196
653 192
659 189
665 188
671 190
677 194
681 200
683 206
686 212
689 218
695 224
701 228
707 229
713 228
719 226
725 221
729 215
732 209
734 203
735 197
737 191
740 185
745 179
751 174
757 172
763 171
769 172
775 174
781 177
787 181
793 187
799 193
804 199
809 205
815 209
821 213
827 214
833 214
839 212
845 208
851 202
856 196
861 190
867 185
873 182
879 181
885 182
891 185
897 191
901 197
904 203
908 209
913 215
919 220
925 224
931 226
937 227
943 227
949 226
955 224
961 220
967 214
971 208
975 202
978 196
983 190
989 185
995 182
1001 181
1007 181
1013 182
1019 184
1025 185
1031 187
1037 189
1043 190
1049 192
1055 194
1061 196
1067 198
1073 200
1079 202
1085 202
1091 200
1097 197
1103 192
1109 187
1115 182
1121 179
1127 177
1133 178
1139 181
1144 187
1147 193
1149 199
1151 205
1154 211
1160 217
1166 220
1172 221
1178 220
1184 217
1190 212
