0 198
6 197
12 197
18 197
24 198
30 199
36 199
42 199
48 200
54 199
60 199
66 198
72 197
78 196
84 195
90 194
96 194
102 194
108 194
114 195
120 195
126 196
132 197
138 198
144 199
150 199
156 199
162 199
168 199
174 199
180 198
186 197
192 197
198 197
204 196
210 196
216 197
222 197
228 197
234 198
240 198
246 199
252 199
258 199
264 199
270 199
276 198
282 197
288 196
294 195
300 194
306 194
312 194
318 194
324 195
330 196
336 197
342 197
348 197
354 197
360 197
366 197
372 197
378 196
384 196
390 196
396 196
402 196
408 196
414 196
420 197
426 197
432 197
438 198
444 198
450 198
456 199
462 199
468 199
474 199
480 199
486 199
492 199
498 199
504 199
510 198
516 198
522 198
528 197
534 197
540 197
546 197
552 197
558 196
564 196
570 196
576 196
582 195
588 195
594 195
600 195
606 196
612 196
618 197
624 197
630 198
636 198
642 197
648 197
654 196
660 196
666 196
672 196
678 197
684 198
690 199
696 200
702 200
708 200
714 200
720 200
726 198
732 197
738 196
744 195
750 195
756 195
762 194
768 195
774 195
780 195
786 195
792 196
798 196
804 197
810 197
816 198
822 198
828 199
834 199
840 198
846 198
852 197
858 197
864 196
870 196
876 196
882 196
888 196
894 197
900 197
906 198
912 199
918 199
924 200
930 200
936 200
942 200
948 200
954 200
960 199
966 199
972 198
978 197
984 197
990 196
996 196
1002 195
1008 195
1014 195
1020 196
1026 196
1032 196
1038 196
1044 196
1050 196
1056 196
1062 196
1068 197
1074 197
1080 197
1086 197
1092 197
1098 197
1104 196
1110 196
1116 195
1122 195
1128 195
1134 195
1140 196
1146 197
1152 198
1158 199
1164 199
1170 200
1176 200
1182 200
1188 199
