0 221
6 221
12 221
18 221
24 221
30 221
36 221
42 221
48 221
54 221
60 221
66 221
72 221
78 220
84 220
90 220
96 220
102 220
108 220
114 220
120 220
126 221
132 221
138 221
144 221
150 221
156 221
162 221
168 221
174 221
180 221
186 221
192 221
198 221
204 221
210 221
216 221
222 221
228 221
234 221
240 221
246 221
252 221
258 221
264 221
270 221
276 221
282 221
288 220
294 220
300 220
306 220
312 220
318 220
324 220
330 220
336 221
342 221
348 221
354 221
360 221
366 220
372 220
378 220
384 220
390 221
396 220
402 220
408 220
414 220
420 221
426 221
432 221
438 221
444 221
450 221
456 221
462 221
468 221
474 221
480 221
486 221
492 221
498 221
504 221
510 221
516 221
522 221
528 221
534 221
540 221
546 221
552 221
558 221
564 221
570 220
576 220
582 220
588 220
594 220
600 220
606 220
612 220
618 221
624 221
630 221
636 221
642 221
648 221
654 221
660 220
666 220
672 220
678 221
684 221
690 221
696 221
702 221
708 222
714 221
720 221
726 221
732 221
738 220
744 220
750 220
756 220
762 220
768 220
774 220
780 220
786 220
792 220
798 221
804 221
810 221
816 221
822 221
828 221
834 221
840 221
846 221
852 221
858 221
864 221
870 220
876 220
882 221
888 221
894 221
900 221
906 221
912 221
918 221
924 221
930 221
936 221
942 221
948 221
954 221
960 221
966 221
972 221
978 221
984 221
990 220
996 220
1002 220
1008 220
1014 220
1020 221
1026 220
1032 221
1038 220
1044 220
1050 220
1056 220
1062 220
1068 221
1074 221
1080 221
1086 221
1092 221
1098 221
1104 221
1110 220
1116 220
1122 220
1128 220
1134 220
1140 220
1146 221
1152 221
1158 221
1164 221
1170 221
1176 221
1182 221
1188 221
