0 206
6 206
12 206
18 206
24 207
30 207
36 208
42 209
48 209
54 208
60 208
66 207
72 205
78 204
84 203
90 202
96 201
102 201
108 201
114 202
120 203
126 204
132 205
138 206
144 208
150 208
156 208
162 208
168 208
174 207
180 207
186 206
192 205
198 204
204 204
210 204
216 205
222 205
228 206
234 206
240 207
246 208
252 208
258 209
264 209
270 208
276 207
282 206
288 204
294 203
300 202
306 201
312 201
318 202
324 202
330 203
336 204
342 205
348 206
354 206
360 206
366 205
372 205
378 204
384 204
390 204
396 204
402 204
408 204
414 204
420 205
426 205
432 206
438 207
444 207
450 207
456 207
462 207
468 208
474 208
480 207
486 208
492 208
498 208
504 208
510 207
516 207
522 206
528 206
534 205
540 205
546 205
552 205
558 205
564 204
570 204
576 204
582 203
588 203
594 203
600 203
606 204
612 204
618 205
624 206
630 206
636 206
642 206
648 205
654 204
660 204
666 204
672 204
678 205
684 207
690 208
696 209
702 210
708 210
714 210
720 209
726 207
732 206
738 204
744 203
750 202
756 202
762 202
768 202
774 202
780 202
786 203
792 203
798 204
804 205
810 206
816 206
822 207
828 207
834 207
840 207
846 207
852 206
858 205
864 204
870 203
876 203
882 203
888 204
894 205
900 206
906 207
912 207
918 208
924 209
930 209
936 209
942 210
948 209
954 209
960 208
966 208
972 207
978 206
984 205
990 204
996 203
1002 203
1008 203
1014 203
1020 204
1026 204
1032 204
1038 204
1044 204
1050 204
1056 204
1062 204
1068 205
1074 205
1080 206
1086 206
1092 205
1098 205
1104 204
1110 204
1116 203
1122 202
1128 202
1134 203
1140 203
1146 205
1152 206
1158 207
1164 209
1170 209
1176 209
1182 209
1188 208
