0 219
6 218
12 218
18 219
24 220
30 221
36 222
42 223
48 223
54 223
60 221
66 220
72 217
78 215
84 213
90 211
96 210
102 210
108 210
114 211
120 213
126 215
132 218
138 220
144 221
150 223
156 223
162 223
168 222
174 221
180 220
186 218
192 217
198 216
204 215
210 216
216 216
222 217
228 218
234 219
240 221
246 222
252 223
258 223
264 223
270 222
276 221
282 219
288 216
294 213
300 211
306 210
312 210
318 211
324 212
330 215
336 216
342 218
348 218
354 218
360 218
366 217
372 217
378 216
384 216
390 215
396 215
402 215
408 215
414 216
420 216
426 217
432 219
438 220
444 220
450 221
456 221
462 221
468 221
474 222
480 222
486 222
492 222
498 222
504 222
510 221
516 220
522 219
528 219
534 218
540 217
546 217
552 216
558 216
564 216
570 215
576 214
582 213
588 213
594 213
600 214
606 215
612 216
618 217
624 219
630 219
636 219
642 218
648 217
654 216
660 215
666 215
672 216
678 217
684 220
690 222
696 224
702 226
708 226
714 225
720 224
726 221
732 219
738 216
744 214
750 212
756 211
762 211
768 211
774 212
780 213
786 213
792 215
798 216
804 217
810 218
816 220
822 221
828 221
834 222
840 221
846 220
852 218
858 217
864 215
870 214
876 214
882 214
888 215
894 216
900 218
906 220
912 221
918 223
924 224
930 224
936 225
942 225
948 225
954 224
960 223
966 221
972 220
978 218
984 216
990 215
996 214
1002 213
1008 213
1014 214
1020 214
1026 215
1032 215
1038 215
1044 215
1050 216
1056 216
1062 216
1068 217
1074 218
1080 218
1086 218
1092 218
1098 217
1104 216
1110 215
1116 213
1122 212
1128 212
1134 213
1140 214
1146 217
1152 219
1158 221
1164 223
1170 224
1176 224
1182 223
1188 222
