0 209
6 209
12 209
18 209
24 209
30 209
36 209
42 209
48 209
54 209
60 209
66 209
72 209
78 209
84 209
90 208
96 208
102 208
108 208
114 208
120 209
126 209
132 209
138 209
144 209
150 209
156 209
162 209
168 209
174 208
180 208
186 209
192 209
198 209
204 209
210 209
216 209
222 209
228 209
234 208
240 208
246 208
252 208
258 208
264 208
270 208
276 209
282 209
288 209
294 209
300 209
306 209
312 209
318 209
324 209
330 209
336 209
342 208
348 208
354 208
360 209
366 209
372 209
378 209
384 209
390 209
396 209
402 209
408 209
414 209
420 208
426 208
432 208
438 208
444 208
450 209
456 209
462 209
468 209
474 209
480 209
486 209
492 209
498 209
504 209
510 209
516 209
522 209
528 209
534 209
540 209
546 209
552 209
558 209
564 209
570 209
576 209
582 209
588 209
594 209
600 209
606 209
612 209
618 209
624 209
630 209
636 209
642 209
648 209
654 209
660 209
666 209
672 209
678 208
684 208
690 208
696 208
702 208
708 209
714 209
720 209
726 209
732 209
738 209
744 209
750 209
756 208
762 208
768 208
774 208
780 208
786 208
792 208
798 209
804 209
810 209
816 209
822 209
828 209
834 209
840 209
846 209
852 209
858 209
864 209
870 209
876 209
882 209
888 209
894 209
900 209
906 209
912 209
918 209
924 209
930 209
936 209
942 209
948 209
954 209
960 209
966 209
972 209
978 209
984 209
990 209
996 209
1002 209
1008 209
1014 209
1020 209
1026 209
1032 209
1038 209
1044 209
1050 209
1056 209
1062 209
1068 209
1074 209
1080 209
1086 209
1092 209
1098 209
1104 209
1110 209
1116 209
1122 209
1128 209
1134 209
1140 208
1146 208
1152 208
1158 208
1164 208
1170 208
1176 209
1182 209
1188 209
