0 114
2 118
3 122
4 126
5 130
5 134
5 138
5 142
5 146
4 150
4 154
3 158
1 162
1199 166
1195 169
1192 165
1191 161
1190 157
1188 153
1184 149
1180 153
1179 157
1178 161
1177 165
1177 169
1176 173
1176 177
1176 181
1175 185
1175 189
1175 193
1175 197
1175 201
1175 205
1175 209
1175 213
1175 217
1175 221
1176 225
1176 229
1176 233
1177 237
1178 241
1179 245
1180 249
1181 253
1183 257
1185 261
1187 265
1190 269
1194 273
1198 276
2 279
6 281
10 282
14 283
18 284
22 285
26 285
30 284
34 284
38 283
42 281
46 279
50 277
54 274
58 270
62 266
64 262
66 258
68 254
69 250
70 246
71 242
72 238
72 234
72 230
72 226
71 222
71 218
70 214
70 210
69 206
68 202
67 198
65 194
63 190
61 186
57 185
53 188
49 189
46 185
46 181
46 177
46 173
47 169
47 165
48 161
50 157
51 153
53 149
55 145
57 141
60 137
63 133
66 129
70 125
74 122
78 120
82 118
86 116
90 115
94 115
98 114
102 115
106 115
110 116
114 118
118 120
122 123
126 127
129 131
131 135
132 139
133 143
133 147
133 151
132 155
130 159
126 163
122 163
118 162
114 160
110 159
106 160
102 163
99 167
98 171
97 175
97 179
97 183
97 187
98 191
99 195
100 199
102 203
103 207
105 211
107 215
109 219
112 223
115 227
118 231
122 235
126 238
130 240
134 242
138 243
142 243
146 243
150 241
153 237
154 233
154 229
153 225
153 221
154 217
157 213
161 210
165 208
169 207
173 206
177 206
181 206
185 206
189 206
193 207
197 208
201 209
205 211
209 212
213 212
217 212
221 211
225 209
229 206
233 202
236 198
239 194
241 190
243 186
244 182
245 178
246 174
246 170
246 166
245 162
242 158
238 155
234 155
230 155
226 154
222 150
222 146
222 142
223 138
225 134
227 130
230 126
234 123
238 120
242 118
246 116
250 115
254 114
258 114
262 114
266 115
270 116
274 117
278 119
282 122
286 126
290 130
292 134
294 138
296 142
296 146
297 150
297 154
296 158
296 162
294 166
292 170
289 174
285 178
281 181
278 185
276 189
274 193
273 197
272 201
271 205
270 209
270 213
269 217
269 221
269 225
269 229
270 233
270 237
272 241
273 245
276 249
278 253
282 257
286 259
290 261
294 263
298 263
302 263
306 263
310 261
314 259
318 256
321 252
324 248
326 244
327 240
328 236
328 232
327 228
324 224
321 220
319 216
319 212
319 208
321 204
323 200
326 196
330 193
334 190
338 188
342 186
346 186
350 185
354 186
358 187
362 188
366 190
370 193
374 196
378 200
381 204
384 208
386 212
387 216
388 220
388 224
387 228
383 232
379 234
375 236
373 240
372 244
372 248
372 252
373 256
375 260
378 264
382 268
386 270
390 272
394 273
398 273
402 272
406 271
410 269
414 267
418 263
422 259
424 255
426 251
427 247
428 243
429 239
429 235
429 231
428 227
427 223
426 219
425 215
423 211
422 207
419 203
417 199
415 195
412 191
409 187
406 183
403 179
401 175
398 171
396 167
395 163
393 159
392 155
392 151
392 147
393 143
394 139
395 135
397 131
400 127
404 123
408 120
412 117
416 115
420 114
424 113
428 113
432 113
436 114
440 115
444 116
448 118
452 122
455 126
457 130
458 134
457 138
454 142
450 143
446 143
442 144
438 146
435 150
434 154
433 158
434 162
435 166
436 170
438 174
441 178
444 182
448 185
452 188
456 191
460 192
464 193
468 193
472 193
476 192
480 190
484 187
488 184
492 181
496 179
500 177
504 175
508 174
512 174
516 174
520 174
524 176
528 178
532 182
535 186
537 190
538 194
538 198
538 202
538 206
537 210
535 214
532 218
528 222
526 226
524 230
523 234
523 238
524 242
525 246
526 250
528 254
531 258
534 262
538 265
542 268
546 270
550 271
554 272
558 272
562 272
566 272
570 270
574 269
578 266
582 263
586 259
588 255
590 251
591 247
592 243
592 239
592 235
591 231
590 227
588 223
586 219
585 215
584 211
584 207
585 203
586 199
587 195
590 191
594 187
598 185
602 183
606 183
610 183
614 184
618 185
622 187
626 189
630 192
634 195
638 199
641 203
643 207
644 211
645 215
645 219
644 223
643 227
643 231
644 235
646 239
648 243
652 247
656 249
660 250
664 250
668 250
672 248
676 246
680 243
683 239
685 235
687 231
688 227
689 223
689 219
689 215
689 211
688 207
687 203
686 199
684 195
682 191
680 187
677 183
673 179
669 178
665 176
661 173
658 169
655 165
653 161
652 157
652 153
652 149
653 145
655 141
658 137
662 133
666 130
670 129
674 128
678 127
682 127
686 128
690 129
694 131
698 134
702 137
705 141
707 145
709 149
709 153
709 157
707 161
706 165
706 169
707 173
709 177
711 181
714 185
717 189
721 192
725 195
729 197
733 198
737 198
741 198
745 197
749 196
753 194
757 192
761 189
765 185
769 181
772 177
775 173
777 169
779 165
781 161
781 157
782 153
782 149
781 145
778 141
774 139
770 139
766 140
762 139
758 135
757 131
757 127
757 123
759 119
761 115
765 111
769 107
773 105
777 104
781 103
785 102
789 102
793 102
797 103
801 104
805 105
809 107
813 110
817 113
820 117
823 121
825 125
827 129
828 133
829 137
829 141
829 145
828 149
827 153
825 157
823 161
821 165
818 169
815 173
811 177
807 181
803 184
799 188
796 192
793 196
791 200
788 204
786 208
784 212
782 216
781 220
779 224
778 228
777 232
777 236
777 240
777 244
777 248
778 252
779 256
780 260
782 264
785 268
788 272
792 276
796 279
800 281
804 282
808 283
812 284
816 284
820 283
824 282
828 281
832 278
836 274
839 270
841 266
842 262
843 258
843 254
843 250
841 246
838 242
834 241
830 240
826 237
824 233
824 229
824 225
825 221
826 217
827 213
829 209
832 205
835 201
838 197
842 194
846 190
850 187
854 185
858 182
862 180
866 179
870 178
874 177
878 177
882 178
886 179
890 181
894 185
897 189
899 193
900 197
901 201
901 205
901 209
899 213
898 217
896 221
895 225
894 229
894 233
895 237
896 241
897 245
899 249
901 253
904 257
908 261
912 264
916 267
920 268
924 270
928 270
932 271
936 270
940 270
944 268
948 267
952 264
956 261
959 257
962 253
964 249
965 245
966 241
966 237
966 233
965 229
962 225
958 221
954 219
950 216
947 212
946 208
945 204
945 200
945 196
945 192
946 188
948 184
950 180
954 176
958 173
962 171
966 170
970 170
974 171
978 172
982 174
986 177
990 180
994 183
998 185
1002 187
1006 189
1010 190
1014 191
1018 191
1022 191
1026 190
1030 189
1034 187
1038 184
1042 180
1044 176
1044 172
1044 168
1042 164
1041 160
1042 156
1046 152
1050 150
1054 150
1058 149
1062 150
1066 151
1070 153
1074 154
1078 157
1082 159
1086 162
1090 166
1094 170
1098 174
1101 178
1104 182
1106 186
1107 190
1109 194
1109 198
1109 202
1109 206
1108 210
1107 214
1104 218
1100 222
1096 223
1092 222
1088 220
1084 220
1080 221
1076 225
1073 229
1071 233
1070 237
1069 241
1069 245
1069 249
1070 253
1071 257
1073 261
1076 265
1079 269
1083 273
1087 275
1091 277
1095 278
1099 278
1103 278
1107 278
1111 276
1115 275
1119 272
1123 269
1126 265
1129 261
1132 257
1134 253
1135 249
1137 245
1139 241
1140 237
1141 233
1142 229
1144 225
1145 221
1146 217
1147 213
1148 209
1149 205
1150 201
1151 197
1152 193
1152 189
1153 185
1153 181
1154 177
1154 173
1154 169
1154 165
1153 161
1153 157
1151 153
1149 149
1145 145
1141 149
1138 153
1134 155
1130 153
1126 149
1123 145
1121 141
1119 137
1118 133
1117 129
1117 125
1117 121
1118 117
1119 113
1121 109
1123 105
1126 101
1130 98
1134 95
1138 93
1142 91
1146 90
1150 89
1154 88
1158 88
1162 88
1166 89
1170 89
1174 91
1178 92
1182 94
1186 97
1190 100
1194 104
1197 108
