0 216
6 217
12 218
18 218
24 217
30 217
36 216
42 216
48 215
54 215
60 214
66 211
72 209
78 205
84 201
90 198
96 196
102 196
108 197
114 199
120 203
126 207
132 210
138 213
144 214
150 214
156 212
162 210
168 208
174 207
180 206
186 207
192 208
198 209
204 210
210 211
216 210
222 208
228 206
234 203
240 200
246 199
252 198
258 198
264 199
270 201
276 203
282 206
288 209
294 212
300 214
306 215
312 216
318 215
324 212
330 210
336 207
342 204
348 203
354 204
360 206
366 209
372 213
378 216
384 218
390 218
396 217
402 214
408 210
414 205
420 201
426 198
432 197
438 197
444 199
450 201
456 205
462 207
468 209
474 210
480 209
486 208
492 207
498 206
504 205
510 205
516 206
522 207
528 209
534 210
540 212
546 213
552 214
558 214
564 214
570 214
576 213
582 212
588 210
594 209
600 207
606 206
612 205
618 206
624 207
630 209
636 212
642 214
648 215
654 215
660 213
666 210
672 206
678 201
684 199
690 197
696 198
702 200
708 203
714 206
720 208
726 210
732 210
738 209
744 207
750 204
756 200
762 197
768 195
774 194
780 194
786 196
792 199
798 204
804 209
810 214
816 217
822 219
828 219
834 219
840 217
846 214
852 211
858 209
864 207
870 206
876 205
882 206
888 207
894 208
900 210
906 211
912 213
918 214
924 215
930 215
936 215
942 213
948 212
954 210
960 207
966 206
972 205
978 205
984 205
990 206
996 207
1002 208
1008 208
1014 208
1020 207
1026 206
1032 204
1038 203
1044 202
1050 201
1056 202
1062 203
1068 206
1074 209
1080 212
1086 215
1092 218
1098 219
1104 219
1110 218
1116 216
1122 213
1128 208
1134 202
1140 197
1146 193
1152 190
1158 189
1164 190
1170 193
1176 198
1182 204
1188 209
