0 199
6 199
12 199
18 199
24 199
30 199
36 199
42 199
48 199
54 199
60 199
66 198
72 198
78 198
84 198
90 198
96 198
102 198
108 198
114 198
120 198
126 198
132 198
138 198
144 199
150 199
156 199
162 199
168 198
174 198
180 198
186 198
192 198
198 198
204 198
210 198
216 198
222 198
228 198
234 198
240 198
246 198
252 198
258 198
264 198
270 198
276 198
282 198
288 198
294 198
300 198
306 199
312 199
318 199
324 199
330 198
336 198
342 198
348 198
354 198
360 198
366 198
372 199
378 199
384 199
390 199
396 198
402 199
408 198
414 198
420 198
426 198
432 198
438 198
444 198
450 198
456 198
462 198
468 199
474 199
480 198
486 198
492 198
498 198
504 198
510 198
516 198
522 198
528 198
534 199
540 199
546 199
552 199
558 199
564 199
570 199
576 199
582 199
588 199
594 199
600 198
606 199
612 198
618 198
624 198
630 198
636 199
642 199
648 199
654 198
660 199
666 199
672 198
678 198
684 198
690 198
696 198
702 198
708 198
714 198
720 198
726 198
732 198
738 198
744 198
750 198
756 198
762 198
768 198
774 198
780 198
786 198
792 198
798 198
804 198
810 199
816 199
822 199
828 199
834 199
840 199
846 199
852 199
858 198
864 199
870 199
876 199
882 199
888 199
894 199
900 199
906 199
912 199
918 199
924 199
930 199
936 199
942 199
948 199
954 199
960 199
966 198
972 198
978 198
984 198
990 198
996 198
1002 199
1008 199
1014 199
1020 198
1026 198
1032 198
1038 198
1044 198
1050 198
1056 198
1062 198
1068 198
1074 198
1080 199
1086 199
1092 199
1098 199
1104 199
1110 199
1116 199
1122 199
1128 198
1134 198
1140 198
1146 198
1152 198
1158 198
1164 198
1170 198
1176 198
1182 198
1188 198
