0 221
6 221
12 221
18 221
24 221
30 221
36 221
42 221
48 221
54 221
60 221
66 221
72 221
78 221
84 220
90 220
96 220
102 220
108 220
114 220
120 220
126 221
132 221
138 221
144 221
150 221
156 221
162 221
168 220
174 220
180 220
186 221
192 221
198 221
204 221
210 221
216 221
222 221
228 220
234 220
240 220
246 220
252 220
258 220
264 220
270 220
276 220
282 221
288 221
294 221
300 221
306 221
312 221
318 221
324 221
330 221
336 221
342 220
348 220
354 220
360 221
366 221
372 221
378 221
384 221
390 221
396 221
402 221
408 221
414 221
420 220
426 220
432 220
438 220
444 220
450 220
456 221
462 221
468 221
474 221
480 221
486 221
492 221
498 221
504 220
510 221
516 221
522 221
528 221
534 221
540 221
546 221
552 221
558 221
564 221
570 221
576 221
582 221
588 221
594 221
600 221
606 221
612 221
618 221
624 221
630 221
636 221
642 221
648 221
654 221
660 221
666 221
672 221
678 220
684 220
690 220
696 220
702 220
708 220
714 221
720 221
726 221
732 221
738 221
744 220
750 220
756 220
762 220
768 220
774 220
780 220
786 220
792 220
798 220
804 221
810 221
816 221
822 221
828 221
834 221
840 221
846 221
852 221
858 221
864 221
870 221
876 221
882 221
888 221
894 221
900 221
906 221
912 221
918 221
924 221
930 221
936 221
942 221
948 221
954 221
960 221
966 221
972 221
978 221
984 221
990 221
996 221
1002 221
1008 221
1014 221
1020 221
1026 221
1032 221
1038 221
1044 221
1050 220
1056 220
1062 221
1068 221
1074 221
1080 221
1086 221
1092 221
1098 221
1104 221
1110 221
1116 221
1122 221
1128 221
1134 220
1140 220
1146 220
1152 220
1158 220
1164 220
1170 220
1176 220
1182 221
1188 221
