0 121
2 126
3 131
4 136
4 141
4 146
3 151
2 156
0 161
1197 166
1192 161
1189 156
1184 153
1180 158
1178 163
1177 168
1176 173
1175 178
1175 183
1175 188
1175 193
1174 198
1174 203
1175 208
1175 213
1175 218
1176 223
1176 228
1177 233
1178 238
1179 243
1181 248
1183 253
1186 258
1189 263
1194 268
1199 273
4 275
9 278
14 279
19 280
24 280
29 280
34 279
39 278
44 276
49 273
54 269
59 264
63 259
66 254
68 249
70 244
71 239
72 234
72 229
72 224
72 219
71 214
71 209
70 204
69 199
67 194
65 189
60 185
55 185
51 180
50 175
50 170
51 165
52 160
54 155
55 150
58 145
61 140
64 135
69 130
74 126
79 123
84 120
89 119
94 118
99 118
104 118
109 119
114 121
119 124
124 129
128 134
130 139
131 144
131 149
130 154
127 159
122 162
117 161
112 162
107 165
104 170
102 175
102 180
101 185
102 190
103 195
104 200
105 205
107 210
109 215
112 220
114 225
118 230
123 235
128 239
133 242
138 243
143 243
148 242
153 238
155 233
155 228
155 223
157 218
162 213
167 210
172 208
177 208
182 207
187 208
192 209
197 211
202 213
207 215
212 216
217 215
222 214
227 211
232 206
235 201
238 196
240 191
242 186
243 181
243 176
243 171
242 166
239 161
234 157
229 155
225 150
225 145
225 140
228 135
231 130
236 126
241 123
246 121
251 119
256 119
261 119
266 120
271 121
276 123
281 127
286 131
289 136
292 141
293 146
294 151
294 156
293 161
292 166
291 171
288 176
283 181
279 186
277 191
275 196
273 201
272 206
271 211
271 216
271 221
271 226
271 231
272 236
274 241
276 246
280 251
285 256
290 259
295 260
300 261
305 261
310 259
315 256
320 252
323 247
326 242
327 237
327 232
326 227
324 222
322 217
322 212
323 207
325 202
328 197
333 192
338 188
343 186
348 185
353 186
358 187
363 189
368 193
373 198
377 203
380 208
382 213
383 218
384 223
382 228
378 233
374 238
372 243
372 248
373 253
375 258
379 263
384 267
389 269
394 270
399 270
404 269
409 267
414 263
419 258
422 253
424 248
426 243
426 238
427 233
426 228
426 223
424 218
423 213
420 208
418 203
415 198
412 193
409 188
405 183
402 178
400 173
398 168
396 163
395 158
395 153
395 148
396 143
398 138
401 133
405 128
410 124
415 121
420 119
425 118
430 118
435 118
440 119
445 121
450 125
454 130
455 135
455 140
450 145
445 147
440 150
438 155
437 160
437 165
438 170
440 175
442 180
446 185
450 190
455 194
460 197
465 198
470 198
475 197
480 195
485 191
490 187
495 183
500 180
505 178
510 176
515 176
520 177
525 179
530 184
533 189
535 194
536 199
536 204
535 209
533 214
531 219
528 224
526 229
525 234
526 239
527 244
529 249
532 254
536 259
541 263
546 265
551 267
556 268
561 268
566 267
571 266
576 263
581 259
585 254
588 249
590 244
591 239
591 234
590 229
589 224
588 219
586 214
586 209
586 204
588 199
590 194
594 189
599 186
604 184
609 184
614 185
619 187
624 190
629 195
634 200
637 205
640 210
641 215
642 220
642 225
642 230
643 235
645 240
649 245
654 248
659 249
664 249
669 248
674 246
679 241
682 236
685 231
686 226
687 221
687 216
686 211
685 206
684 201
682 196
680 191
676 186
671 181
666 177
661 172
658 167
656 162
655 157
656 152
657 147
659 142
663 137
668 134
673 132
678 131
683 131
688 132
693 134
698 137
703 142
706 147
708 152
708 157
708 162
707 167
707 172
708 177
710 182
713 187
716 192
720 197
725 201
730 203
735 204
740 203
745 202
750 199
755 196
760 192
764 187
768 182
771 177
774 172
775 167
777 162
777 157
777 152
775 147
770 143
765 142
760 138
758 133
758 128
760 123
763 118
768 113
773 110
778 108
783 108
788 107
793 108
798 109
803 110
808 113
813 117
818 122
821 127
823 132
825 137
825 142
825 147
824 152
823 157
821 162
819 167
816 172
813 177
808 182
803 185
798 190
795 195
792 200
789 205
787 210
785 215
783 220
781 225
780 230
780 235
779 240
780 245
781 250
782 255
784 260
787 265
791 270
796 274
801 277
806 279
811 280
816 280
821 280
826 278
831 276
836 272
840 267
842 262
843 257
843 252
842 247
839 242
834 238
830 233
829 228
829 223
831 218
833 213
835 208
839 203
843 198
847 193
852 189
857 185
862 182
867 180
872 178
877 178
882 179
887 181
892 185
896 190
898 195
899 200
900 205
899 210
898 215
897 220
896 225
896 230
897 235
898 240
900 245
903 250
906 255
911 259
916 263
921 265
926 266
931 267
936 267
941 266
946 264
951 260
956 256
959 251
962 246
963 241
963 236
963 231
961 226
957 221
952 216
949 211
948 206
947 201
948 196
948 191
950 186
953 181
958 176
963 173
968 172
973 172
978 174
983 177
988 180
993 185
998 188
1003 191
1008 193
1013 194
1018 194
1023 193
1028 192
1033 189
1038 184
1041 179
1042 174
1042 169
1041 164
1042 159
1046 154
1051 152
1056 151
1061 152
1066 153
1071 156
1076 159
1081 163
1086 168
1091 173
1094 178
1097 183
1100 188
1101 193
1103 198
1103 203
1103 208
1102 213
1099 218
1094 223
1089 222
1084 222
1079 225
1075 230
1072 235
1071 240
1071 245
1072 250
1073 255
1075 260
1079 265
1084 270
1089 273
1094 275
1099 275
1104 276
1109 275
1114 273
1119 270
1124 266
1129 261
1132 256
1135 251
1137 246
1139 241
1140 236
1142 231
1143 226
1145 221
1146 216
1147 211
1148 206
1149 201
1149 196
1150 191
1150 186
1150 181
1150 176
1150 171
1150 166
1149 161
1147 156
1143 151
1138 152
1133 157
1128 153
1124 148
1122 143
1120 138
1119 133
1119 128
1119 123
1120 118
1123 113
1126 108
1131 103
1136 100
1141 97
1146 96
1151 95
1156 94
1161 94
1166 95
1171 96
1176 97
1181 100
1186 103
1191 108
1195 113
