0 244
6 247
12 248
18 249
24 249
30 248
36 247
42 245
48 243
54 241
60 237
66 231
70 225
72 219
74 213
75 207
75 201
76 195
78 189
82 183
88 177
94 175
100 174
106 176
112 179
117 185
119 191
120 197
121 203
122 209
123 215
125 221
129 227
135 232
141 235
147 235
153 233
159 229
165 223
171 217
177 215
183 214
189 216
195 219
201 222
207 224
213 224
219 222
225 217
229 211
231 205
233 199
236 193
240 187
246 182
252 180
258 180
264 181
270 185
275 191
278 197
280 203
281 209
282 215
284 221
286 227
290 233
296 238
302 241
308 241
314 240
320 236
325 230
329 224
331 218
334 212
339 206
345 202
351 201
357 204
363 210
366 216
368 222
370 228
372 234
376 240
382 245
388 247
394 247
400 245
406 240
410 234
412 228
413 222
413 216
413 210
412 204
413 198
414 192
417 186
423 180
429 178
435 178
441 180
447 186
450 192
452 198
455 204
458 210
464 216
470 219
476 219
482 218
488 214
494 210
500 207
506 205
512 204
518 206
524 211
528 217
533 223
538 229
544 234
550 237
556 239
562 239
568 238
574 236
580 232
586 226
591 220
595 214
601 209
607 206
613 206
619 208
625 214
630 220
634 226
639 232
645 236
651 238
657 237
663 234
669 228
671 222
672 216
672 210
672 204
673 198
675 192
679 186
685 183
691 183
697 185
703 191
707 197
710 203
713 209
717 215
723 220
729 222
735 222
741 220
747 214
751 208
754 202
755 196
757 190
760 184
764 178
770 173
776 171
782 170
788 172
794 176
799 182
801 188
802 194
801 200
800 206
799 212
798 218
798 224
799 230
801 236
804 242
810 247
816 250
822 251
828 251
834 249
840 245
845 239
848 233
850 227
853 221
856 215
861 209
867 205
873 203
879 203
885 205
891 209
896 215
901 221
905 227
911 233
917 237
923 240
929 241
935 240
941 237
947 233
951 227
955 221
958 215
962 209
968 204
974 202
980 203
986 204
992 208
998 211
1004 213
1010 214
1016 214
1022 211
1028 206
1034 200
1040 196
1046 193
1052 192
1058 193
1064 197
1069 203
1072 209
1074 215
1075 221
1077 227
1079 233
1082 239
1087 245
1093 249
1099 250
1105 251
1111 250
1117 247
1123 242
1128 236
1131 230
1133 224
1134 218
1134 212
1134 206
1134 200
1133 194
1132 188
1133 182
1134 176
1137 170
1143 164
1149 161
1155 159
1161 159
1167 161
1173 164
1179 170
1182 176
1184 182
1184 188
1183 194
1182 200
1181 206
1181 212
1182 218
1184 224
1186 230
1190 236
