0 206
6 206
12 206
18 206
24 206
30 205
36 205
42 205
48 206
54 205
60 205
66 205
72 205
78 205
84 204
90 204
96 204
102 204
108 204
114 204
120 204
126 205
132 205
138 205
144 205
150 205
156 205
162 205
168 205
174 204
180 204
186 205
192 205
198 205
204 205
210 205
216 205
222 205
228 204
234 204
240 204
246 204
252 204
258 204
264 204
270 204
276 205
282 205
288 205
294 205
300 205
306 205
312 206
318 206
324 206
330 205
336 205
342 204
348 204
354 204
360 205
366 205
372 205
378 206
384 206
390 206
396 206
402 205
408 205
414 205
420 204
426 204
432 204
438 204
444 204
450 204
456 205
462 205
468 205
474 205
480 205
486 205
492 205
498 205
504 205
510 205
516 205
522 205
528 205
534 205
540 205
546 205
552 205
558 206
564 205
570 205
576 205
582 205
588 205
594 205
600 205
606 205
612 205
618 205
624 205
630 205
636 205
642 205
648 206
654 206
660 205
666 205
672 205
678 204
684 204
690 204
696 204
702 204
708 204
714 205
720 205
726 205
732 205
738 205
744 204
750 204
756 204
762 204
768 204
774 204
780 203
786 204
792 204
798 204
804 205
810 206
816 206
822 206
828 206
834 206
840 206
846 205
852 205
858 205
864 205
870 205
876 205
882 205
888 205
894 205
900 205
906 205
912 205
918 206
924 206
930 206
936 206
942 205
948 205
954 205
960 205
966 205
972 205
978 205
984 205
990 205
996 205
1002 205
1008 205
1014 205
1020 205
1026 205
1032 205
1038 204
1044 204
1050 204
1056 204
1062 204
1068 205
1074 205
1080 205
1086 205
1092 206
1098 206
1104 206
1110 206
1116 205
1122 205
1128 205
1134 205
1140 204
1146 203
1152 203
1158 203
1164 203
1170 204
1176 204
1182 205
1188 205
