0 283
4 285
8 287
12 288
16 289
20 290
24 290
28 290
32 289
36 289
40 288
44 286
48 284
52 281
56 278
60 274
64 270
66 266
68 262
70 258
71 254
72 250
72 246
73 242
73 238
72 234
72 230
71 226
70 222
69 218
69 214
67 210
66 206
65 202
64 198
62 194
60 190
56 186
52 188
49 192
45 196
43 192
42 188
42 184
42 180
42 176
43 172
44 168
45 164
46 160
48 156
49 152
51 148
53 144
56 140
58 136
61 132
64 128
68 124
72 121
76 118
80 116
84 114
88 113
92 112
96 111
100 111
104 112
108 113
112 114
116 116
120 118
124 121
127 125
130 129
132 133
134 137
135 141
135 145
135 149
135 153
133 157
131 161
127 165
123 165
119 163
115 159
111 156
107 155
103 156
99 158
96 162
93 166
92 170
92 174
91 178
91 182
92 186
93 190
94 194
95 198
96 202
98 206
100 210
102 214
104 218
107 222
109 226
113 230
116 234
120 237
124 240
128 243
132 244
136 245
140 246
144 245
148 244
152 241
154 237
153 233
151 229
149 225
150 221
154 217
158 214
162 213
166 211
170 210
174 210
178 209
182 209
186 209
190 210
194 210
198 211
202 212
206 213
210 213
214 214
218 213
222 212
226 211
230 208
234 204
238 200
240 196
243 192
245 188
246 184
248 180
249 176
249 172
250 168
250 164
249 160
248 156
245 152
241 150
237 150
233 152
229 154
225 154
221 150
220 146
220 142
221 138
222 134
224 130
226 126
230 122
234 118
238 115
242 113
246 112
250 111
254 110
258 110
262 110
266 110
270 111
274 113
278 114
282 117
286 120
290 124
293 128
295 132
297 136
298 140
299 144
299 148
299 152
299 156
298 160
297 164
295 168
292 172
288 175
284 177
280 179
278 183
276 187
274 191
273 195
272 199
271 203
270 207
269 211
268 215
267 219
267 223
267 227
267 231
267 235
268 239
269 243
270 247
272 251
275 255
279 259
283 262
287 264
291 266
295 267
299 267
303 267
307 266
311 264
315 262
319 259
322 255
325 251
327 247
328 243
329 239
328 235
327 231
323 228
319 226
315 223
315 219
316 215
317 211
319 207
322 203
326 199
330 196
334 194
338 192
342 191
346 190
350 190
354 190
358 191
362 192
366 194
370 196
374 198
378 201
382 205
385 209
388 213
390 217
391 221
392 225
392 229
391 233
388 237
384 238
380 238
376 239
372 243
371 247
371 251
371 255
372 259
374 263
377 267
381 271
385 273
389 275
393 276
397 276
401 276
405 275
409 274
413 272
417 269
421 265
425 261
427 257
429 253
430 249
431 245
432 241
432 237
431 233
431 229
430 225
428 221
426 217
424 213
422 209
420 205
418 201
415 197
413 193
410 189
407 185
404 181
401 177
398 173
396 169
393 165
392 161
390 157
390 153
389 149
390 145
390 141
391 137
393 133
395 129
397 125
400 121
404 118
408 115
412 113
416 111
420 110
424 109
428 109
432 109
436 109
440 110
444 112
448 114
452 117
455 121
458 125
459 129
459 133
458 137
454 141
450 140
446 139
442 139
438 139
434 141
430 145
429 149
428 153
428 157
429 161
430 165
432 169
434 173
437 177
440 181
444 185
448 188
452 190
456 192
460 193
464 194
468 194
472 193
476 192
480 190
484 188
488 185
492 182
496 180
500 178
504 177
508 176
512 175
516 175
520 176
524 177
528 179
532 183
535 187
537 191
539 195
540 199
540 203
540 207
540 211
539 215
537 219
533 223
529 225
525 228
522 232
521 236
520 240
520 244
521 248
522 252
524 256
526 260
529 264
533 268
537 271
541 273
545 275
549 276
553 277
557 277
561 277
565 277
569 276
573 275
577 273
581 270
585 266
589 262
591 258
593 254
594 250
594 246
594 242
594 238
592 234
589 230
585 226
583 222
582 218
582 214
582 210
583 206
585 202
587 198
590 194
594 190
598 188
602 187
606 186
610 186
614 187
618 188
622 190
626 191
630 194
634 196
638 200
642 204
645 208
647 212
649 216
649 220
648 224
646 228
644 232
644 236
645 240
648 244
651 248
655 250
659 252
663 253
667 252
671 252
675 250
679 248
683 244
687 240
689 236
691 232
692 228
692 224
693 220
692 216
692 212
691 208
690 204
688 200
686 196
684 192
682 188
680 184
676 180
672 177
668 176
664 175
660 173
656 169
653 165
651 161
650 157
649 153
649 149
650 145
651 141
653 137
657 133
661 129
665 127
669 125
673 124
677 124
681 124
685 125
689 126
693 128
697 131
701 134
704 138
707 142
708 146
709 150
708 154
705 158
704 162
704 166
705 170
706 174
708 178
711 182
714 186
718 190
722 193
726 195
730 197
734 198
738 198
742 198
746 197
750 196
754 195
758 193
762 190
766 188
770 184
774 180
777 176
780 172
782 168
784 164
786 160
787 156
788 152
788 148
788 144
786 140
784 136
780 134
776 133
772 135
768 137
764 138
760 135
757 131
757 127
757 123
758 119
759 115
761 111
764 107
768 104
772 101
776 99
780 98
784 97
788 97
792 97
796 97
800 98
804 99
808 101
812 103
816 105
820 109
824 113
826 117
828 121
830 125
831 129
832 133
832 137
832 141
831 145
830 149
829 153
827 157
824 161
821 165
818 169
814 173
811 177
807 179
803 183
800 187
798 191
795 195
793 199
790 203
788 207
785 211
783 215
781 219
779 223
777 227
775 231
774 235
774 239
773 243
773 247
774 251
775 255
776 259
777 263
779 267
782 271
785 275
789 279
793 282
797 284
801 286
805 287
809 288
813 288
817 288
821 287
825 286
829 284
833 281
837 277
840 273
841 269
843 265
843 261
843 257
843 253
841 249
838 245
834 244
830 244
826 245
822 243
819 239
818 235
818 231
819 227
820 223
821 219
823 215
826 211
828 207
832 203
836 199
840 196
844 192
848 190
852 188
856 186
860 184
864 182
868 181
872 181
876 181
880 181
884 182
888 184
892 187
896 191
898 195
900 199
901 203
902 207
902 211
901 215
900 219
897 223
893 227
892 231
891 235
892 239
892 243
894 247
896 251
898 255
901 259
904 263
908 266
912 269
916 271
920 273
924 274
928 275
932 275
936 275
940 274
944 273
948 272
952 270
956 267
960 263
963 259
966 255
968 251
969 247
969 243
969 239
969 235
967 231
963 227
959 225
955 225
951 224
947 221
945 217
943 213
943 209
942 205
942 201
943 197
944 193
945 189
947 185
950 181
953 177
957 175
961 173
965 172
969 172
973 173
977 174
981 177
985 179
989 182
993 185
997 187
1001 189
1005 191
1009 192
1013 193
1017 193
1021 193
1025 192
1029 192
1033 190
1037 188
1041 186
1045 183
1048 179
1049 175
1049 171
1047 167
1043 163
1042 159
1044 155
1048 152
1052 150
1056 150
1060 150
1064 150
1068 151
1072 153
1076 154
1080 156
1084 159
1088 162
1092 165
1096 168
1100 172
1104 176
1107 180
1110 184
1112 188
1114 192
1115 196
1115 200
1115 204
1115 208
1114 212
1113 216
1110 220
1107 224
1103 228
1099 229
1095 228
1091 224
1087 221
1083 221
1079 223
1075 226
1071 230
1069 234
1068 238
1067 242
1066 246
1066 250
1067 254
1068 258
1070 262
1072 266
1075 270
1079 274
1083 277
1087 279
1091 280
1095 281
1099 281
1103 281
1107 280
1111 279
1115 277
1119 274
1123 271
1126 267
1129 263
1131 259
1133 255
1135 251
1137 247
1138 243
1140 239
1141 235
1143 231
1144 227
1146 223
1147 219
1149 215
1150 211
1151 207
1153 203
1154 199
1155 195
1156 191
1156 187
1157 183
1157 179
1158 175
1158 171
1158 167
1158 163
1158 159
1157 155
1156 151
1155 147
1154 143
1151 139
1147 136
1143 138
1141 142
1141 146
1139 150
1135 153
1131 150
1127 147
1123 143
1121 139
1119 135
1117 131
1116 127
1115 123
1115 119
1116 115
1117 111
1118 107
1120 103
1123 99
1126 95
1130 92
1134 89
1138 87
1142 85
1146 84
1150 83
1154 83
1158 82
1162 82
1166 83
1170 84
1174 85
1178 87
1182 89
1186 91
1190 94
1194 98
1197 102
1199 106
1 110
3 114
4 118
5 122
6 126
6 130
6 134
6 138
6 142
5 146
5 150
4 154
3 158
2 162
1 166
1198 170
1194 167
1193 163
1192 159
1192 155
1191 151
1189 147
1187 143
1183 142
1181 146
1180 150
1179 154
1178 158
1178 162
1178 166
1178 170
1177 174
1177 178
1177 182
1176 186
1176 190
1176 194
1176 198
1176 202
1175 206
1175 210
1175 214
1175 218
1175 222
1175 226
1175 230
1175 234
1176 238
1176 242
1177 246
1178 250
1179 254
1180 258
1182 262
1184 266
1186 270
1190 274
1193 278
