0 221
6 222
12 223
18 223
24 223
30 222
36 221
42 219
48 218
54 217
60 216
66 215
72 214
78 214
84 215
90 215
96 215
102 216
108 216
114 216
120 216
126 216
132 216
138 215
144 215
150 215
156 215
162 215
168 215
174 216
180 216
186 217
192 218
198 219
204 221
210 221
216 222
222 222
228 222
234 221
240 220
246 219
252 218
258 217
264 216
270 215
276 215
282 215
288 215
294 215
300 216
306 217
312 218
318 218
324 219
330 220
336 220
342 220
348 220
354 219
360 219
366 218
372 217
378 216
384 215
390 215
396 215
402 215
408 215
414 216
420 217
426 217
432 218
438 219
444 219
450 219
456 219
462 219
468 219
474 219
480 219
486 218
492 218
498 218
504 218
510 218
516 217
522 216
528 215
534 214
540 214
546 214
552 214
558 214
564 215
570 216
576 217
582 218
588 219
594 220
600 220
606 219
612 219
618 218
624 216
630 215
636 214
642 213
648 213
654 213
660 214
666 215
672 217
678 219
684 220
690 222
696 223
702 223
708 223
714 223
720 222
726 221
732 220
738 218
744 217
750 216
756 216
762 215
768 215
774 215
780 215
786 216
792 216
798 217
804 218
810 218
816 219
822 220
828 220
834 220
840 219
846 218
852 217
858 215
864 214
870 212
876 212
882 211
888 212
894 213
900 214
906 216
912 218
918 220
924 221
930 223
936 223
942 224
948 223
954 223
960 222
966 220
972 218
978 217
984 215
990 213
996 212
1002 211
1008 210
1014 211
1020 212
1026 213
1032 215
1038 217
1044 219
1050 221
1056 222
1062 223
1068 224
1074 224
1080 223
1086 223
1092 222
1098 221
1104 221
1110 220
1116 219
1122 217
1128 216
1134 215
1140 214
1146 213
1152 212
1158 212
1164 212
1170 213
1176 214
1182 215
1188 217
