0 216
6 219
12 221
18 222
24 221
30 219
36 216
42 213
48 208
54 204
60 200
66 198
72 197
78 196
84 197
90 198
96 199
102 201
108 202
114 202
120 202
126 202
132 201
138 200
144 199
150 199
156 198
162 198
168 199
174 200
180 202
186 205
192 209
198 212
204 215
210 218
216 219
222 219
228 219
234 217
240 214
246 211
252 207
258 203
264 200
270 198
276 197
282 196
288 197
294 199
300 201
306 203
312 206
318 209
324 211
330 212
336 213
342 213
348 213
354 212
360 210
366 207
372 204
378 202
384 199
390 198
396 197
402 197
408 199
414 200
420 203
426 205
432 208
438 210
444 211
450 212
456 212
462 212
468 211
474 211
480 210
486 210
492 209
498 208
504 207
510 206
516 204
522 201
528 199
534 197
540 195
546 195
552 195
558 197
564 200
570 203
576 206
582 209
588 212
594 213
600 213
606 212
612 210
618 206
624 202
630 198
636 195
642 193
648 192
654 192
660 194
666 198
672 203
678 209
684 215
690 219
696 222
702 223
708 223
714 222
720 220
726 216
732 212
738 208
744 204
750 201
756 199
762 198
768 197
774 197
780 198
786 199
792 202
798 204
804 207
810 210
816 212
822 213
828 214
834 213
840 212
846 209
852 204
858 199
864 194
870 190
876 188
882 187
888 188
894 190
900 194
906 200
911 206
916 212
922 217
928 221
934 223
940 224
946 224
952 223
958 221
964 217
970 212
975 206
981 200
986 194
992 189
998 186
1004 185
1010 184
1016 185
1022 188
1028 192
1033 198
1038 204
1043 210
1049 216
1055 219
1061 222
1067 223
1073 224
1079 224
1085 223
1091 221
1097 219
1103 216
1109 213
1115 209
1121 206
1127 201
1133 197
1139 193
1145 190
1151 189
1157 188
1163 188
1169 190
1175 193
1181 198
1187 204
1192 210
