0 118
2 124
2 130
2 136
1 142
0 148
1198 154
1196 160
1193 166
1191 172
1188 178
1184 184
1181 190
1177 196
1173 202
1168 196
1167 190
1167 184
1167 178
1167 172
1161 166
1155 172
1152 178
1151 184
1151 190
1151 196
1151 202
1152 208
1153 214
1154 220
1156 226
1158 232
1160 238
1163 244
1166 250
1169 256
1172 262
1175 268
1179 274
1183 280
1187 286
1193 292
1199 297
5 300
11 303
17 305
23 306
29 306
35 305
41 303
47 300
53 297
59 291
64 285
67 279
70 273
71 267
72 261
72 255
71 249
69 243
66 237
60 231
54 227
48 226
42 227
36 233
33 239
33 245
31 251
25 255
19 255
13 252
7 247
3 241
1 235
1 229
1 223
2 217
3 211
6 205
8 199
12 193
15 187
19 181
23 175
28 169
33 163
39 157
45 152
51 148
57 146
63 144
69 144
75 147
79 153
79 159
79 165
82 171
88 175
94 177
100 179
106 180
112 180
118 180
124 179
130 178
136 177
142 174
148 170
154 164
157 158
160 152
166 147
172 145
178 145
184 147
190 150
196 156
200 162
203 168
205 174
207 180
209 186
210 192
211 198
211 204
212 210
212 216
212 222
212 228
211 234
210 240
209 246
206 252
200 256
194 253
191 247
189 241
187 235
181 230
175 230
169 234
165 240
163 246
161 252
161 258
162 264
163 270
165 276
167 282
171 288
175 294
181 300
187 304
193 308
199 310
205 312
211 313
217 313
223 312
229 311
235 309
241 306
247 302
253 296
257 290
260 284
262 278
262 272
263 266
262 260
262 254
260 248
259 242
257 236
255 230
252 224
246 229
244 235
241 241
236 235
236 229
236 223
236 217
236 211
237 205
237 199
238 193
239 187
239 181
240 175
241 169
242 163
244 157
245 151
248 145
252 139
257 133
263 128
269 125
275 124
281 124
287 124
293 126
299 129
305 134
309 140
313 146
315 152
317 158
318 164
319 170
319 176
319 182
318 188
316 194
310 199
304 194
298 188
292 189
288 195
287 201
286 207
287 213
288 219
290 225
293 231
295 237
299 243
303 249
307 255
313 261
319 266
325 270
331 272
337 273
343 274
349 273
355 271
361 267
367 262
371 256
374 250
376 244
378 238
379 232
380 226
380 220
380 214
380 208
379 202
377 196
371 192
365 197
359 202
354 196
353 190
353 184
354 178
355 172
356 166
358 160
360 154
362 148
366 142
371 136
377 130
383 127
389 125
395 123
401 123
407 124
413 126
419 129
425 134
431 140
435 146
438 152
440 158
442 164
443 170
444 176
443 182
442 188
438 194
432 192
426 186
420 185
415 191
414 197
413 203
413 209
414 215
414 221
415 227
417 233
418 239
421 245
423 251
427 257
431 263
437 269
443 273
449 275
455 277
461 278
467 278
473 278
479 276
485 274
491 271
497 267
503 261
508 255
511 249
514 243
516 237
518 231
520 225
521 219
522 213
523 207
523 201
524 195
524 189
523 183
521 177
515 172
509 176
503 181
497 177
495 171
494 165
494 159
495 153
496 147
498 141
500 135
504 129
509 123
515 118
521 115
527 112
533 111
539 111
545 111
551 113
557 115
563 119
569 124
574 130
578 136
581 142
583 148
586 154
587 160
589 166
590 172
591 178
591 184
590 190
584 194
579 188
575 182
569 178
563 182
561 188
560 194
559 200
560 206
560 212
561 218
563 224
565 230
568 236
572 242
578 247
584 250
590 252
596 252
602 252
608 250
614 248
620 245
626 241
632 236
638 231
644 225
649 219
653 213
656 207
658 201
659 195
659 189
659 183
657 177
654 171
648 167
642 169
639 175
636 181
630 186
624 180
622 174
621 168
620 162
620 156
620 150
621 144
622 138
625 132
628 126
633 120
639 116
645 113
651 112
657 111
663 112
669 114
675 118
681 124
685 130
688 136
690 142
691 148
692 154
692 160
692 166
693 172
693 178
693 184
694 190
694 196
694 202
694 208
694 214
694 220
693 226
693 232
692 238
692 244
686 245
691 251
689 257
686 251
681 245
685 239
685 233
679 230
675 236
671 242
666 248
663 254
659 260
657 266
655 272
655 278
655 284
656 290
658 296
662 302
667 308
673 313
679 317
685 320
691 321
697 322
703 323
709 322
715 321
721 319
727 316
733 313
739 308
744 302
748 296
750 290
752 284
753 278
753 272
753 266
752 260
750 254
748 248
745 242
739 236
733 237
730 243
728 249
727 255
725 261
721 267
715 263
714 257
713 251
713 245
713 239
713 233
714 227
714 221
715 215
716 209
718 203
719 197
721 191
723 185
725 179
727 173
729 167
733 161
736 155
741 149
747 144
753 140
759 138
765 137
771 137
777 138
783 141
789 144
795 149
801 155
806 161
810 167
814 173
817 179
820 185
822 191
823 197
822 203
816 208
810 205
804 200
798 195
792 194
786 196
782 202
782 208
783 214
784 220
787 226
791 232
796 238
802 244
808 248
814 251
820 253
826 254
832 254
838 253
844 251
850 248
856 245
862 241
868 237
874 231
880 226
885 220
890 214
895 208
899 202
902 196
904 190
906 184
907 178
906 172
904 166
900 160
894 154
888 151
882 150
876 153
873 159
872 165
872 171
871 177
865 181
859 179
854 173
850 167
847 161
845 155
844 149
843 143
842 137
843 131
844 125
846 119
849 113
855 107
861 103
867 101
873 99
879 99
885 100
891 101
897 104
903 108
909 114
914 120
919 126
923 132
926 138
930 144
934 150
938 156
941 162
944 168
947 174
949 180
951 186
953 192
953 198
954 204
954 210
953 216
952 222
951 228
949 234
945 240
939 244
937 238
938 232
938 226
939 220
939 214
939 208
936 202
930 204
925 210
921 216
916 222
912 228
908 234
905 240
901 246
899 252
896 258
895 264
894 270
894 276
895 282
897 288
901 294
906 300
912 305
918 308
924 310
930 311
936 311
942 311
948 309
954 307
960 303
966 298
971 292
975 286
978 280
980 274
983 268
984 262
986 256
988 250
990 244
991 238
993 232
994 226
996 220
997 214
998 208
999 202
1000 196
1001 190
1001 184
1002 178
1002 172
1002 166
1001 160
995 159
993 165
992 171
991 177
990 183
989 189
988 195
986 201
981 195
980 189
979 183
977 177
975 171
974 165
972 159
971 153
969 147
968 141
968 135
968 129
968 123
970 117
972 111
975 105
979 99
985 93
991 89
997 87
1003 85
1009 84
1015 84
1021 85
1027 87
1033 89
1039 93
1045 98
1050 104
1054 110
1056 116
1059 122
1060 128
1061 134
1062 140
1063 146
1063 152
1063 158
1063 164
1062 170
1062 176
1061 182
1061 188
1060 194
1059 200
1059 206
1058 212
1057 218
1055 224
1049 224
1048 218
1047 212
1046 206
1046 200
1045 194
1044 188
1044 182
1043 176
1042 170
1040 164
1034 160
1031 166
1029 172
1028 178
1027 184
1027 190
1026 196
1025 202
1025 208
1024 214
1023 220
1023 226
1022 232
1022 238
1022 244
1022 250
1023 256
1023 262
1024 268
1025 274
1027 280
1029 286
1032 292
1035 298
1040 304
1046 309
1052 313
1058 316
1064 318
1070 319
1076 320
1082 320
1088 319
1094 317
1100 315
1106 311
1112 306
1117 300
1121 294
1124 288
1126 282
1127 276
1128 270
1128 264
1128 258
1128 252
1127 246
1126 240
1126 234
1125 228
1124 222
1122 216
1121 210
1120 204
1119 198
1117 192
1111 189
1107 195
1105 201
1104 207
1103 213
1101 219
1100 225
1098 231
1092 228
1091 222
1091 216
1091 210
1091 204
1091 198
1092 192
1093 186
1094 180
1095 174
1096 168
1098 162
1099 156
1101 150
1103 144
1106 138
1108 132
1111 126
1114 120
1118 114
1123 108
1129 102
1135 98
1141 95
1147 93
1153 91
1159 91
1165 91
1171 92
1177 94
1183 97
1189 102
1195 108
