0 219
6 222
12 223
18 224
24 223
30 222
36 220
42 217
48 214
54 211
60 209
66 207
72 206
78 206
84 207
90 207
96 208
102 209
108 210
114 210
120 210
126 210
132 209
138 209
144 208
150 208
156 207
162 207
168 208
174 209
180 210
186 212
192 215
198 217
204 219
210 221
216 222
222 222
228 221
234 220
240 218
246 216
252 213
258 211
264 209
270 207
276 207
282 206
288 207
294 208
300 209
306 211
312 213
318 215
324 216
330 217
336 218
342 218
348 217
354 216
360 215
366 213
372 212
378 210
384 208
390 207
396 207
402 207
408 208
414 209
420 211
426 212
432 214
438 215
444 216
450 217
456 217
462 216
468 216
474 216
480 215
486 215
492 215
498 214
504 214
510 213
516 211
522 210
528 208
534 206
540 205
546 205
552 205
558 207
564 208
570 211
576 213
582 215
588 216
594 217
600 217
606 217
612 215
618 213
624 210
630 208
636 205
642 204
648 203
654 203
660 205
666 207
672 211
678 215
684 219
690 222
696 223
702 224
708 224
714 224
720 222
726 220
732 217
738 214
744 212
750 210
756 208
762 207
768 207
774 207
780 207
786 208
792 210
798 211
804 213
810 215
816 217
822 218
828 218
834 218
840 217
846 214
852 212
858 208
864 205
870 202
876 200
882 200
888 200
894 202
900 205
906 209
912 213
918 218
924 221
930 223
936 225
942 225
948 225
954 224
960 222
966 219
972 215
978 211
984 207
990 203
996 200
1002 199
1008 198
1014 198
1020 200
1026 203
1032 207
1038 211
1044 216
1050 219
1056 222
1062 224
1068 225
1074 225
1080 225
1086 224
1092 222
1098 221
1104 219
1110 217
1116 215
1122 212
1128 209
1134 207
1140 204
1146 202
1152 201
1158 200
1164 201
1170 202
1176 205
1182 208
1188 212
