0 287
6 290
12 292
18 293
24 293
30 292
36 290
42 288
48 283
54 277
58 271
61 265
63 259
63 253
63 247
62 241
60 235
56 229
50 226
44 226
38 231
32 236
26 235
21 229
19 223
18 217
19 211
20 205
21 199
23 193
26 187
29 181
32 175
36 169
40 163
46 157
52 152
58 148
64 146
70 146
76 148
82 153
85 159
88 165
93 171
99 175
105 178
111 179
117 179
123 178
129 177
135 174
141 170
147 165
152 159
158 153
164 150
170 149
176 150
182 152
188 156
193 162
197 168
199 174
202 180
203 186
204 192
205 198
206 204
206 210
205 216
204 222
201 228
195 230
189 227
183 226
177 229
174 235
172 241
171 247
172 253
173 259
175 265
178 271
182 277
188 283
194 288
200 291
206 293
212 294
218 294
224 294
230 292
236 290
242 286
248 281
253 275
256 269
258 263
260 257
260 251
260 245
260 239
259 233
258 227
255 221
249 218
243 218
240 212
239 206
238 200
239 194
239 188
240 182
241 176
242 170
244 164
246 158
249 152
253 146
259 140
265 136
271 134
277 133
283 133
289 134
295 137
301 141
306 147
310 153
312 159
313 165
314 171
314 177
312 183
307 189
301 193
298 199
297 205
297 211
298 217
300 223
302 229
305 235
308 241
312 247
318 253
324 257
330 260
336 262
342 262
348 261
354 259
360 255
366 249
370 243
373 237
374 231
376 225
376 219
376 213
375 207
373 201
368 195
362 190
360 184
360 178
360 172
361 166
363 160
366 154
370 148
375 142
381 138
387 135
393 133
399 133
405 134
411 135
417 139
423 143
428 149
431 155
433 161
435 167
435 173
435 179
431 185
425 189
421 195
419 201
419 207
419 213
420 219
421 225
423 231
425 237
429 243
433 249
439 254
445 258
451 261
457 262
463 263
469 263
475 262
481 260
487 257
493 253
499 247
504 241
508 235
511 229
514 223
516 217
517 211
518 205
519 199
519 193
518 187
516 181
510 175
505 169
503 163
503 157
505 151
507 145
510 139
515 133
521 129
527 126
533 124
539 123
545 123
551 125
557 127
563 131
569 136
573 142
577 148
579 154
581 160
583 166
583 172
583 178
581 184
575 186
569 189
565 195
564 201
564 207
564 213
565 219
567 225
570 231
574 237
580 243
586 246
592 247
598 247
604 246
610 243
616 240
622 235
627 229
632 223
636 217
640 211
643 205
645 199
646 193
646 187
645 181
641 175
635 174
629 174
624 168
623 162
623 156
623 150
625 144
627 138
631 132
637 127
643 123
649 122
655 121
661 122
667 123
673 127
679 131
683 137
687 143
689 149
691 155
692 161
693 167
693 173
694 179
694 185
694 191
694 197
693 203
692 209
691 215
690 221
684 222
680 216
674 218
670 224
667 230
665 236
663 242
662 248
661 254
661 260
661 266
662 272
664 278
667 284
672 290
678 295
684 299
690 301
696 303
702 304
708 303
714 302
720 300
726 297
732 293
738 287
742 281
745 275
747 269
748 263
749 257
748 251
747 245
745 239
742 233
736 230
730 235
724 238
719 232
718 226
718 220
719 214
720 208
721 202
722 196
724 190
726 184
728 178
730 172
733 166
736 160
741 154
747 148
753 144
759 142
765 141
771 142
777 143
783 146
789 150
795 155
799 161
803 167
806 173
808 179
810 185
809 191
803 196
797 198
793 204
792 210
792 216
794 222
797 228
801 234
806 240
812 244
818 247
824 249
830 249
836 249
842 247
848 244
854 240
860 234
866 228
870 222
874 216
878 210
881 204
884 198
886 192
887 186
887 180
887 174
885 168
881 162
875 159
869 160
864 166
858 169
852 165
849 159
847 153
846 147
846 141
847 135
849 129
852 123
857 117
863 113
869 110
875 109
881 108
887 108
893 110
899 112
905 116
911 120
916 126
920 132
924 138
927 144
929 150
932 156
934 162
936 168
938 174
939 180
940 186
941 192
941 198
941 204
940 210
938 216
932 219
929 213
927 207
924 201
918 202
913 208
910 214
908 220
905 226
903 232
902 238
901 244
900 250
900 256
900 262
902 268
904 274
907 280
912 286
918 290
924 294
930 296
936 297
942 296
948 296
954 294
960 290
966 286
971 280
976 274
979 268
981 262
984 256
985 250
987 244
988 238
990 232
991 226
992 220
992 214
993 208
993 202
993 196
993 190
992 184
990 178
984 180
981 186
979 192
973 197
971 191
970 185
969 179
969 173
968 167
968 161
968 155
968 149
968 143
969 137
970 131
972 125
975 119
980 113
986 107
992 103
998 101
1004 99
1010 99
1016 99
1022 100
1028 102
1034 105
1040 109
1046 115
1051 121
1054 127
1056 133
1058 139
1059 145
1060 151
1061 157
1061 163
1061 169
1060 175
1060 181
1059 187
1058 193
1056 199
1050 204
1046 198
1045 192
1043 186
1041 180
1037 174
1031 176
1028 182
1026 188
1025 194
1024 200
1023 206
1023 212
1023 218
1023 224
1023 230
1024 236
1025 242
1026 248
1027 254
1028 260
1030 266
1033 272
1036 278
1040 284
1046 290
1052 295
1058 298
1064 300
1070 302
1076 302
1082 302
1088 301
1094 298
1100 295
1106 291
1112 285
1116 279
1119 273
1121 267
1123 261
1124 255
1125 249
1126 243
1126 237
1127 231
1126 225
1126 219
1125 213
1124 207
1123 201
1119 195
1113 195
1109 201
1103 205
1099 199
1098 193
1098 187
1099 181
1100 175
1101 169
1102 163
1104 157
1105 151
1107 145
1110 139
1113 133
1117 127
1121 121
1127 116
1133 111
1139 108
1145 106
1151 105
1157 105
1163 105
1169 106
1175 108
1181 112
1187 117
1192 123
1195 129
1197 135
1198 141
1198 147
1198 153
1198 159
1197 165
1195 171
1194 177
1192 183
1190 189
1186 195
1180 192
1177 186
1171 182
1167 188
1165 194
1164 200
1164 206
1164 212
1165 218
1166 224
1167 230
1168 236
1170 242
1172 248
1174 254
1177 260
1180 266
1184 272
1190 278
