0 226
6 230
12 232
18 232
24 232
30 230
36 226
42 220
45 214
48 208
51 202
55 196
61 191
67 188
73 186
79 186
85 187
91 189
97 192
103 194
109 196
115 197
121 197
127 197
133 195
139 193
145 191
151 190
157 189
163 189
169 190
175 193
181 197
186 203
190 209
195 215
200 221
206 225
212 227
218 229
224 229
230 227
236 225
242 220
247 214
251 208
254 202
258 196
264 190
270 187
276 185
282 185
288 186
294 188
300 193
306 198
311 204
317 209
323 214
329 217
335 218
341 219
347 218
353 216
359 213
365 208
370 202
376 196
382 191
388 188
394 187
400 187
406 188
412 191
418 195
424 201
430 206
436 210
442 213
448 215
454 216
460 216
466 215
472 215
478 214
484 213
490 211
496 210
502 208
508 205
514 201
520 196
526 190
532 186
538 184
544 183
550 183
556 185
562 189
567 195
572 201
576 207
582 212
588 216
594 217
600 217
606 216
612 212
618 207
622 201
626 195
630 189
636 183
642 179
648 178
654 178
660 180
666 184
671 190
673 196
675 202
676 208
678 214
681 220
685 226
691 230
697 233
703 234
709 234
715 233
721 230
727 225
732 219
735 213
738 207
742 201
747 195
753 190
759 187
765 186
771 186
777 187
783 189
789 192
795 198
801 204
807 210
813 215
819 218
825 219
831 219
837 218
843 215
849 209
853 203
856 197
858 191
861 185
865 179
871 174
877 171
883 171
889 171
895 174
901 178
905 184
908 190
910 196
911 202
912 208
913 214
916 220
920 226
926 231
932 234
938 235
944 236
950 235
956 233
962 229
968 224
972 218
974 212
976 206
977 200
979 194
980 188
983 182
987 176
993 170
999 167
1005 166
1011 166
1017 167
1023 170
1029 175
1034 181
1036 187
1037 193
1038 199
1039 205
1040 211
1043 217
1047 223
1053 229
1059 233
1065 235
1071 236
1077 236
1083 235
1089 233
1095 230
1101 227
1107 221
1113 215
1117 209
1121 203
1124 197
1127 191
1131 185
1136 179
1142 175
1148 172
1154 171
1160 171
1166 172
1172 175
1178 180
1182 186
1184 192
1186 198
1187 204
1189 210
1192 216
