0 214
6 214
12 214
18 214
24 214
30 214
36 215
42 215
48 215
54 215
60 215
66 215
72 214
78 214
84 214
90 214
96 214
102 213
108 213
114 213
120 213
126 213
132 213
138 213
144 214
150 214
156 214
162 214
168 215
174 215
180 215
186 215
192 215
198 215
204 215
210 215
216 214
222 214
228 214
234 214
240 214
246 214
252 214
258 214
264 214
270 215
276 215
282 215
288 214
294 214
300 214
306 214
312 213
318 213
324 213
330 213
336 213
342 213
348 213
354 214
360 214
366 214
372 214
378 215
384 215
390 215
396 215
402 215
408 215
414 215
420 215
426 215
432 215
438 215
444 214
450 214
456 214
462 214
468 214
474 214
480 213
486 213
492 213
498 214
504 214
510 214
516 214
522 214
528 214
534 214
540 215
546 215
552 215
558 215
564 215
570 215
576 215
582 215
588 215
594 215
600 215
606 215
612 215
618 215
624 215
630 215
636 215
642 215
648 214
654 214
660 213
666 213
672 213
678 212
684 212
690 212
696 213
702 213
708 214
714 214
720 215
726 215
732 215
738 216
744 216
750 215
756 215
762 215
768 214
774 214
780 213
786 213
792 213
798 213
804 213
810 213
816 214
822 214
828 214
834 214
840 215
846 215
852 215
858 215
864 215
870 215
876 215
882 215
888 215
894 215
900 215
906 215
912 214
918 214
924 214
930 213
936 213
942 213
948 213
954 213
960 213
966 213
972 213
978 213
984 213
990 214
996 214
1002 214
1008 214
1014 214
1020 214
1026 214
1032 215
1038 215
1044 215
1050 215
1056 215
1062 215
1068 215
1074 215
1080 215
1086 215
1092 215
1098 214
1104 214
1110 214
1116 214
1122 214
1128 214
1134 214
1140 214
1146 214
1152 215
1158 215
1164 214
1170 214
1176 214
1182 214
1188 214
