0 168
2 169
4 169
6 169
8 169
10 170
12 170
14 170
16 171
18 171
20 172
22 172
24 173
26 173
28 174
30 175
32 175
34 176
36 177
38 178
40 178
42 179
44 180
46 181
48 182
50 183
52 184
54 185
56 186
58 187
60 188
62 190
64 191
66 192
68 194
70 195
72 197
74 199
76 201
78 203
79 205
80 207
81 209
81 211
82 213
82 215
82 217
81 219
81 221
80 223
79 225
78 227
77 229
76 231
74 233
72 235
70 237
68 239
66 240
64 241
62 242
60 243
58 243
56 244
54 244
52 244
50 243
48 243
46 242
44 241
42 240
40 239
38 238
36 237
34 236
32 235
30 234
28 234
26 233
24 233
22 233
20 233
18 233
16 234
14 235
12 236
10 238
8 240
7 242
6 244
5 246
4 248
3 250
3 252
3 254
3 256
3 258
3 260
3 262
3 264
4 266
4 268
5 270
5 272
6 274
7 276
8 278
9 280
11 282
12 284
14 286
16 288
18 290
20 292
22 293
24 295
26 296
28 297
30 298
32 298
34 299
36 299
38 300
40 300
42 300
44 300
46 300
48 300
50 299
52 299
54 299
56 298
58 297
60 296
62 295
64 294
66 292
68 291
70 289
72 287
74 285
76 283
77 281
79 279
80 277
82 275
83 273
84 271
86 269
87 267
88 265
90 263
91 261
92 259
94 257
95 255
97 253
98 251
100 249
101 247
102 245
104 243
105 241
107 239
108 237
110 235
111 233
112 231
113 229
115 227
116 225
117 223
118 221
119 219
120 217
121 215
122 213
123 211
124 209
125 207
126 205
127 203
128 201
129 199
130 197
130 195
131 193
132 191
133 189
133 187
134 185
135 183
135 181
136 179
136 177
137 175
137 173
138 171
138 169
138 167
139 165
139 163
139 161
140 159
140 157
140 155
140 153
140 151
140 149
140 147
140 145
140 143
140 141
140 139
140 137
140 135
140 133
140 131
139 129
139 127
139 125
139 123
138 121
138 119
138 117
137 115
137 113
137 111
136 109
136 107
135 105
134 103
132 101
130 99
128 99
126 99
124 99
122 100
120 101
118 103
116 105
115 107
114 109
113 111
113 113
112 115
111 117
111 119
111 121
110 123
110 125
109 127
109 129
109 131
109 133
109 135
109 137
109 139
109 141
109 143
109 145
109 147
108 149
108 151
108 153
107 155
106 157
104 159
102 160
100 160
98 160
96 160
94 159
92 159
90 158
88 157
86 155
84 154
82 152
80 151
78 149
76 147
74 145
73 143
71 141
70 139
68 137
67 135
66 133
65 131
64 129
64 127
63 125
62 123
62 121
62 119
61 117
61 115
61 113
61 111
61 109
61 107
62 105
62 103
62 101
63 99
63 97
64 95
65 93
66 91
67 89
68 87
69 85
71 83
72 81
74 79
76 77
78 75
80 73
82 72
84 70
86 69
88 68
90 67
92 66
94 65
96 64
98 63
100 62
102 62
104 61
106 61
108 60
110 60
112 60
114 59
116 59
118 59
120 59
122 59
124 59
126 59
128 59
130 59
132 60
134 60
136 60
138 61
140 61
142 62
144 63
146 63
148 64
150 65
152 66
154 67
156 68
158 69
160 70
162 72
164 73
166 75
168 77
170 79
172 81
174 83
176 85
177 87
179 89
180 91
181 93
183 95
184 97
185 99
186 101
187 103
188 105
189 107
190 109
190 111
191 113
192 115
193 117
193 119
194 121
194 123
195 125
196 127
196 129
197 131
197 133
197 135
198 137
198 139
198 141
199 143
199 145
199 147
199 149
200 151
200 153
200 155
200 157
200 159
200 161
199 163
199 165
199 167
198 169
198 171
197 173
197 175
196 177
195 179
194 181
193 183
192 185
190 187
188 189
186 191
184 192
182 193
180 194
178 194
176 194
174 192
173 190
172 188
172 186
172 184
172 182
172 180
172 178
172 176
172 174
172 172
173 170
173 168
173 166
173 164
173 162
173 160
173 158
172 156
172 154
172 152
172 150
171 148
171 146
170 144
170 142
169 140
169 138
168 136
168 134
167 132
167 130
166 128
165 126
164 124
164 122
163 120
162 118
161 116
159 114
158 112
156 111
154 110
152 111
151 113
151 115
151 117
152 119
152 121
152 123
152 125
153 127
153 129
153 131
153 133
153 135
153 137
153 139
153 141
153 143
153 145
153 147
153 149
153 151
153 153
152 155
152 157
152 159
152 161
151 163
151 165
151 167
150 169
150 171
149 173
149 175
148 177
148 179
148 181
147 183
147 185
146 187
146 189
145 191
145 193
144 195
144 197
143 199
143 201
142 203
142 205
141 207
141 209
140 211
140 213
140 215
139 217
139 219
138 221
138 223
138 225
137 227
137 229
136 231
136 233
136 235
135 237
135 239
135 241
134 243
134 245
134 247
133 249
133 251
133 253
132 255
132 257
132 259
131 261
131 263
131 265
130 267
130 269
130 271
130 273
129 275
129 277
129 279
129 281
129 283
129 285
129 287
129 289
129 291
129 293
129 295
130 297
130 299
130 301
131 303
131 305
132 307
133 309
134 311
135 313
136 315
137 317
138 319
140 321
142 323
143 325
145 326
147 328
149 330
151 331
153 332
155 333
157 334
159 335
161 336
163 337
165 337
167 338
169 339
171 339
173 339
175 340
177 340
179 340
181 340
183 340
185 340
187 340
189 340
191 339
193 339
195 339
197 338
199 338
201 337
203 336
205 335
207 335
209 334
211 332
213 331
215 330
217 328
219 327
221 325
223 323
224 321
226 319
227 317
228 315
229 313
230 311
231 309
231 307
232 305
232 303
232 301
232 299
232 297
231 295
230 293
229 291
227 289
225 288
223 287
221 287
219 287
217 287
215 288
213 288
211 289
209 289
207 290
205 290
203 290
201 291
199 291
197 290
195 290
193 289
191 287
189 285
188 283
187 281
187 279
187 277
187 275
187 273
188 271
188 269
189 267
191 265
192 263
194 261
196 259
198 257
200 255
202 254
204 253
206 251
208 250
210 249
212 248
214 247
216 246
218 246
220 245
222 244
224 243
226 243
228 242
230 241
232 241
234 240
236 239
238 239
240 238
242 237
244 237
246 236
248 236
250 235
252 234
254 234
256 233
258 232
260 232
262 231
264 231
266 230
268 229
270 229
272 228
274 227
276 226
278 226
280 225
282 224
284 223
286 222
288 222
290 221
292 220
294 219
296 218
298 217
300 216
302 215
304 214
306 213
308 212
310 210
312 209
314 208
316 207
318 206
320 204
322 203
324 202
326 200
328 199
330 197
332 196
334 194
336 192
338 191
340 189
342 187
344 185
346 183
347 181
349 179
350 177
351 175
352 173
353 171
354 169
355 167
355 165
355 163
356 161
356 159
356 157
355 155
355 153
355 151
354 149
354 147
353 145
352 143
351 141
350 139
349 137
347 135
346 133
344 131
342 129
340 127
338 126
336 125
334 124
332 123
330 122
328 122
326 122
324 122
322 123
320 123
318 125
316 126
315 128
313 130
312 132
311 134
310 136
309 138
308 140
307 142
306 144
305 146
304 148
303 150
302 152
301 154
300 156
299 158
298 160
297 162
296 164
295 166
293 168
291 170
289 172
287 173
285 174
283 174
281 174
279 174
277 174
275 174
273 173
271 171
269 170
268 168
266 166
265 164
264 162
263 160
262 158
262 156
261 154
261 152
261 150
260 148
260 146
260 144
260 142
260 140
260 138
260 136
260 134
260 132
261 130
261 128
261 126
261 124
262 122
262 120
263 118
263 116
264 114
264 112
265 110
266 108
266 106
267 104
268 102
269 100
270 98
271 96
272 94
274 92
275 90
277 88
278 86
280 84
282 82
284 80
286 78
288 76
290 75
292 74
294 72
296 71
298 70
300 69
302 68
304 68
306 67
308 66
310 66
312 66
314 65
316 65
318 65
320 64
322 64
324 64
326 64
328 64
330 65
332 65
334 65
336 66
338 66
340 67
342 67
344 68
346 69
348 70
350 71
352 72
354 73
356 75
358 76
360 78
362 80
364 82
365 84
367 86
368 88
370 90
371 92
372 94
373 96
373 98
374 100
375 102
375 104
376 106
377 108
377 110
378 112
378 114
379 116
379 118
380 120
380 122
381 124
381 126
382 128
383 130
383 132
384 134
385 136
386 138
386 140
387 142
388 144
389 146
390 148
390 150
391 152
392 154
393 156
394 158
394 160
395 162
396 164
396 166
397 168
398 170
399 172
399 174
400 176
400 178
401 180
402 182
402 184
403 186
403 188
404 190
404 192
404 194
405 196
405 198
406 200
406 202
406 204
406 206
407 208
407 210
407 212
407 214
407 216
407 218
407 220
407 222
407 224
407 226
407 228
407 230
407 232
406 234
406 236
406 238
406 240
405 242
405 244
405 246
404 248
404 250
403 252
403 254
403 256
402 258
402 260
401 262
401 264
400 266
400 268
400 270
399 272
399 274
398 276
398 278
398 280
397 282
397 284
397 286
397 288
396 290
396 292
396 294
396 296
396 298
397 300
397 302
397 304
396 306
395 308
393 309
391 309
389 307
387 305
386 303
385 301
384 299
383 297
383 295
382 293
382 291
381 289
381 287
380 285
380 283
380 281
380 279
379 277
379 275
379 273
379 271
379 269
379 267
379 265
380 263
380 261
380 259
380 257
381 255
381 253
381 251
382 249
382 247
382 245
382 243
382 241
382 239
382 237
381 235
379 233
377 233
375 234
373 235
371 236
369 238
367 240
365 242
363 244
361 246
359 248
358 250
356 252
354 254
353 256
352 258
351 260
349 262
348 264
347 266
346 268
346 270
345 272
344 274
344 276
343 278
342 280
342 282
342 284
341 286
341 288
341 290
341 292
341 294
341 296
341 298
341 300
341 302
341 304
342 306
342 308
342 310
343 312
343 314
344 316
345 318
346 320
347 322
348 324
349 326
350 328
351 330
352 332
354 334
356 336
358 338
360 340
362 342
364 344
366 345
368 346
370 347
372 348
374 349
376 350
378 351
380 352
382 353
384 353
386 354
388 354
390 354
392 355
394 355
396 355
398 355
400 355
402 355
404 355
406 355
408 355
410 355
412 355
414 354
416 354
418 353
420 353
422 352
424 352
426 351
428 350
430 349
432 348
434 347
436 346
438 344
440 343
442 341
444 340
446 338
448 336
449 334
451 332
453 330
454 328
455 326
456 324
458 322
459 320
460 318
461 316
461 314
462 312
463 310
464 308
464 306
465 304
466 302
466 300
467 298
467 296
468 294
468 292
469 290
469 288
470 286
470 284
471 282
471 280
471 278
472 276
472 274
472 272
473 270
473 268
473 266
473 264
474 262
474 260
474 258
474 256
474 254
475 252
475 250
475 248
475 246
475 244
475 242
475 240
475 238
475 236
475 234
474 232
474 230
474 228
473 226
472 224
472 222
471 220
470 218
468 216
466 214
464 213
462 213
460 213
458 215
456 217
455 219
455 221
454 223
454 225
453 227
453 229
453 231
453 233
452 235
452 237
452 239
451 241
451 243
450 245
450 247
449 249
449 251
448 253
447 255
447 257
446 259
445 261
444 263
443 265
443 267
442 269
441 271
440 273
439 275
438 277
437 279
437 281
436 283
435 285
434 287
434 289
433 291
432 293
431 295
431 297
430 299
429 301
428 303
427 305
425 307
424 309
422 310
420 311
418 311
416 311
415 309
414 307
414 305
414 303
414 301
414 299
414 297
414 295
414 293
414 291
414 289
414 287
415 285
415 283
415 281
415 279
415 277
416 275
416 273
416 271
416 269
417 267
417 265
417 263
418 261
418 259
418 257
419 255
419 253
419 251
420 249
420 247
420 245
421 243
421 241
421 239
422 237
422 235
422 233
422 231
423 229
423 227
423 225
423 223
423 221
423 219
424 217
424 215
424 213
424 211
424 209
424 207
424 205
424 203
425 201
425 199
425 197
425 195
425 193
425 191
425 189
425 187
426 185
426 183
426 181
426 179
426 177
426 175
426 173
426 171
427 169
427 167
427 165
427 163
427 161
427 159
427 157
428 155
428 153
428 151
428 149
428 147
429 145
429 143
429 141
430 139
430 137
430 135
431 133
431 131
432 129
432 127
433 125
434 123
434 121
435 119
436 117
437 115
437 113
438 111
439 109
441 107
442 105
443 103
445 101
446 99
448 97
450 95
452 93
454 91
456 89
458 88
460 86
462 85
464 84
466 83
468 82
470 81
472 81
474 80
476 79
478 79
480 78
482 78
484 78
486 77
488 77
490 77
492 77
494 77
496 77
498 77
500 78
502 78
504 78
506 79
508 79
510 80
512 80
514 81
516 82
518 83
520 84
522 85
524 86
526 87
528 88
530 90
532 91
534 93
536 95
538 96
540 98
542 100
544 102
545 104
547 106
549 108
550 110
552 112
553 114
554 116
556 118
557 120
558 122
559 124
560 126
561 128
563 130
564 132
565 134
566 136
567 138
567 140
568 142
569 144
570 146
571 148
572 150
573 152
573 154
574 156
575 158
576 160
576 162
577 164
578 166
578 168
579 170
579 172
580 174
580 176
581 178
581 180
582 182
582 184
583 186
583 188
583 190
584 192
584 194
584 196
584 198
584 200
584 202
585 204
585 206
585 208
585 210
585 212
584 214
584 216
584 218
584 220
584 222
583 224
583 226
582 228
582 230
581 232
580 234
578 236
576 237
574 237
572 237
570 235
569 233
568 231
568 229
567 227
567 225
567 223
566 221
566 219
565 217
565 215
564 213
562 211
560 210
558 212
557 214
557 216
557 218
556 220
556 222
556 224
555 226
555 228
554 230
553 232
552 234
550 236
548 237
546 237
544 235
542 234
540 232
538 232
536 233
534 234
533 236
531 238
531 240
530 242
529 244
529 246
528 248
528 250
528 252
527 254
527 256
527 258
527 260
527 262
527 264
527 266
527 268
527 270
527 272
528 274
528 276
528 278
529 280
529 282
529 284
530 286
530 288
531 290
531 292
532 294
532 296
533 298
534 300
535 302
535 304
536 306
537 308
538 310
539 312
540 314
541 316
542 318
544 320
545 322
546 324
548 326
550 328
551 330
553 332
555 334
557 335
559 337
561 339
563 340
565 341
567 343
569 344
571 345
573 346
575 347
577 347
579 348
581 349
583 349
585 350
587 350
589 351
591 351
593 351
595 352
597 352
599 352
601 352
603 352
605 352
607 352
609 352
611 352
613 351
615 351
617 351
619 350
621 350
623 350
625 349
627 348
629 348
631 347
633 346
635 345
637 344
639 343
641 342
643 340
645 339
647 337
649 336
651 334
653 332
654 330
656 328
657 326
659 324
660 322
661 320
662 318
663 316
664 314
665 312
665 310
666 308
667 306
667 304
668 302
668 300
669 298
669 296
670 294
670 292
670 290
671 288
671 286
671 284
671 282
672 280
672 278
672 276
672 274
672 272
673 270
673 268
673 266
673 264
673 262
673 260
674 258
674 256
674 254
674 252
674 250
674 248
674 246
674 244
674 242
674 240
674 238
674 236
674 234
674 232
674 230
673 228
673 226
673 224
673 222
672 220
672 218
672 216
671 214
671 212
671 210
670 208
670 206
669 204
669 202
668 200
668 198
667 196
667 194
666 192
666 190
665 188
665 186
664 184
664 182
663 180
663 178
663 176
662 174
662 172
661 170
661 168
661 166
660 164
660 162
660 160
660 158
659 156
659 154
659 152
658 150
658 148
658 146
658 144
657 142
657 140
657 138
657 136
656 134
656 132
656 130
656 128
656 126
655 124
655 122
655 120
655 118
655 116
655 114
654 112
654 110
653 108
651 107
649 108
647 110
646 112
645 114
645 116
644 118
644 120
643 122
643 124
643 126
642 128
642 130
642 132
642 134
641 136
641 138
641 140
641 142
641 144
640 146
640 148
640 150
640 152
639 154
639 156
639 158
639 160
638 162
638 164
638 166
638 168
638 170
637 172
637 174
637 176
637 178
637 180
636 182
636 184
636 186
636 188
636 190
636 192
636 194
636 196
636 198
636 200
636 202
636 204
636 206
636 208
636 210
636 212
636 214
636 216
636 218
636 220
635 222
635 224
634 226
633 228
631 229
629 230
627 230
625 229
623 227
622 225
621 223
620 221
620 219
619 217
619 215
618 213
618 211
618 209
618 207
617 205
617 203
617 201
617 199
617 197
617 195
617 193
617 191
617 189
616 187
616 185
616 183
616 181
616 179
616 177
616 175
616 173
616 171
616 169
616 167
616 165
616 163
616 161
615 159
615 157
615 155
615 153
615 151
615 149
615 147
615 145
615 143
615 141
615 139
615 137
615 135
615 133
615 131
615 129
615 127
615 125
615 123
615 121
615 119
615 117
615 115
616 113
616 111
616 109
616 107
617 105
617 103
618 101
618 99
618 97
619 95
620 93
620 91
621 89
622 87
623 85
624 83
625 81
626 79
627 77
629 75
630 73
632 71
634 69
636 67
638 65
640 64
642 62
644 61
646 60
648 59
650 58
652 57
654 56
656 55
658 55
660 54
662 54
664 54
666 53
668 53
670 53
672 53
674 53
676 53
678 53
680 54
682 54
684 54
686 55
688 56
690 56
692 57
694 58
696 59
698 60
700 61
702 63
704 64
706 66
708 68
710 70
712 72
713 74
714 76
715 78
716 80
717 82
718 84
719 86
719 88
720 90
720 92
721 94
721 96
721 98
721 100
721 102
721 104
721 106
721 108
720 110
720 112
720 114
719 116
719 118
718 120
718 122
717 124
717 126
716 128
715 130
715 132
714 134
713 136
712 138
711 140
710 142
709 144
708 146
707 148
706 150
704 152
703 154
701 156
700 158
698 160
697 162
696 164
695 166
695 168
694 170
694 172
694 174
694 176
695 178
695 180
696 182
696 184
697 186
698 188
699 190
700 192
698 192
696 192
695 190
694 188
693 186
692 184
691 182
690 180
690 178
689 176
689 174
688 172
688 170
687 168
687 166
687 164
687 162
687 160
687 158
687 156
687 154
687 152
687 150
687 148
687 146
687 144
687 142
687 140
687 138
687 136
687 134
687 132
687 130
687 128
687 126
687 124
687 122
687 120
686 118
686 116
686 114
685 112
685 110
684 108
683 106
682 104
680 102
678 100
676 100
674 100
672 102
672 104
672 106
672 108
672 110
673 112
673 114
674 116
674 118
674 120
674 122
675 124
675 126
675 128
675 130
675 132
676 134
676 136
676 138
676 140
676 142
676 144
677 146
677 148
677 150
677 152
678 154
678 156
678 158
679 160
679 162
679 164
680 166
680 168
681 170
681 172
682 174
682 176
683 178
684 180
685 182
685 184
686 186
687 188
688 190
689 192
690 194
691 196
692 198
693 200
694 202
695 204
696 206
696 208
697 210
698 212
699 214
699 216
700 218
701 220
702 222
703 224
703 226
704 228
705 230
706 232
707 234
707 236
708 238
708 240
709 242
709 244
710 246
710 248
710 250
711 252
711 254
711 256
711 258
711 260
712 262
712 264
712 266
712 268
713 270
713 272
713 274
714 276
715 278
715 280
716 282
717 284
718 286
719 288
720 290
721 292
723 294
724 296
726 298
728 300
730 301
732 302
734 303
736 304
738 305
740 306
742 306
744 306
746 306
748 306
750 306
752 306
754 306
756 305
758 304
760 304
762 303
764 302
766 300
768 299
770 298
772 296
774 294
776 292
778 290
780 288
782 286
783 284
785 282
786 280
787 278
789 276
790 274
791 272
792 270
793 268
794 266
795 264
796 262
797 260
798 258
799 256
800 254
800 252
801 250
802 248
803 246
803 244
804 242
804 240
805 238
805 236
806 234
806 232
807 230
807 228
808 226
808 224
808 222
809 220
809 218
809 216
810 214
810 212
810 210
810 208
811 206
811 204
811 202
811 200
811 198
811 196
811 194
812 192
812 190
812 188
812 186
812 184
812 182
812 180
811 178
811 176
811 174
811 172
810 170
809 168
809 166
807 164
805 162
803 161
801 160
799 160
797 160
795 161
793 162
791 164
790 166
789 168
788 170
787 172
787 174
786 176
786 178
785 180
785 182
784 184
784 186
783 188
782 190
781 192
780 194
779 196
777 198
776 200
775 202
774 204
772 206
771 208
771 210
770 212
769 214
769 216
768 218
768 220
768 222
767 224
767 226
767 228
767 230
766 232
766 234
765 236
764 238
763 240
761 242
759 243
757 243
755 243
753 242
751 241
749 240
747 238
746 236
744 234
743 232
742 230
740 228
739 226
738 224
738 222
737 220
736 218
735 216
735 214
734 212
733 210
733 208
732 206
732 204
732 202
732 200
731 198
731 196
731 194
731 192
731 190
731 188
732 186
732 184
732 182
733 180
733 178
734 176
734 174
735 172
736 170
736 168
737 166
738 164
739 162
740 160
741 158
742 156
743 154
744 152
745 150
747 148
748 146
749 144
751 142
752 140
753 138
755 136
756 134
758 132
760 130
761 128
763 126
765 124
767 122
769 120
771 118
773 117
775 115
777 114
779 113
781 111
783 110
785 109
787 108
789 108
791 107
793 106
795 106
797 106
799 105
801 105
803 105
805 105
807 105
809 106
811 106
813 106
815 107
817 107
819 108
821 109
823 110
825 111
827 112
829 113
831 115
833 116
835 118
837 119
839 121
841 123
843 125
844 127
846 129
848 131
849 133
851 135
852 137
853 139
855 141
856 143
857 145
858 147
859 149
860 151
861 153
862 155
863 157
864 159
865 161
865 163
866 165
867 167
868 169
868 171
869 173
869 175
870 177
870 179
871 181
871 183
871 185
872 187
872 189
872 191
873 193
873 195
873 197
873 199
873 201
874 203
874 205
874 207
874 209
874 211
874 213
874 215
874 217
874 219
874 221
874 223
874 225
874 227
874 229
874 231
874 233
874 235
874 237
874 239
874 241
874 243
874 245
874 247
874 249
874 251
874 253
874 255
874 257
874 259
874 261
875 263
875 265
875 267
875 269
875 271
875 273
875 275
875 277
875 279
875 281
875 283
876 285
876 287
876 289
876 291
876 293
877 295
877 297
876 299
876 301
874 303
872 303
870 302
868 301
867 299
866 297
865 295
864 293
864 291
863 289
863 287
862 285
862 283
861 281
861 279
861 277
860 275
860 273
860 271
859 269
859 267
859 265
858 263
858 261
858 259
857 257
857 255
857 253
856 251
856 249
856 247
855 245
855 243
855 241
854 239
854 237
854 235
853 233
853 231
853 229
853 227
852 225
852 223
852 221
851 219
851 217
851 215
851 213
850 211
850 209
850 207
849 205
849 203
849 201
848 199
848 197
847 195
847 193
846 191
846 189
845 187
844 185
843 183
842 181
840 180
838 179
837 181
836 183
836 185
836 187
837 189
837 191
837 193
837 195
837 197
837 199
837 201
837 203
837 205
837 207
837 209
837 211
837 213
837 215
837 217
837 219
837 221
836 223
836 225
836 227
836 229
835 231
835 233
835 235
835 237
834 239
834 241
834 243
833 245
833 247
833 249
832 251
832 253
831 255
831 257
831 259
830 261
830 263
829 265
829 267
829 269
828 271
828 273
827 275
827 277
827 279
826 281
826 283
826 285
825 287
825 289
825 291
825 293
825 295
824 297
824 299
824 301
824 303
824 305
824 307
825 309
825 311
825 313
825 315
826 317
826 319
827 321
828 323
828 325
829 327
830 329
831 331
832 333
834 335
835 337
837 339
839 341
841 343
843 345
845 347
847 348
849 349
851 350
853 352
855 352
857 353
859 354
861 355
863 355
865 356
867 356
869 357
871 357
873 358
875 358
877 358
879 358
881 358
883 358
885 358
887 358
889 358
891 358
893 357
895 357
897 357
899 356
901 356
903 355
905 354
907 354
909 353
911 352
913 351
915 350
917 349
919 347
921 346
923 344
925 342
927 340
929 338
930 336
931 334
933 332
934 330
935 328
935 326
936 324
937 322
937 320
938 318
938 316
938 314
939 312
939 310
939 308
939 306
939 304
939 302
939 300
938 298
938 296
938 294
937 292
937 290
936 288
936 286
935 284
935 282
934 280
934 278
933 276
932 274
932 272
931 270
930 268
930 266
929 264
928 262
928 260
927 258
926 256
926 254
925 252
924 250
924 248
923 246
923 244
922 242
922 240
921 238
921 236
921 234
920 232
920 230
920 228
920 226
919 224
919 222
919 220
919 218
919 216
919 214
919 212
919 210
919 208
919 206
919 204
919 202
919 200
920 198
920 196
920 194
920 192
920 190
921 188
921 186
921 184
921 182
922 180
922 178
922 176
923 174
923 172
923 170
924 168
924 166
925 164
925 162
925 160
926 158
926 156
927 154
927 152
928 150
928 148
929 146
930 144
930 142
931 140
931 138
930 136
928 135
926 137
925 139
924 141
923 143
922 145
922 147
921 149
921 151
920 153
920 155
919 157
919 159
918 161
918 163
917 165
917 167
917 169
916 171
916 173
915 175
915 177
915 179
914 181
914 183
913 185
913 187
913 189
912 191
912 193
912 195
911 197
911 199
911 201
911 203
910 205
910 207
910 209
910 211
909 213
909 215
909 217
909 219
908 221
908 223
908 225
908 227
908 229
908 231
907 233
907 235
907 237
907 239
907 241
907 243
907 245
907 247
907 249
906 251
906 253
906 255
906 257
906 259
906 261
906 263
906 265
906 267
906 269
905 271
905 273
905 275
905 277
905 279
904 281
904 283
904 285
903 287
903 289
902 291
901 293
899 295
897 297
895 296
893 294
893 292
893 290
893 288
894 286
894 284
894 282
895 280
895 278
895 276
895 274
895 272
895 270
895 268
895 266
895 264
895 262
895 260
896 258
896 256
896 254
896 252
896 250
896 248
896 246
896 244
896 242
896 240
896 238
896 236
897 234
897 232
897 230
897 228
897 226
897 224
897 222
898 220
898 218
898 216
898 214
898 212
898 210
899 208
899 206
899 204
899 202
899 200
900 198
900 196
900 194
900 192
900 190
900 188
901 186
901 184
901 182
901 180
901 178
901 176
901 174
901 172
901 170
901 168
901 166
901 164
901 162
901 160
901 158
901 156
901 154
900 152
900 150
900 148
900 146
900 144
899 142
899 140
899 138
899 136
898 134
898 132
898 130
898 128
897 126
897 124
897 122
897 120
897 118
897 116
897 114
897 112
897 110
897 108
897 106
897 104
897 102
898 100
898 98
898 96
899 94
899 92
900 90
901 88
902 86
902 84
903 82
904 80
905 78
907 76
908 74
910 72
911 70
913 68
915 66
917 64
919 62
921 61
923 59
925 58
927 57
929 56
931 54
933 54
935 53
937 52
939 51
941 50
943 50
945 49
947 48
949 48
951 48
953 47
955 47
957 47
959 46
961 46
963 46
965 46
967 46
969 46
971 46
973 46
975 46
977 46
979 46
981 46
983 47
985 47
987 47
989 48
991 48
993 48
995 49
997 49
999 50
1001 51
1003 51
1005 52
1007 53
1009 54
1011 55
1013 56
1015 57
1017 58
1019 60
1021 61
1023 63
1025 64
1027 66
1029 68
1031 70
1033 72
1034 74
1036 76
1037 78
1038 80
1039 82
1040 84
1041 86
1042 88
1043 90
1043 92
1044 94
1045 96
1045 98
1045 100
1046 102
1046 104
1046 106
1046 108
1046 110
1046 112
1046 114
1046 116
1046 118
1046 120
1045 122
1045 124
1045 126
1044 128
1044 130
1043 132
1042 134
1041 136
1041 138
1040 140
1039 142
1038 144
1037 146
1035 148
1034 150
1033 152
1032 154
1030 156
1029 158
1027 160
1025 162
1023 164
1022 166
1020 168
1018 170
1016 171
1014 173
1012 175
1010 177
1008 178
1006 180
1004 181
1002 182
1000 184
998 185
996 186
994 187
992 188
990 188
988 189
986 189
984 189
982 189
980 188
978 186
977 184
977 182
976 180
976 178
976 176
976 174
976 172
977 170
977 168
978 166
978 164
979 162
979 160
979 158
980 156
980 154
980 152
981 150
981 148
981 146
981 144
982 142
982 140
982 138
983 136
983 134
983 132
984 130
984 128
984 126
984 124
984 122
983 120
982 118
981 116
979 114
977 112
975 111
973 110
971 110
969 110
967 110
965 110
963 110
961 111
959 113
957 114
956 116
954 118
953 120
952 122
951 124
951 126
950 128
950 130
950 132
949 134
949 136
949 138
948 140
948 142
948 144
947 146
947 148
947 150
946 152
946 154
946 156
945 158
945 160
945 162
944 164
944 166
944 168
943 170
943 172
943 174
943 176
942 178
942 180
942 182
942 184
942 186
942 188
942 190
942 192
942 194
942 196
942 198
942 200
942 202
943 204
943 206
943 208
944 210
944 212
944 214
945 216
945 218
946 220
947 222
947 224
948 226
949 228
950 230
950 232
951 234
952 236
953 238
954 240
956 242
957 244
958 246
959 248
960 250
962 252
963 254
965 256
966 258
968 260
969 262
971 264
972 266
974 268
976 270
977 272
979 274
981 276
982 278
984 280
986 282
988 284
990 286
991 288
993 290
995 292
997 294
999 296
1000 298
1002 300
1004 302
1006 304
1008 306
1010 308
1012 310
1014 312
1016 314
1018 316
1020 318
1022 319
1024 321
1026 322
1028 324
1030 325
1032 326
1034 327
1036 328
1038 329
1040 330
1042 331
1044 332
1046 332
1048 333
1050 333
1052 333
1054 334
1056 334
1058 334
1060 334
1062 334
1064 334
1066 334
1068 334
1070 333
1072 333
1074 332
1076 332
1078 331
1080 331
1082 330
1084 329
1086 328
1088 326
1090 325
1092 324
1094 322
1096 320
1098 318
1100 316
1101 314
1103 312
1104 310
1105 308
1106 306
1107 304
1108 302
1108 300
1109 298
1109 296
1110 294
1110 292
1110 290
1110 288
1111 286
1111 284
1111 282
1110 280
1110 278
1110 276
1109 274
1109 272
1108 270
1107 268
1106 266
1105 264
1104 262
1102 260
1100 258
1098 256
1096 255
1094 254
1092 253
1090 253
1088 252
1086 252
1084 252
1082 253
1080 253
1078 254
1076 255
1074 257
1072 258
1070 260
1068 262
1066 263
1064 265
1062 267
1060 268
1058 270
1056 272
1054 273
1052 274
1050 275
1048 276
1046 276
1044 276
1042 276
1040 276
1038 276
1036 276
1034 275
1032 274
1030 273
1028 272
1026 271
1024 270
1022 269
1020 267
1018 265
1016 263
1014 261
1013 259
1012 257
1011 255
1010 253
1009 251
1009 249
1008 247
1008 245
1008 243
1009 241
1009 239
1010 237
1011 235
1012 233
1013 231
1015 229
1017 227
1019 225
1021 223
1023 222
1025 220
1027 219
1029 217
1031 216
1033 215
1035 213
1037 212
1039 211
1041 210
1043 209
1045 207
1047 206
1049 205
1051 204
1053 203
1055 202
1057 201
1059 200
1061 199
1063 198
1065 197
1067 197
1069 196
1071 195
1073 194
1075 193
1077 193
1079 192
1081 191
1083 190
1085 190
1087 189
1089 188
1091 188
1093 187
1095 187
1097 186
1099 186
1101 185
1103 185
1105 184
1107 184
1109 183
1111 183
1113 182
1115 182
1117 182
1119 181
1121 181
1123 181
1125 180
1127 180
1129 179
1131 179
1133 179
1135 178
1137 178
1139 177
1141 177
1143 177
1145 176
1147 176
1149 175
1151 175
1153 175
1155 174
1157 174
1159 173
1161 173
1163 172
1165 172
1167 172
1169 171
1171 171
1173 170
1175 170
1177 170
1179 170
1181 169
1183 169
1185 169
1187 169
1189 169
1191 168
1193 168
1195 168
1197 168
