0 199
6 199
12 199
18 199
24 200
30 200
36 200
42 201
48 201
54 201
60 201
66 200
72 200
78 200
84 199
90 199
96 198
102 197
108 197
114 197
120 197
126 197
132 197
138 198
144 198
150 199
156 199
162 200
168 201
174 201
180 201
186 202
192 201
198 201
204 201
210 201
216 200
222 200
228 200
234 199
240 199
246 199
252 200
258 200
264 200
270 200
276 200
282 200
288 200
294 199
300 199
306 198
312 198
318 197
324 197
330 197
336 197
342 197
348 197
354 198
360 198
366 199
372 200
378 201
384 201
390 202
396 202
402 202
408 202
414 202
420 202
426 201
432 201
438 200
444 200
450 199
456 199
462 198
468 198
474 198
480 198
486 197
492 198
498 198
504 198
510 198
516 199
522 199
528 200
534 200
540 200
546 200
552 200
558 200
564 200
570 200
576 200
582 201
588 201
594 201
600 202
606 202
612 202
618 202
624 202
630 202
636 201
642 201
648 200
654 198
660 197
666 196
672 195
678 195
684 195
690 195
696 196
702 197
708 198
714 199
720 201
726 202
732 202
738 203
744 203
750 202
756 202
762 201
768 200
774 199
780 198
786 197
792 197
798 197
804 197
810 197
816 198
822 198
828 199
834 200
840 200
846 201
852 201
858 202
864 202
870 203
876 203
882 203
888 202
894 202
900 202
906 201
912 200
918 199
924 199
930 198
936 197
942 197
948 196
954 196
960 196
966 196
972 197
978 197
984 197
990 198
996 198
1002 199
1008 199
1014 199
1020 200
1026 200
1032 201
1038 201
1044 201
1050 202
1056 202
1062 202
1068 202
1074 201
1080 201
1086 201
1092 200
1098 200
1104 200
1110 199
1116 199
1122 199
1128 200
1134 200
1140 200
1146 200
1152 200
1158 200
1164 200
1170 200
1176 200
1182 199
1188 199
