0 200
6 200
12 201
18 202
24 204
30 205
36 207
42 208
48 209
54 209
60 208
66 207
72 205
78 203
84 200
90 197
96 194
102 191
108 189
114 188
120 188
126 188
132 190
138 192
144 195
150 198
156 202
162 205
168 208
174 210
180 212
186 212
192 212
198 211
204 210
210 208
216 206
222 205
228 204
234 203
240 203
246 203
252 204
258 204
264 205
270 205
276 205
282 204
288 203
294 201
300 198
306 195
312 192
318 190
324 188
330 187
336 187
342 188
348 190
354 192
360 196
366 200
372 205
378 209
384 212
390 215
396 216
402 217
408 217
414 216
420 215
426 212
432 209
438 206
444 203
450 200
456 197
462 195
468 193
474 192
480 191
486 191
492 191
498 192
504 194
510 195
516 197
522 199
528 200
534 202
540 203
546 204
552 204
558 205
564 206
570 206
576 207
582 209
588 210
594 212
600 214
606 215
612 216
618 216
624 215
630 214
636 211
642 206
648 200
654 194
660 188
666 184
672 181
678 180
684 180
690 181
696 184
702 188
708 194
713 200
717 206
723 212
729 215
735 218
741 218
747 218
753 216
759 212
765 208
771 202
777 197
783 193
789 190
795 188
801 187
807 188
813 189
819 191
825 194
831 198
837 203
843 207
849 211
855 214
861 217
867 218
873 219
879 219
885 219
891 217
897 215
903 212
909 208
915 203
921 199
927 194
933 191
939 188
945 186
951 185
957 185
963 185
969 185
975 187
981 188
987 190
993 193
999 196
1005 198
1011 201
1017 204
1023 206
1029 208
1035 210
1041 212
1047 212
1053 213
1059 213
1065 212
1071 211
1077 209
1083 208
1089 206
1095 204
1101 203
1107 202
1113 201
1119 201
1125 201
1131 201
1137 201
1143 202
1149 202
1155 202
1161 202
1167 202
1173 201
1179 201
1185 200
1191 200
