0 167
5 167
10 168
15 169
20 171
25 172
30 174
35 177
40 179
45 182
50 185
55 188
60 192
64 197
68 202
69 207
70 212
69 217
67 222
63 227
58 231
53 233
48 234
43 233
38 232
33 231
28 230
23 231
18 233
13 237
11 242
9 247
9 252
10 257
11 262
13 267
16 272
20 277
25 281
30 285
35 287
40 288
45 289
50 289
55 288
60 287
65 285
70 282
75 278
80 273
84 268
87 263
91 258
94 253
97 248
100 243
102 238
105 233
108 228
110 223
113 218
115 213
117 208
119 203
121 198
123 193
125 188
126 183
128 178
129 173
130 168
131 163
132 158
132 153
133 148
133 143
133 138
133 133
133 128
133 123
131 118
126 113
121 113
116 116
112 121
110 126
109 131
107 136
106 141
105 146
104 151
102 156
97 161
92 161
87 159
82 156
77 151
73 146
69 141
67 136
65 131
64 126
63 121
63 116
63 111
64 106
66 101
68 96
72 91
76 86
81 81
86 77
91 74
96 72
101 70
106 69
111 68
116 67
121 67
126 67
131 67
136 68
141 70
146 71
151 73
156 76
161 79
166 83
171 87
175 92
179 97
182 102
185 107
187 112
189 117
191 122
193 127
194 132
195 137
195 142
195 147
195 152
195 157
194 162
192 167
190 172
187 177
183 182
178 186
173 187
168 183
167 178
166 173
166 168
166 163
165 158
165 153
164 148
162 143
161 138
159 133
157 128
152 124
148 129
148 134
148 139
147 144
147 149
146 154
146 159
145 164
144 169
143 174
142 179
141 184
140 189
139 194
138 199
137 204
137 209
136 214
135 219
135 224
134 229
134 234
133 239
133 244
132 249
132 254
132 259
132 264
132 269
132 274
133 279
134 284
135 289
137 294
140 299
143 304
147 309
152 313
157 317
162 319
167 321
172 323
177 323
182 324
187 323
192 323
197 322
202 320
207 317
212 314
217 309
221 304
223 299
224 294
225 289
224 284
219 279
214 277
209 276
204 275
199 272
195 267
194 262
195 257
197 252
201 247
206 243
211 240
216 238
221 236
226 234
231 232
236 231
241 229
246 228
251 226
256 225
261 224
266 223
271 221
276 220
281 218
286 216
291 214
296 212
301 210
306 207
311 204
316 201
321 198
326 194
331 190
336 186
341 181
345 176
347 171
349 166
350 161
351 156
350 151
349 146
346 141
343 136
338 132
333 129
328 128
323 129
318 131
313 136
310 141
307 146
304 151
300 156
296 161
291 165
286 166
281 166
276 163
271 158
269 153
267 148
266 143
266 138
266 133
266 128
267 123
268 118
270 113
272 108
274 103
277 98
281 93
286 88
291 83
296 80
301 77
306 75
311 73
316 72
321 72
326 71
331 71
336 72
341 73
346 74
351 76
356 79
361 82
366 87
371 92
374 97
377 102
379 107
381 112
383 117
384 122
385 127
387 132
388 137
390 142
391 147
392 152
394 157
395 162
396 167
397 172
399 177
399 182
400 187
401 192
401 197
402 202
402 207
402 212
402 217
401 222
401 227
400 232
400 237
399 242
399 247
398 252
398 257
397 262
397 267
397 272
397 277
397 282
393 287
388 284
385 279
383 274
382 269
381 264
380 259
379 254
379 249
379 244
379 239
379 234
379 229
378 224
373 221
368 225
363 230
359 235
356 240
353 245
350 250
348 255
346 260
345 265
344 270
343 275
343 280
343 285
343 290
344 295
346 300
347 305
350 310
352 315
356 320
360 325
365 330
370 333
375 336
380 339
385 340
390 342
395 342
400 343
405 343
410 343
415 342
420 341
425 339
430 337
435 334
440 330
445 326
450 321
454 316
457 311
460 306
462 301
464 296
466 291
467 286
469 281
470 276
470 271
471 266
472 261
472 256
472 251
472 246
472 241
471 236
470 231
468 226
466 221
462 216
457 215
452 218
449 223
448 228
447 233
446 238
444 243
443 248
441 253
439 258
437 263
435 268
433 273
431 278
428 283
424 288
419 291
414 286
413 281
413 276
414 271
414 266
414 261
415 256
415 251
415 246
416 241
416 236
417 231
417 226
418 221
419 216
419 211
420 206
420 201
421 196
422 191
422 186
423 181
424 176
425 171
425 166
426 161
427 156
428 151
429 146
430 141
432 136
433 131
435 126
437 121
440 116
443 111
447 106
451 101
456 97
461 93
466 90
471 88
476 87
481 86
486 85
491 85
496 85
501 86
506 87
511 88
516 90
521 92
526 95
531 99
536 103
541 108
545 113
549 118
553 123
556 128
559 133
561 138
564 143
566 148
568 153
570 158
571 163
573 168
574 173
575 178
576 183
576 188
576 193
576 198
575 203
573 208
568 209
563 205
559 200
554 197
551 202
551 207
552 212
552 217
553 222
554 227
554 232
553 237
548 242
543 242
539 247
537 252
537 257
536 262
537 267
537 272
538 277
540 282
541 287
543 292
545 297
548 302
551 307
555 312
559 317
564 322
569 326
574 329
579 332
584 334
589 335
594 337
599 337
604 338
609 337
614 337
619 336
624 335
629 333
634 331
639 328
644 324
649 319
653 314
657 309
660 304
662 299
664 294
665 289
667 284
668 279
669 274
670 269
671 264
671 259
672 254
673 249
673 244
674 239
674 234
674 229
674 224
674 219
674 214
674 209
673 204
673 199
672 194
671 189
670 184
669 179
668 174
667 169
666 164
665 159
664 154
663 149
662 144
661 139
660 134
660 129
659 124
658 119
657 114
652 113
649 118
647 123
646 128
645 133
644 138
644 143
643 148
642 153
642 158
641 163
641 168
640 173
640 178
640 183
640 188
640 193
640 198
639 203
634 207
629 206
624 201
622 196
620 191
618 186
617 181
616 176
616 171
615 166
615 161
614 156
614 151
614 146
613 141
613 136
613 131
614 126
614 121
615 116
615 111
617 106
618 101
620 96
622 91
625 86
629 81
633 76
638 72
643 68
648 65
653 63
658 62
663 61
668 60
673 60
678 60
683 61
688 62
693 64
698 66
703 70
708 74
713 79
716 84
718 89
720 94
721 99
722 104
722 109
721 114
721 119
720 124
718 129
717 134
715 139
713 144
711 149
709 154
707 159
705 164
704 169
704 174
704 179
705 184
700 186
698 181
697 176
695 171
694 166
693 161
693 156
692 151
691 146
691 141
690 136
689 131
689 126
687 121
685 116
682 111
677 110
675 115
676 120
677 125
679 130
679 135
680 140
681 145
682 150
683 155
684 160
685 165
687 170
688 175
689 180
691 185
693 190
694 195
696 200
697 205
698 210
700 215
701 220
703 225
704 230
705 235
707 240
708 245
709 250
710 255
711 260
712 265
713 270
715 275
717 280
720 285
724 290
729 294
734 297
739 298
744 299
749 299
754 298
759 296
764 293
769 289
774 285
778 280
782 275
785 270
788 265
790 260
793 255
795 250
797 245
799 240
800 235
802 230
803 225
804 220
805 215
806 210
807 205
807 200
808 195
808 190
808 185
808 180
807 175
805 170
800 166
795 166
790 169
787 174
784 179
782 184
780 189
778 194
775 199
772 204
769 209
768 214
766 219
765 224
763 229
758 234
753 235
748 233
743 228
740 223
738 218
737 213
736 208
735 203
735 198
735 193
735 188
736 183
737 178
738 173
740 168
742 163
744 158
747 153
750 148
753 143
756 138
760 133
764 128
769 123
774 118
779 115
784 112
789 110
794 108
799 107
804 107
809 107
814 108
819 109
824 111
829 114
834 118
839 122
843 127
847 132
850 137
853 142
856 147
859 152
861 157
863 162
865 167
867 172
868 177
869 182
870 187
871 192
872 197
873 202
873 207
874 212
874 217
874 222
875 227
875 232
875 237
875 242
876 247
876 252
876 257
877 262
877 267
877 272
877 277
872 281
867 278
864 273
862 268
861 263
860 258
859 253
857 248
856 243
855 238
853 233
852 228
851 223
850 218
849 213
848 208
846 203
845 198
843 193
841 188
836 185
834 190
834 195
834 200
833 205
833 210
833 215
832 220
832 225
831 230
830 235
830 240
829 245
828 250
827 255
827 260
826 265
826 270
825 275
825 280
825 285
825 290
826 295
827 300
828 305
830 310
832 315
835 320
838 325
843 330
848 335
853 338
858 340
863 342
868 344
873 345
878 345
883 345
888 345
893 344
898 343
903 341
908 339
913 336
918 332
923 327
927 322
930 317
933 312
934 307
936 302
937 297
937 292
937 287
937 282
937 277
937 272
936 267
935 262
934 257
933 252
932 247
931 242
930 237
929 232
928 227
927 222
927 217
926 212
926 207
925 202
925 197
925 192
925 187
925 182
925 177
926 172
926 167
927 162
927 157
922 158
920 163
919 168
918 173
917 178
916 183
915 188
915 193
914 198
913 203
913 208
912 213
912 218
911 223
911 228
910 233
909 238
909 243
908 248
907 253
906 258
905 263
903 268
898 273
895 268
895 263
896 258
896 253
896 248
897 243
897 238
897 233
897 228
897 223
898 218
898 213
898 208
898 203
898 198
898 193
898 188
898 183
898 178
897 173
897 168
897 163
897 158
896 153
896 148
896 143
896 138
896 133
896 128
896 123
896 118
897 113
898 108
899 103
901 98
903 93
905 88
908 83
912 78
917 73
922 69
927 66
932 63
937 61
942 59
947 57
952 56
957 55
962 55
967 55
972 55
977 55
982 56
987 56
992 58
997 59
1002 61
1007 64
1012 67
1017 70
1022 75
1027 80
1031 85
1034 90
1036 95
1038 100
1039 105
1040 110
1041 115
1041 120
1040 125
1039 130
1038 135
1037 140
1035 145
1032 150
1029 155
1026 160
1022 165
1017 170
1012 175
1007 179
1002 183
997 185
992 186
987 185
982 180
981 175
981 170
981 165
982 160
982 155
982 150
983 145
983 140
982 135
980 130
975 126
970 125
965 126
960 128
955 133
952 138
950 143
949 148
949 153
948 158
948 163
948 168
948 173
948 178
948 183
949 188
949 193
950 198
951 203
953 208
954 213
956 218
958 223
960 228
963 233
965 238
968 243
971 248
974 253
977 258
981 263
984 268
988 273
991 278
995 283
999 288
1003 293
1007 298
1012 303
1017 307
1022 311
1027 314
1032 317
1037 319
1042 321
1047 322
1052 323
1057 323
1062 323
1067 322
1072 320
1077 318
1082 316
1087 312
1092 308
1096 303
1099 298
1101 293
1103 288
1104 283
1105 278
1105 273
1104 268
1103 263
1101 258
1097 253
1092 250
1087 248
1082 248
1077 250
1072 252
1067 256
1062 259
1057 262
1052 263
1047 263
1042 262
1037 260
1032 256
1028 251
1025 246
1023 241
1023 236
1024 231
1026 226
1029 221
1033 216
1038 212
1043 208
1048 204
1053 201
1058 198
1063 195
1068 193
1073 190
1078 188
1083 186
1088 185
1093 183
1098 182
1103 181
1108 180
1113 179
1118 178
1123 178
1128 177
1133 176
1138 176
1143 175
1148 174
1153 173
1158 172
1163 171
1168 170
1173 169
1178 168
1183 167
1188 167
1193 167
