0 213
6 213
12 213
18 214
24 215
30 216
36 216
42 217
48 217
54 218
60 217
66 217
72 216
78 214
84 213
90 211
96 210
102 208
108 207
114 207
120 207
126 207
132 208
138 209
144 210
150 212
156 214
162 216
168 217
174 218
180 219
186 219
192 219
198 219
204 218
210 217
216 216
222 215
228 215
234 214
240 214
246 214
252 215
258 215
264 215
270 216
276 216
282 215
288 215
294 214
300 212
306 211
312 209
318 208
324 207
330 206
336 206
342 206
348 208
354 209
360 211
366 213
372 215
378 217
384 219
390 221
396 221
402 222
408 222
414 221
420 220
426 219
432 218
438 216
444 215
450 213
456 212
462 210
468 209
474 209
480 208
486 208
492 208
498 209
504 210
510 211
516 212
522 213
528 213
534 214
540 215
546 215
552 215
558 216
564 216
570 216
576 217
582 217
588 218
594 219
600 220
606 221
612 221
618 222
624 221
630 220
636 219
642 216
648 213
654 210
660 207
666 205
672 203
678 202
684 202
690 202
696 204
702 207
708 210
714 214
720 217
726 220
732 222
738 223
744 223
750 222
756 220
762 218
768 215
774 212
780 210
786 208
792 207
798 206
804 206
810 207
816 208
822 210
828 212
834 214
840 216
846 218
852 219
858 221
864 222
870 223
876 223
882 223
888 222
894 221
900 220
906 218
912 216
918 213
924 211
930 209
936 208
942 206
948 205
954 205
960 205
966 205
972 206
978 206
984 208
990 209
996 210
1002 211
1008 213
1014 214
1020 215
1026 217
1032 218
1038 218
1044 219
1050 220
1056 220
1062 219
1068 219
1074 218
1080 218
1086 217
1092 216
1098 215
1104 214
1110 214
1116 213
1122 213
1128 214
1134 214
1140 214
1146 214
1152 215
1158 215
1164 214
1170 214
1176 214
1182 213
1188 213
