0 239
6 237
12 234
18 231
24 226
29 220
33 214
36 208
39 202
42 196
45 190
48 184
52 178
57 172
63 167
69 163
75 159
81 157
87 155
93 154
99 154
105 154
111 155
117 157
123 159
129 162
135 167
141 172
146 178
149 184
152 190
154 196
155 202
156 208
156 214
155 220
153 226
152 232
151 238
151 244
151 250
153 256
155 262
159 268
164 274
170 279
176 282
182 285
188 287
194 288
200 288
206 288
212 287
218 285
224 282
230 279
236 274
241 268
245 262
247 256
248 250
249 244
249 238
248 232
247 226
246 220
245 214
245 208
246 202
247 196
250 190
253 184
257 178
263 172
269 167
275 163
281 161
287 159
293 158
299 158
305 159
311 160
317 162
323 165
329 170
335 176
339 182
342 188
345 194
347 200
348 206
350 212
353 218
356 224
361 230
367 236
373 239
379 242
385 243
391 243
397 243
403 242
409 239
415 236
421 231
427 226
433 221
439 216
445 212
451 209
457 208
463 207
469 208
475 209
481 212
487 217
493 222
499 228
505 234
511 239
517 243
523 245
529 246
535 246
541 246
547 244
553 241
559 236
564 230
568 224
570 218
571 212
572 206
573 200
573 194
574 188
576 182
579 176
582 170
588 164
594 160
600 157
606 155
612 154
618 154
624 154
630 156
636 158
642 161
648 165
654 171
658 177
661 183
664 189
666 195
667 201
667 207
666 213
665 219
663 225
661 231
660 237
659 243
659 249
660 255
663 261
666 267
670 273
676 278
682 282
688 285
694 287
700 288
706 288
712 288
718 287
724 285
730 283
736 279
742 274
747 268
751 262
754 256
755 250
756 244
756 238
755 232
754 226
752 220
751 214
750 208
750 202
750 196
752 190
754 184
756 178
760 172
765 166
771 160
777 155
783 152
789 150
795 148
801 147
807 146
813 146
819 147
825 148
831 150
837 153
843 156
849 161
855 167
860 173
863 179
866 185
867 191
869 197
869 203
869 209
870 215
870 221
871 227
873 233
875 239
878 245
883 251
889 257
895 261
901 264
907 266
913 267
919 268
925 267
931 266
937 265
943 262
949 258
955 252
959 246
963 240
966 234
968 228
971 222
974 216
978 210
984 204
990 199
996 196
1002 194
1008 193
1014 193
1020 193
1026 194
1032 196
1038 198
1044 201
1050 203
1056 206
1062 209
1068 211
1074 213
1080 214
1086 215
1092 216
1098 216
1104 217
1110 218
1116 218
1122 220
1128 221
1134 223
1140 225
1146 228
1152 231
1158 233
1164 236
1170 238
1176 239
1182 240
1188 240
