0 247
6 245
12 242
18 239
24 234
30 228
34 222
36 216
38 210
40 204
40 198
41 192
41 186
41 180
42 174
44 168
47 162
51 156
56 150
62 145
68 141
74 138
80 135
86 134
92 133
98 132
104 133
110 133
116 135
122 137
128 139
134 143
140 147
146 153
151 159
155 165
158 171
161 177
163 183
164 189
165 195
165 201
164 207
163 213
160 219
156 225
151 231
146 237
144 243
143 249
142 255
143 261
144 267
147 273
150 279
154 285
160 291
166 296
172 299
178 302
184 304
190 305
196 306
202 306
208 305
214 304
220 303
226 300
232 297
238 292
244 286
248 280
252 274
254 268
255 262
256 256
256 250
254 244
252 238
248 232
243 226
239 220
237 214
236 208
236 202
236 196
237 190
239 184
241 178
244 172
247 166
252 160
257 154
263 149
269 145
275 142
281 140
287 139
293 138
299 138
305 138
311 139
317 141
323 144
329 148
335 153
340 159
344 165
346 171
347 177
348 183
347 189
347 195
346 201
346 207
346 213
347 219
350 225
353 231
358 237
364 243
370 246
376 249
382 250
388 251
394 250
400 249
406 246
412 242
418 237
422 231
426 225
430 219
435 213
441 207
447 203
453 200
459 199
465 199
471 200
477 202
483 206
489 211
493 217
497 223
501 229
504 235
509 241
515 247
521 251
527 253
533 254
539 254
545 253
551 251
557 248
563 243
569 237
573 231
575 225
577 219
578 213
578 207
577 201
575 195
573 189
571 183
570 177
570 171
571 165
573 159
577 153
582 147
588 142
594 138
600 136
606 134
612 134
618 133
624 134
630 135
636 137
642 140
648 143
654 148
660 154
664 160
668 166
671 172
673 178
675 184
676 190
677 196
677 202
676 208
674 214
671 220
666 226
660 232
656 238
654 244
653 250
652 256
653 262
655 268
657 274
660 280
664 286
670 292
676 296
682 300
688 302
694 304
700 305
706 305
712 305
718 304
724 303
730 301
736 298
742 294
748 288
754 282
758 276
761 270
763 264
764 258
765 252
765 246
764 240
761 234
757 228
751 222
746 216
743 210
742 204
741 198
741 192
742 186
743 180
744 174
746 168
749 162
753 156
757 150
762 144
768 139
774 134
780 131
786 128
792 126
798 125
804 124
810 124
816 124
822 125
828 126
834 128
840 131
846 134
852 138
858 144
863 150
867 156
870 162
872 168
874 174
874 180
874 186
873 192
871 198
869 204
866 210
864 216
863 222
863 228
863 234
864 240
866 246
869 252
873 258
878 264
884 270
890 274
896 277
902 280
908 281
914 282
920 282
926 282
932 281
938 279
944 276
950 271
956 265
960 259
962 253
964 247
965 241
965 235
965 229
965 223
966 217
968 211
970 205
974 199
979 193
985 188
991 184
997 181
1003 180
1009 179
1015 179
1021 179
1027 181
1033 183
1039 186
1045 189
1051 193
1057 197
1063 201
1069 204
1075 207
1081 209
1087 210
1093 212
1099 213
1105 214
1111 215
1117 216
1123 218
1129 220
1135 223
1141 227
1147 231
1153 234
1159 238
1165 241
1171 244
1177 246
1183 247
1189 248
