0 205
6 205
12 205
18 205
24 205
30 205
36 205
42 205
48 205
54 205
60 205
66 205
72 205
78 205
84 205
90 205
96 205
102 205
108 205
114 205
120 205
126 205
132 205
138 205
144 205
150 205
156 205
162 205
168 206
174 206
180 206
186 206
192 206
198 206
204 206
210 206
216 206
222 206
228 206
234 206
240 206
246 205
252 205
258 205
264 205
270 205
276 205
282 205
288 205
294 205
300 205
306 205
312 205
318 205
324 205
330 205
336 205
342 205
348 205
354 205
360 205
366 205
372 205
378 205
384 205
390 205
396 205
402 206
408 206
414 205
420 205
426 205
432 205
438 205
444 205
450 205
456 205
462 205
468 205
474 205
480 205
486 205
492 205
498 205
504 205
510 205
516 205
522 206
528 206
534 206
540 206
546 206
552 206
558 205
564 205
570 205
576 205
582 205
588 205
594 205
600 205
606 205
612 205
618 205
624 205
630 205
636 205
642 205
648 205
654 205
660 205
666 206
672 206
678 206
684 206
690 206
696 206
702 206
708 206
714 206
720 206
726 206
732 206
738 205
744 205
750 205
756 205
762 205
768 205
774 205
780 205
786 205
792 205
798 205
804 205
810 205
816 205
822 205
828 205
834 205
840 205
846 205
852 205
858 205
864 205
870 205
876 205
882 205
888 205
894 205
900 206
906 206
912 206
918 206
924 206
930 206
936 206
942 206
948 206
954 206
960 206
966 206
972 205
978 205
984 205
990 205
996 205
1002 205
1008 205
1014 205
1020 205
1026 205
1032 205
1038 205
1044 205
1050 205
1056 205
1062 206
1068 206
1074 205
1080 205
1086 205
1092 205
1098 205
1104 205
1110 205
1116 205
1122 205
1128 205
1134 205
1140 205
1146 205
1152 205
1158 205
1164 205
1170 205
1176 205
1182 205
1188 205
