0 234
6 232
12 229
18 226
24 221
29 215
34 209
38 203
41 197
45 191
49 185
54 179
60 173
66 168
72 165
78 162
84 160
90 159
96 158
102 158
108 159
114 160
120 162
126 165
132 168
138 174
144 180
147 186
150 192
152 198
153 204
154 210
154 216
153 222
153 228
152 234
153 240
154 246
156 252
159 258
163 264
169 270
175 274
181 277
187 279
193 281
199 281
205 281
211 280
217 278
223 276
229 272
235 267
240 261
243 255
246 249
247 243
248 237
248 231
247 225
247 219
247 213
247 207
248 201
250 195
253 189
256 183
261 177
267 172
273 168
279 165
285 163
291 162
297 162
303 162
309 163
315 165
321 168
327 171
333 177
338 183
342 189
345 195
347 201
350 207
353 213
357 219
361 225
367 230
373 234
379 236
385 238
391 238
397 238
403 237
409 235
415 231
421 227
427 223
433 218
439 214
445 210
451 208
457 206
463 206
469 206
475 208
481 211
487 215
493 219
499 225
505 230
511 235
517 238
523 240
529 241
535 241
541 240
547 239
553 235
559 230
564 224
567 218
569 212
571 206
572 200
574 194
575 188
578 182
581 176
586 170
592 165
598 161
604 159
610 158
616 157
622 157
628 158
634 160
640 163
646 168
652 173
656 179
660 185
662 191
663 197
664 203
664 209
664 215
663 221
662 227
661 233
661 239
661 245
663 251
665 257
669 263
674 269
680 274
686 277
692 279
698 281
704 281
710 281
716 281
722 279
728 276
734 273
740 268
745 262
749 256
752 250
753 244
754 238
754 232
754 226
753 220
752 214
752 208
752 202
752 196
754 190
756 184
759 178
764 172
769 166
775 161
781 157
787 155
793 152
799 151
805 150
811 150
817 151
823 152
829 154
835 156
841 159
847 164
853 169
858 175
862 181
864 187
866 193
868 199
869 205
870 211
871 217
873 223
875 229
877 235
881 241
886 247
892 252
898 256
904 258
910 260
916 261
922 261
928 260
934 259
940 257
946 253
952 249
957 243
962 237
965 231
968 225
972 219
976 213
981 207
987 202
993 198
999 195
1005 194
1011 193
1017 193
1023 194
1029 195
1035 197
1041 199
1047 202
1053 204
1059 207
1065 209
1071 210
1077 212
1083 213
1089 213
1095 214
1101 214
1107 215
1113 215
1119 216
1125 217
1131 219
1137 221
1143 223
1149 225
1155 228
1161 230
1167 232
1173 233
1179 235
1185 235
1191 235
