0 249
6 248
12 245
18 242
24 237
30 231
35 225
38 219
40 213
41 207
42 201
42 195
41 189
41 183
40 177
40 171
41 165
43 159
46 153
49 147
54 141
60 136
66 132
72 129
78 126
84 125
90 123
96 123
102 123
108 124
114 125
120 126
126 129
132 132
138 136
144 141
150 147
154 153
158 159
161 165
163 171
165 177
167 183
168 189
168 195
168 201
167 207
166 213
163 219
157 225
151 230
145 236
141 242
140 248
139 254
139 260
140 266
142 272
144 278
148 284
152 290
158 296
164 301
170 304
176 307
182 309
188 311
194 312
200 312
206 311
212 310
218 309
224 307
230 304
236 300
242 295
247 289
251 283
254 277
257 271
258 265
259 259
258 253
257 247
255 241
251 235
245 230
239 224
235 218
233 212
232 206
232 200
233 194
234 188
235 182
237 176
239 170
242 164
246 158
250 152
256 146
262 141
268 137
274 134
280 131
286 130
292 129
298 129
304 129
310 130
316 132
322 134
328 137
334 142
340 148
344 154
346 160
348 166
349 172
349 178
348 184
346 190
344 196
343 202
343 208
343 214
345 220
347 226
350 232
355 238
361 244
367 248
373 250
379 252
385 253
391 253
397 252
403 250
409 246
415 241
419 235
423 229
426 223
430 217
434 211
439 205
445 200
451 197
457 196
463 195
469 196
475 197
481 200
487 205
492 211
496 217
499 223
502 229
504 235
508 241
514 247
520 252
526 254
532 256
538 256
544 255
550 254
556 251
562 247
568 242
573 236
576 230
579 224
581 218
582 212
582 206
581 200
578 194
575 188
572 182
569 176
568 170
568 164
569 158
571 152
574 146
579 140
585 135
591 131
597 128
603 126
609 125
615 124
621 125
627 126
633 127
639 129
645 133
651 137
657 142
662 148
667 154
670 160
673 166
675 172
677 178
679 184
680 190
680 196
680 202
680 208
678 214
674 220
668 226
662 230
656 235
653 241
651 247
650 253
650 259
651 265
652 271
654 277
658 283
662 289
667 295
673 300
679 304
685 306
691 308
697 310
703 310
709 311
715 310
721 309
727 307
733 305
739 301
745 297
751 292
756 286
760 280
763 274
765 268
767 262
768 256
768 250
768 244
766 238
764 232
758 226
752 222
746 218
742 212
739 206
738 200
738 194
738 188
739 182
740 176
741 170
743 164
746 158
749 152
752 146
757 140
762 134
768 129
774 125
780 121
786 119
792 117
798 115
804 115
810 114
816 114
822 115
828 116
834 118
840 121
846 124
852 128
858 133
863 139
868 145
871 151
874 157
875 163
876 169
877 175
876 181
875 187
873 193
869 199
865 205
862 211
860 217
859 223
859 229
859 235
861 241
863 247
866 253
869 259
874 265
879 271
885 276
891 280
897 283
903 285
909 286
915 287
921 287
927 286
933 285
939 283
945 280
951 275
957 269
961 263
963 257
964 251
965 245
965 239
964 233
963 227
963 221
963 215
965 209
967 203
970 197
974 191
980 185
986 180
992 177
998 175
1004 173
1010 172
1016 173
1022 173
1028 175
1034 177
1040 181
1046 184
1052 189
1058 193
1064 197
1070 201
1076 204
1082 206
1088 208
1094 209
1100 211
1106 212
1112 213
1118 215
1124 217
1130 220
1136 223
1142 227
1148 232
1154 236
1160 240
1166 244
1172 246
1178 248
1184 249
1190 250
