0 200
6 200
12 200
18 200
24 200
30 200
36 200
42 200
48 200
54 200
60 200
66 200
72 200
78 200
84 199
90 199
96 199
102 199
108 199
114 199
120 200
126 200
132 200
138 200
144 200
150 200
156 201
162 201
168 201
174 201
180 201
186 202
192 202
198 202
204 202
210 202
216 202
222 201
228 201
234 201
240 201
246 201
252 200
258 200
264 200
270 200
276 200
282 200
288 200
294 200
300 200
306 200
312 200
318 200
324 200
330 200
336 200
342 200
348 200
354 200
360 200
366 200
372 201
378 201
384 201
390 201
396 201
402 201
408 201
414 201
420 201
426 201
432 201
438 201
444 200
450 200
456 200
462 200
468 200
474 200
480 200
486 200
492 200
498 200
504 201
510 201
516 201
522 201
528 201
534 201
540 201
546 201
552 201
558 201
564 201
570 200
576 200
582 200
588 200
594 200
600 200
606 199
612 199
618 199
624 199
630 200
636 200
642 200
648 200
654 200
660 201
666 201
672 201
678 201
684 201
690 202
696 202
702 202
708 202
714 202
720 201
726 201
732 201
738 201
744 201
750 200
756 200
762 200
768 200
774 200
780 200
786 199
792 199
798 199
804 199
810 199
816 199
822 199
828 199
834 200
840 200
846 200
852 200
858 200
864 200
870 200
876 200
882 200
888 201
894 201
900 201
906 201
912 201
918 201
924 201
930 201
936 201
942 201
948 201
954 201
960 201
966 201
972 201
978 201
984 200
990 200
996 200
1002 200
1008 200
1014 200
1020 200
1026 200
1032 200
1038 200
1044 200
1050 201
1056 201
1062 201
1068 201
1074 201
1080 201
1086 201
1092 200
1098 200
1104 200
1110 200
1116 200
1122 200
1128 200
1134 200
1140 200
1146 200
1152 201
1158 201
1164 201
1170 201
1176 201
1182 201
1188 201
