0 205
6 205
12 204
18 204
24 204
30 204
36 204
42 205
48 205
54 205
60 205
66 205
72 206
78 206
84 206
90 206
96 205
102 205
108 205
114 205
120 204
126 204
132 204
138 204
144 203
150 203
156 203
162 203
168 203
174 203
180 204
186 204
192 204
198 205
204 205
210 205
216 206
222 206
228 206
234 206
240 206
246 206
252 206
258 205
264 205
270 205
276 204
282 204
288 204
294 204
300 204
306 204
312 205
318 205
324 205
330 205
336 205
342 205
348 205
354 205
360 204
366 204
372 204
378 204
384 204
390 204
396 204
402 204
408 205
414 205
420 205
426 206
432 206
438 206
444 206
450 205
456 205
462 205
468 205
474 204
480 204
486 204
492 203
498 203
504 203
510 203
516 204
522 204
528 204
534 204
540 205
546 205
552 205
558 205
564 206
570 205
576 205
582 205
588 205
594 205
600 205
606 205
612 205
618 205
624 205
630 205
636 206
642 206
648 206
654 206
660 205
666 205
672 205
678 204
684 204
690 203
696 203
702 203
708 203
714 203
720 203
726 204
732 204
738 204
744 205
750 205
756 206
762 206
768 206
774 206
780 205
786 205
792 205
798 204
804 204
810 203
816 203
822 203
828 203
834 203
840 203
846 204
852 204
858 205
864 206
870 207
876 207
882 208
888 208
894 208
900 208
906 208
912 208
918 207
924 207
930 206
936 205
942 204
948 204
954 203
960 203
966 202
972 202
978 202
984 203
990 203
996 203
1002 204
1008 204
1014 205
1020 205
1026 205
1032 205
1038 205
1044 205
1050 204
1056 204
1062 204
1068 204
1074 204
1080 204
1086 204
1092 204
1098 205
1104 205
1110 205
1116 205
1122 205
1128 205
1134 205
1140 205
1146 205
1152 205
1158 205
1164 205
1170 205
1176 205
1182 205
1188 205
