0 214
6 214
12 214
18 214
24 214
30 214
36 214
42 214
48 214
54 214
60 215
66 215
72 215
78 215
84 215
90 215
96 215
102 215
108 214
114 214
120 214
126 214
132 214
138 214
144 214
150 213
156 213
162 213
168 213
174 214
180 214
186 214
192 214
198 214
204 214
210 214
216 215
222 215
228 215
234 215
240 215
246 215
252 215
258 215
264 214
270 214
276 214
282 214
288 214
294 214
300 214
306 214
312 214
318 214
324 214
330 214
336 214
342 214
348 214
354 214
360 214
366 214
372 214
378 214
384 214
390 214
396 214
402 214
408 214
414 214
420 215
426 215
432 215
438 215
444 215
450 215
456 215
462 214
468 214
474 214
480 214
486 214
492 214
498 213
504 213
510 213
516 214
522 214
528 214
534 214
540 214
546 214
552 215
558 215
564 215
570 215
576 215
582 215
588 214
594 214
600 214
606 214
612 214
618 214
624 215
630 215
636 215
642 215
648 215
654 215
660 215
666 214
672 214
678 214
684 214
690 214
696 213
702 213
708 213
714 213
720 213
726 214
732 214
738 214
744 214
750 215
756 215
762 215
768 215
774 215
780 215
786 214
792 214
798 214
804 214
810 213
816 213
822 213
828 213
834 213
840 213
846 214
852 214
858 214
864 215
870 215
876 216
882 216
888 216
894 216
900 216
906 216
912 216
918 216
924 215
930 215
936 215
942 214
948 214
954 213
960 213
966 213
972 213
978 213
984 213
990 213
996 213
1002 214
1008 214
1014 214
1020 214
1026 214
1032 214
1038 214
1044 214
1050 214
1056 214
1062 214
1068 214
1074 214
1080 214
1086 214
1092 214
1098 214
1104 214
1110 215
1116 215
1122 215
1128 215
1134 214
1140 214
1146 214
1152 214
1158 214
1164 214
1170 214
1176 214
1182 214
1188 214
