0 201
6 201
12 201
18 201
24 201
30 201
36 201
42 201
48 201
54 201
60 201
66 201
72 201
78 201
84 201
90 201
96 201
102 201
108 201
114 201
120 201
126 200
132 200
138 200
144 200
150 200
156 200
162 200
168 200
174 200
180 200
186 200
192 200
198 201
204 201
210 201
216 201
222 201
228 201
234 201
240 201
246 201
252 201
258 201
264 201
270 201
276 201
282 200
288 200
294 200
300 200
306 201
312 201
318 201
324 201
330 201
336 201
342 201
348 201
354 201
360 201
366 200
372 200
378 200
384 200
390 200
396 200
402 201
408 201
414 201
420 201
426 201
432 201
438 201
444 201
450 201
456 201
462 201
468 201
474 201
480 200
486 200
492 200
498 200
504 200
510 200
516 200
522 200
528 200
534 201
540 201
546 201
552 201
558 201
564 201
570 201
576 201
582 201
588 201
594 201
600 201
606 201
612 201
618 201
624 201
630 201
636 201
642 201
648 201
654 201
660 201
666 201
672 201
678 201
684 200
690 200
696 200
702 200
708 200
714 200
720 200
726 200
732 200
738 201
744 201
750 201
756 201
762 201
768 201
774 201
780 201
786 201
792 201
798 200
804 200
810 200
816 200
822 200
828 200
834 200
840 200
846 200
852 201
858 201
864 201
870 201
876 201
882 202
888 202
894 202
900 202
906 202
912 202
918 201
924 201
930 201
936 201
942 201
948 200
954 200
960 200
966 200
972 200
978 200
984 200
990 200
996 200
1002 200
1008 201
1014 201
1020 201
1026 201
1032 201
1038 201
1044 201
1050 200
1056 200
1062 200
1068 200
1074 200
1080 200
1086 200
1092 201
1098 201
1104 201
1110 201
1116 201
1122 201
1128 201
1134 201
1140 201
1146 201
1152 201
1158 201
1164 201
1170 201
1176 201
1182 201
1188 201
