0 215
6 215
12 215
18 215
24 215
30 215
36 215
42 215
48 215
54 215
60 215
66 215
72 215
78 215
84 215
90 215
96 215
102 215
108 215
114 215
120 215
126 214
132 214
138 214
144 214
150 214
156 214
162 214
168 214
174 214
180 214
186 214
192 214
198 215
204 215
210 215
216 215
222 215
228 216
234 216
240 216
246 215
252 215
258 215
264 215
270 215
276 215
282 214
288 214
294 214
300 214
306 215
312 215
318 215
324 215
330 215
336 215
342 215
348 215
354 215
360 215
366 214
372 214
378 214
384 214
390 214
396 214
402 215
408 215
414 215
420 215
426 215
432 215
438 215
444 215
450 215
456 215
462 215
468 215
474 214
480 214
486 214
492 214
498 214
504 214
510 214
516 214
522 214
528 214
534 215
540 215
546 215
552 215
558 215
564 215
570 215
576 215
582 215
588 215
594 215
600 215
606 215
612 215
618 215
624 215
630 215
636 215
642 215
648 215
654 215
660 215
666 215
672 215
678 215
684 214
690 214
696 214
702 214
708 214
714 214
720 214
726 214
732 214
738 215
744 215
750 215
756 215
762 215
768 215
774 215
780 215
786 215
792 215
798 214
804 214
810 214
816 214
822 213
828 213
834 214
840 214
846 214
852 215
858 215
864 215
870 216
876 216
882 217
888 217
894 217
900 217
906 217
912 217
918 216
924 216
930 216
936 215
942 215
948 214
954 214
960 213
966 213
972 213
978 213
984 213
990 214
996 214
1002 214
1008 214
1014 215
1020 215
1026 215
1032 215
1038 215
1044 215
1050 214
1056 214
1062 214
1068 214
1074 214
1080 214
1086 214
1092 215
1098 215
1104 215
1110 215
1116 215
1122 215
1128 215
1134 215
1140 215
1146 215
1152 215
1158 215
1164 215
1170 215
1176 215
1182 215
1188 215
