0 208
6 208
12 208
18 208
24 208
30 208
36 208
42 208
48 208
54 208
60 209
66 209
72 209
78 209
84 209
90 209
96 209
102 209
108 208
114 208
120 208
126 208
132 207
138 207
144 207
150 207
156 207
162 207
168 207
174 207
180 207
186 207
192 208
198 208
204 208
210 209
216 209
222 209
228 209
234 209
240 209
246 209
252 209
258 209
264 208
270 208
276 208
282 208
288 208
294 208
300 208
306 208
312 208
318 208
324 208
330 208
336 208
342 208
348 208
354 208
360 208
366 208
372 208
378 207
384 207
390 208
396 208
402 208
408 208
414 208
420 209
426 209
432 209
438 209
444 209
450 209
456 209
462 208
468 208
474 208
480 207
486 207
492 207
498 207
504 207
510 207
516 207
522 207
528 208
534 208
540 208
546 208
552 209
558 209
564 209
570 209
576 209
582 209
588 208
594 208
600 208
606 208
612 208
618 208
624 209
630 209
636 209
642 209
648 209
654 209
660 209
666 209
672 208
678 208
684 207
690 207
696 207
702 207
708 207
714 207
720 207
726 207
732 208
738 208
744 208
750 209
756 209
762 209
768 209
774 209
780 209
786 208
792 208
798 208
804 207
810 207
816 207
822 206
828 206
834 206
840 207
846 207
852 208
858 208
864 209
870 210
876 210
882 211
888 211
894 211
900 211
906 211
912 211
918 210
924 210
930 209
936 209
942 208
948 207
954 207
960 206
966 206
972 206
978 206
984 206
990 207
996 207
1002 207
1008 208
1014 208
1020 208
1026 208
1032 208
1038 208
1044 208
1050 208
1056 208
1062 207
1068 207
1074 207
1080 208
1086 208
1092 208
1098 208
1104 208
1110 209
1116 209
1122 209
1128 209
1134 209
1140 208
1146 208
1152 208
1158 208
1164 208
1170 208
1176 208
1182 208
1188 208
