0 154
6 153
12 153
18 154
24 155
30 157
36 160
42 164
48 169
53 175
58 181
62 187
66 193
69 199
71 205
72 211
72 217
70 223
64 229
58 231
52 234
48 240
46 246
45 252
46 258
47 264
50 270
54 276
60 282
66 286
72 289
78 290
84 291
90 291
96 290
102 288
108 285
114 280
120 275
125 269
128 263
132 257
134 251
137 245
139 239
141 233
142 227
144 221
145 215
146 209
146 203
146 197
146 191
144 185
138 180
132 182
126 187
120 189
114 186
110 180
108 174
106 168
105 162
104 156
105 150
105 144
107 138
109 132
112 126
116 120
122 114
128 109
134 106
140 103
146 101
152 100
158 100
164 100
170 100
176 102
182 104
188 107
194 110
200 115
205 121
209 127
212 133
214 139
216 145
216 151
216 157
216 163
215 169
213 175
211 181
209 187
206 193
200 199
194 199
189 193
183 189
177 195
175 201
175 207
174 213
174 219
174 225
175 231
175 237
176 243
177 249
178 255
180 261
182 267
184 273
188 279
192 285
197 291
203 296
209 300
215 302
221 304
227 305
233 305
239 304
245 303
251 300
257 297
263 292
267 286
270 280
272 274
273 268
272 262
269 256
263 251
257 250
251 250
245 250
239 248
233 243
231 237
230 231
231 225
232 219
235 213
239 207
244 201
249 195
255 190
261 186
267 183
273 181
279 181
285 182
291 184
297 188
303 194
309 200
315 204
321 206
327 207
333 208
339 207
345 205
351 202
357 196
360 190
362 184
363 178
365 172
369 166
375 162
381 160
387 159
393 160
399 162
405 165
411 170
417 176
422 182
426 188
429 194
432 200
434 206
436 212
436 218
435 224
431 230
425 234
419 235
413 236
407 239
403 245
401 251
401 257
402 263
405 269
408 275
414 281
420 285
426 288
432 289
438 290
444 290
450 288
456 286
462 283
468 279
474 273
478 267
481 261
484 255
486 249
487 243
488 237
489 231
489 225
489 219
489 213
488 207
487 201
481 195
475 196
469 197
463 191
461 185
459 179
458 173
457 167
456 161
456 155
457 149
458 143
460 137
464 131
468 125
474 119
480 115
486 112
492 110
498 109
504 109
510 109
516 109
522 111
528 113
534 116
540 120
546 126
551 132
555 138
558 144
560 150
562 156
562 162
562 168
560 174
556 180
550 182
544 180
538 177
532 177
526 182
524 188
524 194
524 200
525 206
527 212
529 218
532 224
535 230
539 236
545 242
551 247
557 251
563 254
569 256
575 257
581 259
587 260
593 261
599 263
605 265
611 267
617 269
623 271
629 273
635 274
641 275
647 275
653 275
659 273
665 271
671 267
677 261
682 255
686 249
689 243
691 237
693 231
695 225
696 219
697 213
698 207
699 201
699 195
698 189
696 183
690 177
684 177
678 180
672 186
666 190
660 190
654 186
649 180
647 174
646 168
646 162
646 156
647 150
649 144
652 138
656 132
661 126
667 121
673 117
679 114
685 112
691 111
697 111
703 111
709 112
715 114
721 117
727 121
733 126
738 132
743 138
747 144
750 150
753 156
756 162
758 168
760 174
762 180
764 186
765 192
766 198
765 204
759 209
753 205
747 199
741 193
735 191
730 197
729 203
729 209
729 215
729 221
730 227
731 233
733 239
735 245
738 251
743 257
749 263
755 266
761 268
767 269
773 269
779 269
785 267
791 265
797 263
803 259
809 256
815 252
821 247
827 242
833 237
838 231
843 225
846 219
848 213
849 207
848 201
846 195
843 189
837 183
831 181
825 182
819 188
816 194
811 200
805 203
799 202
794 196
791 190
790 184
789 178
788 172
788 166
787 160
788 154
788 148
789 142
791 136
794 130
797 124
803 118
809 113
815 110
821 109
827 108
833 108
839 109
845 112
851 115
857 120
861 126
865 132
868 138
870 144
871 150
873 156
874 162
876 168
878 174
880 180
881 186
883 192
885 198
887 204
889 210
890 216
891 222
892 228
893 234
894 240
895 246
895 252
895 258
896 264
896 270
896 276
897 282
897 288
898 294
898 300
894 306
888 304
883 298
881 292
879 286
877 280
876 274
876 268
874 262
872 256
866 254
860 259
855 265
851 271
848 277
845 283
843 289
841 295
841 301
841 307
842 313
844 319
847 325
851 331
857 337
863 342
869 345
875 348
881 350
887 351
893 352
899 353
905 353
911 352
917 351
923 350
929 348
935 345
941 342
947 337
953 332
957 326
961 320
964 314
965 308
966 302
967 296
966 290
965 284
964 278
961 272
957 266
952 260
946 255
940 252
934 252
931 258
930 264
929 270
929 276
928 282
927 288
925 294
922 300
916 304
910 300
909 294
909 288
908 282
908 276
907 270
906 264
906 258
905 252
905 246
905 240
904 234
904 228
904 222
904 216
905 210
905 204
905 198
906 192
907 186
908 180
909 174
910 168
911 162
913 156
914 150
916 144
917 138
919 132
921 126
924 120
928 114
932 108
938 103
944 99
950 96
956 93
962 92
968 91
974 91
980 92
986 94
992 96
998 99
1004 104
1009 110
1013 116
1015 122
1016 128
1016 134
1015 140
1012 146
1008 152
1002 156
996 159
990 159
984 157
978 153
972 151
966 151
960 154
954 159
950 165
947 171
946 177
946 183
946 189
948 195
951 201
956 207
962 212
968 215
974 218
980 220
986 222
992 223
998 224
1004 224
1010 223
1016 220
1022 216
1027 210
1030 204
1034 198
1038 192
1044 187
1050 183
1056 181
1062 179
1068 178
1074 177
1080 178
1086 179
1092 182
1098 187
1103 193
1107 199
1108 205
1109 211
1108 217
1105 223
1101 229
1097 235
1096 241
1096 247
1098 253
1102 259
1107 265
1113 269
1119 272
1125 274
1131 275
1137 274
1143 274
1149 272
1155 269
1161 265
1167 259
1171 253
1175 247
1177 241
1178 235
1179 229
1178 223
1175 217
1172 211
1169 205
1167 199
1167 193
1168 187
1170 181
1173 175
1177 169
1182 163
1188 159
