0 199
6 199
12 199
18 199
24 199
30 199
36 199
42 199
48 200
54 200
60 200
66 200
72 201
78 201
84 201
90 201
96 201
102 200
108 200
114 200
120 199
126 199
132 198
138 198
144 198
150 198
156 198
162 197
168 198
174 198
180 198
186 198
192 199
198 199
204 200
210 200
216 201
222 201
228 201
234 201
240 201
246 201
252 201
258 200
264 200
270 200
276 199
282 199
288 199
294 199
300 199
306 199
312 199
318 200
324 200
330 200
336 200
342 200
348 200
354 199
360 199
366 199
372 199
378 199
384 198
390 199
396 199
402 199
408 200
414 200
420 200
426 201
432 201
438 201
444 201
450 201
456 200
462 200
468 199
474 199
480 199
486 198
492 198
498 198
504 198
510 198
516 198
522 198
528 199
534 199
540 200
546 200
552 200
558 201
564 201
570 201
576 200
582 200
588 200
594 200
600 200
606 200
612 200
618 200
624 200
630 201
636 201
642 201
648 201
654 201
660 201
666 200
672 200
678 199
684 198
690 198
696 197
702 197
708 197
714 197
720 198
726 198
732 199
738 199
744 200
750 200
756 201
762 201
768 201
774 201
780 201
786 200
792 199
798 199
804 198
810 197
816 197
822 197
828 197
834 197
840 197
846 198
852 199
858 200
864 201
870 202
876 203
882 204
888 204
894 205
900 205
906 204
912 204
918 203
924 202
930 201
936 200
942 199
948 198
954 197
960 197
966 196
972 196
978 196
984 197
990 197
996 198
1002 198
1008 199
1014 199
1020 200
1026 200
1032 200
1038 200
1044 199
1050 199
1056 199
1062 199
1068 198
1074 198
1080 199
1086 199
1092 199
1098 200
1104 200
1110 200
1116 200
1122 200
1128 200
1134 200
1140 200
1146 200
1152 200
1158 200
1164 200
1170 200
1176 200
1182 200
1188 200
