0 202
6 202
12 201
18 201
24 201
30 201
36 202
42 202
48 202
54 203
60 203
66 203
72 203
78 204
84 204
90 204
96 203
102 203
108 203
114 202
120 202
126 201
132 201
138 200
144 200
150 199
156 199
162 199
168 199
174 200
180 200
186 201
192 201
198 202
204 202
210 203
216 204
222 204
228 204
234 204
240 204
246 204
252 204
258 203
264 203
270 202
276 202
282 201
288 201
294 201
300 201
306 201
312 202
318 202
324 202
330 202
336 202
342 202
348 202
354 202
360 201
366 201
372 201
378 201
384 201
390 201
396 201
402 201
408 202
414 203
420 203
426 203
432 204
438 204
444 204
450 203
456 203
462 202
468 202
474 201
480 201
486 200
492 200
498 200
504 200
510 200
516 200
522 200
528 201
534 201
540 202
546 202
552 203
558 203
564 203
570 203
576 203
582 203
588 203
594 203
600 202
606 202
612 203
618 203
624 203
630 203
636 204
642 204
648 204
654 204
660 203
666 203
672 202
678 201
684 200
690 200
696 199
702 199
708 199
714 199
720 199
726 200
732 201
738 202
744 202
750 203
756 204
762 204
768 204
774 204
780 203
786 203
792 202
798 201
804 200
810 199
816 199
822 198
828 198
834 198
840 199
846 200
852 201
858 202
864 204
870 205
876 206
882 207
888 208
894 208
900 209
906 208
912 208
918 207
924 206
930 204
936 203
942 201
948 200
954 199
960 198
966 198
972 198
978 198
984 198
990 199
996 200
1002 200
1008 201
1014 202
1020 202
1026 202
1032 202
1038 202
1044 202
1050 201
1056 201
1062 201
1068 201
1074 201
1080 201
1086 201
1092 202
1098 202
1104 202
1110 203
1116 203
1122 203
1128 203
1134 203
1140 203
1146 203
1152 202
1158 202
1164 202
1170 202
1176 202
1182 202
1188 202
