0 194
6 193
12 193
18 193
24 195
30 197
36 201
42 206
48 212
53 218
58 224
64 230
70 233
76 236
82 237
88 237
94 236
100 233
106 230
111 224
115 218
118 212
120 206
121 200
123 194
126 188
129 182
135 176
141 171
147 168
153 167
159 166
165 167
171 168
177 170
183 174
189 180
192 186
195 192
196 198
197 204
198 210
199 216
201 222
204 228
208 234
214 239
220 242
226 244
232 244
238 243
244 241
250 237
256 231
260 225
263 219
266 213
270 207
276 201
282 197
288 196
294 196
300 196
306 198
312 201
318 204
324 207
330 208
336 209
342 208
348 205
354 202
360 198
366 194
372 192
378 191
384 191
390 192
396 196
402 201
406 207
409 213
413 219
417 225
423 231
429 235
435 236
441 237
447 236
453 233
459 229
463 223
466 217
468 211
470 205
471 199
473 193
476 187
481 181
487 176
493 173
499 172
505 171
511 172
517 174
523 178
529 184
533 190
536 196
539 202
542 208
546 214
552 220
558 223
564 224
570 225
576 225
582 224
588 223
594 223
600 223
606 224
612 225
618 227
624 229
630 231
636 233
642 233
648 232
654 230
660 227
665 221
669 215
671 209
672 203
673 197
674 191
676 185
680 179
686 173
692 170
698 168
704 167
710 168
716 169
722 173
728 178
732 184
734 190
736 196
737 202
737 208
738 214
740 220
743 226
748 232
754 236
760 238
766 239
772 238
778 236
784 232
790 226
794 220
796 214
798 208
798 202
798 196
798 190
799 184
801 178
804 172
810 166
816 162
822 159
828 158
834 158
840 159
846 162
852 165
858 170
862 176
866 182
868 188
870 194
871 200
871 206
870 212
868 218
865 224
862 230
860 236
859 242
859 248
861 254
863 260
867 266
873 271
879 276
885 278
891 280
897 281
903 280
909 279
915 278
921 275
927 270
933 264
936 258
939 252
940 246
940 240
939 234
937 228
933 222
930 216
927 210
926 204
926 198
926 192
928 186
930 180
933 174
937 168
943 163
949 159
955 156
961 155
967 154
973 155
979 156
985 159
991 165
995 171
998 177
999 183
1000 189
1002 195
1004 201
1008 207
1014 213
1020 216
1026 217
1032 218
1038 216
1044 214
1050 210
1056 206
1062 202
1068 199
1074 198
1080 198
1086 199
1092 202
1098 206
1104 212
1110 217
1116 221
1122 224
1128 226
1134 226
1140 226
1146 224
1152 221
1158 218
1164 214
1170 210
1176 205
1182 201
1188 198
