0 235
1 230
2 225
2 220
1 215
1197 210
1192 208
1187 211
1182 215
1177 220
1172 222
1167 221
1163 216
1161 211
1160 206
1159 201
1159 196
1158 191
1159 186
1159 181
1160 176
1161 171
1163 166
1165 161
1168 156
1172 151
1177 146
1182 142
1187 139
1192 137
1197 136
2 135
7 134
12 135
17 135
22 136
27 138
32 140
37 142
42 145
47 148
52 152
57 156
62 160
67 165
72 169
77 174
81 179
86 184
90 189
93 194
97 199
99 204
102 209
103 214
104 219
104 224
104 229
102 234
100 239
95 244
90 248
85 249
80 248
75 245
72 240
69 235
65 230
61 225
56 222
51 223
46 226
42 231
40 236
38 241
37 246
36 251
36 256
36 261
36 266
36 271
37 276
38 281
39 286
41 291
44 296
48 301
52 306
57 310
62 312
67 315
72 316
77 317
82 317
87 317
92 316
97 314
102 312
107 309
112 306
117 301
121 296
124 291
126 286
129 281
131 276
133 271
135 266
136 261
138 256
140 251
142 246
143 241
145 236
146 231
147 226
149 221
150 216
151 211
152 206
152 201
153 196
154 191
154 186
155 181
155 176
155 171
156 166
156 161
156 156
157 151
157 146
157 141
157 136
157 131
157 126
154 121
149 121
144 126
142 131
141 136
140 141
139 146
138 151
138 156
137 161
137 166
137 171
136 176
134 181
129 185
124 181
121 176
118 171
114 166
111 161
109 156
106 151
104 146
102 141
100 136
99 131
98 126
98 121
98 116
98 111
99 106
100 101
103 96
105 91
109 86
113 81
118 77
123 73
128 70
133 68
138 66
143 64
148 63
153 63
158 62
163 62
168 62
173 63
178 64
183 65
188 67
193 69
198 72
203 76
208 80
213 85
217 90
220 95
223 100
225 105
226 110
227 115
227 120
227 125
227 130
226 135
224 140
222 145
219 150
215 155
211 160
206 164
201 168
196 172
191 176
186 179
183 174
182 169
182 164
183 159
183 154
183 149
183 144
183 139
182 134
180 129
175 126
172 131
172 136
171 141
171 146
171 151
171 156
170 161
170 166
169 171
168 176
168 181
167 186
166 191
166 196
166 201
166 206
166 211
167 216
167 221
168 226
169 231
170 236
171 241
172 246
174 251
175 256
177 261
178 266
180 271
181 276
183 281
184 286
185 291
186 296
188 301
190 306
192 311
195 316
200 321
205 325
210 329
215 331
220 333
225 334
230 335
235 335
240 335
245 334
250 333
255 332
260 330
265 327
270 323
275 319
279 314
282 309
285 304
286 299
288 294
288 289
288 284
288 279
287 274
284 269
281 264
276 259
271 257
266 255
261 255
256 257
251 261
246 266
242 271
237 276
232 279
227 280
222 279
217 276
212 272
207 267
204 262
202 257
200 252
198 247
197 242
197 237
197 232
198 227
199 222
202 217
205 212
210 207
215 203
220 199
225 196
230 193
235 191
240 189
245 187
250 186
255 185
260 185
265 186
270 187
275 190
280 194
285 199
290 204
295 207
300 209
305 210
310 212
315 212
320 213
325 213
330 213
335 212
340 212
345 211
350 210
355 208
360 207
365 204
370 202
375 198
379 193
380 188
379 183
374 178
369 174
366 169
365 164
366 159
369 154
374 150
379 148
384 147
389 146
394 147
399 148
404 150
409 152
414 155
419 158
424 161
429 165
434 169
439 174
444 179
449 184
453 189
457 194
460 199
462 204
464 209
466 214
467 219
467 224
467 229
466 234
464 239
462 244
459 249
455 254
450 258
445 260
440 260
435 257
430 252
427 247
423 242
418 238
413 236
408 237
403 239
398 243
394 248
391 253
390 258
388 263
388 268
388 273
389 278
390 283
392 288
395 293
399 298
403 303
408 307
413 310
418 313
423 314
428 315
433 316
438 316
443 316
448 314
453 313
458 310
463 307
468 303
472 298
476 293
478 288
480 283
482 278
484 273
485 268
486 263
487 258
488 253
490 248
491 243
492 238
493 233
495 228
496 223
496 218
497 213
498 208
498 203
498 198
498 193
498 188
498 183
498 178
498 173
498 168
498 163
498 158
498 153
493 150
490 155
489 160
489 165
489 170
488 175
488 180
486 185
481 185
479 180
477 175
474 170
470 165
466 160
463 155
459 150
456 145
454 140
452 135
451 130
450 125
450 120
450 115
451 110
453 105
455 100
458 95
463 90
468 85
473 82
478 79
483 77
488 75
493 74
498 74
503 73
508 73
513 74
518 75
523 76
528 78
533 80
538 83
543 86
548 90
553 95
557 100
561 105
564 110
566 115
569 120
570 125
572 130
573 135
575 140
575 145
576 150
577 155
577 160
577 165
577 170
576 175
575 180
574 185
570 190
565 192
560 191
556 186
553 181
551 176
549 171
547 166
545 161
543 156
541 151
538 146
536 141
532 136
527 133
522 134
519 139
518 144
518 149
518 154
518 159
519 164
519 169
520 174
520 179
521 184
521 189
522 194
523 199
524 204
525 209
526 214
528 219
530 224
531 229
534 234
536 239
539 244
543 249
547 254
552 259
557 263
562 267
567 270
572 273
577 275
582 277
587 279
592 281
597 283
602 286
607 288
612 290
617 292
622 294
627 296
632 298
637 299
642 300
647 300
652 300
657 299
662 297
667 295
672 293
677 289
682 285
686 280
690 275
692 270
695 265
697 260
699 255
700 250
701 245
702 240
703 235
704 230
705 225
706 220
707 215
707 210
707 205
708 200
708 195
708 190
708 185
708 180
707 175
707 170
706 165
705 160
704 155
703 150
700 145
695 140
690 139
685 141
680 146
678 151
677 156
675 161
673 166
672 171
670 176
668 181
667 186
666 191
664 196
660 201
655 203
650 203
645 201
640 198
636 193
634 188
632 183
631 178
630 173
630 168
630 163
630 158
631 153
631 148
632 143
634 138
635 133
637 128
639 123
641 118
644 113
647 108
651 103
656 98
661 94
666 91
671 89
676 87
681 86
686 85
691 85
696 85
701 86
706 87
711 89
716 92
721 96
726 100
731 105
734 110
738 115
740 120
743 125
745 130
747 135
749 140
751 145
753 150
754 155
756 160
758 165
759 170
761 175
763 180
765 185
767 190
769 195
771 200
773 205
776 210
778 215
781 220
784 225
786 230
787 235
782 237
777 234
772 229
769 224
766 219
763 214
760 209
757 204
754 199
752 194
750 189
747 184
745 179
743 174
740 169
738 164
734 159
729 156
728 161
729 166
730 171
731 176
732 181
733 186
733 191
734 196
734 201
735 206
735 211
735 216
736 221
736 226
737 231
738 236
739 241
740 246
742 251
745 256
748 261
752 266
757 270
762 273
767 275
772 277
777 278
782 278
787 278
792 278
797 277
802 276
807 275
812 274
817 272
822 270
827 268
832 266
837 264
842 261
847 258
852 255
857 251
862 246
865 241
867 236
868 231
868 226
867 221
865 216
863 211
860 206
856 201
853 196
849 191
845 186
841 181
837 176
834 171
830 166
825 162
820 165
819 170
818 175
818 180
819 185
819 190
820 195
820 200
820 205
820 210
821 215
820 220
820 225
817 230
812 233
807 230
803 225
801 220
799 215
796 210
794 205
792 200
790 195
789 190
787 185
786 180
785 175
783 170
783 165
782 160
781 155
781 150
781 145
781 140
781 135
782 130
782 125
784 120
785 115
787 110
789 105
792 100
796 95
801 91
806 88
811 85
816 84
821 83
826 83
831 83
836 84
841 86
846 89
851 92
855 97
859 102
862 107
863 112
864 117
865 122
864 127
862 132
858 137
853 140
848 143
844 148
843 153
845 158
847 163
850 168
854 173
859 178
863 183
868 188
873 193
877 198
881 203
885 208
888 213
890 218
892 223
894 228
896 233
901 228
900 223
899 218
898 213
898 208
897 203
897 198
897 193
897 188
897 183
897 178
898 173
900 168
901 163
904 158
906 153
910 148
913 143
917 138
920 133
923 128
926 123
928 118
929 113
929 108
928 103
928 98
929 93
931 88
933 83
936 78
941 73
946 69
951 66
956 64
961 62
966 60
971 60
976 59
981 59
986 59
991 60
996 61
1001 63
1006 65
1011 68
1016 72
1021 76
1025 81
1028 86
1031 91
1032 96
1034 101
1034 106
1034 111
1033 116
1032 121
1030 126
1026 131
1021 136
1016 140
1011 143
1006 145
1001 147
996 148
991 149
986 149
981 146
979 141
978 136
977 131
976 126
975 121
971 116
966 114
961 115
956 117
951 121
946 126
942 131
938 136
934 141
931 146
929 151
926 156
924 161
922 166
920 171
919 176
919 181
918 186
918 191
919 196
920 201
921 206
924 211
927 216
932 220
937 222
942 224
947 224
952 225
957 224
962 224
967 223
972 222
977 221
982 219
987 217
992 213
996 208
997 203
997 198
996 193
996 188
999 183
1004 179
1009 177
1014 176
1019 174
1024 173
1029 173
1034 172
1039 171
1044 171
1049 170
1054 170
1059 170
1064 170
1069 171
1074 171
1079 172
1084 174
1089 176
1094 179
1099 182
1104 186
1108 191
1112 196
1115 201
1118 206
1121 211
1122 216
1124 221
1125 226
1125 231
1124 236
1122 241
1117 245
1112 246
1107 244
1102 242
1097 239
1092 237
1087 236
1082 238
1078 243
1077 248
1076 253
1076 258
1077 263
1079 268
1081 273
1084 278
1088 283
1093 288
1098 292
1103 295
1108 298
1113 300
1118 301
1123 302
1128 303
1133 303
1138 302
1143 301
1148 300
1153 298
1158 295
1163 292
1168 288
1173 284
1177 279
1181 274
1185 269
1188 264
1191 259
1193 254
1195 249
1197 244
