0 205
6 205
12 204
18 205
24 205
30 207
36 209
42 212
48 215
54 219
60 222
66 225
72 228
78 229
84 230
90 229
96 228
102 225
108 222
114 216
120 210
125 204
131 198
137 194
143 190
149 188
155 187
161 187
167 187
173 189
179 192
185 196
191 202
195 208
199 214
204 220
210 226
216 230
222 233
228 234
234 234
240 233
246 231
252 228
258 223
264 218
270 213
276 209
282 207
288 205
294 205
300 206
306 207
312 209
318 211
324 212
330 213
336 214
342 213
348 211
354 209
360 207
366 205
372 203
378 202
384 202
390 203
396 206
402 209
408 214
414 219
420 224
426 227
432 229
438 230
444 229
450 227
456 224
462 220
467 214
472 208
477 202
483 197
489 193
495 191
501 190
507 190
513 191
519 194
525 198
531 203
537 208
543 213
549 218
555 220
561 222
567 223
573 223
579 222
585 221
591 221
597 220
603 220
609 221
615 222
621 224
627 226
633 227
639 228
645 228
651 226
657 224
663 220
669 214
673 208
677 202
683 196
689 191
695 188
701 187
707 186
713 187
719 190
725 194
730 200
734 206
737 212
741 218
746 224
752 228
758 231
764 232
770 232
776 230
782 226
788 220
792 214
795 208
798 202
801 196
805 190
811 184
817 181
823 179
829 178
835 179
841 181
847 184
853 189
857 195
860 201
862 207
863 213
863 219
864 225
864 231
865 237
867 243
871 249
876 255
882 259
888 261
894 263
900 263
906 262
912 261
918 258
924 253
928 247
931 241
933 235
934 229
934 223
934 217
934 211
935 205
937 199
939 193
944 187
950 181
956 178
962 176
968 176
974 176
980 178
986 181
992 186
997 192
1002 198
1006 204
1011 210
1017 214
1023 217
1029 218
1035 218
1041 217
1047 215
1053 212
1059 210
1065 207
1071 206
1077 206
1083 206
1089 208
1095 210
1101 213
1107 216
1113 219
1119 221
1125 222
1131 223
1137 223
1143 222
1149 220
1155 219
1161 217
1167 214
1173 212
1179 210
1185 209
1191 207
