10.8167 48.7955
21.095 21.3776
20.6155 21.095
20.3961 36.6742
38.0526 47.7074
34.4819 38.0132
23.7697 24
30.0666 30.0832
30.8869 35.1283
22.3607 23.0868
21.3776 21.4709
29.0689 78.7909
12 12.53
40.6079 40.7063
73.1642 74.3303
33.9559 34.0588
22.6716 54.0833
15.2315 16
13.3417 55.4437
24.7386 25
19.6469 20.025
17.088 17.6918
68.4105 90.4268
30.4631 30.8058
25.5539 62.6498
24.2074 24.6982
20.5913 20.6155
16.1555 16.2788
29.2062 29.5466
35.4683 35.5106
27.4591 27.5136
11 11.6619
14 15.2315
20.1246 21.9317
29.0689 30.0832
20.6155 21.0238
34.5398 43.2782
28.8617 29.0172
18.6815 19.0263
34.5398 34.7131
20.3961 20.5913
22.6716 22.8473
18.1108 18.4391
44.5982 51.3517
26.5707 59.1693
20.1246 20.2237
29.8329 30.0167
30.8058 30.8707
13 13.4164
52.6973 55.2268
22.3607 69.2604
9.05539 9.43398
14 14.3178
18.1108 65.0077
31.6228 33.121
28.0713 28.1603
20.2237 21.0238
24.5153 25.02
28.4253 36.3593
39.8246 48.0104
40.6079 44.2832
50.3289 51.0882
23.4307 23.7697
31.6228 42.5793
32.28 32.6497
19.9249 20
33.541 34
26.4197 26.8701
26.8701 27.2947
55.0273 60.2163
19.105 19.4165
18 18.0278
13.8924 14.7648
27.5136 28.1603
14.3178 15.2971
28.4253 28.6356
18.1108 18.7883
28.2843 28.6531
14.3178 15
30.0167 30.3645
21.2603 21.4709
28.2843 52.4976
29.8329 29.9666
9 10
42.19 42.2019
33.9559 34.0147
29 29.5296
18.6815 19.6469
15 15.2315
16 16.1555
47.5079 78.0897
32.9848 57.2014
19.105 19.6977
13 14.3178
18.9737 19
12.53 13
42.0476 91.6079
24.5153 25.4951
14.3178 14.4222
13.4164 14
17 17.088
69.3542 74.027
