32.0156 32.0624
16.4924 17.1172
83.006 89.9889
127 127.142
20.3961 21.095
45.2769 50.6952
57.6975 75.1332
53.8238 119.633
52.0384 52.1536
48.3839 48.7545
132.401 135.148
59.5063 59.6825
57.6975 57.9828
45.0999 129.074
31.1127 31.3847
64.8999 66.0681
31.0483 31.0644
29.1548 29.4109
29.0689 89.0505
55.5428 55.5698
30.0666 30.0832
25.4558 61.8142
20.3961 20.5913
11.4018 12.3693
48.3735 50
53.6004 53.8516
17.4642 18.1108
37.6962 37.7359
21.3776 21.4709
12.3693 13.3417
50 50.1597
23.5372 81.4678
31.9061 31.9531
62.9365 99.0404
62 67.2681
48.7545 49.0918
32.9848 33.0606
62.9365 63.4114
32.7567 32.8938
62.6418 63
17.4642 18.0278
53.0754 53.2541
55.9017 56.4358
53.8238 54.1202
83.006 83.1505
45.0999 46.0977
45.31 46.2277
31.0483 31.305
47.4342 47.8539
15.5242 16.1245
51.6236 53.9351
126.143 138.398
33.6155 33.8378
19.4165 20.0998
64.8999 65.2993
100.807 101.139
50.636 50.9608
85.7555 85.8021
