21.8403 22
24.3516 40.3113
9.21954 9.48683
26.1725 26.4008
24.6982 24.7386
8.544 9
17.4929 42.0119
10.8167 11.4018
21.2132 21.9317
15.5242 15.6205
10 10.4403
49.0102 85.2115
8.06226 8.24621
17.088 18.0278
72.111 72.1249
12 12.53
33.9559 34.7851
7.07107 7.28011
7.61577 8
19.6469 19.6977
39.3192 70.7248
35.1283 35.171
34.5254 63.2535
15.2643 15.5563
25.2389 25.807
24.7386 25
26.9258 28.0179
21 58.5918
10 10.2956
5.65685 6.40312
9.05539 9.21954
29.4109 29.5296
32.573 32.6956
29.1204 29.1548
22.8035 22.8473
33.8378 34.4093
11.4018 11.6619
10.6301 11.1803
3.60555 4
7.07107 7.2111
22 22.2036
35.2278 35.4401
37.0135 37.054
23.7697 26.5707
30.5287 30.6105
49.0102 49.0408
40.0125 60.4152
38.0132 55.2268
21.2132 22
11.0454 11.1803
6.08276 7.2111
18.0278 18.2483
14.2127 14.3178
19.2354 20
10.2956 10.6301
31.0161 34.4384
11.7047 12.1655
26.9258 29.8329
19.6469 57.7062
10.2956 47.0956
14 14.3178
31.3847 38.2884
16.1245 16.2788
33.5261 33.6155
8.544 9.48683
27.8927 28.0179
11.1803 11.3137
15.5563 16.1245
11.0454 12.0416
24 24.1868
24.5153 25.2389
12.083 12.1655
25.807 58.0086
26.1725 26.8328
12.3693 13.3417
8 8.544
12 16.1555
18.0278 18.3848
32.573 47.8539
69.2315 69.3542
19.9249 20
41.7732 44.2832
10.0499 10.198
10.0499 10.2956
13.6015 13.8924
18 18.0278
83.2166 84.4038
13.3417 13.4164
34.0147 34.0588
17.2627 18.0278
31.1448 53.0377
9.48683 10
20.8806 21
20.0998 20.6155
25.4951 26.2488
7.61577 35.1283
55.9732 56.7274
10.198 10.2956
21.8403 21.9317
5 5.09902
25.807 25.9422
10.6301 11.3137
31.0483 34
41.7732 45.2217
44.9444 64.6297
25.632 25.7099
14.2127 14.4222
6.08276 6.40312
13.4536 13.8924
5.09902 6.08276
38.0132 38.0789
8.48528 8.544
13.9284 14.1421
35.6931 38.3275
15 15.2315
13 13.3417
44.5982 95.3363
31.305 31.4006
24.3516 24.5153
37.2022 37.3363
44.5982 44.643
47.0106 47.0956
12.6491 13.0384
18.9737 19
13 13.1529
29.1204 42.0476
5.38516 5.83095
27.4591 28.0713
7.61577 8.544
4.47214 5.38516
