37.6431 38.0132
29.6816 29.7321
37.2022 37.5766
8 10
8 9.21954
27.0185 48.0104
37.2022 47.4342
29.2062 30.5941
46.3249 47.5079
12 12.53
42.4264 50.01
27.0185 27.313
19.2354 20.2237
13.4536 13.6015
14.7648 15.0333
45 45.1774
7 9.21954
24.6982 25
37.4833 45.0444
13.0384 13.8924
39.5601 92.4392
19.7231 20.3961
27.4591 27.5136
35.8469 36.4966
28.8617 29.0172
16.1245 60.531
39.0512 39.1152
39.8246 69.3542
19.9249 20.8087
30.6105 33.0151
35.1141 62.9682
17.1172 17.4642
37.5899 37.6431
30.8058 30.8707
12.0416 12.2066
26.9258 27.2947
18.7883 19.105
39.2046 39.3573
27.8927 53.4883
25.2389 25.2982
40.7063 41.1096
32.6497 33.2415
23.8537 24.0416
32.6497 43.2782
30 30.4631
27.8927 28.0179
41.9762 42.107
23.0217 42.2019
27.8927 50.9313
42.0595 89.1964
37.1214 38.0789
36.7151 36.8782
33.0606 54.4059
28.8617 29.0689
60.4152 61.0328
42.72 42.9535
15.6525 16.0312
28.8444 36.4006
27.8029 28.0179
19.9249 20
18.868 20
44.7772 49.6488
7.81025 10.8167
14.3178 16.6433
29.2062 30
10 10.8167
42.8019 43.7379
42.4264 42.72
51.4004 51.614
18.2483 73.5459
13 13.0384
26.4008 26.4764
15.2971 15.8114
39.8497 43.0465
27.8568 28.0179
42.72 47.5079
29.5466 29.6142
25.2389 36.8782
54.0093 73.4983
41 44.1022
39.8246 40.1622
33.4216 33.6006
29.5466 34.5254
29.8329 29.9666
23.8537 24.2074
9 10
17.72 17.8045
33.9559 34.0147
74.3303 76.4853
64.6375 64.8845
19.6977 20.0998
7 10
13.4164 13.8924
21 21.8403
37.4833 37.7359
18.9737 20
51.0392 66.1287
17.8885 18.1108
30.4631 30.5941
47.5079 47.5395
42.8019 42.9418
44.7772 44.9444
16.2788 16.6433
16.1245 17.4642
16.5529 17.0294
11.0454 12.2066
11.0454 50.2195
