10.7703 11
35.0143 35.1283
19.6977 20
9.05539 9.48683
19.7231 52.2015
19.2094 19.6977
24.5153 25.1794
30.3645 30.4138
21.587 21.9317
36.6197 42.3792
15.6525 55.0727
27.0185 27.8029
19 19.4165
10.0499 10.4403
22.1359 22.2036
30.5941 30.6757
27.6586 27.7849
8.94427 9
12.0416 12.083
18.7883 50.774
21.4709 21.8403
47.0106 85.0529
68.4763 71.0282
28.1603 28.2843
33.4216 33.6155
15.6525 16.2788
12.0416 12.3693
18.1108 22.0907
24.0832 24.4131
25.7099 26
32.9848 33.121
17.088 17.2047
5 6.40312
20.6155 21.0238
24.7386 25.0799
9.84886 10
28.8617 29.0172
20.5913 20.8806
15.6525 16.5529
40.7063 40.8534
45.4533 45.4863
29.8329 30.0167
40.0125 44.911
15.0333 15.2971
26.9258 27.0185
40.7185 40.8167
44.1475 58.5235
11.0454 11.1803
10 10.7703
16.0312 16.2788
22.8035 23.0868
23.6008 24.0832
20.2237 20.2485
39.3192 48.0208
32.6497 46.8402
21.095 21.2132
12.0416 13.0384
17.2627 17.8045
20.2237 54.1479
24.8395 25
29.9666 30.4138
18.2483 18.3848
40.0125 40.025
9.05539 9.43398
9.48683 10.4403
22.0907 49.0408
27.8927 28.0179
15.8114 16.0312
44.1475 44.2719
25.02 27.2947
21.1896 21.2132
11.0454 11.4018
7 7.2111
30.2324 30.3645
28.2312 29.1548
40.3113 40.6079
21.0238 21.1896
45.4533 49.98
29.0689 29.2062
63.0714 66.888
18.4391 18.7883
23.7697 24.0832
18.868 18.9737
20 20.3961
15.8114 18.0278
10.0499 10.2956
40.7063 41.5933
26.4197 26.4764
24 24.3311
8.06226 8.544
26.2488 26.4008
51.5461 84.0119
25.4951 25.632
25 25.02
28.6356 28.6531
12.3693 13.0384
6 6.40312
31.0483 61.0328
36.1248 36.6879
9.48683 47.927
25.02 25.1794
19.9249 20.0998
31.0483 31.257
36.6742 36.8782
36.0555 42.45
19.2354 19.3132
8 8.94427
27.8029 28.178
10.4403 11.0454
28.1603 46.0977
28.4253 59.6154
36.6197 36.7967
21.3776 21.5407
21.0238 21.9317
26.4197 26.5707
23.2594 26.2488
8 8.06226
47.0106 47.0956
31.8904 31.9061
59.3633 65.9242
29.4279 29.8329
20.3961 20.6155
37.4433 37.5366
16.5529 17.0294
