11 11.6619
14.8661 15.0333
41.0488 41.1096
36.7967 37.4433
15.8114 16.0312
37.0135 39.6232
13.9284 14.0357
25.9615 26.0192
25.318 26
21.0238 22.0227
14 44.7214
13.1529 13.6015
22.0227 22.561
38.4187 51
16.1555 16.9706
25.0799 66.2722
65.7647 73.1642
25 25.5539
111.041 112.614
42.45 42.5441
12.1655 13.6015
30.8869 31.3209
38.5876 38.6264
34.5254 35
32.6956 48.8262
24.0416 63.0317
12 12.53
28.1603 28.4605
16.0312 53.6656
34 35
32.6956 32.7567
17.0294 17.4642
15 15.2315
13.9284 35.5106
16 16.1555
26.9258 27.0185
31.5753 58.5235
27.1662 53.8238
34.4819 38.9487
41.2311 45.3431
32.7567 32.8938
41.4849 82.8794
10 10.8167
65.7647 65.9697
34.8855 35.609
31.3209 31.7648
38.4187 38.4708
59.9083 63.0079
27.1662 27.5136
18 18.0278
13 13.4164
21.0238 62.0322
13 14.3178
36.7967 56.4004
14.1421 14.4222
13.9284 15.0333
16.7631 17.0294
41.2311 41.8688
50.8035 52.7731
16.0312 17.0294
9 45.8803
32.249 32.573
25 25.02
61.6604 69.5701
48.8365 49.2037
51.4004 60.1332
17 17.088
54.037 54.4059
20.8806 21
14 14.3178
12.1655 15.1327
35 36
31.257 62.6259
30.3645 33.1361
33.6155 33.8378
27.8927 28.0179
37.8021 38.0132
14.3178 15
