37.3631 37.4833
10.6301 10.7703
36.4966 39.2938
33.8378 38.4838
25.4951 25.807
8.544 9.05539
60.0083 72.4224
28.4429 28.4605
17.72 54.8179
10.198 10.8167
35.8469 50.2494
28.6356 28.7924
9.05539 9.48683
34.6699 34.7131
28.0179 28.1603
20.5183 20.5913
17.0294 17.4642
24.3311 24.3516
39.6232 39.8246
20.5183 52.4309
10.0499 10.4403
28.0179 64.0078
16.0312 16.5529
55.5428 55.7315
33.0151 33.1361
23.3452 23.8537
22.1359 22.2036
21 62.6099
30.5941 30.6757
31.0161 68.0955
8.94427 9
36.6197 37.0135
44.4072 44.5982
55.0818 55.109
19.6469 20.025
14.0357 14.3178
39.4081 41.4849
32.28 32.3883
11 11.7047
24.0832 24.4131
31.5753 31.6228
21.9317 22.4722
29.5466 29.6816
32.9848 33.121
6 7.2111
13 13.6015
14 14.5602
25 25.2982
12.6491 12.8062
31.0483 31.3847
5 6.40312
39.6232 87.1321
9.05539 10.2956
55.5428 55.6597
30.4631 33.2415
21.6333 35.6931
73.0069 80.2621
12.1655 12.53
9.84886 10
18.6815 19.0263
11.1803 11.6619
22 22.3607
56.2228 60.803
14.0357 47.676
26.4764 27.5136
28.8444 49.2443
15.0333 15.2971
15 15.5242
24.8395 37.3631
10.7703 11.3137
11.0454 11.1803
6.08276 6.7082
10 10.7703
16.6433 16.7631
11.7047 12.8062
29.0172 29.1548
18.0278 18.2483
33.7343 33.8378
18.0278 19.0263
16.0312 17.0294
23 23.3452
32.0156 32.1403
9.05539 9.43398
43.8634 43.909
43.909 58.2495
29.1204 29.2746
23.3452 23.4094
14.3178 14.7648
23.3238 23.4094
27.7308 28.0179
22 22.4722
21.1896 21.2132
28.6356 29.0689
11.0454 11.4018
27.313 27.5862
21.1896 55.3624
7 7.2111
74.0068 74.0608
26 26.2488
25.0799 73.171
25.9422 26.2488
27.0185 27.5136
13.6015 14
73.0069 73.0616
25.2982 25.318
8.06226 9.48683
10 11
32.6956 32.7567
17 17.4642
62.6418 63.9062
7.07107 7.61577
34.7131 34.7851
36.2353 36.3593
27.2029 27.2947
10.0499 10.2956
27 27.2029
15.2971 15.6525
40.1123 40.5216
28.0713 70.2922
24 24.3311
8.06226 8.544
12.3693 13.0384
6 6.40312
5.09902 5.83095
17.72 18.2483
21.2603 21.4709
17.0294 17.2627
26 26.3059
16.0312 17.72
36.6197 36.7967
25.0599 25.318
36.2353 36.2491
7.2111 7.28011
26.6833 27.074
25.9615 26.1725
5.09902 6.08276
20.025 20.2237
35.3412 35.5106
33.1361 33.7343
25 62.1772
26.4764 56.3649
37.3363 38.0132
16.2788 16.5529
24.0832 24.1868
34.4384 61.9839
8.06226 10.4403
8 8.06226
14.1421 15.1327
16.7631 17.0294
22.4722 22.6274
23.3238 23.3452
13.0384 13.3417
31.0161 31.1448
28.0713 29.0689
