34.9285 41.5933
8.24621 8.544
7 8.60233
13.3417 13.6015
33.0151 34.4093
27.1662 27.2029
23.7697 24.0208
6 7.81025
69.4622 72.2011
15.2643 15.8114
12.8062 13
23.1948 75.591
12.1655 12.3693
13.6015 14.3178
24.1868 24.3516
26.5707 37.108
15.1327 15.2971
43.0116 46.8615
12.3693 13.1529
14.1421 17
41.6293 42.5206
12.0416 13.3417
14.1421 14.7648
41.1096 41.1947
9.48683 10.198
14.2127 15.2315
37.4833 50
7.28011 46.1411
7.28011 7.61577
44.7772 57.7062
50.6952 52.8015
11.1803 11.6619
9.84886 45.6508
20.0998 20.2237
13.6015 14.7648
10.2956 10.7703
16.2788 17
7.28011 8.544
45.0111 51.614
49.8197 50
47.7074 70
12.1655 13.0384
10.198 11.4018
49.8197 56.0803
25.0799 25.1794
14.4222 15.2643
8 8.60233
11.4018 12.1655
10.198 10.4403
16.1245 16.2788
17.0294 17.088
6 7.07107
19.4165 20.025
11.1803 11.4018
12.0416 13.9284
50.6952 50.8035
13.0384 13.1529
11.1803 12.2066
47.927 104.043
47.7074 47.8539
12.8062 13.9284
8.24621 9.21954
33.121 33.4216
7 7.81025
23.3452 23.7697
33.121 40.8167
13.1529 13.3417
18.3576 18.4391
64.8845 76.5506
38.4708 38.6005
37.4833 37.6431
9 9.43398
43.0465 43.1045
13.4536 13.9284
25.4951 25.6125
20.2485 20.6155
14.1421 14.3178
39.6232 84.2199
42.9535 45.8912
17.1172 17.2627
40.6079 40.8044
9.21954 9.8995
56.0803 56.3649
40.05 45.2548
11.1803 43.4166
50.5668 50.5964
55.4437 56.2939
15.8114 16.1245
44.7772 45
24.0832 24.1868
49.6488 49.6588
8.24621 9.48683
12.1655 12.2066
10.198 45.8912
24.0208 24.3311
49.6588 58.8303
21.095 21.1896
17 17.2627
27.2947 27.5136
