32.9848 33.2415
36.2491 36.3593
44.3847 61.6847
15.0333 40.1622
10.7703 11
33.0151 57.2189
35.4401 56.0357
38.0132 38.2753
24.5153 25.1794
24.3311 24.3516
36.4006 36.4966
23 57.5847
35.609 35.8469
24.0416 49.6588
12 12.6491
35.1283 35.7351
27.6586 27.7849
40.2244 47.2652
26.2488 26.3059
39.8246 50.8035
14.1421 49.2037
11.4018 52.9528
11 11.7047
38.0132 42.0595
25 25.2982
33.7343 34.0147
13.9284 14.0357
38.1838 38.6005
39.8246 40.6079
35.0143 38.1182
33.6155 55.8659
33.0151 38.8973
31.7805 31.9531
22 22.3607
40.7063 40.8534
16 16.4924
31.1448 55.0818
16.0312 16.2788
31.7805 31.9061
18.0278 18.2483
40.025 40.1622
37.5366 44.0114
15 16.4924
23 23.3452
35.7771 37.5766
23.0217 23.1948
25.02 56.0803
27.2947 28.3019
38.3275 38.4708
24.3311 53.2353
14.3178 14.7648
27.2947 29
34.2053 34.3657
26 26.2488
24.0208 24.1868
22.561 61.4654
39.8121 39.8246
14.8661 15
38.0526 46.8722
27.5136 27.8029
24 24.3311
44.3847 44.5533
25 25.02
24.0416 24.1868
12.3693 13.0384
38.2753 38.2884
25.02 25.1794
10 42.45
11.4018 12.0416
17.0294 17.2627
25.0599 55.4437
10.7703 11.7047
36.6197 36.7967
15 16
20.025 20.2237
22.0227 22.1359
52.8867 52.9528
80.2621 85.0882
13.3417 13.8924
28 28.1603
49.4065 49.5782
24.5153 24.6982
26.9258 47.927
16.7631 17.0294
35.4401 35.5106
40.7063 41.8688
19.0263 44.7214
35.4683 42.45
23.3452 26.8328
36.1386 36.2353
35.609 44.4072
76.2365 93.0591
