30.4631 30.5287
50.2892 55.0364
5.09902 7.81025
17.088 17.1172
65.3911 65.5134
28.178 28.4605
30.0832 30.2655
41.6173 44.7214
77.201 81.8352
61 61.131
28.4429 28.4605
19.6977 20
6.08276 7.07107
9.05539 9.48683
18 18.4391
42.0595 42.1545
20.5183 20.5913
9.21954 10
65.2763 66.7308
28.178 35.171
18.3848 19.2354
10.0499 10.4403
13 13.4536
19.8494 20.1246
64.7611 64.846
66.0984 120.739
12.0416 12.083
38.9102 39.0512
34.7131 35.1283
19.4165 19.6977
14.0357 14.3178
15.6525 16.2788
12.0416 12.3693
8.06226 8.60233
13.0384 14.3178
25.9422 26.3059
29.5466 29.6816
24.0416 66.0379
14.8661 15.0333
13.0384 14.0357
17.4642 56.5862
43.3244 44.2719
13.9284 14.0357
51.4004 61.2046
19.105 19.2354
29.0689 29.4109
51.4004 51.6236
44.7214 44.9444
33.2415 33.3766
15.6525 16.5529
15.0333 15.2971
11.0454 11.1803
6.08276 6.7082
26.9258 27.1662
16.0312 16.2788
13 14.0357
33.7343 33.8378
14.3178 14.8661
35.4683 43.0116
64.7611 68.4251
18.2483 18.3848
18.0278 18.1108
9.05539 9.43398
43.8634 43.909
42.638 42.72
13.0384 14.7648
17.1172 18.1108
29.1204 29.2746
42.638 63.2456
28.6007 29
15.8114 16.0312
35.171 48.1041
18.3848 54.4518
17 17.8885
65.5134 65.521
11.0454 12.0416
24.0208 24.0416
15.1327 59.0339
45.7056 46
26.4008 26.6271
24.0208 24.1868
44.643 44.7214
21.0238 21.1896
53.3104 55.1543
32.0156 32.249
25.9422 26.2488
18.4391 18.7883
45.793 46.2277
44.7214 86.3713
14.8661 15
7.07107 7.61577
34.7131 34.7851
10.0499 10.2956
15.2971 15.6525
8.24621 9.21954
8.06226 8.544
16 63.8122
7.81025 8.06226
41.6173 41.7732
13 48.1664
31.0644 31.1448
17.4642 17.8885
28.6356 29.2746
6.08276 7.61577
37.5766 37.7359
43.4166 43.566
27.313 27.4591
7.07107 7.81025
19.2354 19.3132
51.4296 51.6236
17.0294 17.2627
21.2132 22.1359
14.8661 15.8114
35.171 35.3553
24.5153 54.8179
8.24621 10
28.1603 67.2012
45.4533 63.561
17.4642 18.4391
15.8114 61.8466
26.4008 26.8328
16.4924 17
9.05539 10.0499
14.7648 15.6525
37.5766 57.4282
16.7631 17.0294
65.2993 65.521
13.3417 14.3178
53.7122 58.5491
23.3238 23.3452
13.0384 13.3417
30.8058 30.8869
26.6833 26.9258
36.1386 36.2353
11.4018 12.3693
27.2947 27.5136
