39.6232 41.2311
9.21954 9.48683
58.6941 58.8218
8.24621 8.544
44 44.1475
20.6155 21
8.06226 8.94427
26.1725 26.2488
10.0499 10.8167
22.4722 80.4114
10.0499 10.7703
30.3645 30.4138
28.1603 28.178
30.8707 31.0483
39.6232 39.8497
25.1794 25.5539
25.9422 26.0768
13.0384 13.4164
12.1655 12.3693
38.833 51.0392
18.6815 19
22.0227 22.8473
6.32456 6.7082
10 10.2956
26.8328 26.9258
16.4924 71.8471
13.0384 14.0357
65.0077 66.6408
26.2488 26.4197
29.0689 29.1204
39.6232 40
25.02 25.318
45 45.1221
68.0294 72.6154
7.28011 7.61577
12 12.083
22.0227 22.3607
39.0512 39.1152
7.07107 7.2111
12 13
27.4591 27.8568
26.4764 26.9258
10 11.1803
66.4831 66.4906
17.72 18
24.3516 81.3204
39.6232 44.3847
29.4109 30.3645
25.9422 25.9615
8 9.43398
9 10.2956
22.4722 23.0868
50.5668 69.8928
8 8.60233
44.2832 45.2769
10.198 10.4403
40.8534 53.2353
6.32456 7.28011
20.025 20.1246
17.0294 17.088
25.2982 25.5539
7.07107 9.43398
25.9615 26.0768
40.2244 40.3113
26.9258 27.4591
77.6209 93.4345
22.0227 26.0192
21.0238 21.3776
11.1803 11.4018
29.5296 32.249
14.0357 74.0068
27 52.9245
40.2244 40.8044
8.544 9.21954
25.9422 26.2488
31.0644 33.8378
34.2053 78.032
12.0416 12.53
32.2025 32.249
13.1529 13.3417
25.4951 26.9258
7.07107 10
29.2746 29.4109
31.0644 31.1448
58.1808 58.8218
9 9.43398
27.7308 27.8029
40.2244 48.7647
32.0156 32.0624
45.2769 86.6833
11.0454 11.6619
22.4722 23.3238
41.0366 41.0488
7.07107 59.0762
26 26.9258
14.1421 14.3178
70.9366 86.3481
7.07107 8.06226
40 40.3113
18.6815 18.868
24.5153 25
50.5668 50.5964
17.72 18.868
26.6833 27.0185
23.0217 23.3452
21.2132 21.5407
21.2132 73.4098
