30.8058 31.241
11 11.6619
10.4403 11.4018
71.0282 77.6209
36.8782 49.0408
20.6155 21.095
22.2036 47.8853
61.6847 62.8172
20 20.5913
27.5862 28.3196
37.855 47.0425
8 9.21954
21.2603 21.4709
29.4279 30.0167
24.8395 37.2156
36.8782 37.054
68.0294 68.1175
30.8058 31.3847
52.2015 52.3927
36.6197 37.1618
30.0666 30.0832
19.3132 41.4849
10 11.6619
23.4307 23.7697
50.9215 52.1728
36.2491 39.6232
21.587 21.9545
15.6525 16.0312
38.6264 38.833
21.9317 30.2655
12.3693 13.3417
21.095 22.561
35.7351 36.2353
19.6977 20.0998
38.0789 38.1182
68.0294 69.1158
33.9559 34.0588
56.648 61.8466
19.3132 19.8494
13.8924 37.6563
28.8444 44.3847
45.8803 57.3847
66.1211 73.4983
44.7772 63.1981
10 10.8167
26.9258 27.2947
29.1548 56.9386
27.0185 27.313
28.6531 29.1204
37.108 37.1618
13.8924 15.0333
10.4403 12.0416
24.6982 41.0366
19.105 19.6977
26.0192 26.4764
19.2094 20.1246
13 13.4164
41.0122 41.3038
20.8087 21.095
35.7351 40.0125
52.2015 66.1287
40.4969 63.2535
30.6105 36
73.0274 74.7061
29.4279 62.0967
21.9545 22.2036
20.6155 45.2217
36.3593 36.7967
18.4391 54.3323
23.0217 23.6008
28.2843 28.6531
22.4722 22.8035
25.5539 25.9615
30.8058 31.0161
11.4018 12.3693
33.1059 43.1045
