0 173
6 172
12 172
18 173
24 174
30 177
36 181
42 186
47 192
50 198
53 204
55 210
55 216
55 222
54 228
52 234
51 240
51 246
52 252
54 258
58 264
64 270
70 273
76 276
82 277
88 277
94 276
100 275
106 272
112 268
118 263
123 257
126 251
129 245
131 239
133 233
134 227
134 221
134 215
133 209
129 203
123 198
117 192
114 186
112 180
112 174
112 168
113 162
115 156
118 150
123 144
129 138
135 133
141 130
147 128
153 127
159 127
165 127
171 128
177 130
183 132
189 136
195 142
200 148
204 154
206 160
208 166
209 172
209 178
209 184
208 190
205 196
201 202
195 206
189 210
185 216
183 222
182 228
182 234
183 240
184 246
185 252
187 258
190 264
194 270
199 276
205 281
211 284
217 286
223 288
229 288
235 288
241 286
247 284
253 281
259 275
262 269
264 263
265 257
263 251
260 245
255 239
252 233
251 227
251 221
253 215
255 209
259 203
264 197
270 193
276 190
282 188
288 188
294 190
300 193
306 197
312 203
318 207
324 210
330 212
336 212
342 210
348 207
354 201
358 195
361 189
365 183
371 178
377 175
383 174
389 175
395 177
401 180
407 186
412 192
415 198
417 204
418 210
418 216
417 222
415 228
411 234
409 240
408 246
408 252
410 258
414 264
420 269
426 273
432 275
438 276
444 276
450 275
456 272
462 269
468 264
473 258
476 252
479 246
480 240
481 234
481 228
481 222
479 216
476 210
471 204
466 198
464 192
462 186
462 180
462 174
463 168
465 162
468 156
472 150
478 144
484 140
490 137
496 135
502 135
508 135
514 135
520 137
526 140
532 143
538 149
543 155
546 161
548 167
549 173
549 179
547 185
542 191
536 197
534 203
533 209
533 215
534 221
537 227
540 233
545 239
551 244
557 247
563 249
569 251
575 251
581 252
587 252
593 253
599 254
605 255
611 257
617 259
623 261
629 264
635 265
641 266
647 266
653 265
659 263
665 260
671 255
676 249
680 243
683 237
685 231
686 225
687 219
687 213
685 207
682 201
676 197
670 195
664 191
660 185
658 179
658 173
659 167
660 161
663 155
667 149
673 143
679 139
685 136
691 134
697 133
703 133
709 134
715 136
721 138
727 142
733 147
738 153
742 159
745 165
748 171
750 177
752 183
752 189
752 195
750 201
744 205
738 207
733 213
731 219
731 225
731 231
732 237
734 243
737 249
741 255
747 260
753 264
759 266
765 267
771 267
777 266
783 264
789 261
795 258
801 254
807 249
812 243
817 237
822 231
825 225
827 219
828 213
828 207
825 201
819 196
813 195
807 196
801 195
795 189
793 183
792 177
792 171
792 165
793 159
795 153
798 147
802 141
808 135
814 131
820 129
826 128
832 127
838 128
844 130
850 133
856 137
862 143
867 149
870 155
873 161
875 167
877 173
879 179
881 185
882 191
884 197
885 203
886 209
887 215
888 221
889 227
890 233
890 239
891 245
891 251
890 257
889 263
883 266
877 262
873 256
869 250
863 246
857 250
853 256
850 262
848 268
846 274
845 280
845 286
846 292
848 298
850 304
854 310
859 316
865 321
871 325
877 327
883 330
889 331
895 332
901 332
907 332
913 331
919 329
925 327
931 324
937 320
943 315
949 309
953 303
955 297
957 291
958 285
958 279
958 273
956 267
954 261
951 255
946 249
940 244
934 245
929 251
926 257
922 263
916 265
911 259
909 253
909 247
908 241
908 235
908 229
908 223
908 217
909 211
909 205
910 199
911 193
912 187
913 181
914 175
915 169
917 163
918 157
921 151
923 145
927 139
931 133
937 127
943 123
949 120
955 118
961 116
967 116
973 116
979 117
985 120
991 123
997 128
1001 134
1004 140
1006 146
1006 152
1004 158
1000 164
994 168
988 170
982 171
976 174
972 180
970 186
969 192
971 198
973 204
977 210
983 216
989 221
995 224
1001 227
1007 229
1013 229
1019 229
1025 228
1031 225
1037 220
1042 214
1046 208
1051 202
1057 196
1063 193
1069 191
1075 190
1081 190
1087 192
1093 195
1098 201
1101 207
1103 213
1103 219
1103 225
1103 231
1104 237
1105 243
1109 249
1115 255
1121 258
1127 260
1133 261
1139 260
1145 259
1151 256
1157 252
1163 246
1166 240
1169 234
1170 228
1171 222
1171 216
1172 210
1173 204
1174 198
1177 192
1181 186
1187 180
1193 176
