0 199
6 199
12 198
18 198
24 198
30 198
36 199
42 199
48 199
54 199
60 200
66 200
72 200
78 200
84 200
90 200
96 200
102 200
108 199
114 199
120 199
126 198
132 198
138 197
144 197
150 197
156 197
162 197
168 197
174 197
180 197
186 198
192 198
198 199
204 199
210 200
216 200
222 201
228 201
234 201
240 201
246 201
252 200
258 200
264 199
270 199
276 199
282 198
288 198
294 198
300 198
306 198
312 199
318 199
324 199
330 199
336 199
342 199
348 199
354 199
360 198
366 198
372 198
378 198
384 198
390 198
396 198
402 198
408 199
414 199
420 200
426 200
432 200
438 200
444 200
450 200
456 200
462 199
468 199
474 198
480 198
486 197
492 197
498 197
504 197
510 197
516 197
522 197
528 198
534 198
540 199
546 199
552 200
558 200
564 200
570 200
576 200
582 200
588 200
594 199
600 199
606 199
612 199
618 200
624 200
630 200
636 200
642 200
648 200
654 200
660 200
666 199
672 199
678 198
684 198
690 197
696 197
702 196
708 196
714 196
720 197
726 197
732 198
738 199
744 199
750 200
756 200
762 201
768 201
774 200
780 200
786 199
792 199
798 198
804 197
810 196
816 196
822 196
828 196
834 196
840 196
846 197
852 198
858 199
864 200
870 202
876 203
882 204
888 204
894 205
900 205
906 204
912 204
918 203
924 202
930 201
936 200
942 198
948 197
954 196
960 196
966 195
972 195
978 195
984 195
990 196
996 197
1002 197
1008 198
1014 199
1020 199
1026 199
1032 199
1038 199
1044 199
1050 198
1056 198
1062 198
1068 198
1074 198
1080 198
1086 198
1092 199
1098 199
1104 199
1110 200
1116 200
1122 200
1128 200
1134 200
1140 200
1146 199
1152 199
1158 199
1164 199
1170 199
1176 199
1182 199
1188 199
