0 200
6 199
12 199
18 199
24 199
30 200
36 201
42 202
48 203
54 204
60 206
66 207
72 208
78 209
84 209
90 209
96 208
102 207
108 205
114 203
120 201
126 198
132 196
138 194
144 193
150 192
156 191
162 191
168 192
174 193
180 194
186 196
192 199
198 201
204 204
210 207
216 209
222 210
228 211
234 211
240 211
246 210
252 208
258 206
264 204
270 202
276 201
282 200
288 199
294 199
300 199
306 200
312 201
318 202
324 202
330 203
336 203
342 203
348 202
354 201
360 200
366 199
372 198
378 197
384 197
390 198
396 199
402 201
408 202
414 204
420 206
426 208
432 209
438 209
444 209
450 208
456 206
462 204
468 202
474 199
480 197
486 195
492 193
498 193
504 192
510 193
516 194
522 195
528 197
534 199
540 202
546 203
552 205
558 206
564 206
570 207
576 206
582 206
588 205
594 205
600 205
606 205
612 205
618 206
624 207
630 208
636 208
642 209
648 208
654 208
660 206
666 204
672 201
678 198
684 195
690 193
696 191
702 190
708 190
714 191
720 193
726 195
732 198
738 201
744 205
750 207
756 209
762 210
768 210
774 209
780 208
786 205
792 201
798 197
804 193
810 190
816 188
822 186
828 186
834 187
840 188
846 191
852 195
858 201
863 207
869 213
875 219
881 222
887 225
893 227
899 227
905 226
911 225
917 222
923 218
929 212
934 206
939 200
945 194
951 190
957 187
963 185
969 185
975 185
981 186
987 188
993 191
999 194
1005 197
1011 200
1017 202
1023 203
1029 204
1035 204
1041 203
1047 202
1053 201
1059 200
1065 199
1071 198
1077 198
1083 199
1089 200
1095 201
1101 202
1107 204
1113 205
1119 206
1125 206
1131 206
1137 206
1143 206
1149 205
1155 204
1161 203
1167 203
1173 202
1179 201
1185 201
1191 200
