0 202
6 202
12 202
18 202
24 202
30 202
36 202
42 202
48 202
54 202
60 202
66 202
72 202
78 202
84 202
90 202
96 202
102 202
108 202
114 202
120 202
126 202
132 202
138 201
144 201
150 201
156 201
162 201
168 201
174 201
180 201
186 202
192 202
198 202
204 202
210 202
216 202
222 202
228 202
234 202
240 202
246 202
252 202
258 202
264 202
270 202
276 202
282 202
288 202
294 202
300 202
306 202
312 202
318 202
324 202
330 202
336 202
342 202
348 202
354 202
360 202
366 202
372 202
378 201
384 201
390 201
396 202
402 202
408 202
414 202
420 202
426 202
432 202
438 202
444 202
450 202
456 202
462 202
468 202
474 202
480 202
486 201
492 201
498 201
504 201
510 201
516 201
522 201
528 202
534 202
540 202
546 202
552 202
558 202
564 202
570 202
576 202
582 202
588 202
594 202
600 202
606 202
612 202
618 202
624 202
630 202
636 202
642 202
648 202
654 202
660 202
666 202
672 202
678 202
684 202
690 201
696 201
702 201
708 201
714 201
720 201
726 201
732 202
738 202
744 202
750 202
756 202
762 202
768 202
774 202
780 202
786 202
792 202
798 202
804 202
810 201
816 201
822 201
828 201
834 201
840 201
846 202
852 202
858 202
864 202
870 202
876 202
882 202
888 202
894 202
900 202
906 202
912 202
918 202
924 202
930 202
936 202
942 202
948 202
954 201
960 201
966 201
972 201
978 201
984 201
990 201
996 201
1002 202
1008 202
1014 202
1020 202
1026 202
1032 202
1038 202
1044 202
1050 202
1056 201
1062 201
1068 201
1074 201
1080 201
1086 202
1092 202
1098 202
1104 202
1110 202
1116 202
1122 202
1128 202
1134 202
1140 202
1146 202
1152 202
1158 202
1164 202
1170 202
1176 202
1182 202
1188 202
