0 214
6 213
12 213
18 213
24 213
30 213
36 214
42 214
48 215
54 216
60 216
66 217
72 217
78 217
84 218
90 217
96 217
102 216
108 216
114 215
120 214
126 213
132 212
138 211
144 210
150 210
156 209
162 209
168 210
174 210
180 211
186 212
192 213
198 214
204 215
210 216
216 217
222 218
228 219
234 219
240 219
246 218
252 217
258 216
264 216
270 215
276 214
282 213
288 213
294 213
300 213
306 213
312 214
318 214
324 215
330 215
336 215
342 215
348 215
354 214
360 213
366 213
372 212
378 212
384 212
390 212
396 213
402 214
408 215
414 215
420 216
426 217
432 218
438 218
444 218
450 217
456 216
462 215
468 214
474 213
480 212
486 211
492 210
498 210
504 210
510 210
516 211
522 211
528 212
534 213
540 214
546 215
552 216
558 216
564 217
570 217
576 217
582 216
588 216
594 216
600 216
606 216
612 216
618 216
624 217
630 217
636 217
642 218
648 218
654 217
660 217
666 215
672 214
678 213
684 211
690 210
696 209
702 209
708 209
714 209
720 210
726 211
732 212
738 214
744 215
750 217
756 218
762 218
768 218
774 218
780 217
786 216
792 214
798 212
804 210
810 209
816 208
822 207
828 207
834 207
840 208
846 210
852 212
858 215
864 217
870 220
876 222
882 224
888 226
894 226
900 227
906 226
912 225
918 223
924 221
930 218
936 216
942 213
948 210
954 209
960 207
966 206
972 206
978 206
984 207
990 208
996 210
1002 211
1008 213
1014 214
1020 215
1026 215
1032 215
1038 215
1044 215
1050 214
1056 213
1062 213
1068 212
1074 212
1080 213
1086 213
1092 214
1098 214
1104 215
1110 216
1116 216
1122 216
1128 216
1134 216
1140 216
1146 216
1152 215
1158 215
1164 215
1170 215
1176 214
1182 214
1188 214
