0 147
6 146
12 146
18 147
24 148
30 151
36 154
42 158
48 162
54 168
59 174
64 180
68 186
71 192
74 198
76 204
77 210
77 216
75 222
70 228
64 230
58 230
52 232
46 238
44 244
43 250
44 256
45 262
47 268
50 274
54 280
60 285
66 289
72 292
78 293
84 294
90 293
96 292
102 290
108 287
114 283
120 277
125 271
129 265
132 259
134 253
137 247
139 241
141 235
143 229
144 223
146 217
147 211
148 205
149 199
149 193
149 187
149 181
147 175
141 169
135 172
131 178
126 184
120 187
114 182
110 176
108 170
106 164
104 158
103 152
103 146
103 140
104 134
106 128
108 122
111 116
115 110
121 104
127 100
133 96
139 93
145 92
151 90
157 90
163 90
169 90
175 92
181 94
187 96
193 100
199 104
205 110
209 116
213 122
215 128
217 134
218 140
218 146
218 152
217 158
215 164
214 170
211 176
208 182
205 188
201 194
195 197
190 191
187 185
181 179
176 185
174 191
173 197
173 203
173 209
173 215
173 221
173 227
174 233
175 239
176 245
177 251
178 257
180 263
181 269
184 275
187 281
191 287
195 293
201 298
207 302
213 305
219 307
225 308
231 309
237 309
243 307
249 306
255 303
261 298
267 292
271 286
274 280
275 274
275 268
274 262
271 256
265 251
259 250
253 250
247 251
241 252
235 251
229 246
225 240
224 234
224 228
225 222
228 216
231 210
235 204
240 198
246 192
252 187
258 183
264 180
270 179
276 178
282 179
288 181
294 185
300 191
306 197
312 201
318 203
324 205
330 206
336 205
342 204
348 202
354 198
359 192
362 186
363 180
364 174
365 168
368 162
374 157
380 154
386 154
392 154
398 156
404 159
410 163
416 168
422 174
426 180
430 186
434 192
437 198
439 204
441 210
441 216
441 222
439 228
433 234
427 235
421 235
415 234
409 236
403 240
400 246
399 252
399 258
400 264
402 270
406 276
411 282
417 286
423 290
429 292
435 293
441 293
447 292
453 290
459 288
465 284
471 279
476 273
480 267
483 261
485 255
487 249
488 243
489 237
490 231
491 225
491 219
491 213
491 207
490 201
489 195
486 189
480 189
474 194
468 194
464 188
462 182
460 176
458 170
457 164
456 158
455 152
455 146
456 140
457 134
459 128
463 122
467 116
473 110
479 106
485 103
491 101
497 100
503 99
509 99
515 100
521 101
527 103
533 106
539 110
545 115
551 121
555 127
559 133
561 139
563 145
565 151
565 157
565 163
564 169
561 175
555 180
549 179
543 175
537 170
531 168
525 172
522 178
521 184
522 190
522 196
524 202
525 208
528 214
530 220
533 226
537 232
542 238
548 244
554 249
560 252
566 255
572 257
578 259
584 260
590 262
596 263
602 265
608 267
614 269
620 272
626 274
632 276
638 277
644 277
650 277
656 276
662 274
668 271
674 267
679 261
684 255
687 249
690 243
692 237
694 231
696 225
698 219
699 213
700 207
701 201
701 195
701 189
701 183
699 177
696 171
690 168
684 169
678 174
673 180
668 186
662 189
656 188
650 183
647 177
644 171
643 165
643 159
643 153
644 147
646 141
648 135
651 129
655 123
661 117
667 112
673 108
679 106
685 104
691 103
697 103
703 103
709 105
715 107
721 110
727 114
733 119
738 125
743 131
746 137
750 143
753 149
755 155
758 161
760 167
762 173
764 179
766 185
767 191
768 197
769 203
767 209
761 209
755 205
751 199
746 193
742 187
736 183
730 189
729 195
729 201
729 207
729 213
730 219
731 225
732 231
733 237
735 243
738 249
742 255
748 261
754 265
760 268
766 269
772 269
778 269
784 268
790 266
796 264
802 261
808 258
814 254
820 250
826 246
832 241
838 235
844 229
848 223
851 217
852 211
853 205
852 199
850 193
847 187
842 181
836 176
830 175
824 179
820 185
818 191
815 197
810 203
804 206
798 203
794 197
792 191
790 185
789 179
788 173
787 167
787 161
787 155
787 149
787 143
788 137
790 131
792 125
795 119
799 113
805 108
811 104
817 102
823 100
829 100
835 101
841 103
847 105
853 110
859 116
863 122
865 128
867 134
869 140
870 146
871 152
872 158
874 164
876 170
878 176
880 182
882 188
884 194
886 200
888 206
890 212
891 218
892 224
894 230
894 236
895 242
896 248
896 254
896 260
897 266
897 272
897 278
898 284
898 290
898 296
899 302
900 308
898 314
892 314
886 309
883 303
880 297
879 291
878 285
877 279
876 273
876 267
874 261
868 256
862 261
857 267
852 273
848 279
845 285
842 291
841 297
840 303
840 309
841 315
842 321
845 327
849 333
854 339
860 344
866 348
872 351
878 354
884 355
890 357
896 357
902 358
908 358
914 357
920 356
926 354
932 352
938 349
944 346
950 341
956 335
960 329
964 323
966 317
968 311
969 305
969 299
969 293
968 287
966 281
963 275
959 269
954 263
948 258
942 254
936 253
932 259
931 265
931 271
931 277
930 283
930 289
928 295
927 301
924 307
918 313
912 311
911 305
910 299
910 293
909 287
908 281
908 275
907 269
906 263
905 257
905 251
904 245
904 239
904 233
903 227
903 221
903 215
903 209
904 203
904 197
905 191
905 185
906 179
907 173
909 167
910 161
912 155
913 149
915 143
916 137
918 131
919 125
921 119
924 113
927 107
931 101
937 95
943 91
949 87
955 85
961 83
967 83
973 82
979 83
985 84
991 86
997 89
1003 93
1009 98
1013 104
1016 110
1018 116
1019 122
1019 128
1017 134
1015 140
1010 146
1004 151
998 154
992 155
986 153
980 149
974 144
968 142
962 143
956 146
950 152
946 158
943 164
941 170
940 176
940 182
941 188
943 194
946 200
951 206
957 210
963 214
969 216
975 218
981 220
987 221
993 221
999 221
1005 220
1011 218
1017 214
1022 208
1025 202
1028 196
1032 190
1038 185
1044 181
1050 178
1056 175
1062 174
1068 173
1074 173
1080 173
1086 175
1092 178
1098 182
1104 188
1107 194
1110 200
1111 206
1111 212
1109 218
1105 224
1099 229
1095 235
1093 241
1093 247
1095 253
1098 259
1103 265
1109 270
1115 274
1121 276
1127 277
1133 278
1139 277
1145 276
1151 274
1157 271
1163 266
1169 260
1174 254
1177 248
1179 242
1181 236
1182 230
1181 224
1179 218
1175 212
1170 206
1167 200
1166 194
1166 188
1166 182
1168 176
1171 170
1175 164
1180 158
1186 153
1192 150
