0 206
6 206
12 206
18 206
24 206
30 206
36 207
42 208
48 209
54 210
60 211
66 211
72 212
78 213
84 213
90 213
96 212
102 211
108 210
114 208
120 207
126 205
132 204
138 202
144 201
150 200
156 200
162 200
168 200
174 201
180 202
186 204
192 205
198 207
204 209
210 211
216 213
222 214
228 214
234 215
240 214
246 214
252 212
258 211
264 209
270 208
276 207
282 206
288 205
294 205
300 206
306 206
312 207
318 208
324 208
330 209
336 209
342 208
348 208
354 207
360 206
366 205
372 205
378 204
384 204
390 205
396 206
402 207
408 208
414 210
420 211
426 212
432 213
438 213
444 213
450 212
456 211
462 209
468 208
474 206
480 204
486 203
492 202
498 201
504 201
510 201
516 202
522 203
528 204
534 206
540 208
546 209
552 210
558 211
564 211
570 211
576 211
582 211
588 210
594 210
600 210
606 210
612 210
618 211
624 211
630 212
636 213
642 213
648 213
654 212
660 211
666 209
672 207
678 205
684 203
690 201
696 200
702 199
708 199
714 200
720 201
726 203
732 205
738 207
744 210
750 212
756 213
762 214
768 214
774 213
780 212
786 210
792 207
798 204
804 202
810 199
816 197
822 196
828 196
834 197
840 198
846 201
852 204
858 208
864 212
870 217
876 220
882 223
888 225
894 226
900 226
906 226
912 224
918 222
924 218
930 214
936 209
942 205
948 201
954 198
960 196
966 195
972 195
978 195
984 197
990 198
996 201
1002 203
1008 205
1014 207
1020 208
1026 209
1032 209
1038 209
1044 208
1050 207
1056 206
1062 206
1068 205
1074 205
1080 205
1086 206
1092 207
1098 208
1104 209
1110 210
1116 210
1122 211
1128 211
1134 211
1140 211
1146 210
1152 210
1158 209
1164 209
1170 208
1176 208
1182 207
1188 207
