0 197
6 196
12 196
18 196
24 197
30 197
36 198
42 200
48 201
54 203
60 205
66 207
72 208
78 209
84 209
90 209
96 208
102 206
108 204
114 202
120 199
126 195
132 193
138 190
144 188
150 187
156 186
162 186
168 187
174 188
180 190
186 193
192 196
198 199
204 203
210 206
216 209
222 211
228 212
234 212
240 211
246 210
252 208
258 206
264 203
270 201
276 198
282 197
288 196
294 196
300 196
306 197
312 198
318 199
324 200
330 201
336 201
342 201
348 200
354 199
360 197
366 196
372 195
378 194
384 194
390 195
396 196
402 198
408 201
414 203
420 206
426 208
432 209
438 209
444 209
450 208
456 206
462 203
468 200
474 196
480 193
486 191
492 189
498 188
504 188
510 188
516 189
522 191
528 194
534 197
540 199
546 202
552 204
558 205
564 206
570 206
576 206
582 205
588 204
594 204
600 204
606 204
612 205
618 205
624 207
630 208
636 208
642 209
648 208
654 207
660 205
666 202
672 199
678 195
684 191
690 188
696 186
702 185
708 185
714 186
720 188
726 191
732 195
738 200
744 204
750 207
756 210
762 211
768 211
774 210
780 208
786 204
792 199
798 194
804 189
810 185
816 182
822 180
828 180
834 181
840 182
846 185
852 190
857 196
861 202
864 208
868 214
873 220
879 225
885 229
891 231
897 231
903 231
909 230
915 227
921 223
927 217
931 211
934 205
937 199
941 193
947 187
953 183
959 180
965 179
971 178
977 179
983 181
989 183
995 187
1001 191
1007 195
1013 199
1019 201
1025 202
1031 203
1037 203
1043 202
1049 200
1055 199
1061 197
1067 196
1073 196
1079 196
1085 197
1091 198
1097 199
1103 201
1109 203
1115 204
1121 205
1127 205
1133 205
1139 205
1145 204
1151 204
1157 203
1163 202
1169 201
1175 200
1181 199
1187 198
1193 197
