0 139
6 138
12 138
18 138
24 140
30 142
36 145
42 148
48 153
54 158
60 163
66 169
71 175
75 181
80 187
83 193
86 199
88 205
88 211
88 217
86 223
80 229
74 231
68 230
62 227
56 225
50 226
44 232
42 238
40 244
40 250
40 256
41 262
42 268
45 274
48 280
52 286
58 291
64 295
70 298
76 299
82 300
88 300
94 299
100 297
106 294
112 290
118 284
123 278
127 272
130 266
133 260
135 254
137 248
139 242
141 236
143 230
145 224
146 218
148 212
149 206
150 200
151 194
152 188
153 182
153 176
153 170
154 164
153 158
152 152
146 148
140 152
137 158
135 164
133 170
131 176
126 182
120 181
115 175
112 169
109 163
106 157
104 151
102 145
101 139
101 133
101 127
102 121
103 115
106 109
109 103
114 97
120 91
126 87
132 84
138 81
144 79
150 78
156 77
162 77
168 78
174 79
180 80
186 82
192 85
198 89
204 94
210 100
214 106
217 112
219 118
221 124
221 130
221 136
220 142
219 148
217 154
214 160
210 166
206 172
202 178
198 184
192 189
187 183
186 177
185 171
183 165
181 159
175 158
173 164
172 170
172 176
171 182
171 188
171 194
170 200
170 206
171 212
171 218
172 224
172 230
173 236
174 242
175 248
177 254
178 260
179 266
181 272
183 278
185 284
188 290
192 296
197 302
203 307
209 311
215 314
221 315
227 317
233 317
239 317
245 315
251 314
257 311
263 307
269 301
274 295
277 289
279 283
280 277
280 271
279 265
277 259
273 253
267 249
261 248
255 249
249 252
243 255
237 258
231 258
225 256
219 250
215 244
213 238
212 232
212 226
214 220
216 214
220 208
224 202
230 196
236 191
242 186
248 182
254 179
260 177
266 176
272 175
278 176
284 179
290 183
296 189
302 194
308 198
314 201
320 202
326 203
332 203
338 202
344 201
350 199
356 196
362 191
366 185
367 179
366 173
365 167
365 161
368 155
374 150
380 147
386 147
392 147
398 148
404 151
410 154
416 158
422 164
428 170
433 176
438 182
442 188
446 194
448 200
451 206
452 212
452 218
451 224
449 230
444 236
438 239
432 239
426 237
420 233
414 231
408 232
402 236
398 242
396 248
395 254
395 260
396 266
398 272
401 278
405 284
411 290
417 294
423 296
429 298
435 299
441 299
447 298
453 296
459 294
465 290
471 284
476 278
480 272
483 266
485 260
487 254
488 248
490 242
491 236
492 230
492 224
493 218
493 212
494 206
494 200
493 194
493 188
492 182
491 176
485 174
482 180
479 186
473 189
469 183
466 177
464 171
461 165
459 159
457 153
455 147
454 141
454 135
454 129
455 123
457 117
460 111
464 105
470 99
476 95
482 92
488 90
494 88
500 87
506 87
512 88
518 89
524 90
530 92
536 95
542 99
548 104
554 110
558 116
562 122
565 128
567 134
569 140
570 146
570 152
570 158
570 164
568 170
564 176
558 179
552 177
546 171
542 165
538 159
532 153
526 152
520 158
518 164
518 170
519 176
519 182
520 188
522 194
524 200
525 206
528 212
530 218
533 224
537 230
541 236
546 242
552 247
558 251
564 255
570 258
576 260
582 262
588 264
594 266
600 268
606 270
612 273
618 275
624 278
630 280
636 281
642 282
648 282
654 281
660 280
666 277
672 274
678 269
683 263
687 257
690 251
693 245
695 239
697 233
698 227
700 221
701 215
702 209
703 203
704 197
705 191
705 185
705 179
705 173
704 167
703 161
698 155
692 152
686 154
680 160
677 166
674 172
671 178
667 184
661 188
655 188
649 185
644 179
641 173
639 167
638 161
637 155
638 149
639 143
640 137
642 131
645 125
648 119
653 113
658 107
664 103
670 99
676 96
682 95
688 94
694 93
700 94
706 95
712 97
718 100
724 103
730 108
735 114
740 120
744 126
747 132
750 138
753 144
756 150
758 156
760 162
762 168
764 174
766 180
768 186
771 192
773 198
775 204
776 210
770 215
764 211
759 205
755 199
752 193
748 187
745 181
741 175
736 169
730 175
730 181
730 187
731 193
731 199
731 205
732 211
732 217
733 223
734 229
735 235
737 241
740 247
743 253
749 259
755 264
761 267
767 268
773 269
779 269
785 268
791 267
797 265
803 263
809 260
815 257
821 254
827 250
833 246
839 241
845 236
851 230
855 224
858 218
859 212
859 206
858 200
856 194
854 188
850 182
846 176
840 170
834 167
828 167
823 173
822 179
821 185
819 191
818 197
816 203
811 209
805 211
799 207
796 201
793 195
791 189
790 183
788 177
787 171
786 165
785 159
785 153
785 147
785 141
785 135
786 129
787 123
790 117
793 111
797 105
803 99
809 95
815 93
821 92
827 91
833 92
839 93
845 96
851 100
857 106
861 112
863 118
865 124
866 130
866 136
865 142
865 148
865 154
866 160
869 166
872 172
875 178
878 184
882 190
885 196
887 202
890 208
892 214
893 220
895 226
896 232
897 238
903 232
903 238
904 244
898 250
904 248
905 254
899 260
899 266
899 272
899 278
900 284
900 290
900 296
901 302
901 308
901 314
902 320
902 326
896 330
890 327
885 321
882 315
880 309
879 303
878 297
878 291
878 285
878 279
878 273
876 267
870 264
864 268
858 274
852 280
847 286
844 292
841 298
839 304
837 310
837 316
838 322
839 328
841 334
845 340
850 346
856 352
862 356
868 359
874 362
880 364
886 365
892 366
898 367
904 367
910 367
916 366
922 365
928 364
934 362
940 359
946 356
952 352
958 347
963 341
967 335
970 329
972 323
974 317
975 311
975 305
974 299
973 293
972 287
969 281
965 275
960 269
954 264
948 261
942 259
936 260
934 266
934 272
935 278
935 284
936 290
936 296
935 302
933 308
931 314
928 320
923 326
917 328
914 322
914 316
913 310
912 304
911 298
910 292
909 286
908 280
907 274
906 268
906 262
911 268
910 262
909 256
909 250
908 244
907 238
907 232
903 226
902 220
902 214
901 208
901 202
901 196
902 190
902 184
903 178
904 172
906 166
907 160
910 154
912 148
914 142
916 136
918 130
920 124
921 118
922 112
924 106
927 100
930 94
935 88
941 83
947 79
953 76
959 74
965 73
971 72
977 72
983 72
989 74
995 76
1001 79
1007 82
1013 88
1018 94
1022 100
1024 106
1025 112
1025 118
1024 124
1021 130
1017 136
1011 142
1005 146
999 149
993 150
987 149
981 145
977 139
973 133
967 129
961 129
955 132
949 136
944 142
940 148
937 154
934 160
932 166
931 172
931 178
931 184
932 190
935 196
939 202
945 207
951 210
957 213
963 214
969 215
975 216
981 216
987 216
993 215
999 214
1005 211
1011 205
1014 199
1016 193
1019 187
1024 181
1030 177
1036 174
1042 172
1048 170
1054 168
1060 167
1066 167
1072 167
1078 168
1084 169
1090 171
1096 175
1102 179
1107 185
1111 191
1114 197
1115 203
1116 209
1115 215
1113 221
1107 225
1101 227
1095 229
1089 234
1087 240
1087 246
1088 252
1090 258
1094 264
1099 270
1105 275
1111 279
1117 282
1123 283
1129 284
1135 284
1141 283
1147 282
1153 279
1159 276
1165 271
1171 266
1175 260
1179 254
1183 248
1185 242
1187 236
1189 230
1189 224
1188 218
1186 212
1180 209
1174 207
1168 204
1164 198
1163 192
1162 186
1163 180
1164 174
1166 168
1168 162
1172 156
1178 150
1184 145
1190 142
