0 176
6 175
12 175
18 175
24 177
30 180
36 184
42 190
45 196
48 202
50 208
51 214
52 220
53 226
55 232
58 238
63 244
69 249
75 251
81 253
87 253
93 253
99 251
105 248
111 244
117 238
121 232
123 226
125 220
126 214
126 208
125 202
122 196
120 190
118 184
118 178
118 172
119 166
122 160
125 154
131 148
137 144
143 141
149 139
155 137
161 137
167 138
173 139
179 142
185 145
191 150
196 156
199 162
202 168
203 174
203 180
202 186
201 192
198 198
194 204
192 210
190 216
190 222
190 228
192 234
194 240
198 246
203 252
209 257
215 260
221 262
227 263
233 263
239 261
245 259
251 255
257 249
260 243
261 237
261 231
260 225
260 219
260 213
261 207
263 201
267 195
273 189
279 186
285 184
291 184
297 185
303 188
309 192
315 196
321 200
327 203
333 204
339 203
345 201
351 196
357 190
362 184
368 179
374 176
380 175
386 175
392 177
398 180
404 186
408 192
410 198
411 204
411 210
411 216
411 222
411 228
413 234
416 240
421 246
427 249
433 251
439 252
445 252
451 251
457 248
463 243
468 237
472 231
474 225
475 219
475 213
474 207
472 201
469 195
468 189
467 183
467 177
468 171
470 165
474 159
480 153
486 149
492 146
498 144
504 144
510 144
516 146
522 148
528 152
534 158
538 164
540 170
541 176
541 182
540 188
539 194
538 200
538 206
540 212
543 218
548 224
554 229
560 231
566 233
572 233
578 233
584 233
590 233
596 233
602 234
608 235
614 237
620 240
626 242
632 244
638 245
644 245
650 245
656 243
662 240
668 235
672 229
676 223
677 217
678 211
678 205
676 199
673 193
669 187
667 181
666 175
666 169
668 163
671 157
676 151
682 147
688 143
694 142
700 141
706 141
712 142
718 144
724 147
730 152
735 158
739 164
742 170
743 176
744 182
743 188
742 194
739 200
736 206
734 212
734 218
735 224
737 230
741 236
746 242
752 246
758 248
764 249
770 249
776 248
782 246
788 243
794 239
800 233
805 227
808 221
811 215
812 209
813 203
811 197
807 191
801 185
797 179
796 173
795 167
796 161
798 155
802 149
807 143
813 139
819 136
825 134
831 134
837 134
843 135
849 138
855 141
861 147
866 153
870 159
873 165
876 171
878 177
879 183
881 189
882 195
883 201
884 207
884 213
884 219
882 225
879 231
873 233
867 232
861 233
855 238
852 244
850 250
849 256
850 262
850 268
852 274
855 280
859 286
864 292
870 297
876 300
882 303
888 304
894 305
900 306
906 305
912 304
918 303
924 300
930 297
936 292
942 286
946 280
949 274
951 268
952 262
952 256
951 250
950 244
947 238
943 232
937 230
931 230
925 232
919 229
916 223
914 217
913 211
913 205
913 199
914 193
915 187
916 181
917 175
918 169
920 163
923 157
926 151
930 145
935 139
941 134
947 130
953 128
959 126
965 126
971 126
977 127
983 129
989 133
995 139
999 145
1000 151
1000 157
998 163
994 169
989 175
987 181
986 187
988 193
990 199
995 205
1001 211
1007 215
1013 217
1019 219
1025 219
1031 217
1037 215
1043 210
1049 204
1055 198
1061 192
1067 189
1073 187
1079 187
1085 188
1091 191
1097 197
1101 203
1103 209
1105 215
1107 221
1111 227
1117 233
1123 236
1129 238
1135 238
1141 238
1147 236
1153 232
1159 227
1164 221
1167 215
1170 209
1172 203
1175 197
1179 191
1185 185
1191 180
