0 167
6 166
12 166
18 167
24 168
30 171
36 174
42 178
48 184
53 190
57 196
60 202
62 208
63 214
62 220
60 226
56 232
52 238
49 244
49 250
49 256
51 262
54 268
59 274
65 279
71 282
77 284
83 284
89 285
95 284
101 282
107 279
113 275
119 270
124 264
128 258
131 252
134 246
136 240
137 234
139 228
140 222
140 216
140 210
139 204
135 198
129 195
123 196
117 194
112 188
109 182
108 176
108 170
108 164
109 158
110 152
113 146
117 140
121 134
127 129
133 125
139 122
145 120
151 118
157 118
163 118
169 118
175 120
181 122
187 125
193 129
199 135
204 141
208 147
210 153
212 159
213 165
213 171
213 177
212 183
211 189
208 195
205 201
199 205
193 204
187 204
181 210
179 216
178 222
178 228
178 234
178 240
179 246
181 252
182 258
184 264
187 270
191 276
196 282
202 288
208 291
214 294
220 296
226 297
232 297
238 296
244 295
250 292
256 288
262 282
266 276
268 270
268 264
267 258
263 252
257 249
251 246
245 242
242 236
241 230
242 224
244 218
247 212
250 206
255 200
261 195
267 191
273 189
279 187
285 187
291 189
297 192
303 196
309 202
315 206
321 210
327 211
333 212
339 211
345 209
351 205
356 199
359 193
362 187
365 181
370 175
376 172
382 171
388 171
394 172
400 174
406 178
412 184
417 190
421 196
423 202
425 208
426 214
426 220
424 226
419 232
413 236
407 242
405 248
405 254
406 260
408 266
413 272
419 277
425 280
431 282
437 283
443 283
449 282
455 281
461 278
467 273
473 267
477 261
480 255
482 249
484 243
485 237
486 231
486 225
485 219
483 213
479 207
473 204
467 201
462 195
460 189
459 183
458 177
458 171
459 165
460 159
463 153
466 147
471 141
477 135
483 132
489 129
495 127
501 126
507 126
513 126
519 128
525 130
531 133
537 137
543 142
548 148
551 154
554 160
555 166
556 172
555 178
553 184
547 188
541 190
535 191
530 197
529 203
529 209
530 215
531 221
534 227
537 233
542 239
548 245
554 249
560 252
566 254
572 255
578 256
584 257
590 258
596 259
602 260
608 262
614 264
620 266
626 268
632 270
638 271
644 272
650 271
656 270
662 268
668 264
674 259
679 253
683 247
686 241
688 235
690 229
691 223
692 217
692 211
692 205
690 199
685 193
679 192
673 193
667 194
661 193
655 187
653 181
652 175
652 169
653 163
655 157
657 151
661 145
667 139
673 134
679 131
685 128
691 127
697 126
703 126
709 127
715 129
721 132
727 136
733 140
738 146
743 152
747 158
750 164
753 170
755 176
757 182
758 188
759 194
759 200
756 206
750 207
744 205
738 203
732 207
730 213
729 219
729 225
730 231
731 237
733 243
736 249
740 255
745 261
751 265
757 268
763 269
769 269
775 269
781 268
787 266
793 263
799 260
805 256
811 251
817 246
823 241
828 235
833 229
836 223
838 217
839 211
838 205
836 199
830 193
824 192
818 193
812 198
806 201
800 200
794 194
791 188
790 182
789 176
789 170
789 164
790 158
792 152
794 146
797 140
802 134
808 129
814 125
820 123
826 122
832 122
838 123
844 125
850 128
856 132
861 138
866 144
869 150
872 156
874 162
876 168
878 174
880 180
881 186
883 192
885 198
886 204
887 210
889 216
890 222
891 228
892 234
892 240
893 246
894 252
894 258
894 264
895 270
895 276
894 282
888 287
882 282
879 276
876 270
875 264
873 258
869 252
863 251
857 256
853 262
850 268
847 274
845 280
844 286
843 292
843 298
844 304
846 310
849 316
853 322
859 328
865 332
871 336
877 339
883 340
889 342
895 343
901 343
907 343
913 342
919 341
925 339
931 336
937 333
943 329
949 323
954 317
957 311
960 305
961 299
962 293
962 287
962 281
960 275
958 269
954 263
950 257
944 251
938 248
932 251
929 257
928 263
926 269
924 275
921 281
915 286
909 280
908 274
908 268
907 262
907 256
906 250
906 244
906 238
906 232
906 226
906 220
906 214
907 208
907 202
908 196
909 190
910 184
911 178
912 172
913 166
915 160
916 154
918 148
921 142
924 136
928 130
932 124
938 119
944 114
950 111
956 109
962 108
968 108
974 108
980 109
986 111
992 114
998 118
1003 124
1007 130
1010 136
1011 142
1011 148
1009 154
1005 160
999 165
993 167
987 167
981 166
975 166
969 167
963 172
960 178
958 184
957 190
958 196
960 202
964 208
970 214
976 218
982 222
988 224
994 227
1000 228
1006 229
1012 229
1018 227
1024 225
1030 220
1035 214
1039 208
1043 202
1049 196
1055 192
1061 189
1067 187
1073 187
1079 187
1085 188
1091 190
1097 195
1102 201
1104 207
1106 213
1105 219
1104 225
1102 231
1101 237
1101 243
1102 249
1106 255
1112 261
1118 265
1124 267
1130 268
1136 268
1142 268
1148 266
1154 263
1160 258
1166 252
1169 246
1172 240
1173 234
1173 228
1173 222
1172 216
1170 210
1170 204
1171 198
1172 192
1175 186
1179 180
1185 175
1191 171
