0 209
6 208
12 208
18 208
24 208
30 208
36 209
42 209
48 209
54 210
60 210
66 211
72 211
78 211
84 211
90 211
96 211
102 211
108 210
114 209
120 209
126 208
132 207
138 207
144 206
150 206
156 205
162 205
168 206
174 206
180 206
186 207
192 208
198 209
204 210
210 211
216 211
222 212
228 212
234 212
240 212
246 212
252 211
258 211
264 210
270 209
276 209
282 208
288 208
294 208
300 208
306 208
312 209
318 209
324 209
330 210
336 210
342 210
348 209
354 209
360 208
366 208
372 208
378 207
384 207
390 207
396 208
402 208
408 209
414 210
420 210
426 211
432 211
438 212
444 211
450 211
456 210
462 210
468 209
474 208
480 207
486 207
492 206
498 206
504 206
510 206
516 206
522 207
528 208
534 208
540 209
546 210
552 210
558 211
564 211
570 211
576 211
582 210
588 210
594 210
600 210
606 210
612 210
618 210
624 211
630 211
636 211
642 211
648 211
654 211
660 211
666 210
672 209
678 208
684 207
690 206
696 205
702 205
708 205
714 205
720 206
726 206
732 207
738 209
744 210
750 211
756 211
762 212
768 212
774 211
780 211
786 210
792 209
798 207
804 206
810 205
816 204
822 204
828 204
834 204
840 205
846 206
852 208
858 209
864 211
870 213
876 215
882 216
888 217
894 218
900 218
906 218
912 217
918 216
924 214
930 212
936 210
942 208
948 206
954 205
960 204
966 203
972 203
978 203
984 204
990 205
996 206
1002 207
1008 208
1014 209
1020 209
1026 210
1032 210
1038 209
1044 209
1050 209
1056 208
1062 208
1068 207
1074 207
1080 208
1086 208
1092 208
1098 209
1104 210
1110 210
1116 210
1122 211
1128 211
1134 210
1140 210
1146 210
1152 210
1158 210
1164 209
1170 209
1176 209
1182 209
1188 209
