0 201
3 207
5 213
8 219
11 225
16 231
22 236
28 239
34 240
40 240
46 239
52 237
58 232
63 226
67 220
69 214
70 208
71 202
71 196
72 190
73 184
75 178
78 172
84 166
90 162
96 160
102 159
108 159
114 160
120 162
126 167
132 173
135 179
137 185
138 191
139 197
139 203
140 209
141 215
143 221
145 227
149 233
154 239
160 244
166 248
172 250
178 252
184 252
190 252
196 250
202 247
208 243
213 237
216 231
217 225
217 219
217 213
216 207
217 201
218 195
221 189
227 183
233 180
239 179
245 179
251 181
257 184
263 187
269 190
275 191
281 191
287 190
293 189
299 189
305 190
311 193
317 198
321 204
325 210
329 216
335 222
341 226
347 228
353 230
359 230
365 230
371 228
377 225
383 220
388 214
392 208
396 202
401 196
407 192
413 191
419 191
425 194
431 199
435 205
439 211
443 217
449 223
455 226
461 227
467 226
473 223
479 217
483 211
485 205
487 199
489 193
490 187
493 181
498 175
504 171
510 169
516 170
522 171
528 175
533 181
536 187
539 193
540 199
540 205
539 211
539 217
538 223
538 229
539 235
541 241
545 247
551 252
557 255
563 256
569 257
575 256
581 253
587 249
592 243
595 237
596 231
596 225
595 219
593 213
592 207
591 201
591 195
592 189
594 183
598 177
604 172
610 170
616 169
622 170
628 173
634 178
640 183
646 187
652 189
658 190
664 189
670 188
676 186
682 186
688 186
694 188
700 193
704 199
707 205
709 211
711 217
714 223
719 229
725 235
731 239
737 242
743 244
749 245
755 246
761 246
767 245
773 243
779 239
785 234
790 228
792 222
794 216
795 210
796 204
797 198
798 192
801 186
806 180
812 175
818 173
824 173
830 174
836 177
841 183
845 189
848 195
850 201
854 207
859 213
865 216
871 217
877 216
883 212
889 206
893 200
897 194
903 188
909 186
915 186
921 190
926 196
928 202
930 208
932 214
934 220
940 226
946 229
952 229
958 228
964 223
969 217
972 211
977 205
983 201
989 200
995 202
1001 206
1007 212
1013 216
1019 218
1025 218
1031 216
1037 210
1040 204
1043 198
1047 192
1053 186
1059 184
1065 184
1071 186
1077 191
1083 197
1087 203
1093 209
1099 214
1105 218
1111 220
1117 222
1123 222
1129 221
1135 219
1141 216
1147 210
1151 204
1155 198
1160 192
1166 187
1172 185
1178 185
1184 186
1190 189
