0 179
6 185
10 191
12 197
14 203
16 209
16 215
14 221
11 227
8 233
7 239
6 245
7 251
9 257
13 263
19 268
25 272
31 274
37 275
43 274
49 273
55 270
61 266
67 261
72 255
75 249
78 243
80 237
82 231
83 225
83 219
84 213
83 207
82 201
79 195
73 190
67 184
64 178
63 172
63 166
63 160
65 154
68 148
72 142
78 136
84 132
90 130
96 128
102 127
108 127
114 128
120 130
126 132
132 136
138 141
143 147
146 153
148 159
150 165
150 171
151 177
150 183
150 189
148 195
142 201
138 207
135 213
134 219
133 225
133 231
133 237
133 243
134 249
136 255
137 261
140 267
143 273
148 279
154 285
160 289
166 292
172 294
178 295
184 295
190 295
196 293
202 291
208 288
214 283
219 277
223 271
225 265
227 259
227 253
227 247
226 241
222 235
216 231
210 232
204 231
199 225
197 219
197 213
198 207
199 201
200 195
203 189
206 183
210 177
216 171
222 167
228 165
234 164
240 165
246 167
252 170
258 173
264 175
270 177
276 177
282 177
288 177
294 177
300 177
306 179
312 181
318 186
322 192
324 198
324 204
323 210
321 216
319 222
319 228
320 234
322 240
325 246
330 252
336 257
342 260
348 262
354 263
360 263
366 262
372 259
378 255
384 249
387 243
389 237
390 231
390 225
390 219
389 213
389 207
390 201
392 195
395 189
401 184
407 182
413 181
419 181
425 184
431 188
436 194
439 200
441 206
442 212
442 218
442 224
443 230
445 236
450 242
456 246
462 247
468 247
474 246
480 243
486 238
491 232
496 226
499 220
501 214
502 208
502 202
501 196
497 190
491 185
487 179
485 173
486 167
488 161
492 155
498 151
504 148
510 148
516 148
522 150
528 153
534 159
538 165
542 171
544 177
546 183
548 189
549 195
551 201
552 207
553 213
553 219
553 225
553 231
550 237
544 238
538 241
535 247
533 253
532 259
532 265
533 271
535 277
539 283
544 289
550 293
556 296
562 297
568 298
574 298
580 296
586 294
592 291
598 285
603 279
606 273
609 267
610 261
611 255
610 249
609 243
606 237
600 232
594 234
588 237
583 231
581 225
580 219
579 213
579 207
579 201
579 195
579 189
580 183
582 177
583 171
586 165
589 159
595 153
601 149
607 147
613 147
619 148
625 153
629 159
632 165
638 170
644 173
650 175
656 176
662 176
668 176
674 176
680 175
686 176
692 176
698 178
704 181
710 186
714 192
717 198
718 204
719 210
718 216
713 222
707 227
704 233
703 239
704 245
705 251
707 257
710 263
715 269
720 275
726 280
732 283
738 286
744 288
750 289
756 289
762 289
768 287
774 286
780 283
786 278
792 272
796 266
799 260
801 254
802 248
802 242
801 236
799 230
797 224
792 218
786 212
782 206
781 200
780 194
780 188
781 182
783 176
786 170
789 164
795 158
801 154
807 151
813 149
819 149
825 150
831 152
837 157
841 163
843 169
842 175
840 181
838 187
837 193
838 199
840 205
843 211
847 217
853 223
859 226
865 228
871 228
877 225
883 220
887 214
889 208
890 202
891 196
893 190
896 184
902 178
908 174
914 173
920 174
926 178
931 184
933 190
933 196
933 202
931 208
928 214
926 220
925 226
924 232
925 238
927 244
931 250
937 255
943 257
949 258
955 257
961 253
966 247
967 241
967 235
967 229
968 223
970 217
973 211
979 206
985 204
991 205
997 209
1002 215
1006 221
1011 227
1017 233
1023 235
1029 234
1035 231
1041 225
1043 219
1045 213
1045 207
1044 201
1042 195
1041 189
1041 183
1043 177
1047 171
1053 167
1059 165
1065 165
1071 166
1077 170
1083 176
1086 182
1088 188
1089 194
1089 200
1089 206
1089 212
1090 218
1092 224
1095 230
1099 236
1105 242
1111 245
1117 246
1123 247
1129 245
1135 243
1141 239
1147 233
1151 227
1153 221
1155 215
1156 209
1156 203
1155 197
1155 191
1157 185
1160 179
1166 173
1172 171
1178 170
1184 170
1190 172
