0 274
2 279
4 284
8 289
13 293
18 295
23 297
28 298
33 299
38 298
43 298
48 296
53 294
58 291
63 287
68 283
72 278
77 273
80 268
84 263
87 258
90 253
93 248
96 243
98 238
100 233
102 228
104 223
105 218
106 213
107 208
108 203
109 198
109 193
109 188
109 183
108 178
108 173
107 168
107 163
106 158
104 153
103 148
101 143
98 138
93 134
88 132
83 137
82 142
83 147
84 152
86 157
86 162
81 167
76 164
71 160
67 155
63 150
59 145
56 140
53 135
51 130
49 125
48 120
47 115
48 110
48 105
49 100
51 95
54 90
57 85
62 80
67 75
72 72
77 69
82 67
87 66
92 65
97 64
102 64
107 64
112 64
117 65
122 66
127 68
132 71
137 74
142 77
147 82
151 87
154 92
156 97
157 102
158 107
159 112
159 117
158 122
157 127
156 132
154 137
152 142
150 147
148 152
146 157
144 162
142 167
140 172
138 177
133 182
133 187
133 192
133 197
134 202
134 207
135 212
135 217
135 222
136 227
136 232
136 237
136 242
136 247
136 252
135 257
134 262
134 267
133 272
132 277
132 282
132 287
132 292
133 297
135 302
137 307
140 312
144 317
149 322
154 326
159 329
164 331
169 333
174 334
179 335
184 335
189 335
194 335
199 334
204 332
209 330
214 328
219 324
224 320
229 315
233 310
236 305
238 300
240 295
241 290
242 285
242 280
242 275
241 270
241 265
240 260
238 255
237 250
235 245
232 240
229 235
225 230
220 226
215 224
210 224
205 227
201 232
199 237
199 242
199 247
200 252
202 257
204 262
204 267
202 272
197 275
192 275
187 272
182 267
179 262
177 257
175 252
173 247
172 242
171 237
170 232
169 227
169 222
169 217
169 212
169 207
170 202
171 197
172 192
174 187
176 182
179 177
182 172
185 167
188 162
192 157
196 152
201 147
206 142
211 139
216 136
221 134
226 132
231 132
236 132
241 134
246 136
251 138
256 139
261 140
266 141
271 142
276 143
281 144
286 145
291 146
296 148
301 150
306 152
311 155
316 159
321 164
325 169
327 174
329 179
330 184
331 189
331 194
331 199
331 204
330 209
328 214
326 219
321 223
316 220
313 215
310 210
305 205
300 204
295 207
292 212
291 217
291 222
291 227
292 232
293 237
294 242
296 247
298 252
301 257
304 262
308 267
312 272
317 277
322 281
327 285
332 287
337 289
342 291
347 292
352 293
357 293
362 292
367 291
372 290
377 287
382 284
387 280
391 275
394 270
397 265
398 260
399 255
400 250
400 245
400 240
399 235
397 230
394 225
389 221
384 223
379 228
374 229
371 224
370 219
370 214
371 209
371 204
372 199
374 194
375 189
378 184
380 179
384 174
388 169
393 165
398 162
403 161
408 160
413 160
418 161
423 162
428 164
433 167
438 170
443 174
448 179
453 183
457 188
461 193
465 198
468 203
470 208
470 213
465 216
460 214
455 211
450 209
445 209
442 214
442 219
443 224
444 229
447 234
451 239
456 244
461 247
466 249
471 251
476 251
481 251
486 251
491 250
496 249
501 248
506 246
511 244
516 241
521 239
526 236
531 232
536 227
539 222
541 217
542 212
541 207
539 202
536 197
533 192
529 187
525 182
520 177
515 172
510 168
505 165
500 163
496 168
497 173
497 178
492 181
487 177
483 172
479 167
475 162
473 157
470 152
469 147
468 142
467 137
467 132
468 127
470 122
473 117
478 112
483 109
488 106
493 105
498 105
503 105
508 107
513 110
518 115
521 120
523 125
524 130
524 135
525 140
526 145
527 150
529 155
532 160
536 165
540 170
544 175
549 180
554 185
558 190
563 195
567 200
570 205
573 210
576 215
578 220
580 225
582 230
583 235
584 240
585 245
585 250
585 255
584 260
583 265
582 270
580 275
578 280
575 285
571 290
566 291
563 286
565 281
566 276
566 271
566 266
562 261
557 260
552 261
547 263
542 266
537 271
532 276
529 281
527 286
526 291
526 296
526 301
528 306
530 311
533 316
538 321
543 325
548 328
553 330
558 332
563 333
568 333
573 333
578 333
583 332
588 330
593 328
598 325
603 321
608 316
612 311
616 306
618 301
621 296
622 291
624 286
625 281
626 276
626 271
627 266
627 261
627 256
626 251
626 246
625 241
624 236
622 231
619 226
614 222
610 227
609 232
609 237
609 242
609 247
609 252
608 257
608 262
607 267
606 272
605 277
602 282
597 277
597 272
597 267
597 262
597 257
597 252
597 247
596 242
595 237
594 232
593 227
592 222
590 217
588 212
587 207
585 202
583 197
581 192
579 187
577 182
574 177
572 172
571 167
569 162
568 157
567 152
567 147
567 142
567 137
568 132
569 127
571 122
573 117
575 112
579 107
584 102
589 98
594 95
599 94
604 93
609 92
614 93
619 94
624 96
629 101
630 106
625 111
622 116
622 121
625 126
630 131
635 134
640 136
645 139
650 140
655 142
660 144
665 145
670 147
675 148
680 150
685 152
690 154
695 156
700 159
705 163
710 167
714 172
718 177
721 182
723 187
725 192
726 197
728 202
729 207
730 212
731 217
732 222
732 227
733 232
733 237
733 242
733 247
732 252
732 257
729 262
724 264
719 260
717 255
715 250
714 245
713 240
711 235
709 230
705 225
700 222
695 224
691 229
689 234
688 239
687 244
687 249
687 254
687 259
688 264
689 269
690 274
691 279
692 284
694 289
697 294
700 299
703 304
707 309
712 314
717 318
722 322
727 325
732 327
737 329
742 331
747 332
752 332
757 333
762 333
767 332
772 331
777 330
782 328
787 326
792 323
797 320
802 316
806 311
810 306
813 301
816 296
817 291
819 286
819 281
819 276
819 271
818 266
817 261
814 256
812 251
808 246
803 241
798 237
793 233
788 231
783 229
778 229
775 234
774 239
774 244
769 249
767 244
765 239
764 234
762 229
762 224
761 219
760 214
760 209
760 204
760 199
760 194
760 189
761 184
761 179
762 174
763 169
763 164
764 159
766 154
767 149
769 144
770 139
772 134
775 129
778 124
781 119
786 114
791 110
796 107
801 104
806 102
811 101
816 101
821 101
826 102
831 104
836 107
841 111
845 116
847 121
849 126
849 131
849 136
848 141
845 146
842 151
837 155
832 155
828 150
824 145
819 143
814 143
809 146
804 150
800 155
798 160
796 165
796 170
796 175
797 180
798 185
801 190
806 195
811 199
816 203
821 205
826 207
831 209
836 210
841 211
846 212
851 212
856 212
861 211
866 209
871 206
876 203
881 199
885 194
889 189
891 184
891 179
886 175
881 170
882 165
885 160
889 155
894 150
899 146
904 144
909 142
914 141
919 140
924 141
929 143
934 145
939 150
943 155
945 160
946 165
947 170
946 175
945 180
942 185
939 190
934 195
929 199
924 201
919 204
915 209
912 214
910 219
907 224
906 229
905 234
905 239
905 244
906 249
908 254
910 259
913 264
918 269
923 273
928 276
933 278
938 280
943 280
948 280
953 279
958 277
963 274
968 269
970 264
971 259
970 254
965 249
960 249
955 250
950 250
945 245
944 240
944 235
946 230
949 225
953 220
958 216
963 212
968 209
973 207
978 205
983 204
988 204
993 204
998 205
1003 207
1008 210
1011 215
1012 220
1013 225
1017 230
1022 233
1027 234
1032 234
1037 233
1042 230
1047 226
1051 221
1055 216
1057 211
1059 206
1061 201
1062 196
1063 191
1064 186
1064 181
1063 176
1062 171
1060 166
1055 161
1050 159
1045 161
1040 165
1035 165
1030 161
1028 156
1027 151
1027 146
1028 141
1031 136
1034 131
1039 126
1044 122
1049 120
1054 119
1059 118
1064 118
1069 119
1074 120
1079 123
1084 126
1089 131
1093 136
1096 141
1099 146
1101 151
1102 156
1103 161
1103 166
1103 171
1103 176
1099 181
1095 186
1093 191
1092 196
1091 201
1090 206
1089 211
1088 216
1088 221
1088 226
1088 231
1088 236
1090 241
1092 246
1095 251
1099 256
1104 260
1109 262
1114 263
1119 264
1124 264
1129 263
1134 262
1139 260
1144 257
1149 253
1154 249
1159 244
1164 239
1168 234
1171 229
1175 224
1178 219
1180 214
1182 209
1184 204
1184 199
1184 194
1182 189
1177 185
1172 185
1167 188
1162 192
1157 194
1152 190
1150 185
1149 180
1149 175
1149 170
1151 165
1153 160
1156 155
1161 150
1166 146
1171 145
1176 144
1181 143
1186 144
1191 145
1196 147
1 149
6 151
11 154
16 157
21 160
26 164
31 168
36 172
41 177
46 182
50 187
53 192
56 197
58 202
60 207
60 212
60 217
60 222
58 227
55 232
51 237
46 240
41 240
37 235
37 230
36 225
32 220
27 219
22 220
17 223
13 228
9 233
6 238
4 243
2 248
1 253
0 258
1199 263
1199 268
