0 200
6 201
12 201
18 202
24 202
30 202
36 203
42 202
48 202
54 201
60 200
66 200
72 199
78 198
84 197
90 197
96 196
102 196
108 196
114 197
120 197
126 198
132 199
138 200
144 201
150 201
156 202
162 203
168 203
174 203
180 204
186 204
192 204
198 204
204 203
210 202
216 201
222 200
228 199
234 198
240 198
246 198
252 198
258 199
264 199
270 199
276 199
282 199
288 199
294 199
300 199
306 199
312 199
318 200
324 200
330 201
336 201
342 201
348 201
354 202
360 202
366 202
372 202
378 201
384 201
390 201
396 200
402 200
408 199
414 199
420 199
426 199
432 200
438 200
444 201
450 201
456 202
462 202
468 201
474 201
480 200
486 199
492 199
498 198
504 197
510 197
516 197
522 198
528 199
534 200
540 201
546 202
552 204
558 205
564 205
570 205
576 204
582 203
588 202
594 200
600 199
606 198
612 197
618 197
624 197
630 197
636 198
642 198
648 199
654 199
660 199
666 199
672 198
678 198
684 198
690 199
696 199
702 200
708 201
714 201
720 202
726 202
732 202
738 203
744 203
750 203
756 203
762 203
768 203
774 203
780 202
786 202
792 201
798 200
804 199
810 199
816 198
822 198
828 198
834 198
840 198
846 199
852 199
858 200
864 201
870 201
876 201
882 200
888 200
894 199
900 199
906 198
912 198
918 198
924 199
930 200
936 201
942 202
948 202
954 202
960 202
966 201
972 200
978 200
984 199
990 199
996 200
1002 200
1008 201
1014 201
1020 201
1026 201
1032 201
1038 200
1044 199
1050 199
1056 198
1062 198
1068 198
1074 199
1080 199
1086 200
1092 200
1098 200
1104 200
1110 200
1116 201
1122 201
1128 201
1134 201
1140 201
1146 200
1152 200
1158 199
1164 199
1170 199
1176 198
1182 199
1188 199
