0 197
6 198
12 198
18 199
24 199
30 199
36 199
42 199
48 199
54 198
60 198
66 197
72 196
78 195
84 195
90 194
96 194
102 194
108 194
114 194
120 195
126 195
132 196
138 197
144 198
150 198
156 199
162 199
168 200
174 200
180 200
186 200
192 200
198 200
204 200
210 199
216 198
222 197
228 196
234 196
240 195
246 195
252 195
258 196
264 196
270 196
276 196
282 196
288 196
294 196
300 196
306 196
312 196
318 197
324 197
330 198
336 198
342 198
348 198
354 198
360 199
366 199
372 199
378 198
384 198
390 198
396 197
402 197
408 196
414 196
420 196
426 196
432 197
438 198
444 198
450 198
456 199
462 199
468 198
474 198
480 197
486 197
492 196
498 195
504 195
510 195
516 195
522 195
528 196
534 197
540 198
546 199
552 200
558 201
564 202
570 201
576 201
582 200
588 199
594 197
600 196
606 195
612 194
618 194
624 194
630 195
636 195
642 196
648 196
654 196
660 196
666 196
672 196
678 196
684 196
690 196
696 196
702 197
708 198
714 198
720 199
726 199
732 199
738 200
744 200
750 200
756 200
762 200
768 200
774 200
780 199
786 199
792 198
798 197
804 196
810 196
816 195
822 195
828 195
834 195
840 195
846 196
852 196
858 197
864 198
870 198
876 198
882 198
888 197
894 196
900 196
906 196
912 195
918 196
924 196
930 197
936 198
942 198
948 199
954 199
960 199
966 198
972 197
978 197
984 196
990 196
996 196
1002 197
1008 198
1014 198
1020 198
1026 198
1032 198
1038 197
1044 196
1050 196
1056 195
1062 196
1068 196
1074 196
1080 197
1086 197
1092 197
1098 197
1104 198
1110 198
1116 198
1122 198
1128 198
1134 198
1140 197
1146 197
1152 197
1158 197
1164 196
1170 196
1176 196
1182 196
1188 196
