0 221
6 222
12 224
18 225
24 226
30 227
36 227
42 227
48 226
54 225
60 223
66 220
72 218
78 215
84 213
90 212
96 211
102 210
108 211
114 211
120 213
126 215
132 217
138 220
144 222
150 224
156 226
162 227
168 229
174 230
180 230
186 231
192 230
198 229
204 228
210 226
216 223
222 220
228 217
234 216
240 215
246 215
252 215
258 216
264 217
270 218
276 218
282 218
288 217
294 217
300 217
306 217
312 218
318 219
324 221
330 222
336 223
342 224
348 224
354 225
360 225
366 225
372 224
378 224
384 223
390 222
396 220
402 219
408 218
414 218
420 218
426 218
432 220
438 221
444 223
450 224
456 225
462 225
468 224
474 223
480 221
486 219
492 216
498 214
504 213
510 212
516 213
522 214
528 216
534 220
540 223
546 227
552 230
558 232
564 233
570 233
576 231
582 229
588 225
594 221
600 217
606 214
612 212
618 212
624 212
630 213
636 215
642 216
648 217
654 217
660 217
666 217
672 216
678 216
684 216
690 217
696 218
702 220
708 221
714 223
720 224
726 226
732 227
738 228
744 228
750 228
756 229
762 229
768 228
774 227
780 226
786 225
792 223
798 220
804 218
810 217
816 215
822 214
828 214
834 214
840 215
846 217
852 219
858 221
864 222
870 223
876 223
882 222
888 220
894 219
900 217
906 216
912 216
918 217
924 218
930 220
936 223
942 224
948 225
954 225
960 224
966 223
972 221
978 220
984 219
990 219
996 219
1002 221
1008 222
1014 223
1020 223
1026 223
1032 222
1038 220
1044 219
1050 217
1056 216
1062 216
1068 216
1074 217
1080 219
1086 220
1092 221
1098 221
1104 222
1110 222
1116 223
1122 223
1128 223
1134 223
1140 222
1146 221
1152 220
1158 218
1164 217
1170 217
1176 216
1182 217
1188 218
