0 206
6 206
12 206
18 206
24 206
30 206
36 206
42 206
48 206
54 206
60 206
66 205
72 206
78 205
84 205
90 205
96 205
102 205
108 205
114 205
120 205
126 205
132 205
138 206
144 206
150 206
156 206
162 206
168 206
174 206
180 206
186 206
192 206
198 206
204 206
210 206
216 206
222 206
228 206
234 205
240 205
246 205
252 205
258 206
264 206
270 206
276 206
282 206
288 205
294 205
300 206
306 206
312 206
318 206
324 206
330 206
336 206
342 206
348 206
354 206
360 206
366 206
372 206
378 206
384 206
390 206
396 206
402 206
408 206
414 205
420 206
426 206
432 206
438 206
444 206
450 206
456 206
462 206
468 206
474 206
480 206
486 206
492 206
498 205
504 205
510 205
516 205
522 205
528 206
534 206
540 206
546 206
552 206
558 206
564 206
570 206
576 206
582 206
588 206
594 206
600 205
606 205
612 205
618 205
624 205
630 205
636 205
642 205
648 205
654 206
660 205
666 205
672 205
678 205
684 205
690 205
696 206
702 206
708 206
714 206
720 206
726 206
732 206
738 206
744 206
750 206
756 206
762 206
768 206
774 206
780 206
786 206
792 206
798 206
804 206
810 206
816 205
822 205
828 205
834 205
840 206
846 206
852 205
858 205
864 206
870 206
876 206
882 206
888 206
894 205
900 206
906 205
912 205
918 205
924 205
930 206
936 206
942 206
948 206
954 206
960 206
966 206
972 206
978 205
984 205
990 205
996 205
1002 206
1008 206
1014 206
1020 206
1026 206
1032 206
1038 206
1044 205
1050 205
1056 205
1062 205
1068 205
1074 205
1080 206
1086 206
1092 206
1098 206
1104 206
1110 206
1116 205
1122 205
1128 206
1134 206
1140 206
1146 206
1152 206
1158 205
1164 205
1170 205
1176 206
1182 205
1188 205
