0 215
6 217
12 220
18 221
24 223
30 224
36 224
42 224
48 223
54 221
60 218
66 215
72 211
78 208
84 205
90 203
96 202
102 201
108 201
114 202
120 204
126 207
132 210
138 214
144 217
150 220
156 222
162 224
168 226
174 228
180 228
186 229
192 228
198 227
204 225
210 222
216 218
222 214
228 210
234 208
240 207
246 207
252 208
258 209
264 210
270 211
276 212
282 211
288 211
294 210
300 210
306 211
312 212
318 213
324 215
330 217
336 218
342 219
348 220
354 221
360 221
366 221
372 220
378 219
384 218
390 217
396 215
402 213
408 212
414 211
420 211
426 212
432 214
438 216
444 218
450 220
456 221
462 221
468 220
474 218
480 215
486 212
492 209
498 206
504 205
510 204
516 204
522 206
528 209
534 213
540 219
546 224
552 228
558 231
564 232
570 232
576 230
582 227
588 222
594 216
600 210
606 206
612 204
618 203
624 204
630 205
636 207
642 209
648 210
654 211
660 211
666 210
672 209
678 209
684 209
690 210
696 211
702 213
708 216
714 218
720 220
726 222
732 223
738 224
744 225
750 226
756 226
762 226
768 225
774 224
780 223
786 220
792 218
798 215
804 212
810 209
816 207
822 206
828 206
834 206
840 208
846 210
852 213
858 215
864 217
870 218
876 218
882 217
888 215
894 213
900 211
906 209
912 209
918 210
924 212
930 215
936 218
942 220
948 221
954 221
960 220
966 218
972 216
978 214
984 213
990 213
996 214
1002 215
1008 217
1014 218
1020 219
1026 218
1032 217
1038 215
1044 212
1050 211
1056 209
1062 209
1068 210
1074 211
1080 212
1086 214
1092 215
1098 216
1104 217
1110 218
1116 218
1122 218
1128 218
1134 218
1140 217
1146 216
1152 214
1158 212
1164 211
1170 210
1176 209
1182 210
1188 211
