0 205
6 206
12 207
18 207
24 208
30 208
36 209
42 208
48 208
54 207
60 206
66 205
72 204
78 203
84 202
90 201
96 201
102 201
108 201
114 201
120 202
126 203
132 204
138 205
144 206
150 207
156 208
162 208
168 209
174 210
180 210
186 210
192 210
198 210
204 209
210 208
216 207
222 205
228 204
234 203
240 203
246 203
252 203
258 203
264 204
270 204
276 204
282 204
288 204
294 204
300 204
306 204
312 204
318 205
324 206
330 206
336 207
342 207
348 207
354 207
360 207
366 207
372 207
378 207
384 207
390 206
396 206
402 205
408 204
414 204
420 204
426 205
432 205
438 206
444 206
450 207
456 207
462 207
468 207
474 206
480 206
486 204
492 204
498 203
504 202
510 202
516 202
522 203
528 204
534 205
540 207
546 208
552 210
558 211
564 211
570 211
576 211
582 209
588 207
594 206
600 204
606 202
612 202
618 201
624 201
630 202
636 203
642 203
648 204
654 204
660 204
666 204
672 203
678 203
684 203
690 204
696 204
702 205
708 206
714 207
720 207
726 208
732 208
738 209
744 209
750 209
756 209
762 209
768 209
774 209
780 208
786 207
792 206
798 206
804 205
810 204
816 203
822 202
828 202
834 203
840 203
846 204
852 205
858 206
864 206
870 206
876 206
882 206
888 205
894 205
900 204
906 203
912 203
918 204
924 204
930 205
936 206
942 207
948 208
954 208
960 207
966 207
972 206
978 205
984 204
990 204
996 205
1002 205
1008 206
1014 207
1020 207
1026 207
1032 206
1038 205
1044 204
1050 204
1056 203
1062 203
1068 203
1074 204
1080 205
1086 205
1092 206
1098 206
1104 206
1110 206
1116 206
1122 206
1128 206
1134 206
1140 206
1146 206
1152 205
1158 205
1164 204
1170 204
1176 204
1182 204
1188 204
