0 199
3 205
6 211
10 217
16 223
22 228
28 230
34 232
40 232
46 231
52 228
58 224
63 218
66 212
68 206
70 200
71 194
72 188
74 182
77 176
82 170
88 166
94 163
100 161
106 161
112 162
118 164
124 168
130 174
134 180
136 186
137 192
138 198
140 204
142 210
144 216
148 222
152 228
158 233
164 237
170 240
176 241
182 242
188 242
194 241
200 239
206 235
211 229
215 223
216 217
217 211
217 205
218 199
220 193
223 187
229 182
235 179
241 179
247 179
253 182
259 185
265 187
271 189
277 190
283 190
289 189
295 188
301 188
307 190
313 193
319 198
324 204
330 210
336 215
342 219
348 221
354 223
360 223
366 222
372 220
378 217
384 213
390 207
394 201
400 195
406 191
412 189
418 189
424 191
430 196
435 202
440 208
445 214
451 218
457 220
463 220
469 219
475 215
480 209
484 203
486 197
488 191
491 185
494 179
500 174
506 171
512 170
518 171
524 174
530 178
534 184
536 190
538 196
539 202
539 208
538 214
539 220
540 226
542 232
546 238
552 243
558 245
564 247
570 247
576 245
582 243
588 238
592 232
594 226
595 220
595 214
593 208
593 202
592 196
593 190
595 184
599 178
605 173
611 171
617 170
623 171
629 174
635 178
641 183
647 186
653 188
659 188
665 188
671 186
677 185
683 185
689 185
695 188
701 193
705 199
708 205
711 211
715 217
721 223
727 228
733 231
739 234
745 235
751 236
757 237
763 236
769 235
775 233
781 229
787 223
791 217
793 211
795 205
797 199
799 193
802 187
806 181
812 177
818 174
824 174
830 175
836 178
842 183
846 189
849 195
853 201
858 207
864 211
870 212
876 211
882 209
888 203
893 197
898 191
904 187
910 185
916 186
922 190
927 196
929 202
932 208
935 214
941 219
947 222
953 222
959 220
965 216
970 210
974 204
980 199
986 197
992 197
998 200
1004 205
1010 209
1016 212
1022 213
1028 212
1034 208
1039 202
1043 196
1048 190
1054 185
1060 184
1066 184
1072 186
1078 191
1084 196
1090 202
1096 207
1102 211
1108 213
1114 215
1120 215
1126 215
1132 214
1138 212
1144 208
1150 202
1155 196
1161 190
1167 186
1173 184
1179 184
1185 186
1191 189
