0 205
6 205
12 205
18 206
24 206
30 206
36 206
42 206
48 206
54 205
60 205
66 204
72 204
78 204
84 203
90 203
96 203
102 203
108 203
114 203
120 203
126 204
132 204
138 205
144 205
150 206
156 206
162 206
168 206
174 207
180 207
186 207
192 207
198 207
204 206
210 206
216 205
222 205
228 204
234 204
240 204
246 204
252 204
258 204
264 204
270 204
276 204
282 204
288 204
294 204
300 204
306 204
312 204
318 205
324 205
330 205
336 205
342 205
348 206
354 206
360 206
366 206
372 206
378 206
384 205
390 205
396 205
402 205
408 204
414 204
420 204
426 204
432 205
438 205
444 205
450 206
456 206
462 206
468 205
474 205
480 205
486 205
492 204
498 204
504 203
510 203
516 204
522 204
528 204
534 205
540 205
546 206
552 207
558 207
564 207
570 207
576 207
582 206
588 206
594 205
600 204
606 204
612 203
618 203
624 203
630 203
636 204
642 204
648 204
654 204
660 204
666 204
672 204
678 204
684 204
690 204
696 204
702 205
708 205
714 205
720 206
726 206
732 206
738 206
744 206
750 206
756 206
762 207
768 206
774 206
780 206
786 206
792 205
798 205
804 205
810 204
816 204
822 204
828 204
834 204
840 204
846 204
852 205
858 205
864 205
870 205
876 205
882 205
888 205
894 204
900 204
906 204
912 204
918 204
924 204
930 205
936 205
942 206
948 206
954 206
960 206
966 205
972 205
978 205
984 204
990 204
996 204
1002 205
1008 205
1014 205
1020 205
1026 205
1032 205
1038 205
1044 204
1050 204
1056 204
1062 204
1068 204
1074 204
1080 204
1086 205
1092 205
1098 205
1104 205
1110 205
1116 205
1122 205
1128 205
1134 205
1140 205
1146 205
1152 205
1158 204
1164 204
1170 204
1176 204
1182 204
1188 204
