0 197
5 203
10 209
16 214
22 218
28 221
34 222
40 222
46 220
52 218
58 213
63 207
66 201
69 195
72 189
75 183
79 177
85 172
91 168
97 166
103 165
109 165
115 167
121 170
127 175
131 181
134 187
137 193
140 199
144 205
148 211
153 217
159 222
165 226
171 228
177 230
183 231
189 230
195 229
201 226
207 222
212 216
215 210
217 204
219 198
222 192
226 186
232 181
238 180
244 179
250 181
256 183
262 185
268 188
274 189
280 189
286 188
292 187
298 187
304 188
310 190
316 193
322 197
328 202
334 206
340 210
346 212
352 213
358 214
364 214
370 213
376 211
382 207
388 203
394 198
400 194
406 190
412 188
418 188
424 190
430 194
436 199
442 205
448 209
454 212
460 213
466 212
472 209
478 204
482 198
486 192
490 186
495 180
501 175
507 173
513 172
519 173
525 177
531 183
534 189
536 195
538 201
539 207
540 213
543 219
546 225
552 231
558 234
564 236
570 235
576 234
582 230
587 224
590 218
592 212
593 206
594 200
595 194
596 188
599 182
604 176
610 173
616 171
622 172
628 174
634 178
640 182
646 185
652 187
658 188
664 187
670 186
676 184
682 184
688 185
694 187
700 192
706 198
711 204
717 210
723 215
729 218
735 221
741 223
747 225
753 225
759 226
765 225
771 223
777 221
783 216
789 210
793 204
797 198
800 192
805 186
811 180
817 177
823 176
829 176
835 178
841 182
846 188
851 194
857 200
863 204
869 206
875 206
881 204
887 199
893 194
899 189
905 185
911 184
917 186
923 190
928 196
932 202
937 208
943 212
949 214
955 214
961 211
967 207
973 201
979 196
985 194
991 194
997 196
1003 200
1009 203
1015 206
1021 207
1027 206
1033 203
1039 197
1045 191
1051 187
1057 184
1063 184
1069 185
1075 188
1081 192
1087 196
1093 200
1099 203
1105 205
1111 207
1117 208
1123 208
1129 208
1135 206
1141 204
1147 200
1153 195
1159 190
1165 187
1171 185
1177 184
1183 185
1189 188
