0 219
6 221
12 223
18 224
24 226
30 226
36 227
42 226
48 225
54 224
60 221
66 219
72 216
78 213
84 211
90 209
96 208
102 208
108 208
114 209
120 210
126 212
132 215
138 218
144 221
150 223
156 225
162 227
168 228
174 229
180 230
186 230
192 230
198 229
204 227
210 225
216 222
222 218
228 216
234 214
240 213
246 213
252 213
258 214
264 215
270 216
276 216
282 216
288 216
294 215
300 215
306 216
312 217
318 218
324 219
330 221
336 222
342 223
348 223
354 224
360 224
366 224
372 223
378 223
384 222
390 220
396 219
402 217
408 216
414 216
420 216
426 217
432 218
438 220
444 222
450 223
456 224
462 224
468 223
474 221
480 219
486 217
492 214
498 212
504 211
510 210
516 210
522 212
528 214
534 218
540 222
546 226
552 230
558 232
564 233
570 233
576 231
582 228
588 224
594 219
600 215
606 212
612 210
618 209
624 210
630 211
636 213
642 214
648 215
654 216
660 216
666 215
672 215
678 214
684 214
690 215
696 216
702 218
708 220
714 222
720 223
726 225
732 226
738 227
744 227
750 228
756 228
762 228
768 228
774 227
780 225
786 223
792 221
798 219
804 217
810 215
816 213
822 212
828 212
834 212
840 213
846 215
852 217
858 219
864 221
870 221
876 221
882 220
888 219
894 217
900 216
906 214
912 214
918 215
924 217
930 219
936 221
942 223
948 224
954 224
960 223
966 222
972 220
978 218
984 217
990 217
996 218
1002 219
1008 220
1014 221
1020 222
1026 222
1032 220
1038 219
1044 217
1050 215
1056 214
1062 214
1068 215
1074 216
1080 217
1086 218
1092 219
1098 220
1104 221
1110 221
1116 221
1122 222
1128 222
1134 221
1140 221
1146 220
1152 218
1158 217
1164 216
1170 215
1176 214
1182 215
1188 216
