0 262
7 254
13 246
17 238
20 230
22 222
23 214
23 206
20 198
12 193
4 187
2 179
1 171
2 163
5 155
9 147
16 139
24 135
32 132
40 131
48 132
56 135
64 140
72 147
77 155
81 163
84 171
86 179
88 187
88 195
88 203
84 211
76 211
68 218
65 226
64 234
63 242
64 250
65 258
68 266
71 274
77 282
84 290
92 294
100 297
108 299
116 300
124 299
132 297
140 293
148 288
155 280
160 272
164 264
166 256
167 248
167 240
166 232
164 224
161 216
153 210
145 213
138 205
136 197
136 189
137 181
138 173
140 165
143 157
147 149
153 141
161 134
169 130
177 127
185 126
193 126
201 128
209 131
217 137
223 145
227 153
228 161
226 169
218 175
213 183
211 191
212 199
214 207
218 215
222 223
227 231
233 239
241 246
249 251
257 255
265 256
273 256
281 255
289 251
297 245
304 237
308 229
311 221
313 213
312 205
308 197
305 189
305 181
308 173
314 165
322 160
330 158
338 158
346 160
354 166
361 174
365 182
368 190
370 198
372 206
372 214
368 222
360 225
355 233
353 241
353 249
355 257
359 265
366 273
374 278
382 280
390 280
398 277
406 272
413 264
417 256
419 248
420 240
420 232
419 224
417 216
410 208
404 200
402 192
402 184
402 176
403 168
406 160
411 152
419 144
427 140
435 139
443 140
451 142
459 148
465 156
467 164
468 172
465 180
457 186
450 194
448 202
448 210
449 218
452 226
455 234
459 242
466 250
474 256
482 260
490 260
498 258
506 253
512 245
515 237
515 229
513 221
511 213
512 205
515 197
519 189
527 181
535 176
543 174
551 174
559 177
567 184
571 192
573 200
573 208
573 216
574 224
576 232
582 240
590 247
598 251
606 251
614 250
622 245
629 237
633 229
636 221
642 213
650 209
658 209
666 210
674 212
682 213
690 212
698 208
706 200
711 192
714 184
713 176
710 168
707 160
709 152
717 145
725 141
733 140
741 141
749 143
757 148
765 156
770 164
773 172
774 180
774 188
772 196
766 204
758 207
750 215
747 223
745 231
745 239
746 247
749 255
752 263
760 270
768 276
776 279
784 280
792 280
800 278
808 274
816 268
823 260
828 252
833 244
838 236
843 228
849 220
854 212
858 204
861 196
864 188
865 180
867 172
870 164
876 156
884 149
892 145
900 142
908 142
916 142
924 144
932 148
940 154
946 162
950 170
951 178
952 186
951 194
948 202
940 209
933 217
930 225
929 233
930 241
932 249
935 257
941 265
949 272
957 277
965 279
973 280
981 278
989 275
997 268
1002 260
1003 252
1001 244
996 236
995 228
997 220
1001 212
1008 204
1016 200
1024 199
1032 201
1040 206
1048 214
1056 221
1064 225
1072 226
1080 224
1088 220
1096 212
1100 204
1101 196
1101 188
1097 180
1095 172
1097 164
1103 156
1111 152
1119 151
1127 152
1135 154
1143 159
1150 167
1155 175
1159 183
1162 191
1163 199
1163 207
1158 215
1150 220
1145 228
1144 236
1144 244
1147 252
1152 260
1160 267
1168 270
1176 271
1184 270
