0 265
8 257
14 249
19 241
23 233
26 225
28 217
30 209
31 201
31 193
29 185
21 182
13 186
5 180
3 172
1 164
0 156
1 148
2 140
5 132
10 124
18 116
26 113
34 111
42 111
50 112
58 115
66 121
74 129
79 137
83 145
86 153
89 161
91 169
92 177
93 185
94 193
94 201
93 209
88 217
82 209
74 208
67 216
65 224
63 232
62 240
62 248
62 256
63 264
65 272
68 280
73 288
78 296
86 301
94 306
102 309
110 310
118 310
126 309
134 307
142 303
150 297
158 289
163 281
166 273
169 265
170 257
170 249
170 241
168 233
167 225
164 217
160 209
152 204
144 212
136 217
133 209
131 201
131 193
131 185
131 177
132 169
134 161
135 153
138 145
141 137
145 129
151 121
159 113
167 108
175 105
183 103
191 103
199 104
207 107
215 112
223 119
228 127
232 135
233 143
233 151
230 159
222 162
214 160
206 166
203 174
203 182
204 190
207 198
210 206
213 214
218 222
223 230
228 238
236 246
244 251
252 255
260 258
268 259
276 258
284 256
292 251
300 244
306 236
311 228
314 220
316 212
317 204
316 196
308 189
300 186
298 178
299 170
302 162
307 154
315 147
323 143
331 142
339 143
347 146
355 152
361 160
366 168
369 176
372 184
375 192
376 200
377 208
377 216
371 224
363 220
355 226
352 234
351 242
351 250
352 258
355 266
359 274
367 280
375 284
383 286
391 286
399 283
407 278
414 270
417 262
419 254
420 246
420 238
420 230
419 222
417 214
415 206
407 202
403 194
402 186
401 178
401 170
401 162
402 154
403 146
406 138
411 130
419 123
427 120
435 118
443 118
451 121
459 125
466 133
470 141
472 149
471 157
470 165
464 173
456 172
448 173
443 181
441 189
441 197
442 205
444 213
447 221
450 229
454 237
459 245
466 253
474 259
482 262
490 263
498 261
506 257
513 249
516 241
517 233
515 225
510 217
505 209
504 201
506 193
510 185
515 177
523 169
531 163
539 160
547 159
555 160
563 164
571 172
574 180
575 188
573 196
570 204
569 212
569 220
571 228
574 236
580 244
588 252
596 254
604 256
612 255
620 252
628 244
632 236
634 228
635 220
638 212
646 205
654 202
662 202
670 202
678 203
686 203
694 201
702 197
710 191
716 183
721 175
723 167
721 159
713 152
705 147
704 139
707 131
715 124
723 120
731 118
739 118
747 120
755 123
763 129
770 137
775 145
778 153
781 161
782 169
782 177
781 185
778 193
771 201
763 197
755 200
749 208
745 216
743 224
741 232
740 240
741 248
743 256
746 264
751 272
758 280
766 284
774 287
782 289
790 289
798 287
806 284
814 279
822 271
828 263
831 255
834 247
838 239
841 231
845 223
850 215
854 207
857 199
860 191
862 183
862 175
862 167
862 159
864 151
867 143
873 135
881 128
889 123
897 120
905 119
913 119
921 120
929 123
937 128
945 135
950 143
954 151
956 159
957 167
957 175
955 183
953 191
947 199
939 200
931 203
926 211
924 219
923 227
923 235
924 243
926 251
929 259
933 267
940 275
948 281
956 285
964 287
972 288
980 287
988 284
996 278
1002 270
1005 262
1005 254
1001 246
993 242
986 234
986 226
989 218
993 210
1000 202
1008 197
1016 194
1024 193
1032 195
1040 201
1048 209
1056 216
1064 220
1072 221
1080 221
1088 217
1096 211
1103 203
1107 195
1109 187
1109 179
1104 171
1096 166
1091 158
1092 150
1096 142
1104 136
1112 133
1120 132
1128 133
1136 136
1144 142
1152 150
1157 158
1162 166
1166 174
1169 182
1171 190
1173 198
1173 206
1168 214
1160 213
1152 212
1145 220
1142 228
1141 236
1141 244
1143 252
1148 260
1155 268
1163 272
1171 274
1179 274
1187 272
