0 119
4 111
11 103
19 98
27 95
35 94
43 94
51 96
59 99
67 105
74 113
80 121
83 129
86 137
89 145
91 153
93 161
95 169
96 177
98 185
99 193
99 201
99 209
100 217
100 225
99 233
94 241
91 233
90 225
89 217
87 209
79 202
75 210
73 218
70 226
67 234
64 242
62 250
61 258
60 266
59 274
60 282
62 290
65 298
70 306
77 314
85 320
93 325
101 327
109 329
117 329
125 328
133 326
141 323
149 319
157 312
164 304
168 296
171 288
173 280
174 272
174 264
173 256
172 248
170 240
167 232
164 224
161 216
157 208
152 200
144 208
141 216
140 224
140 232
132 239
130 231
129 223
128 215
127 207
127 199
127 191
127 183
127 175
128 167
129 159
130 151
132 143
134 135
136 127
139 119
144 111
149 103
157 96
165 91
173 87
181 85
189 84
197 85
205 87
213 90
221 95
229 103
234 111
238 119
239 127
240 135
239 143
238 151
235 159
227 167
219 164
216 156
213 148
205 143
197 146
191 154
188 162
187 170
188 178
190 186
193 194
196 202
201 210
206 218
212 226
218 234
226 242
234 250
242 255
250 260
258 263
266 264
274 263
282 261
290 258
298 252
305 244
311 236
316 228
320 220
322 212
324 204
325 196
323 188
315 181
307 183
300 191
292 194
286 186
286 178
287 170
290 162
294 154
301 146
309 138
317 134
325 132
333 131
341 133
349 137
357 144
364 152
369 160
373 168
376 176
379 184
381 192
382 200
382 208
382 216
381 224
379 232
371 231
369 223
361 217
353 225
349 233
349 241
348 249
348 257
349 265
351 273
355 281
362 289
370 295
378 297
386 298
394 297
402 294
410 288
415 280
418 272
420 264
419 256
418 248
417 240
415 232
413 224
412 216
412 208
406 200
405 192
405 184
405 176
405 168
404 160
403 152
402 144
402 136
403 128
406 120
411 112
419 105
427 101
435 100
443 99
451 101
459 104
467 110
473 118
477 126
478 134
477 142
475 150
472 158
467 166
459 173
454 165
449 157
441 155
436 163
433 171
432 179
431 187
432 195
433 203
435 211
438 219
442 227
445 235
452 243
458 251
466 259
474 264
482 268
490 268
498 267
506 263
514 255
518 247
520 239
520 231
518 223
514 215
506 212
498 215
490 213
488 205
489 197
493 189
498 181
504 173
512 165
520 158
528 153
536 149
544 147
552 147
560 148
568 152
576 160
580 168
582 176
581 184
577 192
569 195
561 202
559 210
559 218
560 226
564 234
569 242
575 250
583 257
591 262
599 264
607 265
615 263
623 260
631 253
636 245
638 237
635 229
633 221
636 213
643 205
651 200
659 197
667 195
675 194
683 193
691 192
699 190
707 187
715 183
723 177
731 170
737 162
740 154
740 146
736 138
728 134
720 135
712 139
704 141
697 133
697 125
701 117
708 109
716 104
724 101
732 99
740 99
748 101
756 103
764 108
772 115
779 123
784 131
787 139
790 147
792 155
793 163
793 171
792 179
791 187
788 195
784 203
776 210
772 202
768 194
760 194
752 202
745 210
740 218
737 226
734 234
733 242
732 250
733 258
735 266
738 274
742 282
749 290
757 297
765 301
773 304
781 305
789 305
797 304
805 301
813 296
821 289
828 281
832 273
835 265
837 257
838 249
839 241
842 233
845 225
849 217
853 209
856 201
860 193
863 185
864 177
863 169
856 161
854 153
855 145
857 137
860 129
865 121
872 113
880 107
888 102
896 100
904 98
912 98
920 99
928 101
936 104
944 109
952 117
958 125
962 133
964 141
965 149
965 157
964 165
961 173
957 181
952 189
946 197
938 201
936 193
928 187
921 195
917 203
914 211
913 219
911 227
912 235
913 243
915 251
917 259
921 267
925 275
931 283
939 291
947 296
955 300
963 302
971 302
979 301
987 298
995 294
1003 286
1008 278
1010 270
1010 262
1007 254
999 248
991 249
983 253
975 254
967 246
967 238
969 230
973 222
980 214
988 207
996 201
1004 197
1012 195
1020 194
1028 195
1036 199
1044 205
1052 212
1060 217
1068 219
1076 219
1084 218
1092 215
1100 211
1108 205
1115 197
1121 189
1125 181
1126 173
1123 165
1115 158
1107 158
1099 161
1091 162
1084 154
1083 146
1084 138
1089 130
1097 124
1105 120
1113 118
1121 119
1129 121
1137 124
1145 130
1153 137
1160 145
1166 153
1172 161
1177 169
1181 177
1185 185
1188 193
1191 201
1191 209
1190 217
1182 225
1174 223
1171 215
1166 207
1158 206
1150 212
1144 220
1140 228
1138 236
1137 244
1138 252
1140 260
1146 268
1154 275
1162 279
1170 280
1178 280
1186 277
1194 273
2 267
10 259
17 251
24 243
30 235
35 227
39 219
43 211
45 203
47 195
47 187
47 179
44 171
37 163
29 165
27 173
27 181
25 189
17 187
12 179
8 171
5 163
2 155
0 147
1199 139
1198 131
