0 218
8 216
16 214
24 212
32 212
40 212
48 213
56 214
64 216
72 218
80 220
88 222
96 223
104 224
112 225
120 225
128 224
136 223
144 221
152 219
160 217
168 214
176 213
184 211
192 211
200 211
208 213
216 214
224 216
232 217
240 218
248 219
256 219
264 219
272 219
280 220
288 220
296 219
304 218
312 217
320 215
328 214
336 214
344 214
352 216
360 218
368 221
376 223
384 224
392 223
400 221
408 219
416 216
424 213
432 212
440 212
448 213
456 215
464 218
472 219
480 221
488 221
496 221
504 220
512 219
520 218
528 217
536 216
544 216
552 216
560 217
568 217
576 218
584 219
592 219
600 220
608 220
616 219
624 219
632 218
640 217
648 217
656 217
664 217
672 218
680 218
688 218
696 217
704 216
712 215
720 213
728 213
736 213
744 214
752 216
760 219
768 221
776 222
784 222
792 222
800 222
808 221
816 220
824 219
832 219
840 219
848 218
856 218
864 217
872 216
880 215
888 215
896 214
904 214
912 214
920 214
928 215
936 216
944 218
952 219
960 221
968 222
976 222
984 222
992 221
1000 220
1008 218
1016 217
1024 217
1032 217
1040 217
1048 218
1056 218
1064 218
1072 218
1080 218
1088 217
1096 216
1104 215
1112 214
1120 214
1128 214
1136 215
1144 216
1152 218
1160 220
1168 222
1176 222
1184 222
