0 200
8 199
16 199
24 198
32 198
40 198
48 199
56 199
64 200
72 200
80 201
88 202
96 202
104 202
112 202
120 202
128 202
136 202
144 201
152 201
160 200
168 199
176 199
184 198
192 198
200 198
208 199
216 199
224 200
232 200
240 200
248 200
256 200
264 200
272 201
280 201
288 201
296 201
304 200
312 200
320 199
328 199
336 199
344 199
352 199
360 200
368 201
376 202
384 202
392 202
400 201
408 200
416 199
424 199
432 198
440 198
448 199
456 200
464 200
472 201
480 201
488 201
496 201
504 201
512 200
520 200
528 200
536 200
544 200
552 200
560 200
568 200
576 200
584 201
592 201
600 201
608 201
616 201
624 201
632 200
640 200
648 200
656 200
664 200
672 200
680 200
688 200
696 200
704 200
712 199
720 199
728 199
736 199
744 199
752 200
760 201
768 201
776 202
784 202
792 202
800 201
808 201
816 201
824 201
832 201
840 201
848 200
856 200
864 200
872 200
880 199
888 199
896 199
904 199
912 199
920 199
928 199
936 200
944 200
952 201
960 201
968 202
976 202
984 202
992 201
1000 201
1008 200
1016 200
1024 200
1032 200
1040 200
1048 200
1056 200
1064 200
1072 200
1080 200
1088 200
1096 200
1104 199
1112 199
1120 199
1128 199
1136 199
1144 200
1152 200
1160 201
1168 201
1176 202
1184 201
