0 207
5 199
9 191
15 183
23 176
31 174
39 173
47 175
55 180
62 188
68 196
73 204
79 212
87 220
95 225
103 228
111 229
119 229
127 227
135 224
143 218
151 210
155 202
160 194
164 186
172 178
180 174
188 172
196 173
204 176
212 182
220 190
228 197
236 203
244 206
252 208
260 210
268 211
276 211
284 211
292 209
300 205
308 199
316 192
324 186
332 183
340 183
348 187
355 195
359 203
364 211
372 219
380 223
388 223
396 221
404 214
409 206
412 198
416 190
421 182
429 177
437 176
445 178
453 185
459 193
464 201
472 209
480 213
488 215
496 214
504 210
512 206
520 200
528 196
536 193
544 192
552 193
560 194
568 197
576 201
584 204
592 207
600 209
608 209
616 208
624 205
632 203
640 200
648 199
656 199
664 200
672 201
680 202
688 201
696 198
704 192
712 186
720 181
728 179
736 180
744 184
752 192
757 200
762 208
770 215
778 219
786 220
794 219
802 217
810 214
818 211
826 208
834 206
842 204
850 201
858 199
866 196
874 192
882 188
890 185
898 183
906 182
914 182
922 184
930 188
938 194
945 202
952 210
960 216
968 219
976 220
984 218
992 214
1000 209
1008 203
1016 198
1024 196
1032 197
1040 198
1048 201
1056 203
1064 204
1072 204
1080 202
1088 198
1096 193
1104 188
1112 184
1120 183
1128 183
1136 187
1144 194
1150 202
1156 210
1164 216
1172 219
1180 220
1188 217
