0 206
8 205
16 204
24 203
32 203
40 203
48 203
56 204
64 205
72 206
80 207
88 208
96 209
104 210
112 210
120 210
128 209
136 209
144 208
152 207
160 205
168 204
176 203
184 202
192 202
200 203
208 203
216 204
224 205
232 206
240 206
248 206
256 206
264 207
272 207
280 207
288 207
296 207
304 206
312 206
320 205
328 204
336 204
344 204
352 205
360 206
368 208
376 209
384 209
392 209
400 208
408 206
416 205
424 203
432 203
440 203
448 204
456 205
464 206
472 207
480 208
488 208
496 207
504 207
512 206
520 206
528 205
536 205
544 205
552 205
560 205
568 206
576 206
584 206
592 207
600 207
608 207
616 207
624 207
632 206
640 206
648 206
656 206
664 206
672 206
680 206
688 206
696 206
704 205
712 204
720 204
728 203
736 203
744 204
752 205
760 206
768 208
776 208
784 209
792 208
800 208
808 208
816 207
824 207
832 207
840 207
848 206
856 206
864 206
872 205
880 205
888 204
896 204
904 204
912 204
920 204
928 204
936 205
944 206
952 207
960 208
968 208
976 209
984 208
992 208
1000 207
1008 206
1016 206
1024 206
1032 206
1040 206
1048 206
1056 206
1064 206
1072 206
1080 206
1088 206
1096 205
1104 204
1112 204
1120 204
1128 204
1136 204
1144 205
1152 206
1160 207
1168 208
1176 208
1184 208
