0 266
8 258
15 250
20 242
24 234
28 226
31 218
34 210
35 202
36 194
36 186
34 178
26 174
18 180
10 182
6 174
3 166
1 158
0 150
0 142
0 134
3 126
7 118
15 110
23 106
31 103
39 103
47 104
55 106
63 110
71 117
78 125
82 133
85 141
88 149
90 157
92 165
94 173
95 181
96 189
96 197
96 205
95 213
87 218
84 210
81 202
73 203
69 211
67 219
65 227
63 235
62 243
61 251
61 259
62 267
63 275
66 283
70 291
76 299
84 306
92 311
100 314
108 316
116 316
124 316
132 314
140 310
148 305
156 298
162 290
166 282
169 274
171 266
171 258
171 250
170 242
169 234
167 226
164 218
161 210
156 202
148 203
143 211
141 219
133 220
131 212
130 204
129 196
129 188
129 180
130 172
131 164
132 156
133 148
136 140
138 132
142 124
147 116
154 108
162 103
170 99
178 96
186 95
194 96
202 97
210 100
218 104
226 112
231 120
234 128
235 136
235 144
233 152
225 160
217 153
209 151
201 159
199 167
198 175
199 183
201 191
204 199
208 207
212 215
217 223
222 231
229 239
237 247
245 253
253 257
261 260
269 260
277 259
285 257
293 252
301 244
307 236
312 228
315 220
318 212
319 204
319 196
316 188
308 185
300 186
294 178
294 170
296 162
300 154
306 146
314 140
322 136
330 135
338 135
346 138
354 144
361 152
365 160
369 168
373 176
375 184
377 192
379 200
380 208
379 216
377 224
369 223
361 220
353 228
351 236
350 244
350 252
351 260
354 268
358 276
366 284
374 288
382 290
390 290
398 287
406 283
413 275
417 267
419 259
420 251
420 243
419 235
418 227
417 219
416 211
415 203
407 199
403 191
402 183
402 175
401 167
401 159
401 151
402 143
403 135
407 127
413 119
421 113
429 110
437 109
445 110
453 112
461 117
469 125
472 133
474 141
473 149
471 157
468 165
460 170
452 163
444 166
440 174
438 182
438 190
438 198
440 206
442 214
445 222
449 230
453 238
458 246
465 254
473 260
481 264
489 265
497 264
505 260
512 252
516 244
518 236
517 228
515 220
507 213
499 205
499 197
502 189
506 181
512 173
519 165
527 158
535 154
543 152
551 152
559 154
567 158
573 166
576 174
577 182
575 190
570 198
567 206
566 214
567 222
569 230
573 238
579 246
587 253
595 257
603 258
611 258
619 255
627 249
632 241
634 233
634 225
635 217
639 209
647 202
655 199
663 198
671 198
679 198
687 197
695 196
703 192
711 187
719 179
724 171
727 163
728 155
724 147
716 143
708 142
701 134
703 126
709 118
717 113
725 110
733 109
741 109
749 111
757 115
765 120
773 128
778 136
781 144
783 152
785 160
785 168
785 176
784 184
781 192
776 200
768 197
760 193
752 201
747 209
743 217
740 225
739 233
738 241
738 249
740 257
742 265
747 273
754 281
762 288
770 291
778 293
786 294
794 293
802 291
810 287
818 281
825 273
830 265
833 257
835 249
838 241
841 233
844 225
848 217
852 209
855 201
858 193
861 185
862 177
862 169
860 161
860 153
861 145
864 137
869 129
876 121
884 116
892 112
900 110
908 109
916 110
924 111
932 114
940 119
948 127
954 135
957 143
959 151
960 159
959 167
958 175
955 183
952 191
944 199
936 194
928 199
924 207
921 215
920 223
920 231
920 239
921 247
924 255
927 263
932 271
938 279
946 285
954 289
962 292
970 292
978 292
986 289
994 286
1001 278
1005 270
1007 262
1006 254
999 246
991 245
983 242
980 234
981 226
984 218
989 210
996 202
1004 196
1012 192
1020 191
1028 192
1036 196
1044 203
1052 211
1060 216
1068 219
1076 219
1084 218
1092 214
1100 207
1107 199
1111 191
1114 183
1114 175
1110 167
1102 162
1094 160
1089 152
1089 144
1092 136
1100 129
1108 125
1116 124
1124 124
1132 127
1140 131
1148 137
1155 145
1160 153
1165 161
1169 169
1173 177
1176 185
1178 193
1179 201
1178 209
1170 216
1162 210
1154 209
1146 217
1142 225
1140 233
1140 241
1141 249
1144 257
1149 265
1157 272
1165 275
1173 277
1181 276
1189 273
