0 261
6 253
12 245
15 237
18 229
19 221
19 213
17 205
9 197
4 189
3 181
3 173
5 165
9 157
17 149
25 145
33 143
41 142
49 143
57 146
65 151
73 159
78 167
81 175
84 183
85 191
85 199
83 207
75 214
68 222
66 230
65 238
65 246
66 254
68 262
72 270
77 278
85 285
93 290
101 293
109 295
117 295
125 294
133 292
141 287
149 281
156 273
161 265
163 257
165 249
165 241
165 233
163 225
158 217
150 213
142 209
140 201
139 193
140 185
141 177
144 169
147 161
153 153
161 146
169 141
177 139
185 137
193 138
201 139
209 143
217 149
222 157
225 165
224 173
220 181
216 189
215 197
216 205
218 213
222 221
227 229
233 237
241 245
249 250
257 253
265 255
273 255
281 253
289 250
297 244
304 236
308 228
310 220
311 212
310 204
307 196
307 188
310 180
316 172
324 167
332 166
340 166
348 169
356 176
362 184
365 192
368 200
369 208
369 216
364 224
357 232
354 240
354 248
356 256
361 264
369 272
377 276
385 277
393 276
401 273
409 266
414 258
417 250
419 242
419 234
418 226
415 218
408 210
404 202
403 194
403 186
404 178
406 170
411 162
419 154
427 151
435 149
443 150
451 153
459 159
464 167
466 175
465 183
460 191
453 199
451 207
451 215
453 223
455 231
459 239
463 247
471 253
479 257
487 259
495 258
503 254
511 246
514 238
515 230
514 222
514 214
516 206
519 198
526 190
534 184
542 182
550 182
558 185
566 191
570 199
572 207
573 215
575 223
577 231
583 239
591 246
599 249
607 250
615 248
623 243
629 235
633 227
638 219
646 214
654 212
662 213
670 215
678 217
686 217
694 214
702 208
707 200
710 192
711 184
709 176
708 168
712 160
720 154
728 152
736 151
744 152
752 156
760 162
766 170
769 178
771 186
770 194
768 202
760 210
752 218
749 226
748 234
748 242
750 250
754 258
759 266
767 271
775 275
783 276
791 276
799 274
807 271
815 265
822 257
828 249
833 241
840 233
846 225
852 217
857 209
862 201
865 193
867 185
870 177
875 169
883 161
891 156
899 154
907 153
915 153
923 155
931 159
939 165
945 173
948 181
949 189
949 197
947 205
941 213
935 221
933 229
933 237
934 245
937 253
941 261
949 268
957 273
965 275
973 276
981 275
989 271
997 264
1001 256
1002 248
1000 240
998 232
999 224
1002 216
1009 208
1017 204
1025 203
1033 205
1041 210
1049 217
1057 224
1065 227
1073 228
1081 226
1089 220
1095 212
1098 204
1099 196
1097 188
1096 180
1099 172
1106 164
1114 161
1122 160
1130 162
1138 165
1146 172
1152 180
1156 188
1158 196
1159 204
1158 212
1152 220
1147 228
1145 236
1146 244
1148 252
1153 260
1161 265
1169 268
1177 269
1185 268
