0 283
8 277
16 273
24 269
32 265
40 261
48 256
56 249
63 241
68 233
71 225
72 217
72 209
72 201
70 193
68 185
65 177
61 169
56 161
49 153
41 153
37 161
40 169
43 177
47 185
49 193
51 201
43 209
38 201
34 193
29 185
24 177
19 169
13 161
7 153
2 145
1197 137
1194 129
1192 121
1191 113
1192 105
1195 97
0 89
8 82
16 78
24 76
32 76
40 77
48 79
56 83
64 90
70 98
75 106
78 114
80 122
82 130
84 138
86 146
88 154
91 162
93 170
96 178
99 186
101 194
103 202
105 210
106 218
107 226
108 234
100 238
108 239
100 243
108 244
103 252
103 260
108 268
108 276
101 284
107 292
106 300
105 308
99 300
100 292
107 284
102 276
102 268
109 260
109 252
113 244
113 236
112 228
111 220
110 212
108 204
106 196
104 188
101 180
98 172
96 164
93 156
91 148
89 140
87 132
85 124
83 116
80 108
75 100
70 92
62 84
54 77
46 73
38 71
34 63
26 70
18 69
10 76
2 83
1194 91
1189 99
1186 107
1185 115
1186 123
1188 131
1190 139
1196 147
4 139
0 131
1198 123
1197 115
1197 107
0 99
6 91
14 85
22 82
30 81
38 82
46 85
54 89
61 97
66 105
62 113
70 114
72 122
75 130
77 138
80 146
77 154
85 159
82 151
74 159
75 167
67 171
59 174
55 166
49 158
57 152
49 144
41 137
33 135
25 139
23 147
16 155
9 147
1 150
7 158
13 166
18 174
22 182
28 190
31 198
37 206
41 214
49 212
56 204
54 212
62 215
62 223
61 231
68 239
61 247
53 254
46 262
42 254
34 259
26 263
18 267
10 271
2 277
1194 284
