0 203
8 202
16 202
24 201
32 201
40 201
48 202
56 202
64 203
72 203
80 204
88 204
96 204
104 205
112 205
120 205
128 204
136 204
144 204
152 203
160 203
168 202
176 201
184 201
192 201
200 201
208 201
216 202
224 202
232 203
240 203
248 203
256 203
264 203
272 203
280 203
288 203
296 203
304 203
312 203
320 202
328 202
336 202
344 202
352 202
360 203
368 204
376 204
384 205
392 204
400 204
408 203
416 202
424 202
432 201
440 201
448 202
456 202
464 203
472 203
480 204
488 204
496 204
504 203
512 203
520 203
528 203
536 203
544 203
552 203
560 203
568 203
576 203
584 203
592 203
600 203
608 203
616 203
624 203
632 203
640 203
648 203
656 203
664 203
672 203
680 203
688 203
696 203
704 203
712 202
720 202
728 202
736 202
744 202
752 203
760 203
768 204
776 204
784 204
792 204
800 204
808 204
816 203
824 203
832 203
840 203
848 203
856 203
864 203
872 202
880 202
888 202
896 202
904 202
912 202
920 202
928 202
936 202
944 203
952 203
960 204
968 204
976 204
984 204
992 204
1000 203
1008 203
1016 203
1024 203
1032 203
1040 203
1048 203
1056 203
1064 203
1072 203
1080 203
1088 203
1096 202
1104 202
1112 202
1120 202
1128 202
1136 202
1144 202
1152 203
1160 203
1168 204
1176 204
1184 204
