0 208
6 200
12 192
20 185
28 181
36 180
44 181
52 185
60 191
67 199
73 207
81 215
89 221
97 224
105 227
113 228
121 227
129 225
137 222
145 216
153 208
159 200
165 192
173 184
181 180
189 179
197 180
205 183
213 188
221 195
229 201
237 205
245 208
253 210
261 211
269 212
277 212
285 211
293 210
301 206
309 201
317 195
325 191
333 188
341 189
349 193
357 201
362 209
370 217
378 222
386 223
394 221
402 216
408 208
413 200
418 192
426 185
434 183
442 183
450 188
458 196
465 204
473 211
481 214
489 215
497 214
505 211
513 207
521 202
529 199
537 197
545 196
553 197
561 199
569 201
577 204
585 207
593 209
601 210
609 210
617 209
625 207
633 205
641 203
649 202
657 202
665 203
673 204
681 204
689 203
697 200
705 196
713 191
721 187
729 185
737 186
745 190
753 198
759 206
767 213
775 217
783 219
791 219
799 218
807 215
815 213
823 210
831 208
839 206
847 205
855 203
863 200
871 197
879 194
887 192
895 189
903 188
911 188
919 189
927 191
935 196
943 203
951 210
959 215
967 218
975 219
983 218
991 215
999 211
1007 206
1015 202
1023 200
1031 200
1039 201
1047 203
1055 205
1063 206
1071 206
1079 204
1087 201
1095 198
1103 193
1111 190
1119 188
1127 189
1135 192
1143 197
1150 205
1158 212
1166 217
1174 219
1182 219
1190 216
