0 173
5 173
10 174
15 176
20 180
23 185
25 190
27 195
27 200
27 205
27 210
26 215
27 220
27 225
28 230
29 235
32 240
36 245
41 249
46 251
51 252
56 252
61 251
66 248
71 243
74 238
75 233
76 228
75 223
75 218
74 213
74 208
75 203
76 198
79 193
83 188
88 184
93 183
98 182
103 183
108 185
113 189
117 194
120 199
123 204
126 209
131 213
136 216
141 217
146 217
151 215
156 212
161 208
166 203
170 198
175 194
180 191
185 190
190 190
195 192
200 195
205 200
208 205
210 210
211 215
212 220
211 225
210 230
208 235
205 240
203 245
203 250
203 255
205 260
208 265
213 270
218 274
223 276
228 277
233 278
238 278
243 277
248 275
253 273
258 269
263 264
266 259
269 254
270 249
271 244
272 239
271 234
270 229
269 224
266 219
264 214
262 209
261 204
260 199
261 194
261 189
263 184
265 179
268 174
273 169
278 165
283 163
288 161
293 161
298 161
303 162
308 164
313 167
318 171
322 176
324 181
326 186
326 191
326 196
326 201
326 206
325 211
325 216
326 221
327 226
329 231
331 236
335 241
340 245
345 248
350 250
355 250
360 249
365 247
370 244
375 239
378 234
380 229
382 224
382 219
382 214
382 209
381 204
380 199
381 194
382 189
386 184
391 179
396 177
401 177
406 177
411 179
416 182
421 187
424 192
427 197
429 202
430 207
430 212
429 217
426 222
423 227
421 232
420 237
421 242
422 247
425 252
430 257
435 260
440 261
445 261
450 260
455 257
460 254
465 249
469 244
472 239
474 234
476 229
478 224
479 219
479 214
479 209
477 204
474 199
469 194
466 189
465 184
465 179
465 174
467 169
470 164
475 159
480 156
485 155
490 154
495 155
500 156
505 159
510 162
515 167
519 172
522 177
525 182
527 187
528 192
530 197
530 202
531 207
531 212
530 217
526 222
521 224
517 229
514 234
512 239
511 244
511 249
511 254
512 259
513 264
515 269
519 274
524 279
529 281
534 283
539 284
544 284
549 283
554 282
559 279
564 276
569 271
573 266
576 261
578 256
580 251
582 246
583 241
585 236
585 231
586 226
586 221
586 216
585 211
583 206
578 201
573 201
569 196
567 191
566 186
565 181
565 176
566 171
567 166
569 161
571 156
575 151
580 146
585 143
590 142
595 141
600 141
605 142
610 144
615 147
620 152
624 157
626 162
628 167
630 172
631 177
631 182
632 187
632 192
632 197
633 202
632 207
632 212
631 217
630 222
625 224
622 229
620 234
619 239
619 244
618 249
618 254
618 259
619 264
620 269
621 274
623 279
626 284
631 289
636 293
641 296
646 298
651 299
656 299
661 298
666 297
671 295
676 293
681 288
686 283
689 278
690 273
692 268
692 263
692 258
691 253
690 248
687 243
684 238
679 234
674 234
669 239
664 234
662 229
661 224
660 219
660 214
660 209
660 204
661 199
662 194
663 189
664 184
665 179
667 174
669 169
672 164
675 159
679 154
684 149
689 146
694 143
699 142
704 141
709 142
714 143
719 145
724 148
728 153
731 158
732 163
731 168
726 173
721 176
716 181
715 186
714 191
715 196
716 201
719 206
722 211
726 216
731 220
736 224
741 226
746 228
751 229
756 229
761 228
766 226
771 223
776 220
781 217
786 215
791 214
796 214
801 214
806 216
811 219
816 223
821 226
826 228
831 229
836 229
841 228
846 227
851 226
856 225
861 225
866 225
871 226
876 228
881 231
886 235
889 240
891 245
892 250
891 255
891 260
894 265
899 270
904 272
909 273
914 273
919 272
924 270
929 267
934 262
937 257
940 252
941 247
942 242
943 237
943 232
943 227
942 222
941 217
940 212
938 207
936 202
934 197
931 192
926 188
921 187
916 185
912 180
910 175
909 170
909 165
909 160
911 155
913 150
916 145
920 140
925 136
930 133
935 130
940 129
945 128
950 128
955 129
960 130
965 132
970 135
975 139
979 144
981 149
982 154
981 159
976 163
971 166
968 171
967 176
966 181
967 186
968 191
969 196
971 201
973 206
976 211
979 216
983 221
987 226
992 230
997 233
1002 235
1007 236
1012 236
1017 236
1022 235
1027 234
1032 233
1037 232
1042 231
1047 230
1052 230
1057 229
1062 228
1067 227
1072 225
1077 223
1082 221
1087 218
1092 214
1097 211
1102 209
1107 208
1112 208
1117 210
1122 213
1127 218
1130 223
1132 228
1134 233
1136 238
1139 243
1144 248
1149 251
1154 252
1159 253
1164 252
1169 249
1174 246
1178 241
1180 236
1182 231
1183 226
1183 221
1183 216
1182 211
1181 206
1180 201
1180 196
1180 191
1182 186
1185 181
1190 176
