0 178
5 178
10 180
15 182
20 187
23 192
24 197
26 202
26 207
27 212
27 217
27 222
28 227
29 232
31 237
34 242
39 247
44 250
49 251
54 251
59 250
64 248
69 244
72 239
74 234
75 229
75 224
75 219
76 214
77 209
78 204
80 199
84 194
89 190
94 188
99 188
104 189
109 192
114 197
118 202
122 207
126 212
131 217
136 219
141 220
146 220
151 218
156 215
161 211
166 206
171 201
176 197
181 195
186 194
191 195
196 198
201 203
205 208
207 213
208 218
209 223
209 228
207 233
206 238
205 243
204 248
205 253
207 258
210 263
215 268
220 271
225 273
230 274
235 274
240 274
245 272
250 270
255 267
260 263
264 258
267 253
268 248
269 243
270 238
269 233
268 228
267 223
266 218
264 213
264 208
264 203
264 198
265 193
266 188
268 183
272 178
276 173
281 170
286 168
291 167
296 166
301 167
306 169
311 171
316 176
320 181
322 186
324 191
325 196
326 201
326 206
326 211
326 216
327 221
328 226
330 231
332 236
336 241
341 245
346 248
351 249
356 250
361 249
366 247
371 243
375 238
378 233
380 228
381 223
382 218
382 213
382 208
382 203
383 198
384 193
387 188
392 184
397 181
402 181
407 182
412 184
417 189
421 194
423 199
425 204
426 209
427 214
426 219
425 224
423 229
422 234
421 239
422 244
424 249
427 254
432 258
437 260
442 260
447 260
452 258
457 255
462 251
466 246
469 241
472 236
474 231
475 226
476 221
476 216
475 211
474 206
471 201
469 196
467 191
467 186
467 181
468 176
470 171
473 166
478 162
483 160
488 159
493 159
498 160
503 162
508 166
513 170
516 175
519 180
522 185
523 190
525 195
526 200
527 205
527 210
527 215
525 220
521 225
517 230
515 235
513 240
512 245
512 250
512 255
513 260
515 265
519 270
523 275
528 278
533 280
538 281
543 281
548 281
553 280
558 277
563 274
568 269
572 264
575 259
577 254
579 249
581 244
582 239
583 234
584 229
584 224
584 219
583 214
581 209
577 204
572 200
569 195
568 190
568 185
568 180
568 175
569 170
571 165
573 160
577 155
582 150
587 147
592 146
597 145
602 145
607 147
612 149
617 153
621 158
624 163
626 168
628 173
629 178
630 183
631 188
631 193
631 198
631 203
631 208
631 213
630 218
628 223
623 228
621 233
620 238
619 243
619 248
619 253
619 258
620 263
621 268
622 273
625 278
629 283
634 288
639 291
644 293
649 294
654 295
659 294
664 293
669 292
674 289
679 285
684 280
687 275
689 270
690 265
690 260
690 255
689 250
687 245
683 240
678 236
673 235
668 233
665 228
664 223
663 218
663 213
663 208
664 203
665 198
665 193
666 188
668 183
669 178
671 173
674 168
677 163
680 158
685 154
690 150
695 148
700 147
705 146
710 147
715 148
720 151
725 156
727 161
728 166
727 171
724 176
721 181
719 186
718 191
718 196
719 201
721 206
723 211
727 216
731 221
736 225
741 228
746 230
751 231
756 231
761 230
766 229
771 226
776 224
781 221
786 219
791 218
796 217
801 218
806 219
811 222
816 225
821 228
826 230
831 231
836 231
841 230
846 229
851 228
856 227
861 227
866 227
871 228
876 231
881 234
885 239
888 244
889 249
890 254
891 259
894 264
899 268
904 270
909 271
914 271
919 269
924 267
929 263
934 258
937 253
939 248
940 243
940 238
941 233
940 228
940 223
939 218
938 213
936 208
934 203
932 198
928 193
923 190
918 186
915 181
914 176
913 171
913 166
914 161
916 156
918 151
922 146
927 142
932 138
937 136
942 135
947 134
952 134
957 135
962 137
967 139
972 144
976 149
978 154
978 159
977 164
973 169
970 174
969 179
968 184
969 189
969 194
971 199
972 204
974 209
977 214
980 219
984 224
989 229
994 233
999 235
1004 236
1009 237
1014 237
1019 237
1024 236
1029 235
1034 234
1039 233
1044 232
1049 232
1054 231
1059 230
1064 229
1069 228
1074 227
1079 225
1084 223
1089 220
1094 217
1099 215
1104 213
1109 213
1114 213
1119 215
1124 219
1128 224
1131 229
1134 234
1137 239
1141 244
1146 248
1151 250
1156 251
1161 251
1166 249
1171 246
1176 241
1179 236
1181 231
1182 226
1182 221
1182 216
1182 211
1182 206
1182 201
1183 196
1184 191
1187 186
1192 182
