0 204
6 204
12 204
18 204
24 204
30 205
36 205
42 205
48 206
54 206
60 205
66 205
72 205
78 204
84 204
90 204
96 204
102 204
108 204
114 204
120 204
126 205
132 205
138 205
144 205
150 205
156 205
162 205
168 204
174 204
180 204
186 204
192 204
198 205
204 205
210 205
216 206
222 206
228 206
234 206
240 206
246 206
252 206
258 205
264 205
270 205
276 204
282 204
288 204
294 204
300 204
306 204
312 204
318 204
324 204
330 204
336 205
342 205
348 205
354 205
360 206
366 205
372 205
378 205
384 204
390 204
396 204
402 204
408 204
414 204
420 205
426 205
432 206
438 206
444 206
450 206
456 205
462 205
468 204
474 204
480 203
486 203
492 203
498 203
504 204
510 205
516 205
522 206
528 206
534 207
540 207
546 207
552 207
558 206
564 206
570 205
576 204
582 203
588 203
594 202
600 202
606 203
612 203
618 204
624 205
630 206
636 207
642 208
648 208
654 208
660 208
666 207
672 206
678 205
684 204
690 203
696 203
702 203
708 203
714 203
720 203
726 204
732 204
738 204
744 205
750 205
756 205
762 205
768 205
774 205
780 205
786 205
792 205
798 205
804 205
810 205
816 205
822 205
828 205
834 205
840 205
846 205
852 205
858 205
864 205
870 205
876 205
882 206
888 206
894 206
900 207
906 207
912 206
918 206
924 205
930 204
936 203
942 202
948 202
954 202
960 202
966 203
972 203
978 204
984 204
990 205
996 205
1002 205
1008 205
1014 205
1020 205
1026 205
1032 205
1038 205
1044 205
1050 205
1056 205
1062 205
1068 205
1074 205
1080 205
1086 205
1092 205
1098 205
1104 205
1110 205
1116 205
1122 205
1128 205
1134 205
1140 205
1146 205
1152 206
1158 206
1164 205
1170 205
1176 205
1182 205
1188 204
