0 196
6 196
12 196
18 196
24 197
30 197
36 198
42 198
48 198
54 198
60 198
66 198
72 197
78 197
84 196
90 196
96 196
102 196
108 196
114 196
120 196
126 197
132 197
138 197
144 197
150 197
156 197
162 197
168 197
174 196
180 196
186 196
192 197
198 197
204 198
210 198
216 199
222 199
228 200
234 200
240 199
246 199
252 199
258 198
264 197
270 197
276 196
282 196
288 195
294 195
300 195
306 195
312 196
318 196
324 196
330 197
336 197
342 197
348 198
354 198
360 198
366 198
372 198
378 197
384 196
390 196
396 195
402 195
408 195
414 196
420 197
426 198
432 199
438 200
444 200
450 199
456 198
462 197
468 196
474 195
480 194
486 194
492 194
498 195
504 196
510 197
516 198
522 199
528 200
534 201
540 201
546 201
552 201
558 200
564 199
570 198
576 196
582 195
588 194
594 193
600 193
606 193
612 194
618 196
624 197
630 199
636 201
642 202
648 203
654 203
660 202
666 201
672 199
678 198
684 196
690 195
696 194
702 193
708 193
714 194
720 194
726 195
732 196
738 197
744 197
750 197
756 198
762 198
768 198
774 197
780 197
786 197
792 197
798 197
804 197
810 197
816 198
822 198
828 198
834 198
840 198
846 198
852 198
858 198
864 198
870 198
876 198
882 199
888 199
894 200
900 200
906 200
912 200
918 199
924 197
930 196
936 194
942 193
948 193
954 193
960 193
966 194
972 195
978 196
984 197
990 197
996 197
1002 198
1008 198
1014 198
1020 198
1026 198
1032 198
1038 198
1044 198
1050 198
1056 198
1062 198
1068 198
1074 198
1080 198
1086 198
1092 198
1098 197
1104 197
1110 197
1116 197
1122 197
1128 198
1134 198
1140 198
1146 198
1152 199
1158 198
1164 198
1170 198
1176 198
1182 197
1188 197
