0 194
6 193
12 194
18 197
24 201
30 205
36 209
42 212
48 214
54 214
60 213
66 210
72 206
78 202
84 199
90 197
96 196
102 196
108 197
114 199
120 200
126 202
132 204
138 205
144 205
150 204
156 203
162 201
168 199
174 198
180 197
186 197
192 200
198 203
204 208
210 213
216 217
222 220
228 221
234 222
240 221
246 220
252 217
258 212
264 207
270 201
276 197
282 193
288 191
294 190
300 190
306 191
312 192
318 195
324 198
330 202
336 206
342 210
348 213
354 214
360 214
366 213
372 210
378 205
384 199
390 194
396 191
402 191
408 193
414 197
418 203
422 209
427 215
433 219
439 221
445 221
451 219
457 214
461 208
465 202
468 196
472 190
478 185
484 182
490 182
496 183
502 187
507 193
511 199
514 205
517 211
520 217
525 223
531 227
537 230
543 231
549 230
555 228
561 223
566 217
570 211
572 205
574 199
576 193
579 187
583 181
589 177
595 175
601 174
607 176
613 180
618 186
621 192
623 198
624 204
625 210
626 216
629 222
632 228
638 233
644 236
650 238
656 237
662 236
668 232
673 226
676 220
678 214
679 208
680 202
682 196
685 190
689 184
695 180
701 178
707 178
713 179
719 183
725 188
731 194
737 200
743 205
749 208
755 209
761 209
767 209
773 208
779 206
785 205
791 204
797 204
803 204
809 205
815 207
821 208
827 209
833 209
839 209
845 208
851 207
857 206
863 207
869 208
875 211
881 214
887 218
893 222
899 224
905 224
911 223
917 220
923 214
926 208
928 202
929 196
931 190
934 184
940 178
946 175
952 174
958 175
964 179
970 184
974 190
979 196
984 202
990 206
996 208
1002 210
1008 210
1014 210
1020 210
1026 209
1032 209
1038 208
1044 208
1050 208
1056 208
1062 208
1068 207
1074 207
1080 207
1086 206
1092 205
1098 205
1104 204
1110 203
1116 204
1122 205
1128 207
1134 209
1140 211
1146 213
1152 214
1158 214
1164 213
1170 210
1176 207
1182 203
1188 199
