0 214
6 214
12 214
18 215
24 217
30 219
36 221
42 223
48 223
54 223
60 222
66 221
72 219
78 218
84 216
90 216
96 215
102 215
108 216
114 216
120 217
126 218
132 218
138 219
144 219
150 219
156 219
162 218
168 217
174 216
180 216
186 216
192 217
198 219
204 221
210 223
216 225
222 226
228 227
234 227
240 227
246 226
252 224
258 222
264 220
270 218
276 216
282 214
288 213
294 212
300 212
306 213
312 214
318 215
324 216
330 218
336 219
342 221
348 222
354 224
360 224
366 223
372 221
378 219
384 216
390 214
396 213
402 212
408 213
414 216
420 219
426 223
432 226
438 227
444 227
450 226
456 223
462 219
468 215
474 212
480 209
486 208
492 209
498 210
504 213
510 217
516 221
522 225
528 229
534 231
540 232
546 232
552 231
558 229
564 225
570 220
576 215
582 210
588 206
594 204
600 204
606 205
612 208
618 212
623 218
628 224
634 230
640 234
646 236
652 237
658 236
664 234
670 230
676 224
681 218
687 212
693 209
699 207
705 206
711 206
717 208
723 210
729 213
735 216
741 218
747 220
753 221
759 221
765 221
771 221
777 220
783 219
789 219
795 219
801 219
807 219
813 220
819 221
825 221
831 222
837 221
843 221
849 221
855 220
861 220
867 220
873 221
879 223
885 225
891 227
897 228
903 229
909 228
915 226
921 223
927 218
933 212
939 208
945 205
951 204
957 205
963 207
969 209
975 213
981 216
987 218
993 220
999 221
1005 221
1011 221
1017 221
1023 221
1029 221
1035 221
1041 221
1047 221
1053 221
1059 220
1065 220
1071 220
1077 220
1083 220
1089 220
1095 219
1101 219
1107 219
1113 219
1119 219
1125 220
1131 220
1137 221
1143 222
1149 223
1155 224
1161 223
1167 222
1173 221
1179 219
1185 217
1191 216
