0 198
6 198
12 198
18 198
24 198
30 198
36 198
42 199
48 199
54 199
60 198
66 198
72 198
78 198
84 198
90 198
96 198
102 198
108 198
114 198
120 198
126 198
132 198
138 198
144 198
150 198
156 198
162 198
168 198
174 198
180 198
186 198
192 198
198 198
204 198
210 199
216 199
222 199
228 199
234 199
240 199
246 199
252 199
258 199
264 198
270 198
276 198
282 198
288 198
294 198
300 198
306 198
312 198
318 198
324 198
330 198
336 198
342 198
348 198
354 198
360 199
366 199
372 199
378 198
384 198
390 198
396 198
402 198
408 198
414 198
420 198
426 199
432 199
438 199
444 199
450 199
456 199
462 198
468 198
474 198
480 198
486 198
492 198
498 198
504 198
510 198
516 198
522 199
528 199
534 199
540 199
546 199
552 199
558 199
564 199
570 199
576 198
582 198
588 198
594 198
600 198
606 198
612 198
618 198
624 198
630 199
636 199
642 199
648 199
654 199
660 199
666 199
672 199
678 199
684 198
690 198
696 198
702 198
708 198
714 198
720 198
726 198
732 198
738 198
744 198
750 198
756 199
762 198
768 198
774 198
780 198
786 198
792 198
798 198
804 198
810 199
816 199
822 199
828 199
834 199
840 198
846 199
852 199
858 199
864 198
870 198
876 199
882 199
888 199
894 199
900 199
906 199
912 199
918 199
924 198
930 198
936 198
942 198
948 198
954 198
960 198
966 198
972 198
978 198
984 198
990 198
996 198
1002 198
1008 198
1014 198
1020 198
1026 198
1032 198
1038 198
1044 198
1050 199
1056 198
1062 198
1068 198
1074 199
1080 199
1086 199
1092 199
1098 198
1104 198
1110 198
1116 198
1122 198
1128 198
1134 198
1140 199
1146 199
1152 199
1158 199
1164 199
1170 198
1176 198
1182 198
1188 198
