0 220
6 220
12 220
18 220
24 220
30 221
36 221
42 221
48 221
54 221
60 221
66 221
72 221
78 220
84 220
90 220
96 220
102 220
108 220
114 220
120 220
126 221
132 221
138 221
144 221
150 221
156 221
162 221
168 220
174 220
180 220
186 220
192 220
198 221
204 221
210 221
216 221
222 221
228 221
234 221
240 221
246 221
252 221
258 221
264 221
270 220
276 220
282 220
288 220
294 220
300 220
306 220
312 220
318 220
324 220
330 220
336 221
342 221
348 221
354 221
360 221
366 221
372 221
378 221
384 220
390 220
396 220
402 220
408 220
414 220
420 221
426 221
432 221
438 221
444 221
450 221
456 221
462 221
468 220
474 220
480 220
486 220
492 220
498 220
504 220
510 221
516 221
522 221
528 221
534 221
540 222
546 222
552 221
558 221
564 221
570 221
576 220
582 220
588 220
594 220
600 220
606 220
612 220
618 220
624 221
630 221
636 221
642 222
648 222
654 222
660 222
666 221
672 221
678 221
684 220
690 220
696 220
702 220
708 220
714 220
720 220
726 220
732 220
738 220
744 221
750 221
756 221
762 221
768 221
774 221
780 221
786 221
792 221
798 221
804 221
810 221
816 221
822 221
828 221
834 221
840 221
846 221
852 221
858 221
864 221
870 221
876 221
882 221
888 221
894 221
900 221
906 221
912 221
918 221
924 221
930 220
936 220
942 220
948 220
954 220
960 220
966 220
972 220
978 220
984 220
990 221
996 221
1002 221
1008 221
1014 221
1020 221
1026 221
1032 221
1038 221
1044 221
1050 221
1056 221
1062 221
1068 221
1074 221
1080 221
1086 221
1092 221
1098 221
1104 221
1110 221
1116 221
1122 221
1128 221
1134 221
1140 221
1146 221
1152 221
1158 221
1164 221
1170 221
1176 221
1182 221
1188 220
