0 199
6 200
12 199
18 199
24 198
30 198
36 197
42 196
48 195
54 195
60 195
66 195
72 195
78 196
84 196
90 197
96 197
102 198
108 198
114 199
120 199
126 199
132 199
138 199
144 199
150 198
156 198
162 198
168 198
174 197
180 197
186 197
192 196
198 196
204 195
210 194
216 194
222 193
228 193
234 194
240 195
246 196
252 197
258 198
264 199
270 199
276 199
282 199
288 198
294 197
300 197
306 196
312 196
318 196
324 197
330 198
336 198
342 199
348 199
354 199
360 198
366 198
372 197
378 196
384 196
390 195
396 195
402 196
408 196
414 197
420 197
426 198
432 198
438 199
444 199
450 199
456 199
462 198
468 198
474 198
480 197
486 197
492 197
498 197
504 197
510 197
516 198
522 198
528 198
534 198
540 198
546 198
552 198
558 198
564 198
570 198
576 198
582 198
588 198
594 198
600 198
606 197
612 197
618 197
624 197
630 196
636 196
642 195
648 195
654 194
660 195
666 195
672 195
678 196
684 196
690 197
696 197
702 198
708 198
714 198
720 199
726 199
732 198
738 198
744 198
750 198
756 198
762 198
768 198
774 199
780 199
786 199
792 199
798 199
804 198
810 198
816 197
822 197
828 196
834 195
840 194
846 194
852 194
858 194
864 195
870 196
876 197
882 198
888 199
894 200
900 200
906 200
912 200
918 200
924 199
930 199
936 198
942 198
948 197
954 197
960 197
966 197
972 196
978 196
984 196
990 196
996 196
1002 196
1008 196
1014 196
1020 196
1026 197
1032 197
1038 198
1044 198
1050 198
1056 198
1062 198
1068 197
1074 197
1080 197
1086 197
1092 196
1098 196
1104 196
1110 196
1116 196
1122 196
1128 196
1134 196
1140 196
1146 196
1152 197
1158 197
1164 197
1170 197
1176 198
1182 198
1188 199
