0 320
6 319
12 317
18 314
24 310
30 304
34 298
37 292
40 286
42 280
44 274
46 268
47 262
49 256
50 250
52 244
53 238
54 232
55 226
57 220
57 214
58 208
59 202
59 196
60 190
60 184
59 178
59 172
58 166
56 160
50 156
45 162
45 168
44 174
44 180
44 186
43 192
37 198
33 192
31 186
28 180
26 174
24 168
23 162
21 156
20 150
19 144
19 138
19 132
20 126
22 120
24 114
28 108
33 102
39 97
45 94
51 92
57 91
63 91
69 92
75 94
81 96
87 100
93 105
99 111
104 117
107 123
111 129
113 135
115 141
117 147
118 153
119 159
120 165
120 171
120 177
120 183
119 189
117 195
115 201
111 207
105 201
105 195
104 189
104 183
103 177
101 171
99 165
93 161
87 167
86 173
84 179
84 185
83 191
82 197
82 203
81 209
81 215
80 221
80 227
80 233
80 239
80 245
80 251
80 257
81 263
82 269
83 275
84 281
86 287
89 293
92 299
96 305
102 311
108 316
114 319
120 321
126 322
132 323
138 323
144 322
150 321
156 319
162 316
168 311
174 305
178 299
181 293
184 287
185 281
185 275
185 269
184 263
183 257
181 251
178 245
176 239
174 233
173 227
172 221
172 215
172 209
172 203
173 197
174 191
174 185
176 179
177 173
178 167
180 161
181 155
183 149
184 143
186 137
187 131
189 125
190 119
184 113
181 119
179 125
177 131
175 137
169 136
168 130
168 124
168 118
168 112
169 106
170 100
171 94
174 88
177 82
182 76
188 70
194 66
200 62
206 60
212 58
218 57
224 57
230 57
236 58
242 60
248 62
254 65
260 69
266 74
271 80
275 86
277 92
279 98
281 104
281 110
281 116
280 122
279 128
276 134
272 140
266 145
260 147
254 148
248 147
242 144
241 138
245 132
249 126
250 120
249 114
245 108
239 104
233 103
227 105
221 109
216 115
212 121
209 127
206 133
204 139
202 145
201 151
199 157
198 163
198 169
198 175
198 181
199 187
200 193
202 199
204 205
208 211
212 217
217 223
222 229
227 235
233 241
239 247
245 252
251 256
257 258
263 258
269 256
275 250
277 244
279 238
278 232
275 226
269 221
263 219
257 221
251 223
245 222
239 219
233 214
229 208
228 202
230 196
236 192
242 191
248 190
254 190
260 190
266 190
272 190
278 191
284 192
290 193
296 194
302 195
308 197
314 200
320 202
326 206
332 210
338 214
343 220
346 226
347 232
346 238
340 241
334 238
328 234
322 234
318 240
317 246
318 252
319 258
322 264
326 270
332 276
338 279
344 280
350 280
356 278
362 275
368 269
372 263
376 257
378 251
381 245
383 239
385 233
386 227
387 221
388 215
389 209
389 203
389 197
389 191
389 185
388 179
388 173
387 167
386 161
384 155
381 149
375 147
370 153
369 159
368 165
365 171
359 171
354 165
351 159
351 153
351 147
352 141
354 135
356 129
360 123
365 117
371 111
377 107
383 104
389 102
395 101
401 101
407 101
413 103
419 106
425 110
430 116
433 122
435 128
436 134
436 140
435 146
432 152
429 158
423 164
417 162
415 156
414 150
408 147
404 153
403 159
402 165
402 171
402 177
403 183
403 189
404 195
404 201
405 207
406 213
407 219
408 225
409 231
410 237
411 243
411 249
412 255
413 261
414 267
416 273
420 279
426 285
432 288
438 290
444 290
450 289
456 286
462 282
467 276
471 270
473 264
474 258
475 252
475 246
475 240
474 234
472 228
478 234
477 228
475 222
469 223
463 221
458 227
452 232
446 226
444 220
443 214
444 208
445 202
448 196
452 190
456 184
462 178
468 173
474 168
480 165
486 162
492 160
498 158
504 158
510 159
516 160
522 163
528 167
534 173
539 179
542 185
544 191
546 197
546 203
545 209
540 215
534 213
528 207
522 206
516 211
513 217
512 223
512 229
513 235
513 241
515 247
517 253
519 259
521 265
525 271
530 277
536 282
542 286
548 289
554 291
560 292
566 292
572 291
578 290
584 287
590 284
596 280
602 275
607 269
611 263
614 257
617 251
619 245
621 239
623 233
624 227
626 221
627 215
629 209
630 203
631 197
633 191
634 185
635 179
636 173
638 167
639 161
640 155
640 149
641 143
641 137
641 131
640 125
636 119
630 118
624 121
620 127
618 133
616 139
612 145
606 143
603 137
601 131
600 125
600 119
600 113
602 107
604 101
606 95
610 89
615 83
621 78
627 74
633 71
639 68
645 67
651 66
657 66
663 66
669 66
675 68
681 70
687 72
693 76
699 80
705 86
710 92
714 98
717 104
720 110
722 116
724 122
725 128
726 134
726 140
727 146
726 152
725 158
723 164
720 170
714 174
708 175
703 169
702 163
702 157
703 151
703 145
701 139
698 133
692 127
686 126
680 128
674 134
671 140
669 146
667 152
665 158
664 164
663 170
662 176
661 182
661 188
660 194
660 200
660 206
661 212
661 218
662 224
664 230
666 236
668 242
672 248
677 254
683 259
689 261
695 261
701 256
702 250
702 244
707 238
713 236
719 234
725 234
731 234
737 234
743 234
749 234
755 235
761 235
767 237
773 238
779 240
785 243
790 249
788 255
784 261
786 267
792 271
798 272
804 271
810 270
816 267
822 264
828 260
834 255
840 249
845 243
848 237
851 231
853 225
854 219
855 213
855 207
856 201
856 195
856 189
856 183
855 177
855 171
855 165
855 159
854 153
854 147
853 141
852 135
851 129
849 123
846 117
840 112
834 111
828 113
823 119
820 125
818 131
817 137
817 143
817 149
819 155
819 161
817 167
811 171
805 168
800 162
797 156
796 150
795 144
794 138
794 132
795 126
796 120
797 114
798 108
801 102
804 96
807 90
812 84
818 79
824 74
830 71
836 69
842 67
848 67
854 67
860 67
866 68
872 71
878 73
884 78
890 84
894 90
897 96
899 102
900 108
900 114
899 120
898 126
895 132
892 138
887 144
881 150
876 144
870 150
869 156
869 162
869 168
869 174
870 180
870 186
871 192
871 198
872 204
873 210
874 216
875 222
876 228
876 234
877 240
877 246
877 252
877 258
875 264
873 270
869 276
865 282
862 288
860 294
859 300
859 306
861 312
863 318
868 324
874 330
880 334
886 337
892 339
898 341
904 341
910 341
916 341
922 340
928 338
934 335
940 332
946 327
951 321
955 315
958 309
960 303
961 297
961 291
961 285
960 279
958 273
956 267
953 261
949 255
943 249
937 246
931 249
928 255
928 261
928 267
929 273
928 279
922 285
916 282
912 276
909 270
908 264
906 258
905 252
905 246
904 240
904 234
904 228
904 222
905 216
906 210
908 204
910 198
913 192
916 186
920 180
925 174
930 168
936 162
942 157
948 152
954 148
960 144
966 141
972 139
978 138
984 137
990 137
996 138
1002 141
1008 144
1014 149
1019 155
1023 161
1026 167
1028 173
1029 179
1031 185
1031 191
1031 197
1029 203
1023 208
1017 205
1011 200
1005 199
999 203
996 209
996 215
997 221
999 227
1001 233
1005 239
1009 245
1014 251
1020 257
1026 261
1032 265
1038 268
1044 269
1050 270
1056 270
1062 269
1068 268
1074 265
1080 262
1086 257
1092 251
1097 245
1101 239
1104 233
1107 227
1110 221
1112 215
1113 209
1113 203
1113 197
1111 191
1107 185
1101 184
1095 187
1089 190
1083 184
1081 178
1080 172
1079 166
1079 160
1080 154
1081 148
1083 142
1085 136
1089 130
1094 124
1100 119
1106 116
1112 114
1118 112
1124 112
1130 113
1136 114
1142 116
1148 120
1154 124
1160 130
1165 136
1170 142
1174 148
1177 154
1181 160
1184 166
1187 172
1190 178
1193 184
1195 190
1197 196
1199 202
0 208
1 214
2 220
2 226
1 232
1199 238
1196 244
1190 248
1184 243
1182 237
1180 231
1174 227
1168 228
1162 234
1158 240
1156 246
1153 252
1152 258
1151 264
1150 270
1150 276
1151 282
1152 288
1155 294
1158 300
1163 306
1169 312
1175 315
1181 318
1187 320
1193 320
