0 284
5 284
10 284
15 282
20 280
25 277
30 273
34 268
37 263
40 258
42 253
44 248
45 243
46 238
47 233
47 228
47 223
48 218
47 213
47 208
46 203
44 198
41 193
36 191
31 192
26 188
24 183
23 178
22 173
22 168
22 163
23 158
24 153
26 148
28 143
32 138
36 133
41 129
46 127
51 125
56 124
61 124
66 124
71 125
76 126
81 129
86 132
91 137
95 142
99 147
101 152
103 157
104 162
105 167
106 172
105 177
104 182
99 187
94 189
89 193
87 198
86 203
85 208
85 213
85 218
85 223
85 228
86 233
87 238
88 243
89 248
91 253
93 258
96 263
100 268
105 273
110 277
115 279
120 281
125 282
130 283
135 282
140 281
145 280
150 278
155 275
160 270
165 265
168 260
171 255
174 250
176 245
177 240
179 235
180 230
182 225
183 220
184 215
185 210
186 205
187 200
188 195
189 190
190 185
191 180
191 175
191 170
191 165
190 160
188 155
183 153
178 149
177 144
177 139
178 134
180 129
182 124
186 119
190 114
195 110
200 107
205 104
210 103
215 102
220 101
225 101
230 102
235 103
240 105
245 107
250 111
255 115
259 120
262 125
263 130
265 135
265 140
265 145
263 150
261 155
256 160
251 162
246 159
241 157
236 159
232 164
229 169
227 174
226 179
225 184
224 189
224 194
224 199
224 204
225 209
226 214
227 219
228 224
230 229
233 234
235 239
239 244
244 249
249 252
254 254
259 255
264 255
269 253
274 249
277 244
278 239
277 234
275 229
270 224
268 219
269 214
271 209
276 204
281 200
286 197
291 196
296 194
301 194
306 194
311 195
316 197
321 200
326 205
330 210
331 215
332 220
330 225
328 230
327 235
328 240
330 245
333 250
338 254
343 257
348 258
353 258
358 256
363 254
368 249
372 244
375 239
376 234
378 229
379 224
380 219
381 214
381 209
381 204
380 199
379 194
377 189
373 184
368 179
365 174
364 169
363 164
364 159
366 154
368 149
372 144
377 140
382 137
387 135
392 134
397 134
402 134
407 135
412 138
417 142
421 147
424 152
426 157
426 162
426 167
425 172
424 177
420 182
415 187
413 192
411 197
411 202
410 207
410 212
410 217
411 222
411 227
412 232
414 237
415 242
418 247
421 252
426 257
431 260
436 262
441 263
446 262
451 261
456 259
461 254
465 249
467 244
468 239
469 234
469 229
467 224
465 219
464 214
464 209
464 204
465 199
467 194
470 189
473 184
478 179
483 174
488 172
493 170
498 170
503 170
508 172
513 175
518 180
521 185
523 190
523 195
523 200
522 205
521 210
520 215
520 220
521 225
523 230
525 235
528 240
531 245
536 249
541 253
546 255
551 257
556 258
561 258
566 258
571 257
576 256
581 254
586 252
591 249
596 245
601 241
606 236
610 231
614 226
617 221
619 216
621 211
623 206
625 201
626 196
627 191
628 186
628 181
629 176
628 171
627 166
624 161
620 156
618 151
618 146
618 141
620 136
622 131
626 126
631 122
636 118
641 116
646 114
651 113
656 112
661 112
666 112
671 113
676 115
681 117
686 120
691 124
696 129
700 134
702 139
704 144
706 149
707 154
707 159
706 164
703 169
698 173
693 172
688 172
683 174
679 179
677 184
675 189
674 194
673 199
673 204
673 209
673 214
674 219
675 224
676 229
679 234
682 239
686 244
691 247
696 250
701 251
706 250
711 249
716 246
721 241
726 236
731 232
736 230
741 228
746 227
751 226
756 226
761 227
766 229
771 231
776 236
779 241
782 246
786 251
791 254
796 254
801 254
806 253
811 250
816 246
821 241
825 236
828 231
831 226
833 221
835 216
837 211
838 206
840 201
841 196
841 191
842 186
842 181
842 176
841 171
839 166
836 161
831 158
826 158
821 161
816 163
811 160
808 155
808 150
808 145
809 140
810 135
813 130
816 125
820 120
825 116
830 113
835 110
840 109
845 108
850 108
855 108
860 109
865 110
870 112
875 115
880 119
885 124
888 129
890 134
892 139
893 144
894 149
894 154
894 159
894 164
893 169
892 174
890 179
888 184
883 189
878 187
873 192
871 197
870 202
869 207
868 212
867 217
866 222
865 227
864 232
864 237
864 242
863 247
864 252
864 257
865 262
866 267
868 272
870 277
873 282
878 287
883 291
888 294
893 296
898 298
903 298
908 298
913 298
918 297
923 295
928 292
933 288
938 283
941 278
943 273
945 268
945 263
945 258
944 253
942 248
937 244
932 243
927 241
924 236
924 231
924 226
924 221
926 216
927 211
929 206
931 201
934 196
937 191
940 186
944 181
949 176
954 171
959 167
964 164
969 161
974 159
979 158
984 157
989 157
994 158
999 160
1004 162
1009 166
1014 171
1017 176
1019 181
1020 186
1021 191
1021 196
1020 201
1019 206
1019 211
1019 216
1020 221
1022 226
1024 231
1028 236
1033 241
1038 244
1043 247
1048 248
1053 249
1058 248
1063 247
1068 245
1073 242
1078 237
1082 232
1085 227
1087 222
1089 217
1089 212
1090 207
1090 202
1089 197
1089 192
1088 187
1088 182
1089 177
1090 172
1092 167
1094 162
1097 157
1102 152
1107 148
1112 146
1117 144
1122 144
1127 143
1132 144
1137 145
1142 147
1147 150
1152 154
1156 159
1160 164
1163 169
1166 174
1168 179
1170 184
1171 189
1172 194
1173 199
1174 204
1174 209
1173 214
1172 219
1171 224
1169 229
1167 234
1166 239
1165 244
1166 249
1166 254
1168 259
1170 264
1173 269
1178 274
1183 278
1188 281
1193 283
