0 213
6 214
12 213
18 213
24 212
30 210
36 209
42 207
48 206
54 206
60 205
66 206
72 206
78 207
84 208
90 209
96 210
102 211
108 212
114 212
120 213
126 213
132 213
138 213
144 212
150 212
156 211
162 211
168 211
174 210
180 210
186 209
192 208
198 207
204 206
210 205
216 204
222 203
228 203
234 204
240 206
246 208
252 210
258 211
264 213
270 213
276 213
282 212
288 211
294 210
300 209
306 208
312 208
318 209
324 210
330 211
336 212
342 212
348 213
354 212
360 211
366 210
372 209
378 208
384 207
390 206
396 206
402 207
408 207
414 208
420 210
426 211
432 211
438 212
444 212
450 212
456 212
462 211
468 211
474 210
480 209
486 209
492 209
498 209
504 209
510 209
516 210
522 210
528 211
534 211
540 211
546 212
552 211
558 211
564 211
570 211
576 211
582 211
588 211
594 211
600 210
606 210
612 209
618 209
624 208
630 208
636 207
642 206
648 206
654 205
660 205
666 205
672 206
678 207
684 208
690 209
696 210
702 211
708 212
714 212
720 212
726 212
732 211
738 211
744 211
750 210
756 210
762 211
768 211
774 212
780 212
786 212
792 212
798 212
804 212
810 211
816 210
822 208
828 207
834 206
840 205
846 204
852 204
858 205
864 206
870 207
876 209
882 211
888 213
894 214
900 215
906 215
912 215
918 214
924 213
930 212
936 211
942 211
948 210
954 209
960 209
966 209
972 208
978 208
984 208
990 208
996 208
1002 208
1008 208
1014 208
1020 209
1026 209
1032 210
1038 210
1044 211
1050 211
1056 211
1062 210
1068 210
1074 209
1080 209
1086 209
1092 208
1098 208
1104 208
1110 208
1116 207
1122 207
1128 207
1134 207
1140 208
1146 208
1152 209
1158 209
1164 210
1170 210
1176 211
1182 211
1188 212
