0 309
6 309
12 307
18 305
24 301
30 296
35 290
38 284
41 278
43 272
45 266
47 260
48 254
50 248
51 242
52 236
53 230
54 224
55 218
56 212
56 206
57 200
57 194
57 188
57 182
56 176
55 170
52 164
46 162
43 168
42 174
41 180
41 186
39 192
33 193
29 187
27 181
25 175
23 169
22 163
21 157
20 151
19 145
19 139
20 133
21 127
23 121
26 115
30 109
36 103
42 99
48 97
54 96
60 95
66 95
72 97
78 99
84 102
90 106
96 112
101 118
105 124
109 130
111 136
114 142
115 148
117 154
118 160
118 166
118 172
118 178
117 184
116 190
113 196
107 198
104 192
103 186
102 180
101 174
98 168
92 164
86 170
84 176
83 182
82 188
81 194
81 200
80 206
80 212
80 218
80 224
80 230
80 236
81 242
81 248
82 254
83 260
84 266
85 272
87 278
90 284
94 290
98 296
104 301
110 305
116 308
122 310
128 311
134 311
140 311
146 310
152 308
158 305
164 301
170 296
175 290
178 284
180 278
182 272
182 266
182 260
182 254
181 248
180 242
179 236
178 230
177 224
176 218
176 212
176 206
177 200
177 194
178 188
179 182
180 176
181 170
182 164
184 158
185 152
186 146
188 140
189 134
190 128
190 122
184 120
181 126
178 132
176 138
170 140
169 134
168 128
168 122
168 116
169 110
171 104
172 98
175 92
179 86
184 80
190 74
196 70
202 68
208 65
214 64
220 63
226 63
232 64
238 65
244 67
250 69
256 73
262 78
268 84
272 90
275 96
277 102
278 108
278 114
278 120
277 126
275 132
272 138
266 144
260 147
254 149
248 148
243 142
244 136
247 130
248 124
246 118
240 112
234 111
228 113
222 117
217 123
213 129
211 135
209 141
207 147
205 153
204 159
203 165
203 171
203 177
203 183
204 189
206 195
208 201
210 207
213 213
217 219
221 225
226 231
231 237
236 243
242 248
248 252
254 255
260 256
266 255
272 251
276 245
278 239
278 233
276 227
271 221
265 219
259 220
253 222
247 220
241 215
237 209
236 203
238 197
244 193
250 191
256 190
262 190
268 189
274 189
280 189
286 190
292 191
298 192
304 193
310 195
316 198
322 201
328 204
334 209
340 215
343 221
344 227
342 233
336 234
330 231
324 231
320 237
319 243
320 249
322 255
325 261
331 267
337 270
343 272
349 272
355 271
361 268
367 264
372 258
375 252
378 246
380 240
382 234
384 228
385 222
386 216
387 210
388 204
388 198
388 192
388 186
388 180
387 174
386 168
385 162
382 156
376 153
371 159
368 165
362 170
356 164
353 158
353 152
353 146
354 140
356 134
359 128
364 122
369 116
375 112
381 108
387 106
393 105
399 104
405 105
411 107
417 109
423 114
429 120
432 126
434 132
435 138
434 144
433 150
430 156
427 162
421 165
416 159
411 153
406 159
404 165
404 171
404 177
404 183
404 189
405 195
405 201
406 207
407 213
407 219
408 225
409 231
409 237
410 243
411 249
412 255
414 261
417 267
422 273
428 278
434 280
440 281
446 281
452 280
458 277
464 271
469 265
471 259
473 253
474 247
474 241
474 235
472 229
469 223
463 220
457 224
451 224
448 218
447 212
447 206
449 200
451 194
455 188
459 182
465 176
471 170
477 166
483 162
489 160
495 158
501 157
507 158
513 159
519 162
525 165
531 171
535 177
538 183
540 189
541 195
541 201
538 207
532 207
526 205
520 206
515 212
514 218
514 224
514 230
515 236
516 242
518 248
521 254
524 260
529 266
535 271
541 275
547 278
553 280
559 281
565 281
571 280
577 279
583 277
589 274
595 271
601 266
606 260
610 254
614 248
617 242
619 236
621 230
623 224
625 218
627 212
628 206
630 200
631 194
632 188
634 182
635 176
636 170
637 164
638 158
639 152
639 146
639 140
638 134
635 128
629 125
623 128
618 134
616 140
610 144
605 138
603 132
602 126
603 120
604 114
605 108
608 102
611 96
616 90
622 85
628 81
634 77
640 75
646 74
652 73
658 72
664 72
670 73
676 75
682 77
688 80
694 83
700 88
706 94
710 100
714 106
717 112
719 118
721 124
723 130
723 136
724 142
724 148
723 154
721 160
718 166
712 171
706 171
702 165
702 159
702 153
701 147
698 141
693 135
687 133
681 134
675 140
672 146
669 152
667 158
666 164
665 170
664 176
663 182
662 188
662 194
662 200
662 206
663 212
663 218
665 224
666 230
669 236
672 242
676 248
682 253
688 256
694 256
700 255
704 249
706 243
709 237
715 234
721 232
727 231
733 230
739 230
745 230
751 230
757 230
763 231
769 232
775 234
781 237
787 243
786 249
784 255
786 261
792 264
798 265
804 265
810 263
816 260
822 256
828 252
834 246
839 240
843 234
846 228
848 222
850 216
852 210
853 204
854 198
854 192
855 186
855 180
855 174
855 168
855 162
855 156
854 150
853 144
852 138
851 132
848 126
843 120
837 118
831 119
825 124
821 130
819 136
818 142
819 148
819 154
819 160
813 166
807 164
801 158
799 152
797 146
796 140
796 134
796 128
797 122
799 116
800 110
803 104
806 98
810 92
816 86
822 81
828 78
834 75
840 73
846 73
852 72
858 73
864 74
870 76
876 78
882 82
888 88
893 94
896 100
898 106
899 112
899 118
899 124
898 130
896 136
893 142
890 148
885 154
879 158
873 155
872 161
872 167
871 173
871 179
871 185
872 191
872 197
872 203
872 209
873 215
873 221
873 227
873 233
873 239
872 245
871 251
869 257
867 263
864 269
862 275
861 281
860 287
860 293
861 299
864 305
867 311
873 317
879 321
885 325
891 327
897 328
903 329
909 329
915 329
921 327
927 326
933 323
939 319
945 314
950 308
953 302
956 296
958 290
958 284
958 278
958 272
956 266
954 260
951 254
946 248
940 244
934 244
929 250
928 256
928 262
927 268
921 272
915 268
911 262
909 256
907 250
907 244
906 238
906 232
906 226
907 220
908 214
910 208
912 202
914 196
917 190
921 184
925 178
930 172
935 166
941 160
947 155
953 150
959 146
965 143
971 140
977 139
983 138
989 138
995 139
1001 141
1007 144
1013 149
1018 155
1022 161
1025 167
1027 173
1028 179
1029 185
1028 191
1027 197
1021 201
1015 199
1009 198
1003 203
1001 209
1001 215
1002 221
1004 227
1007 233
1011 239
1016 245
1022 251
1028 255
1034 259
1040 261
1046 262
1052 263
1058 263
1064 262
1070 260
1076 257
1082 253
1088 247
1094 241
1098 235
1101 229
1104 223
1106 217
1107 211
1108 205
1108 199
1107 193
1103 187
1097 185
1091 185
1085 182
1082 176
1081 170
1081 164
1081 158
1082 152
1084 146
1086 140
1089 134
1094 128
1100 123
1106 119
1112 117
1118 116
1124 115
1130 116
1136 117
1142 119
1148 123
1154 127
1160 133
1165 139
1169 145
1173 151
1177 157
1180 163
1183 169
1185 175
1188 181
1190 187
1192 193
1194 199
1195 205
1196 211
1196 217
1196 223
1194 229
1191 235
1185 238
1180 232
1174 226
1168 227
1162 232
1159 238
1156 244
1154 250
1153 256
1153 262
1153 268
1154 274
1155 280
1158 286
1162 292
1168 298
1174 303
1180 306
1186 308
1192 309
