0 221
6 221
12 221
18 218
24 214
30 208
35 202
40 196
46 190
52 187
58 186
64 186
70 188
76 190
82 194
88 199
94 204
100 209
106 213
112 217
118 219
124 220
130 220
136 219
142 218
148 216
154 214
160 212
166 211
172 209
178 207
184 205
190 201
196 196
202 190
208 184
214 181
220 179
226 179
232 181
238 186
242 192
245 198
249 204
253 210
259 215
265 218
271 218
277 217
283 214
289 209
295 204
301 201
307 199
313 199
319 201
325 205
331 210
337 213
343 216
349 216
355 215
361 212
367 207
373 201
379 195
385 191
391 190
397 190
403 191
409 195
415 199
421 205
427 210
433 213
439 215
445 216
451 215
457 214
463 211
469 208
475 205
481 202
487 200
493 199
499 199
505 200
511 202
517 205
523 207
529 209
535 211
541 212
547 212
553 212
559 212
565 212
571 211
577 211
583 210
589 210
595 209
601 208
607 206
613 204
619 202
625 199
631 196
637 192
643 189
649 187
655 186
661 186
667 187
673 189
679 193
685 199
691 205
697 209
703 212
709 214
715 214
721 214
727 213
733 211
739 209
745 208
751 207
757 208
763 209
769 211
775 213
781 215
787 216
793 216
799 215
805 213
811 209
817 204
822 198
827 192
833 187
839 183
845 181
851 181
857 182
863 185
869 190
873 196
876 202
879 208
883 214
889 220
895 224
901 226
907 226
913 225
919 224
925 220
931 216
937 212
943 208
949 204
955 202
961 200
967 199
973 198
979 197
985 197
991 197
997 197
1003 198
1009 198
1015 200
1021 202
1027 204
1033 207
1039 209
1045 210
1051 211
1057 210
1063 209
1069 208
1075 205
1081 203
1087 201
1093 199
1099 198
1105 196
1111 195
1117 194
1123 194
1129 194
1135 195
1141 197
1147 199
1153 201
1159 203
1165 206
1171 209
1177 211
1183 214
1189 217
