0 258
6 258
12 258
18 255
24 251
30 245
33 239
35 233
37 227
37 221
36 215
35 209
34 203
33 197
33 191
35 185
37 179
42 173
48 168
54 166
60 165
66 165
72 167
78 171
84 177
87 183
89 189
91 195
91 201
91 207
92 213
92 219
93 225
95 231
98 237
102 243
108 249
114 253
120 255
126 256
132 256
138 255
144 253
150 250
156 246
162 241
168 236
174 230
179 224
184 218
188 212
190 206
192 200
194 194
194 188
195 182
195 176
196 170
199 164
204 158
210 154
216 152
222 151
228 152
234 154
240 158
245 164
247 170
249 176
248 182
246 188
244 194
242 200
240 206
240 212
240 218
241 224
243 230
247 236
252 242
258 245
264 246
270 246
276 243
281 237
285 231
287 225
289 219
293 213
298 207
304 204
310 203
316 205
322 210
325 216
327 222
329 228
332 234
337 240
343 243
349 244
355 244
361 240
367 234
370 228
372 222
373 216
373 210
373 204
373 198
374 192
376 186
380 180
386 175
392 173
398 173
404 175
410 180
414 186
416 192
417 198
417 204
417 210
418 216
419 222
421 228
424 234
429 240
435 244
441 245
447 245
453 244
459 240
464 234
468 228
470 222
473 216
475 210
479 204
485 199
491 196
497 195
503 197
509 201
514 207
518 213
521 219
526 225
532 231
538 234
544 237
550 238
556 238
562 238
568 238
574 237
580 235
586 234
592 232
598 229
604 225
610 221
616 215
620 209
623 203
626 197
628 191
630 185
633 179
637 173
643 167
649 164
655 162
661 162
667 163
673 166
679 170
683 176
686 182
686 188
686 194
686 200
685 206
685 212
686 218
687 224
690 230
696 236
702 240
708 241
714 241
720 240
726 236
732 233
738 228
744 225
750 224
756 224
762 227
768 231
774 236
780 240
786 242
792 244
798 243
804 241
810 237
816 231
820 225
822 219
824 213
825 207
825 201
825 195
824 189
823 183
823 177
825 171
829 165
835 159
841 156
847 155
853 155
859 156
865 158
871 163
876 169
879 175
880 181
881 187
881 193
879 199
877 205
874 211
873 217
872 223
872 229
872 235
873 241
876 247
879 253
884 259
890 263
896 266
902 268
908 268
914 267
920 265
926 260
932 254
935 248
937 242
938 236
939 230
940 224
943 218
946 212
950 206
956 200
962 196
968 193
974 191
980 190
986 189
992 190
998 191
1004 193
1010 196
1016 202
1021 208
1024 214
1028 220
1033 226
1039 231
1045 234
1051 235
1057 235
1063 233
1069 230
1075 224
1080 218
1084 212
1088 206
1093 200
1098 194
1104 189
1110 186
1116 183
1122 182
1128 182
1134 184
1140 187
1146 191
1152 197
1156 203
1160 209
1163 215
1166 221
1169 227
1172 233
1175 239
1180 245
1185 251
1191 255
