0 219
6 219
12 219
18 218
24 217
30 215
36 213
42 211
48 210
54 209
60 209
66 209
72 210
78 211
84 212
90 214
96 215
102 216
108 217
114 218
120 219
126 219
132 219
138 218
144 218
150 217
156 216
162 216
168 215
174 215
180 215
186 214
192 213
198 212
204 210
210 208
216 207
222 206
228 207
234 208
240 210
246 212
252 215
258 217
264 218
270 218
276 218
282 217
288 216
294 214
300 213
306 212
312 212
318 213
324 214
330 215
336 217
342 218
348 218
354 218
360 217
366 215
372 214
378 212
384 211
390 210
396 210
402 211
408 212
414 213
420 214
426 215
432 217
438 217
444 218
450 217
456 217
462 216
468 216
474 215
480 214
486 213
492 213
498 213
504 213
510 214
516 215
522 215
528 216
534 216
540 216
546 216
552 216
558 216
564 216
570 216
576 216
582 216
588 216
594 215
600 215
606 214
612 214
618 213
624 213
630 212
636 211
642 210
648 209
654 209
660 209
666 209
672 210
678 211
684 212
690 214
696 215
702 216
708 217
714 217
720 217
726 217
732 216
738 216
744 215
750 215
756 215
762 216
768 216
774 217
780 217
786 218
792 217
798 217
804 217
810 216
816 214
822 213
828 211
834 209
840 208
846 207
852 207
858 208
864 209
870 212
876 214
882 216
888 218
894 220
900 221
906 221
912 221
918 220
924 219
930 218
936 217
942 215
948 215
954 214
960 213
966 213
972 213
978 213
984 212
990 212
996 212
1002 212
1008 212
1014 213
1020 213
1026 214
1032 214
1038 215
1044 216
1050 216
1056 216
1062 215
1068 215
1074 214
1080 214
1086 213
1092 213
1098 212
1104 212
1110 212
1116 211
1122 211
1128 211
1134 212
1140 212
1146 213
1152 213
1158 214
1164 215
1170 215
1176 216
1182 216
1188 217
