0 249
6 250
12 249
18 246
24 242
30 236
33 230
35 224
35 218
35 212
35 206
34 200
34 194
35 188
38 182
42 176
48 171
54 168
60 167
66 168
72 170
78 174
84 180
87 186
89 192
90 198
91 204
92 210
93 216
95 222
98 228
101 234
107 240
113 244
119 246
125 248
131 248
137 247
143 245
149 242
155 238
161 234
167 229
173 224
179 219
184 213
188 207
191 201
193 195
195 189
196 183
196 177
198 171
202 165
208 159
214 156
220 155
226 155
232 157
238 161
244 167
246 173
247 179
247 185
245 191
243 197
242 203
242 209
242 215
244 221
246 227
251 233
257 238
263 240
269 240
275 237
281 232
285 226
288 220
291 214
295 208
301 203
307 200
313 201
319 204
324 210
326 216
329 222
333 228
338 234
344 237
350 237
356 236
362 233
367 227
370 221
371 215
372 209
373 203
373 197
375 191
378 185
383 179
389 176
395 175
401 176
407 179
412 185
415 191
416 197
417 203
418 209
419 215
421 221
424 227
430 233
436 236
442 238
448 238
454 236
460 232
466 226
469 220
472 214
475 208
480 202
486 197
492 195
498 195
504 197
510 201
515 207
520 213
525 219
531 224
537 228
543 230
549 231
555 231
561 231
567 231
573 230
579 229
585 227
591 225
597 223
603 220
609 216
615 211
620 205
624 199
627 193
630 187
633 181
638 175
644 170
650 167
656 166
662 166
668 167
674 170
680 176
683 182
685 188
686 194
686 200
686 206
687 212
688 218
692 224
698 230
704 233
710 235
716 234
722 233
728 229
734 225
740 222
746 220
752 219
758 220
764 223
770 227
776 231
782 235
788 236
794 237
800 236
806 233
812 229
817 223
820 217
822 211
823 205
824 199
824 193
824 187
824 181
826 175
829 169
834 163
840 160
846 158
852 158
858 159
864 162
870 166
875 172
877 178
879 184
879 190
878 196
877 202
875 208
874 214
873 220
873 226
875 232
877 238
880 244
885 250
891 254
897 257
903 258
909 258
915 257
921 254
927 250
932 244
935 238
937 232
939 226
941 220
944 214
947 208
953 202
959 197
965 194
971 192
977 191
983 190
989 190
995 190
1001 191
1007 194
1013 197
1019 203
1024 209
1029 215
1034 221
1040 225
1046 228
1052 229
1058 228
1064 226
1070 222
1076 217
1081 211
1087 205
1092 199
1098 194
1104 190
1110 187
1116 184
1122 183
1128 184
1134 185
1140 188
1146 192
1152 198
1157 204
1161 210
1166 216
1170 222
1173 228
1178 234
1183 240
1189 245
