0 222
6 222
12 222
18 222
24 222
30 222
36 221
42 221
48 221
54 221
60 221
66 221
72 221
78 221
84 221
90 221
96 221
102 222
108 222
114 222
120 222
126 222
132 222
138 222
144 222
150 222
156 222
162 222
168 222
174 222
180 221
186 221
192 221
198 221
204 221
210 221
216 220
222 220
228 220
234 221
240 221
246 221
252 221
258 222
264 222
270 222
276 222
282 222
288 222
294 221
300 221
306 221
312 221
318 221
324 221
330 222
336 222
342 222
348 222
354 222
360 222
366 222
372 221
378 221
384 221
390 221
396 221
402 221
408 221
414 221
420 222
426 222
432 222
438 222
444 222
450 222
456 222
462 222
468 222
474 222
480 222
486 221
492 221
498 221
504 221
510 222
516 222
522 222
528 222
534 222
540 222
546 222
552 222
558 222
564 222
570 222
576 222
582 222
588 222
594 222
600 221
606 221
612 221
618 221
624 221
630 221
636 221
642 221
648 221
654 221
660 221
666 221
672 221
678 221
684 221
690 221
696 222
702 222
708 222
714 222
720 222
726 222
732 222
738 222
744 222
750 222
756 222
762 222
768 222
774 222
780 222
786 222
792 222
798 222
804 222
810 222
816 221
822 221
828 221
834 221
840 221
846 221
852 221
858 221
864 221
870 221
876 221
882 222
888 222
894 222
900 222
906 222
912 222
918 222
924 222
930 222
936 222
942 222
948 222
954 221
960 221
966 221
972 221
978 221
984 221
990 221
996 221
1002 221
1008 221
1014 221
1020 221
1026 221
1032 221
1038 222
1044 222
1050 222
1056 222
1062 222
1068 222
1074 221
1080 221
1086 221
1092 221
1098 221
1104 221
1110 221
1116 221
1122 221
1128 221
1134 221
1140 221
1146 221
1152 221
1158 222
1164 221
1170 222
1176 222
1182 222
1188 222
