0 193
6 192
12 192
18 192
24 193
30 194
36 195
42 196
48 197
54 199
60 201
66 203
72 205
78 207
84 208
90 210
96 211
102 212
108 212
114 211
120 210
126 208
132 206
138 203
144 200
150 198
156 196
162 194
168 193
174 193
180 193
186 193
192 194
198 194
204 195
210 196
216 197
222 198
228 198
234 199
240 199
246 200
252 201
258 201
264 202
270 203
276 204
282 204
288 205
294 205
300 205
306 205
312 204
318 204
324 203
330 203
336 202
342 202
348 202
354 202
360 202
366 202
372 203
378 203
384 203
390 204
396 205
402 206
408 207
414 208
420 209
426 211
432 212
438 213
444 213
450 213
456 213
462 212
468 210
474 207
480 204
486 199
492 195
498 191
504 187
510 185
516 183
522 182
528 182
534 183
540 184
546 186
552 189
558 192
564 195
570 199
576 202
582 206
588 209
594 212
600 214
606 215
612 216
618 216
624 216
630 214
636 212
642 209
648 206
654 201
660 197
666 193
672 191
678 189
684 187
690 187
696 188
702 189
708 191
714 194
720 197
726 201
732 204
738 206
744 208
750 210
756 211
762 211
768 211
774 211
780 210
786 209
792 209
798 208
804 207
810 207
816 207
822 206
828 206
834 206
840 206
846 206
852 205
858 205
864 205
870 204
876 203
882 203
888 202
894 201
900 201
906 200
912 200
918 200
924 199
930 199
936 199
942 198
948 198
954 197
960 196
966 195
972 194
978 193
984 192
990 191
996 190
1002 190
1008 190
1014 190
1020 191
1026 192
1032 194
1038 195
1044 197
1050 200
1056 202
1062 204
1068 206
1074 208
1080 210
1086 212
1092 214
1098 215
1104 216
1110 217
1116 217
1122 217
1128 217
1134 216
1140 215
1146 213
1152 211
1158 208
1164 205
1170 202
1176 199
1182 197
1188 195
