0 126
6 125
12 125
18 126
24 127
30 129
36 132
42 136
48 141
53 147
58 153
61 159
64 165
66 171
68 177
69 183
70 189
70 195
70 201
69 207
67 213
61 217
55 217
49 219
45 225
44 231
44 237
45 243
47 249
49 255
51 261
55 267
59 273
64 279
70 285
76 289
82 293
88 296
94 297
100 299
106 299
112 299
118 298
124 296
130 294
136 290
142 286
147 280
151 274
154 268
156 262
157 256
158 250
157 244
156 238
154 232
150 226
144 223
138 224
132 225
126 224
121 218
118 212
117 206
117 200
118 194
118 188
120 182
122 176
124 170
127 164
130 158
134 152
139 146
145 141
151 136
157 133
163 131
169 129
175 128
181 128
187 128
193 129
199 131
205 134
211 137
217 142
223 148
227 154
229 160
231 166
232 172
233 178
232 184
232 190
232 196
232 202
233 208
235 214
237 220
240 226
244 232
249 238
255 244
261 248
267 251
273 254
279 255
285 255
291 255
297 254
303 252
309 249
315 244
320 238
324 232
327 226
330 220
333 214
337 208
342 202
348 197
354 194
360 192
366 191
372 191
378 191
384 192
390 194
396 197
402 200
408 204
414 209
420 215
425 221
428 227
431 233
431 239
430 245
427 251
421 256
416 262
414 268
414 274
416 280
419 286
424 292
430 296
436 299
442 301
448 302
454 302
460 301
466 300
472 297
478 294
484 290
490 285
495 279
499 273
503 267
506 261
508 255
511 249
513 243
515 237
516 231
518 225
519 219
520 213
521 207
521 201
522 195
521 189
520 183
517 177
511 171
505 170
499 173
495 179
493 185
488 191
482 193
476 190
470 185
466 179
463 173
460 167
459 161
458 155
458 149
459 143
460 137
462 131
464 125
467 119
472 113
477 107
483 102
489 98
495 95
501 93
507 91
513 90
519 89
525 89
531 90
537 91
543 93
549 95
555 98
561 102
567 107
573 113
577 119
580 125
583 131
585 137
587 143
588 149
590 155
590 161
591 167
591 173
591 179
591 185
590 191
589 197
588 203
585 209
579 212
574 206
571 200
568 194
562 189
556 195
555 201
554 207
554 213
553 219
553 225
554 231
554 237
555 243
555 249
557 255
558 261
560 267
562 273
564 279
568 285
572 291
577 297
583 302
589 305
595 308
601 309
607 310
613 311
619 310
625 309
631 307
637 304
643 300
649 294
653 288
657 282
659 276
661 270
662 264
663 258
663 252
663 246
663 240
663 234
662 228
660 222
658 216
653 210
647 211
642 217
638 223
632 227
626 226
622 220
621 214
621 208
622 202
623 196
624 190
626 184
628 178
630 172
632 166
635 160
639 154
642 148
646 142
651 136
657 130
663 125
669 121
675 117
681 115
687 114
693 113
699 113
705 113
711 115
717 117
723 120
729 124
735 129
740 135
744 141
746 147
748 153
749 159
750 165
749 171
748 177
746 183
741 189
735 194
729 195
723 192
717 187
711 184
705 184
699 189
696 195
695 201
695 207
695 213
697 219
698 225
700 231
703 237
705 243
708 249
711 255
715 261
719 267
724 273
730 279
736 283
742 286
748 289
754 290
760 291
766 290
772 289
778 287
784 283
790 277
793 271
796 265
800 259
805 253
811 249
817 246
823 244
829 242
835 241
841 240
847 239
853 237
859 235
865 233
871 230
877 226
883 222
889 217
895 214
901 211
907 208
913 207
919 205
925 203
931 201
937 199
943 197
949 194
955 189
961 183
965 177
966 171
966 165
964 159
962 153
961 147
962 141
964 135
969 129
975 123
981 119
987 116
993 114
999 112
1005 111
1011 111
1017 111
1023 112
1029 114
1035 116
1041 119
1047 122
1053 126
1059 132
1064 138
1069 144
1073 150
1076 156
1079 162
1081 168
1083 174
1085 180
1086 186
1087 192
1088 198
1088 204
1088 210
1087 216
1086 222
1084 228
1080 234
1074 237
1068 235
1062 232
1056 231
1050 236
1046 242
1044 248
1043 254
1042 260
1042 266
1043 272
1044 278
1046 284
1049 290
1052 296
1057 302
1062 308
1068 313
1074 317
1080 320
1086 323
1092 325
1098 326
1104 327
1110 328
1116 328
1122 327
1128 326
1134 325
1140 323
1146 320
1152 317
1158 313
1164 308
1169 302
1173 296
1177 290
1179 284
1181 278
1183 272
1183 266
1184 260
1183 254
1183 248
1181 242
1178 236
1172 230
1166 231
1160 235
1154 240
1148 240
1142 234
1139 228
1138 222
1138 216
1138 210
1138 204
1139 198
1140 192
1142 186
1144 180
1146 174
1149 168
1152 162
1156 156
1160 150
1166 144
1172 139
1178 134
1184 131
1190 128
