0 87
6 86
12 85
18 86
24 87
30 89
36 92
42 95
48 100
53 106
58 112
61 118
63 124
65 130
67 136
68 142
69 148
70 154
70 160
70 166
71 172
71 178
70 184
70 190
70 196
69 202
69 208
68 214
68 220
67 226
67 232
66 238
62 244
56 242
52 236
49 230
47 224
44 218
42 212
40 206
38 200
36 194
33 188
27 184
21 186
17 192
16 198
16 204
17 210
18 216
19 222
21 228
23 234
25 240
27 246
30 252
33 258
36 264
39 270
43 276
47 282
51 288
56 294
62 300
68 306
74 311
80 315
86 318
92 321
98 323
104 324
110 325
116 325
122 325
128 323
134 322
140 319
146 315
152 310
157 304
161 298
164 292
166 286
167 280
168 274
168 268
168 262
168 256
167 250
166 244
164 238
162 232
160 226
158 220
155 214
151 208
145 203
139 202
133 208
131 214
130 220
128 226
126 232
125 238
123 244
121 250
117 256
111 259
105 258
99 254
96 248
95 242
94 236
94 230
95 224
95 218
96 212
97 206
98 200
99 194
100 188
102 182
103 176
105 170
107 164
109 158
111 152
113 146
116 140
118 134
121 128
124 122
128 116
132 110
137 104
143 98
149 93
155 89
161 86
167 84
173 82
179 81
185 80
191 80
197 80
203 81
209 83
215 85
221 88
227 92
233 97
239 103
243 109
247 115
249 121
251 127
252 133
252 139
252 145
251 151
249 157
246 163
241 169
235 172
229 172
223 168
218 162
212 160
206 161
200 166
197 172
196 178
196 184
196 190
198 196
200 202
202 208
206 214
209 220
213 226
217 232
221 238
226 244
231 250
237 256
243 261
249 265
255 269
261 271
267 273
273 275
279 276
285 276
291 275
297 274
303 272
309 270
315 266
321 262
327 256
332 250
335 244
337 238
338 232
335 226
330 220
326 214
326 208
327 202
331 196
336 190
342 184
348 181
354 178
360 176
366 175
372 174
378 174
384 174
390 175
396 176
402 177
408 179
414 181
420 183
426 186
432 188
438 191
444 194
450 197
456 200
462 204
468 208
474 214
479 220
482 226
483 232
482 238
480 244
477 250
473 256
467 261
461 264
455 266
449 265
443 263
437 258
431 254
425 252
419 252
413 255
407 260
403 266
400 272
399 278
398 284
398 290
399 296
401 302
405 308
409 314
415 319
421 323
427 325
433 327
439 328
445 328
451 327
457 326
463 324
469 321
475 317
481 312
487 306
492 300
496 294
500 288
504 282
507 276
511 270
515 264
518 258
521 252
525 246
528 240
530 234
533 228
535 222
537 216
539 210
540 204
541 198
541 192
541 186
541 180
541 174
541 168
540 162
539 156
538 150
537 144
536 138
535 132
533 126
532 120
531 114
529 108
527 102
521 97
515 96
509 98
504 104
502 110
502 116
502 122
503 128
503 134
503 140
504 146
505 152
506 158
507 164
507 170
501 176
495 175
489 173
483 170
477 166
471 162
465 157
459 152
454 146
449 140
446 134
443 128
441 122
440 116
439 110
439 104
439 98
441 92
443 86
445 80
449 74
454 68
460 62
466 57
472 53
478 50
484 48
490 46
496 44
502 43
508 42
514 42
520 42
526 42
532 43
538 44
544 45
550 47
556 49
562 52
568 56
574 61
579 67
583 73
586 79
589 85
590 91
591 97
591 103
591 109
590 115
589 121
588 127
587 133
585 139
584 145
583 151
581 157
581 163
580 169
580 175
580 181
581 187
581 193
582 199
582 205
583 211
584 217
585 223
586 229
580 235
583 241
587 235
587 241
581 245
578 239
572 233
578 227
577 221
576 215
575 209
574 203
573 197
572 191
571 185
570 179
569 173
568 167
567 161
566 155
565 149
564 143
563 137
562 131
560 125
558 119
552 125
553 131
554 137
555 143
556 149
557 155
558 161
559 167
560 173
561 179
562 185
562 191
563 197
563 203
563 209
563 215
563 221
563 227
562 233
562 239
561 245
560 251
559 257
559 263
558 269
558 275
558 281
558 287
559 293
560 299
562 305
564 311
567 317
572 323
578 328
584 332
590 335
596 337
602 339
608 339
614 339
620 339
626 337
632 335
638 332
644 328
650 322
654 316
657 310
659 304
661 298
662 292
662 286
662 280
661 274
660 268
660 262
658 256
657 250
656 244
654 238
652 232
651 226
649 220
648 214
646 208
645 202
644 196
643 190
642 184
641 178
641 172
635 170
632 176
631 182
629 188
629 194
628 200
627 206
626 212
625 218
624 224
623 230
623 236
622 242
621 248
620 254
618 260
612 263
607 257
606 251
606 245
606 239
606 233
606 227
606 221
606 215
606 209
607 203
607 197
607 191
608 185
609 179
611 173
612 167
615 161
617 155
620 149
623 143
627 137
632 131
636 125
642 119
647 113
653 107
659 101
665 95
671 90
677 86
683 82
689 79
695 77
701 76
707 75
713 75
719 75
725 77
731 78
737 81
743 85
749 90
755 96
759 102
763 108
765 114
767 120
768 126
769 132
769 138
769 144
768 150
767 156
765 162
762 168
758 174
753 180
747 186
741 189
735 191
729 192
723 190
717 185
714 179
713 173
713 167
712 161
711 155
710 149
709 143
706 137
700 133
694 132
688 132
682 134
676 137
671 143
667 149
666 155
665 161
665 167
665 173
666 179
667 185
668 191
670 197
671 203
673 209
675 215
678 221
680 227
683 233
686 239
689 245
692 251
695 257
698 263
701 269
705 275
708 281
712 287
716 293
721 299
727 305
733 310
739 314
745 318
751 320
757 322
763 323
769 324
775 323
781 322
787 320
793 317
799 312
803 306
804 300
803 294
797 288
791 285
785 279
784 273
786 267
792 261
798 257
804 255
810 253
816 252
822 250
828 249
834 248
840 247
846 246
852 245
858 243
864 240
870 237
876 233
882 227
887 221
891 215
897 209
903 204
909 200
915 197
921 194
927 191
933 189
939 186
945 184
951 181
957 178
963 175
969 171
975 166
981 160
986 154
989 148
991 142
991 136
990 130
987 124
981 120
975 119
969 121
963 126
957 132
951 135
945 135
939 131
935 125
933 119
933 113
933 107
935 101
937 95
940 89
944 83
950 77
956 72
962 68
968 65
974 63
980 61
986 59
992 58
998 58
1004 58
1010 58
1016 59
1022 60
1028 61
1034 63
1040 66
1046 69
1052 72
1058 77
1064 82
1069 88
1074 94
1078 100
1081 106
1084 112
1086 118
1088 124
1090 130
1091 136
1092 142
1094 148
1095 154
1096 160
1097 166
1098 172
1099 178
1099 184
1100 190
1101 196
1101 202
1102 208
1102 214
1102 220
1102 226
1102 232
1102 238
1101 244
1101 250
1100 256
1100 262
1099 268
1098 274
1096 280
1094 286
1088 292
1082 292
1076 289
1072 283
1070 277
1069 271
1069 265
1068 259
1068 253
1068 247
1068 241
1068 235
1067 229
1064 223
1058 221
1052 223
1046 227
1040 232
1036 238
1032 244
1029 250
1026 256
1024 262
1023 268
1022 274
1021 280
1021 286
1021 292
1022 298
1023 304
1024 310
1026 316
1029 322
1033 328
1037 334
1042 340
1048 345
1054 349
1060 353
1066 355
1072 358
1078 359
1084 361
1090 362
1096 362
1102 363
1108 363
1114 363
1120 362
1126 362
1132 360
1138 359
1144 357
1150 354
1156 351
1162 348
1168 343
1174 337
1178 331
1182 325
1185 319
1187 313
1188 307
1189 301
1190 295
1190 289
1190 283
1190 277
1189 271
1189 265
1188 259
1187 253
1186 247
1185 241
1184 235
1182 229
1181 223
1179 217
1177 211
1171 206
1165 209
1162 215
1161 221
1160 227
1159 233
1158 239
1156 245
1154 251
1152 257
1150 263
1148 269
1147 275
1145 281
1143 287
1137 293
1131 295
1125 290
1123 284
1123 278
1123 272
1124 266
1125 260
1126 254
1126 248
1127 242
1128 236
1128 230
1129 224
1130 218
1130 212
1131 206
1132 200
1133 194
1134 188
1135 182
1136 176
1138 170
1139 164
1141 158
1143 152
1145 146
1147 140
1150 134
1152 128
1155 122
1159 116
1163 110
1169 104
1175 98
1181 94
1187 91
1193 88
