0 209
6 209
12 209
18 209
24 210
30 210
36 210
42 211
48 212
54 212
60 213
66 214
72 215
78 216
84 217
90 218
96 218
102 219
108 219
114 219
120 218
126 217
132 216
138 214
144 213
150 212
156 211
162 210
168 209
174 209
180 209
186 209
192 210
198 210
204 210
210 211
216 211
222 212
228 212
234 212
240 212
246 213
252 213
258 213
264 214
270 214
276 215
282 215
288 215
294 215
300 216
306 215
312 215
318 215
324 215
330 215
336 214
342 214
348 214
354 214
360 214
366 214
372 215
378 215
384 215
390 215
396 216
402 216
408 217
414 217
420 218
426 218
432 219
438 219
444 220
450 220
456 220
462 219
468 218
474 216
480 215
486 212
492 210
498 208
504 206
510 205
516 204
522 203
528 203
534 204
540 205
546 206
552 207
558 209
564 210
570 212
576 214
582 215
588 217
594 218
600 219
606 220
612 221
618 221
624 221
630 220
636 219
642 218
648 216
654 214
660 212
666 210
672 208
678 207
684 206
690 206
696 207
702 207
708 209
714 210
720 212
726 214
732 215
738 216
744 217
750 218
756 219
762 219
768 219
774 219
780 218
786 218
792 218
798 217
804 217
810 217
816 217
822 216
828 216
834 216
840 216
846 216
852 216
858 216
864 216
870 215
876 215
882 214
888 214
894 213
900 213
906 213
912 213
918 212
924 212
930 212
936 212
942 212
948 212
954 211
960 211
966 210
972 209
978 209
984 208
990 208
996 207
1002 207
1008 207
1014 208
1020 208
1026 209
1032 210
1038 211
1044 212
1050 213
1056 214
1062 215
1068 216
1074 217
1080 218
1086 219
1092 220
1098 221
1104 222
1110 222
1116 222
1122 222
1128 222
1134 222
1140 221
1146 220
1152 219
1158 217
1164 216
1170 214
1176 213
1182 212
1188 211
