0 82
4 81
8 80
12 80
16 80
20 80
24 81
28 82
32 84
36 85
40 88
44 90
48 94
52 98
55 102
58 106
60 110
62 114
64 118
65 122
66 126
67 130
68 134
68 138
69 142
69 146
69 150
69 154
69 158
69 162
69 166
69 170
69 174
69 178
68 182
68 186
68 190
67 194
67 198
66 202
66 206
66 210
65 214
65 218
64 222
64 226
64 230
63 234
63 238
63 242
63 246
62 250
62 254
62 258
59 262
55 261
52 257
49 253
48 249
46 245
45 241
43 237
42 233
41 229
39 225
38 221
36 217
35 213
34 209
33 205
32 201
31 197
30 193
29 189
28 185
26 181
22 178
18 178
14 180
11 184
9 188
8 192
8 196
8 200
9 204
9 208
10 212
11 216
12 220
13 224
14 228
16 232
17 236
18 240
20 244
21 248
23 252
24 256
26 260
28 264
29 268
31 272
33 276
36 280
38 284
40 288
43 292
46 296
49 300
53 304
56 308
60 312
64 316
68 319
72 323
76 326
80 328
84 331
88 333
92 335
96 336
100 338
104 339
108 339
112 340
116 340
120 340
124 339
128 339
132 338
136 337
140 335
144 333
148 331
152 327
156 324
159 320
162 316
164 312
166 308
167 304
168 300
169 296
169 292
170 288
170 284
170 280
169 276
169 272
168 268
167 264
166 260
165 256
164 252
163 248
162 244
160 240
159 236
157 232
156 228
154 224
152 220
151 216
148 212
146 208
143 204
139 201
135 200
131 203
129 207
127 211
127 215
126 219
125 223
125 227
124 231
123 235
122 239
121 243
120 247
119 251
119 255
118 259
118 263
117 267
116 271
114 275
110 278
106 280
102 280
98 278
94 275
92 271
90 267
89 263
89 259
88 255
88 251
89 247
89 243
89 239
89 235
90 231
90 227
91 223
91 219
92 215
93 211
94 207
94 203
95 199
96 195
97 191
98 187
99 183
100 179
102 175
103 171
104 167
106 163
107 159
109 155
110 151
112 147
113 143
115 139
117 135
119 131
121 127
123 123
125 119
127 115
130 111
132 107
135 103
138 99
142 95
146 91
150 88
154 85
158 82
162 80
166 78
170 77
174 75
178 74
182 73
186 73
190 72
194 72
198 73
202 73
206 74
210 74
214 76
218 77
222 79
226 81
230 83
234 86
238 90
242 94
245 98
248 102
251 106
253 110
254 114
256 118
257 122
258 126
258 130
258 134
259 138
258 142
258 146
257 150
256 154
255 158
253 162
251 166
248 170
245 174
241 177
237 179
233 180
229 180
225 178
221 174
219 170
218 166
217 162
215 158
212 154
208 152
204 151
200 152
196 154
192 156
188 160
185 164
184 168
182 172
182 176
182 180
182 184
183 188
184 192
185 196
186 200
188 204
190 208
192 212
194 216
197 220
199 224
202 228
205 232
207 236
210 240
213 244
216 248
220 252
223 256
226 260
230 264
234 268
238 271
242 275
246 277
250 280
254 282
258 284
262 286
266 287
270 288
274 289
278 290
282 290
286 290
290 289
294 289
298 288
302 287
306 285
310 283
314 281
318 279
322 276
326 273
330 269
334 265
337 261
340 257
342 253
344 249
345 245
345 241
345 237
343 233
339 231
335 230
331 229
327 229
323 226
321 222
320 218
320 214
322 210
324 206
326 202
329 198
333 194
337 191
341 188
345 186
349 184
353 182
357 181
361 180
365 179
369 178
373 178
377 177
381 177
385 177
389 178
393 178
397 179
401 180
405 180
409 181
413 182
417 183
421 185
425 186
429 187
433 189
437 190
441 192
445 193
449 195
453 196
457 198
461 200
465 202
469 204
473 206
477 208
481 211
485 213
489 217
493 221
495 225
497 229
497 233
498 237
497 241
496 245
494 249
492 253
490 257
487 261
483 265
479 268
475 271
471 274
467 276
463 277
459 278
455 277
451 276
447 273
444 269
441 265
438 261
434 258
430 255
426 254
422 254
418 255
414 257
410 259
406 263
402 267
400 271
398 275
396 279
395 283
394 287
394 291
393 295
393 299
394 303
394 307
395 311
397 315
399 319
401 323
404 327
408 330
412 333
416 336
420 338
424 339
428 340
432 341
436 341
440 341
444 340
448 340
452 339
456 338
460 336
464 334
468 331
472 328
476 324
480 320
483 316
486 312
489 308
491 304
494 300
497 296
500 292
503 288
506 284
509 280
512 276
516 272
519 268
522 264
525 260
528 256
531 252
534 248
536 244
538 240
540 236
542 232
543 228
545 224
546 220
547 216
547 212
548 208
548 204
548 200
548 196
548 192
548 188
548 184
547 180
547 176
546 172
545 168
544 164
543 160
542 156
542 152
541 148
540 144
538 140
537 136
536 132
535 128
534 124
533 120
532 116
531 112
530 108
529 104
527 100
526 96
525 92
523 88
521 84
517 80
513 79
509 80
505 82
501 86
499 90
498 94
497 98
498 102
499 106
499 110
500 114
500 118
500 122
500 126
500 130
501 134
502 138
503 142
504 146
506 150
508 154
509 158
510 162
511 166
511 170
508 174
504 175
500 174
496 173
492 171
488 169
484 167
480 165
476 163
472 161
468 158
464 155
460 152
456 149
452 145
448 141
445 137
442 133
439 129
437 125
436 121
434 117
433 113
433 109
432 105
432 101
432 97
433 93
433 89
434 85
435 81
437 77
439 73
441 69
444 65
447 61
451 57
455 53
459 50
463 48
467 46
471 44
475 42
479 40
483 39
487 38
491 37
495 36
499 35
503 35
507 34
511 34
515 33
519 33
523 33
527 34
531 34
535 34
539 35
543 36
547 37
551 38
555 39
559 41
563 43
567 45
571 48
575 51
579 55
582 59
585 63
587 67
589 71
590 75
591 79
592 83
592 87
593 91
592 95
592 99
591 103
590 107
589 111
588 115
586 119
585 123
583 127
582 131
580 135
579 139
577 143
576 147
575 151
575 155
575 159
575 163
575 167
575 171
576 175
577 179
577 183
578 187
579 191
580 195
580 199
581 203
582 207
583 211
584 215
584 219
585 223
586 227
586 231
587 235
587 239
588 243
588 247
589 251
590 255
591 259
591 263
587 265
585 261
584 257
583 253
583 249
582 245
582 241
581 237
581 233
580 229
580 225
579 221
578 217
578 213
577 209
576 205
575 201
574 197
573 193
572 189
571 185
570 181
569 177
569 173
568 169
567 165
566 161
565 157
565 153
564 149
563 145
563 141
562 137
561 133
561 129
560 125
560 121
559 117
558 113
557 109
557 105
555 101
554 97
552 93
549 89
545 86
541 90
542 94
544 98
546 102
547 106
548 110
549 114
550 118
551 122
551 126
552 130
553 134
554 138
555 142
556 146
556 150
557 154
558 158
559 162
560 166
561 170
562 174
563 178
564 182
565 186
566 190
567 194
567 198
568 202
569 206
569 210
570 214
570 218
570 222
570 226
570 230
570 234
570 238
570 242
569 246
568 250
567 254
566 258
565 262
564 266
562 270
561 274
560 278
559 282
558 286
557 290
556 294
556 298
556 302
556 306
556 310
556 314
557 318
558 322
560 326
562 330
565 334
568 338
572 342
576 345
580 348
584 350
588 351
592 353
596 354
600 354
604 355
608 355
612 355
616 355
620 354
624 353
628 352
632 351
636 349
640 347
644 344
648 341
652 337
655 333
657 329
659 325
660 321
661 317
662 313
662 309
662 305
662 301
662 297
662 293
661 289
660 285
660 281
659 277
658 273
657 269
656 265
655 261
654 257
652 253
651 249
650 245
649 241
648 237
647 233
645 229
644 225
643 221
642 217
642 213
641 209
640 205
639 201
638 197
638 193
637 189
637 185
637 181
637 177
637 173
637 169
637 165
634 161
630 165
628 169
627 173
626 177
625 181
625 185
625 189
624 193
624 197
624 201
624 205
623 209
623 213
623 217
623 221
623 225
622 229
622 233
622 237
622 241
621 245
621 249
621 253
620 257
620 261
620 265
620 269
619 273
618 277
617 281
613 285
609 284
607 280
606 276
606 272
607 268
607 264
607 260
608 256
608 252
608 248
608 244
608 240
607 236
607 232
607 228
607 224
606 220
606 216
606 212
606 208
606 204
605 200
605 196
606 192
606 188
606 184
607 180
607 176
608 172
609 168
610 164
611 160
613 156
615 152
617 148
619 144
622 140
624 136
628 132
631 128
635 124
639 120
643 116
647 113
651 110
655 107
659 103
663 100
667 96
671 93
675 89
679 86
683 83
687 80
691 78
695 76
699 74
703 73
707 72
711 71
715 71
719 71
723 71
727 72
731 72
735 74
739 75
743 77
747 80
751 82
755 86
759 90
762 94
764 98
767 102
769 106
770 110
772 114
773 118
774 122
774 126
775 130
775 134
775 138
775 142
774 146
774 150
773 154
772 158
771 162
769 166
767 170
765 174
763 178
760 182
756 186
752 190
748 193
744 195
740 197
736 198
732 199
728 199
724 198
720 196
717 192
715 188
714 184
714 180
714 176
714 172
714 168
714 164
713 160
713 156
713 152
713 148
713 144
713 140
712 136
710 132
706 128
702 126
698 125
694 125
690 125
686 126
682 127
678 129
674 131
670 135
666 139
664 143
663 147
662 151
661 155
661 159
660 163
660 167
660 171
660 175
660 179
661 183
661 187
662 191
663 195
663 199
664 203
665 207
666 211
668 215
669 219
670 223
672 227
674 231
675 235
677 239
679 243
681 247
683 251
685 255
687 259
689 263
691 267
693 271
696 275
698 279
700 283
702 287
705 291
707 295
710 299
712 303
715 307
718 311
722 315
725 319
729 322
733 326
737 329
741 331
745 333
749 335
753 337
757 338
761 339
765 340
769 340
773 340
777 340
781 340
785 339
789 338
793 337
797 335
801 332
805 329
809 325
811 321
813 317
813 313
812 309
810 305
806 302
802 301
798 300
794 300
790 299
786 299
782 297
778 293
777 289
777 285
778 281
781 277
785 273
789 271
793 269
797 267
801 266
805 264
809 263
813 262
817 262
821 261
825 260
829 260
833 259
837 258
841 258
845 257
849 256
853 255
857 254
861 252
865 250
869 248
873 246
877 243
881 239
885 235
887 231
890 227
892 223
894 219
897 215
901 211
905 208
909 205
913 202
917 200
921 198
925 196
929 194
933 192
937 191
941 189
945 187
949 185
953 183
957 181
961 178
965 176
969 173
973 171
977 168
981 164
985 160
989 156
992 152
994 148
996 144
997 140
998 136
998 132
998 128
997 124
995 120
992 116
988 113
984 111
980 110
976 110
972 111
968 114
964 118
961 122
959 126
956 130
952 134
948 137
944 138
940 138
936 137
932 135
929 131
926 127
925 123
924 119
923 115
923 111
923 107
924 103
924 99
925 95
927 91
928 87
931 83
933 79
936 75
939 71
943 68
947 64
951 61
955 59
959 57
963 55
967 54
971 52
975 51
979 50
983 50
987 49
991 49
995 48
999 48
1003 48
1007 49
1011 49
1015 50
1019 50
1023 51
1027 52
1031 53
1035 55
1039 56
1043 58
1047 60
1051 63
1055 65
1059 68
1063 72
1067 76
1071 80
1074 84
1076 88
1079 92
1081 96
1083 100
1084 104
1086 108
1087 112
1089 116
1090 120
1091 124
1092 128
1093 132
1093 136
1094 140
1095 144
1096 148
1096 152
1097 156
1098 160
1098 164
1099 168
1100 172
1100 176
1101 180
1101 184
1102 188
1102 192
1103 196
1103 200
1104 204
1104 208
1104 212
1104 216
1104 220
1105 224
1105 228
1104 232
1104 236
1104 240
1104 244
1104 248
1103 252
1103 256
1102 260
1102 264
1101 268
1101 272
1100 276
1100 280
1099 284
1098 288
1098 292
1097 296
1096 300
1096 304
1095 308
1093 312
1091 316
1087 320
1083 320
1079 319
1075 317
1072 313
1070 309
1069 305
1069 301
1068 297
1069 293
1069 289
1069 285
1068 281
1068 277
1068 273
1067 269
1067 265
1068 261
1068 257
1069 253
1069 249
1070 245
1070 241
1070 237
1069 233
1066 229
1062 227
1058 227
1054 228
1050 230
1046 233
1042 237
1038 241
1035 245
1032 249
1029 253
1027 257
1025 261
1023 265
1021 269
1020 273
1019 277
1018 281
1017 285
1016 289
1015 293
1015 297
1015 301
1014 305
1015 309
1015 313
1015 317
1016 321
1017 325
1018 329
1019 333
1021 337
1023 341
1026 345
1029 349
1033 353
1037 357
1041 360
1045 362
1049 364
1053 366
1057 368
1061 369
1065 370
1069 371
1073 372
1077 373
1081 374
1085 374
1089 375
1093 375
1097 375
1101 375
1105 375
1109 375
1113 375
1117 375
1121 374
1125 374
1129 373
1133 373
1137 372
1141 371
1145 370
1149 368
1153 367
1157 365
1161 363
1165 361
1169 358
1173 354
1177 350
1180 346
1183 342
1185 338
1187 334
1188 330
1189 326
1190 322
1190 318
1190 314
1191 310
1190 306
1190 302
1190 298
1190 294
1189 290
1188 286
1188 282
1187 278
1186 274
1185 270
1185 266
1184 262
1183 258
1182 254
1182 250
1181 246
1180 242
1179 238
1179 234
1178 230
1177 226
1177 222
1176 218
1175 214
1174 210
1172 206
1168 204
1164 207
1162 211
1161 215
1160 219
1160 223
1159 227
1159 231
1159 235
1158 239
1158 243
1157 247
1156 251
1155 255
1154 259
1153 263
1151 267
1150 271
1148 275
1147 279
1145 283
1144 287
1143 291
1142 295
1141 299
1140 303
1139 307
1138 311
1137 315
1134 319
1130 322
1126 324
1122 323
1118 319
1117 315
1117 311
1118 307
1118 303
1119 299
1120 295
1121 291
1122 287
1122 283
1123 279
1124 275
1125 271
1126 267
1126 263
1127 259
1127 255
1128 251
1129 247
1129 243
1129 239
1130 235
1130 231
1131 227
1131 223
1132 219
1132 215
1132 211
1133 207
1133 203
1134 199
1134 195
1135 191
1135 187
1136 183
1137 179
1138 175
1139 171
1140 167
1141 163
1142 159
1143 155
1144 151
1145 147
1147 143
1148 139
1150 135
1151 131
1153 127
1155 123
1157 119
1159 115
1161 111
1164 107
1167 103
1171 99
1175 95
1179 92
1183 89
1187 86
1191 85
1195 83
