0 145
6 144
12 144
18 145
24 146
30 148
36 151
42 155
48 161
53 167
56 173
59 179
60 185
61 191
61 197
61 203
61 209
61 215
61 221
63 227
65 233
69 239
74 245
80 250
86 254
92 256
98 258
104 258
110 258
116 257
122 254
128 251
134 246
138 240
141 234
143 228
144 222
143 216
141 210
139 204
137 198
136 192
137 186
138 180
140 174
143 168
148 162
154 157
160 153
166 151
172 150
178 149
184 149
190 150
196 152
202 155
208 159
214 164
220 170
225 176
230 182
235 188
240 194
246 200
252 206
258 211
264 215
270 218
276 221
282 222
288 223
294 223
300 222
306 220
312 217
318 214
324 209
330 204
336 200
342 196
348 193
354 192
360 190
366 190
372 191
378 192
384 194
390 198
396 202
402 208
406 214
409 220
412 226
414 232
417 238
420 244
425 250
431 255
437 258
443 260
449 261
455 261
461 260
467 258
473 256
479 252
485 246
490 240
493 234
496 228
498 222
499 216
500 210
500 204
498 198
495 192
489 187
483 183
478 177
475 171
474 165
474 159
475 153
477 147
480 141
484 135
490 129
496 125
502 121
508 119
514 118
520 117
526 116
532 117
538 118
544 120
550 122
556 126
562 130
567 136
572 142
575 148
577 154
579 160
580 166
581 172
580 178
579 184
576 190
570 196
566 202
564 208
563 214
563 220
564 226
565 232
567 238
570 244
574 250
578 256
584 261
590 265
596 268
602 270
608 271
614 272
620 271
626 270
632 267
638 264
644 258
649 252
653 246
655 240
657 234
657 228
657 222
656 216
654 210
649 204
645 198
642 192
642 186
642 180
643 174
645 168
647 162
650 156
655 150
661 144
667 140
673 136
679 134
685 133
691 133
697 133
703 134
709 136
715 139
721 144
726 150
730 156
732 162
733 168
733 174
731 180
728 186
724 192
720 198
719 204
719 210
720 216
722 222
724 228
728 234
734 240
740 245
746 248
752 250
758 251
764 251
770 251
776 249
782 246
788 243
794 238
800 233
806 229
812 226
818 223
824 221
830 220
836 219
842 218
848 217
854 216
860 215
866 213
872 211
878 208
884 205
890 203
896 201
902 199
908 197
914 196
920 195
926 194
932 193
938 191
944 188
950 185
956 180
961 174
965 168
968 162
973 156
978 150
984 146
990 142
996 140
1002 139
1008 138
1014 138
1020 139
1026 140
1032 142
1038 145
1044 149
1050 154
1055 160
1059 166
1062 172
1064 178
1065 184
1066 190
1066 196
1065 202
1064 208
1062 214
1060 220
1060 226
1060 232
1061 238
1063 244
1066 250
1069 256
1074 262
1080 267
1086 272
1092 275
1098 277
1104 279
1110 280
1116 280
1122 280
1128 279
1134 277
1140 275
1146 271
1152 267
1158 261
1162 255
1165 249
1167 243
1168 237
1168 231
1168 225
1166 219
1162 213
1160 207
1158 201
1157 195
1158 189
1159 183
1161 177
1164 171
1167 165
1173 159
1179 154
1185 150
1191 147
