0 189
6 188
12 188
18 188
24 189
30 190
36 192
42 194
48 196
54 199
60 201
66 205
72 208
78 211
84 213
90 215
96 217
102 218
108 218
114 217
120 215
126 213
132 209
138 205
144 201
150 197
156 194
162 192
168 190
174 189
180 189
186 190
192 190
198 192
204 193
210 194
216 195
222 197
228 198
234 199
240 200
246 201
252 202
258 203
264 204
270 205
276 206
282 207
288 207
294 207
300 207
306 207
312 207
318 206
324 205
330 204
336 204
342 203
348 203
354 202
360 202
366 203
372 203
378 204
384 205
390 206
396 207
402 208
408 210
414 212
420 214
426 216
432 218
438 219
444 220
450 220
456 220
462 218
468 216
474 212
480 207
485 201
489 195
494 189
500 184
506 180
512 177
518 175
524 174
530 174
536 175
542 177
548 180
554 184
560 189
566 194
571 200
577 206
583 211
589 216
595 220
601 222
607 224
613 225
619 225
625 224
631 222
637 219
643 214
649 208
654 202
659 196
665 190
671 186
677 183
683 182
689 181
695 182
701 183
707 186
713 190
719 194
725 200
731 205
737 209
743 212
749 215
755 216
761 217
767 217
773 216
779 215
785 214
791 213
797 212
803 211
809 210
815 210
821 209
827 209
833 209
839 208
845 208
851 208
857 207
863 207
869 206
875 205
881 204
887 203
893 202
899 202
905 201
911 200
917 200
923 200
929 199
935 199
941 198
947 198
953 197
959 195
965 194
971 192
977 190
983 188
989 187
995 186
1001 185
1007 185
1013 186
1019 187
1025 188
1031 190
1037 192
1043 195
1049 198
1055 202
1061 205
1067 209
1073 212
1079 215
1085 218
1091 220
1097 222
1103 224
1109 225
1115 226
1121 226
1127 225
1133 224
1139 222
1145 220
1151 217
1157 213
1163 208
1169 203
1175 199
1181 195
1187 193
1193 190
