0 130
6 129
12 129
18 130
24 132
30 134
36 137
42 141
48 146
53 152
57 158
60 164
63 170
65 176
66 182
68 188
68 194
68 200
67 206
65 212
59 217
53 221
49 227
48 233
48 239
49 245
50 251
53 257
56 263
59 269
64 275
70 281
76 285
82 289
88 292
94 293
100 295
106 295
112 295
118 294
124 292
130 289
136 286
142 280
147 274
151 268
153 262
155 256
155 250
155 244
154 238
151 232
145 226
139 225
133 224
127 221
123 215
122 209
121 203
121 197
122 191
123 185
125 179
127 173
129 167
133 161
137 155
142 149
148 144
154 140
160 137
166 135
172 133
178 133
184 133
190 134
196 135
202 138
208 141
214 146
220 152
224 158
227 164
229 170
230 176
231 182
232 188
233 194
234 200
235 206
237 212
239 218
242 224
245 230
250 236
256 242
262 246
268 249
274 251
280 252
286 253
292 252
298 251
304 249
310 246
316 241
321 235
325 229
329 223
332 217
336 211
342 205
348 200
354 197
360 195
366 194
372 194
378 195
384 196
390 198
396 201
402 205
408 210
414 216
419 222
423 228
425 234
426 240
425 246
422 252
418 258
416 264
416 270
417 276
420 282
425 288
431 292
437 295
443 297
449 298
455 298
461 297
467 295
473 293
479 290
485 285
491 280
496 274
500 268
503 262
506 256
508 250
511 244
512 238
514 232
516 226
517 220
518 214
518 208
518 202
517 196
516 190
513 184
507 179
501 178
495 183
491 189
485 193
479 193
473 189
469 183
466 177
463 171
462 165
461 159
461 153
461 147
462 141
464 135
467 129
470 123
474 117
480 111
486 106
492 102
498 99
504 97
510 96
516 95
522 94
528 95
534 95
540 97
546 99
552 101
558 105
564 110
570 116
575 122
579 128
582 134
584 140
586 146
587 152
588 158
589 164
590 170
590 176
590 182
589 188
589 194
587 200
585 206
579 210
573 206
569 200
563 196
557 201
555 207
554 213
554 219
554 225
554 231
555 237
555 243
556 249
557 255
559 261
561 267
563 273
566 279
570 285
575 291
581 296
587 300
593 303
599 305
605 306
611 307
617 306
623 305
629 304
635 301
641 297
647 292
652 286
656 280
658 274
660 268
662 262
663 256
663 250
663 244
663 238
662 232
661 226
658 220
652 215
646 217
640 223
634 225
628 221
626 215
625 209
625 203
626 197
627 191
629 185
630 179
633 173
635 167
638 161
641 155
644 149
649 143
653 137
659 131
665 127
671 123
677 120
683 118
689 117
695 117
701 117
707 118
713 120
719 122
725 126
731 131
736 137
740 143
743 149
745 155
746 161
747 167
746 173
745 179
743 185
738 191
732 195
726 195
720 192
714 190
708 191
702 197
700 203
699 209
700 215
700 221
702 227
704 233
706 239
708 245
711 251
715 257
719 263
724 269
730 275
736 279
742 282
748 285
754 286
760 287
766 287
772 285
778 283
784 279
790 273
795 267
798 261
803 255
809 250
815 247
821 244
827 243
833 241
839 240
845 239
851 238
857 236
863 234
869 231
875 228
881 224
887 220
893 217
899 214
905 211
911 209
917 208
923 206
929 205
935 203
941 200
947 197
953 193
959 187
962 181
964 175
965 169
965 163
964 157
964 151
965 145
968 139
972 133
978 127
984 123
990 121
996 119
1002 117
1008 117
1014 117
1020 117
1026 118
1032 120
1038 123
1044 126
1050 130
1056 135
1061 141
1066 147
1070 153
1073 159
1076 165
1078 171
1080 177
1081 183
1082 189
1083 195
1084 201
1084 207
1083 213
1083 219
1081 225
1077 231
1071 234
1065 233
1059 233
1053 236
1049 242
1047 248
1046 254
1045 260
1046 266
1047 272
1048 278
1051 284
1054 290
1058 296
1064 302
1070 308
1076 312
1082 315
1088 318
1094 319
1100 321
1106 322
1112 322
1118 322
1124 321
1130 320
1136 319
1142 317
1148 314
1154 310
1160 305
1166 299
1171 293
1174 287
1177 281
1179 275
1180 269
1181 263
1181 257
1181 251
1179 245
1177 239
1171 233
1165 233
1159 236
1153 237
1147 233
1143 227
1142 221
1141 215
1141 209
1142 203
1143 197
1144 191
1146 185
1148 179
1150 173
1153 167
1157 161
1161 155
1166 149
1172 143
1178 139
1184 135
1190 133
