0 84
5 83
10 83
15 83
20 83
25 84
30 86
35 88
40 91
45 94
50 99
54 104
58 109
60 114
62 119
64 124
66 129
67 134
68 139
69 144
69 149
69 154
70 159
70 164
70 169
70 174
70 179
69 184
69 189
69 194
68 199
68 204
67 209
67 214
66 219
66 224
66 229
65 234
65 239
64 244
64 249
59 253
54 250
51 245
49 240
47 235
45 230
43 225
41 220
39 215
38 210
36 205
35 200
33 195
32 190
29 185
24 181
19 182
14 187
12 192
12 197
12 202
13 207
14 212
15 217
16 222
17 227
19 232
21 237
22 242
24 247
26 252
28 257
31 262
33 267
36 272
39 277
42 282
45 287
49 292
53 297
57 302
62 307
67 312
72 316
77 320
82 323
87 326
92 328
97 330
102 331
107 332
112 333
117 333
122 333
127 332
132 330
137 329
142 326
147 323
152 319
157 314
160 309
163 304
165 299
167 294
168 289
168 284
169 279
169 274
169 269
168 264
168 259
167 254
165 249
164 244
163 239
161 234
159 229
157 224
155 219
152 214
149 209
145 204
140 201
135 202
131 207
130 212
129 217
128 222
127 227
125 232
124 237
123 242
122 247
121 252
120 257
118 262
114 267
109 270
104 269
99 267
95 262
93 257
92 252
91 247
91 242
91 237
92 232
92 227
93 222
93 217
94 212
95 207
96 202
97 197
98 192
99 187
101 182
102 177
103 172
105 167
107 162
108 157
110 152
112 147
114 142
116 137
119 132
121 127
124 122
126 117
130 112
133 107
137 102
142 97
147 92
152 89
157 85
162 83
167 81
172 79
177 78
182 77
187 76
192 76
197 76
202 77
207 78
212 79
217 81
222 84
227 86
232 90
237 94
241 99
245 104
248 109
250 114
252 119
254 124
255 129
255 134
256 139
255 144
255 149
253 154
252 159
249 164
245 169
240 174
235 176
230 176
225 174
221 169
219 164
215 159
210 156
205 156
200 158
195 162
192 167
190 172
189 177
189 182
189 187
190 192
192 197
194 202
196 207
198 212
201 217
204 222
207 227
211 232
214 237
218 242
222 247
226 252
231 257
236 262
241 267
246 270
251 274
256 276
261 279
266 280
271 282
276 282
281 283
286 283
291 282
296 281
301 280
306 278
311 276
316 273
321 269
326 265
331 260
335 255
338 250
340 245
341 240
341 235
339 230
334 227
329 224
324 219
323 214
324 209
325 204
328 199
332 194
337 189
342 186
347 183
352 180
357 178
362 177
367 176
372 175
377 175
382 175
387 176
392 176
397 177
402 178
407 179
412 181
417 182
422 184
427 186
432 188
437 190
442 192
447 194
452 197
457 199
462 202
467 204
472 208
477 211
482 216
486 221
489 226
490 231
490 236
490 241
488 246
486 251
482 256
478 261
473 265
468 268
463 271
458 272
453 272
448 270
443 266
438 261
433 256
428 254
423 253
418 254
413 256
408 260
404 265
401 270
399 275
397 280
396 285
396 290
396 295
397 300
398 305
400 310
402 315
406 320
411 325
416 328
421 331
426 333
431 334
436 335
441 335
446 335
451 334
456 333
461 331
466 328
471 325
476 321
481 316
486 311
489 306
493 301
496 296
500 291
503 286
506 281
510 276
513 271
517 266
520 261
523 256
526 251
529 246
532 241
534 236
537 231
538 226
540 221
541 216
543 211
543 206
544 201
544 196
545 191
545 186
544 181
544 176
543 171
542 166
542 161
541 156
540 151
539 146
537 141
536 136
535 131
534 126
533 121
532 116
530 111
529 106
528 101
526 96
523 91
518 88
513 87
508 89
503 94
501 99
500 104
500 109
501 114
501 119
502 124
502 129
502 134
503 139
504 144
505 149
507 154
508 159
509 164
509 169
507 174
502 176
497 175
492 173
487 171
482 168
477 165
472 162
467 158
462 154
457 150
452 145
448 140
445 135
442 130
439 125
438 120
436 115
436 110
435 105
435 100
436 95
437 90
438 85
440 80
443 75
446 70
450 65
455 60
460 55
465 52
470 49
475 47
480 44
485 43
490 41
495 40
500 39
505 38
510 38
515 38
520 38
525 38
530 38
535 39
540 40
545 41
550 42
555 44
560 46
565 49
570 53
575 57
580 62
583 67
586 72
588 77
590 82
591 87
592 92
592 97
592 102
591 107
590 112
589 117
588 122
586 127
585 132
583 137
581 142
580 147
579 152
578 157
578 162
578 167
578 172
578 177
579 182
579 187
580 192
580 197
581 202
582 207
583 212
583 217
584 222
585 227
586 232
586 237
581 242
580 237
579 232
578 227
577 222
577 217
576 212
575 207
574 202
573 197
572 192
571 187
570 182
569 177
568 172
568 167
567 162
566 157
565 152
564 147
563 142
563 137
562 132
561 127
560 122
559 117
557 112
556 107
553 102
548 97
545 102
547 107
548 112
550 117
551 122
552 127
553 132
554 137
555 142
556 147
557 152
558 157
559 162
560 167
561 172
562 177
563 182
564 187
564 192
565 197
565 202
566 207
566 212
566 217
566 222
566 227
566 232
566 237
565 242
564 247
563 252
562 257
561 262
560 267
559 272
558 277
558 282
557 287
557 292
557 297
558 302
559 307
560 312
562 317
564 322
567 327
571 332
576 336
581 340
586 342
591 344
596 346
601 347
606 347
611 348
616 347
621 347
626 346
631 344
636 342
641 339
646 335
651 330
654 325
657 320
659 315
660 310
661 305
662 300
662 295
662 290
661 285
661 280
660 275
659 270
658 265
657 260
656 255
654 250
653 245
652 240
650 235
649 230
647 225
646 220
645 215
644 210
643 205
642 200
641 195
640 190
639 185
639 180
639 175
639 170
634 166
631 171
629 176
628 181
627 186
627 191
626 196
626 201
625 206
625 211
624 216
624 221
623 226
623 231
622 236
622 241
621 246
621 251
620 256
620 261
619 266
617 271
612 274
607 269
606 264
606 259
606 254
606 249
607 244
607 239
607 234
606 229
606 224
606 219
606 214
606 209
606 204
606 199
606 194
606 189
607 184
608 179
609 174
610 169
612 164
614 159
616 154
618 149
621 144
624 139
628 134
632 129
636 124
641 119
646 114
651 109
656 105
661 100
666 95
671 91
676 87
681 83
686 80
691 78
696 76
701 74
706 73
711 73
716 73
721 73
726 74
731 75
736 77
741 79
746 83
751 87
756 92
760 97
763 102
766 107
768 112
769 117
771 122
772 127
772 132
772 137
772 142
771 147
771 152
769 157
768 162
766 167
763 172
760 177
756 182
751 187
746 190
741 193
736 195
731 195
726 195
721 193
716 188
714 183
713 178
713 173
713 168
713 163
712 158
711 153
711 148
711 143
709 138
706 133
701 130
696 128
691 128
686 129
681 131
676 133
671 138
667 143
665 148
664 153
663 158
663 163
663 168
663 173
663 178
664 183
665 188
665 193
667 198
668 203
669 208
671 213
673 218
675 223
677 228
679 233
681 238
684 243
686 248
688 253
691 258
694 263
696 268
699 273
702 278
705 283
708 288
711 293
714 298
718 303
722 308
727 313
732 318
737 322
742 325
747 327
752 329
757 331
762 332
767 332
772 333
777 332
782 331
787 330
792 328
797 325
802 321
806 316
808 311
808 306
807 301
802 296
797 294
792 293
787 291
782 286
780 281
781 276
784 271
789 267
794 264
799 261
804 260
809 258
814 257
819 256
824 255
829 254
834 253
839 253
844 252
849 250
854 249
859 248
864 246
869 243
874 240
879 236
883 231
887 226
890 221
893 216
898 211
903 206
908 203
913 200
918 197
923 195
928 193
933 191
938 188
943 186
948 184
953 181
958 179
963 176
968 173
973 169
978 165
983 161
987 156
990 151
993 146
994 141
995 136
995 131
993 126
990 121
985 116
980 114
975 114
970 117
965 121
961 126
957 131
952 134
947 136
942 136
937 134
932 129
930 124
929 119
928 114
928 109
929 104
930 99
931 94
934 89
936 84
940 79
945 74
950 69
955 66
960 63
965 60
970 58
975 56
980 55
985 54
990 53
995 53
1000 53
1005 53
1010 53
1015 54
1020 55
1025 56
1030 57
1035 59
1040 61
1045 63
1050 66
1055 70
1060 74
1065 78
1069 83
1073 88
1077 93
1079 98
1082 103
1084 108
1086 113
1088 118
1089 123
1090 128
1092 133
1093 138
1094 143
1095 148
1096 153
1096 158
1097 163
1098 168
1099 173
1100 178
1100 183
1101 188
1101 193
1102 198
1102 203
1103 208
1103 213
1103 218
1103 223
1103 228
1103 233
1103 238
1103 243
1102 248
1102 253
1101 258
1101 263
1100 268
1100 273
1099 278
1098 283
1097 288
1096 293
1094 298
1091 303
1086 306
1081 306
1076 304
1072 299
1070 294
1069 289
1069 284
1069 279
1069 274
1068 269
1068 264
1068 259
1068 254
1068 249
1069 244
1069 239
1069 234
1067 229
1062 224
1057 224
1052 226
1047 229
1042 233
1038 238
1034 243
1031 248
1028 253
1026 258
1024 263
1022 268
1021 273
1020 278
1019 283
1018 288
1018 293
1018 298
1018 303
1019 308
1019 313
1021 318
1022 323
1024 328
1027 333
1030 338
1034 343
1039 348
1044 352
1049 356
1054 359
1059 361
1064 363
1069 365
1074 366
1079 367
1084 368
1089 369
1094 369
1099 369
1104 370
1109 370
1114 369
1119 369
1124 369
1129 368
1134 367
1139 366
1144 364
1149 363
1154 360
1159 358
1164 355
1169 351
1174 346
1178 341
1181 336
1184 331
1186 326
1188 321
1189 316
1190 311
1190 306
1190 301
1190 296
1190 291
1190 286
1189 281
1188 276
1188 271
1187 266
1186 261
1185 256
1184 251
1183 246
1182 241
1182 236
1181 231
1180 226
1179 221
1177 216
1176 211
1173 206
1168 205
1164 210
1162 215
1161 220
1160 225
1160 230
1159 235
1158 240
1157 245
1155 250
1154 255
1152 260
1150 265
1149 270
1147 275
1146 280
1144 285
1143 290
1142 295
1140 300
1137 305
1132 309
1127 309
1122 306
1121 301
1120 296
1121 291
1121 286
1122 281
1123 276
1124 271
1124 266
1125 261
1126 256
1127 251
1127 246
1128 241
1129 236
1129 231
1130 226
1130 221
1131 216
1131 211
1132 206
1133 201
1133 196
1134 191
1135 186
1136 181
1137 176
1138 171
1139 166
1141 161
1142 156
1144 151
1145 146
1147 141
1149 136
1151 131
1153 126
1156 121
1159 116
1162 111
1166 106
1170 101
1175 97
1180 93
1185 90
1190 87
