0 142
6 141
12 141
18 142
24 143
30 145
36 148
42 152
48 158
53 164
57 170
59 176
61 182
62 188
62 194
62 200
61 206
60 212
59 218
59 224
60 230
62 236
65 242
69 248
74 254
80 258
86 262
92 264
98 265
104 266
110 266
116 264
122 262
128 259
134 255
139 249
143 243
145 237
146 231
146 225
144 219
142 213
138 207
136 201
134 195
134 189
134 183
136 177
138 171
142 165
147 159
153 154
159 151
165 148
171 147
177 146
183 146
189 147
195 149
201 152
207 155
213 160
218 166
223 172
227 178
231 184
235 190
239 196
244 202
249 208
255 214
261 219
267 223
273 226
279 228
285 229
291 229
297 228
303 227
309 224
315 221
321 216
327 210
333 205
339 200
345 196
351 194
357 192
363 191
369 191
375 192
381 194
387 196
393 200
399 205
404 211
408 217
411 223
413 229
414 235
416 241
418 247
421 253
427 259
433 263
439 266
445 268
451 268
457 268
463 267
469 265
475 262
481 258
487 253
492 247
495 241
498 235
500 229
502 223
503 217
503 211
503 205
502 199
499 193
493 188
487 186
481 184
476 178
473 172
472 166
471 160
472 154
473 148
476 142
479 136
483 130
489 125
495 120
501 117
507 115
513 113
519 112
525 112
531 112
537 113
543 115
549 117
555 121
561 125
567 131
572 137
576 143
578 149
580 155
582 161
583 167
583 173
583 179
581 185
578 191
572 197
566 201
562 207
561 213
560 219
561 225
561 231
563 237
565 243
567 249
571 255
575 261
581 267
587 271
593 274
599 277
605 278
611 278
617 278
623 277
629 276
635 273
641 269
647 263
652 257
655 251
657 245
658 239
659 233
659 227
658 221
656 215
650 209
644 204
640 198
639 192
638 186
639 180
640 174
642 168
645 162
648 156
652 150
657 144
663 139
669 135
675 132
681 131
687 130
693 129
699 130
705 131
711 133
717 137
723 141
728 147
732 153
734 159
736 165
736 171
735 177
732 183
727 189
721 194
717 200
716 206
716 212
716 218
718 224
720 230
723 236
727 242
733 248
739 252
745 255
751 257
757 259
763 259
769 258
775 256
781 254
787 250
793 245
799 240
805 235
811 231
817 228
823 226
829 225
835 223
841 223
847 222
853 221
859 219
865 217
871 215
877 212
883 209
889 207
895 204
901 202
907 200
913 199
919 198
925 197
931 195
937 194
943 191
949 187
955 182
960 176
963 170
966 164
969 158
973 152
979 146
985 141
991 138
997 136
1003 134
1009 134
1015 134
1021 135
1027 136
1033 138
1039 141
1045 145
1051 150
1056 156
1060 162
1064 168
1066 174
1068 180
1069 186
1069 192
1069 198
1068 204
1066 210
1063 216
1060 222
1058 228
1057 234
1057 240
1058 246
1060 252
1063 258
1067 264
1072 270
1078 276
1084 280
1090 283
1096 285
1102 287
1108 288
1114 288
1120 288
1126 288
1132 286
1138 284
1144 281
1150 278
1156 273
1161 267
1165 261
1168 255
1170 249
1171 243
1171 237
1170 231
1168 225
1164 219
1159 213
1156 207
1154 201
1154 195
1155 189
1156 183
1158 177
1161 171
1164 165
1169 159
1175 153
1181 149
1187 146
1193 143
