0 208
6 208
12 208
18 208
24 209
30 209
36 209
42 210
48 210
54 210
60 209
66 209
72 208
78 208
84 208
90 208
96 207
102 207
108 208
114 208
120 208
126 208
132 208
138 209
144 209
150 209
156 209
162 209
168 210
174 210
180 210
186 210
192 210
198 209
204 209
210 209
216 209
222 209
228 209
234 209
240 208
246 209
252 209
258 209
264 209
270 209
276 209
282 209
288 209
294 209
300 208
306 208
312 208
318 208
324 208
330 208
336 208
342 208
348 208
354 208
360 208
366 208
372 207
378 207
384 207
390 207
396 207
402 208
408 208
414 208
420 208
426 208
432 209
438 209
444 209
450 210
456 210
462 210
468 210
474 210
480 209
486 209
492 208
498 208
504 207
510 207
516 207
522 208
528 208
534 208
540 209
546 209
552 209
558 209
564 209
570 209
576 209
582 209
588 208
594 208
600 208
606 208
612 208
618 209
624 209
630 209
636 209
642 208
648 208
654 208
660 208
666 208
672 208
678 208
684 209
690 209
696 209
702 210
708 210
714 210
720 209
726 209
732 209
738 208
744 208
750 208
756 208
762 208
768 208
774 209
780 209
786 209
792 209
798 209
804 209
810 209
816 209
822 209
828 209
834 209
840 209
846 209
852 209
858 208
864 208
870 208
876 208
882 208
888 208
894 208
900 208
906 208
912 208
918 208
924 208
930 208
936 208
942 208
948 208
954 208
960 209
966 209
972 209
978 209
984 209
990 209
996 209
1002 208
1008 208
1014 208
1020 209
1026 209
1032 209
1038 209
1044 209
1050 209
1056 209
1062 209
1068 209
1074 209
1080 209
1086 209
1092 209
1098 209
1104 209
1110 209
1116 209
1122 208
1128 208
1134 208
1140 208
1146 208
1152 208
1158 208
1164 209
1170 209
1176 209
1182 208
1188 208
