0 187
5 187
10 186
15 185
20 182
23 177
22 172
17 168
14 163
19 160
24 160
29 160
34 161
39 163
44 165
49 167
54 170
59 173
64 177
69 182
72 187
74 192
75 197
75 202
75 207
73 212
71 217
69 222
66 227
62 232
58 237
53 242
48 245
43 247
38 246
37 241
38 236
37 231
32 228
27 229
22 231
17 234
12 239
9 244
7 249
6 254
5 259
5 264
6 269
8 274
10 279
14 284
19 288
24 291
29 293
34 294
39 294
44 294
49 293
54 290
59 286
64 281
67 276
69 271
71 266
73 261
75 256
77 251
79 246
81 241
84 236
87 231
89 226
92 221
94 216
97 211
99 206
101 201
103 196
104 191
106 186
107 181
107 176
108 171
108 166
108 161
108 156
107 151
106 146
104 141
100 136
95 141
92 146
87 149
82 147
77 145
72 141
67 136
64 131
62 126
61 121
60 116
61 111
62 106
64 101
67 96
71 91
76 87
81 83
86 80
91 79
96 77
101 76
106 76
111 76
116 76
121 77
126 79
131 80
136 83
141 86
146 90
151 95
155 100
158 105
160 110
162 115
164 120
165 125
165 130
165 135
164 140
163 145
162 150
160 155
157 160
153 165
148 169
143 164
143 159
143 154
142 149
141 144
136 140
131 144
129 149
128 154
127 159
126 164
125 169
124 174
124 179
123 184
122 189
122 194
121 199
120 204
120 209
119 214
119 219
118 224
118 229
118 234
118 239
118 244
118 249
118 254
119 259
119 264
120 269
122 274
123 279
126 284
128 289
132 294
137 299
142 303
147 306
152 309
157 311
162 312
167 312
172 313
177 312
182 312
187 310
192 308
197 306
202 302
207 298
210 293
213 288
215 283
216 278
216 273
216 268
214 263
212 258
210 253
205 249
200 246
195 245
190 248
186 253
181 257
176 256
171 251
169 246
168 241
168 236
168 231
169 226
171 221
174 216
178 211
182 206
187 202
192 198
197 195
202 193
207 191
212 190
217 189
222 189
227 189
232 191
237 193
242 195
247 199
251 204
255 209
257 214
258 219
257 224
255 229
255 234
257 239
259 244
263 249
268 254
273 259
278 262
283 264
288 266
293 267
298 267
303 267
308 266
313 264
318 262
323 258
328 254
333 249
336 244
339 239
342 234
344 229
345 224
346 219
347 214
347 209
346 204
345 199
343 194
339 189
334 188
329 191
325 196
320 197
315 194
312 189
311 184
310 179
310 174
311 169
312 164
313 159
315 154
317 149
320 144
323 139
327 134
330 129
334 124
339 119
343 114
348 110
353 106
358 103
363 100
368 98
373 96
378 95
383 95
388 94
393 95
398 95
403 97
408 98
413 101
418 104
423 108
428 113
432 118
435 123
437 128
439 133
440 138
441 143
442 148
443 153
443 158
443 163
443 168
442 173
442 178
441 183
440 188
440 193
439 198
438 203
437 208
437 213
436 218
435 223
435 228
434 233
434 238
433 243
433 248
433 253
432 258
432 263
430 268
425 268
423 263
422 258
422 253
422 248
421 243
420 238
418 233
413 233
409 238
406 243
404 248
403 253
402 258
401 263
400 268
400 273
400 278
401 283
402 288
403 293
405 298
408 303
411 308
415 313
420 317
425 321
430 324
435 326
440 328
445 329
450 330
455 330
460 330
465 329
470 328
475 326
480 324
485 321
490 317
494 312
498 307
500 302
501 297
502 292
502 287
500 282
498 277
495 272
491 267
486 263
481 260
476 257
471 256
466 256
462 261
457 258
452 254
451 249
451 244
451 239
451 234
452 229
453 224
454 219
456 214
457 209
459 204
462 199
464 194
467 189
470 184
473 179
476 174
479 169
481 164
484 159
486 154
488 149
490 144
491 139
492 134
494 129
496 124
500 119
505 114
510 111
515 109
520 108
525 108
530 109
535 111
540 114
545 118
548 123
551 128
552 133
553 138
553 143
553 148
551 153
549 158
546 163
542 168
537 172
532 174
529 169
529 164
529 159
524 155
519 156
514 158
509 162
504 167
500 172
496 177
493 182
491 187
488 192
486 197
485 202
484 207
485 212
486 217
488 222
492 227
497 232
502 236
507 239
512 242
517 244
522 246
527 248
532 250
537 252
542 253
547 253
552 254
557 253
562 252
567 251
572 247
577 242
578 237
573 232
568 231
563 230
558 225
559 220
564 215
569 211
574 208
579 205
584 203
589 201
594 200
599 199
604 198
609 197
614 196
619 195
624 194
629 193
634 192
639 190
644 188
649 186
654 181
657 176
658 171
657 166
652 161
648 156
649 151
653 146
658 143
663 142
668 142
673 143
678 145
683 149
687 154
690 159
693 164
695 169
697 174
698 179
700 184
701 189
701 194
702 199
703 204
703 209
703 214
703 219
703 224
703 229
703 234
702 239
701 244
700 249
699 254
696 259
691 263
687 258
686 253
684 248
679 244
674 246
670 251
667 256
665 261
665 266
665 271
666 276
667 281
669 286
673 291
677 296
682 300
687 303
692 305
697 306
702 307
707 307
712 307
717 306
722 304
727 302
732 298
737 293
740 288
742 283
744 278
745 273
745 268
744 263
743 258
741 253
738 248
733 245
728 250
726 255
721 254
719 249
719 244
719 239
719 234
719 229
720 224
720 219
720 214
721 209
721 204
722 199
722 194
723 189
723 184
724 179
725 174
725 169
726 164
727 159
728 154
731 149
734 144
739 139
744 136
749 135
754 134
759 135
764 136
769 138
774 142
778 147
782 152
784 157
786 162
787 167
787 172
786 177
782 182
778 187
777 192
777 197
778 202
779 207
780 212
782 217
785 222
787 227
790 232
793 237
795 242
799 247
802 252
806 257
811 262
816 266
821 269
826 271
831 272
836 273
841 274
846 273
851 272
856 270
861 267
866 263
871 258
874 253
877 248
878 243
880 238
881 233
882 228
882 223
882 218
882 213
882 208
882 203
881 198
880 193
878 188
876 183
872 178
867 176
862 178
859 183
857 188
852 191
847 187
844 182
842 177
841 172
840 167
840 162
840 157
840 152
841 147
842 142
844 137
846 132
849 127
853 122
858 117
863 113
868 110
873 108
878 107
883 106
888 105
893 105
898 105
903 106
908 108
913 110
918 112
923 115
928 118
933 122
938 127
942 132
946 137
948 142
950 147
952 152
953 157
953 162
952 167
951 172
948 177
943 182
938 181
933 178
928 177
923 182
921 187
920 192
919 197
919 202
919 207
919 212
920 217
921 222
922 227
924 232
926 237
928 242
931 247
935 252
940 257
945 260
950 262
955 263
960 263
965 262
970 259
974 254
976 249
975 244
973 239
970 234
970 229
971 224
974 219
979 214
984 210
989 207
994 205
999 203
1004 203
1009 202
1014 203
1019 205
1024 210
1026 215
1026 220
1025 225
1023 230
1023 235
1024 240
1025 245
1029 250
1034 255
1039 258
1044 260
1049 260
1054 260
1059 259
1064 258
1069 256
1074 253
1079 251
1084 249
1089 247
1094 245
1099 244
1104 242
1109 240
1114 238
1119 235
1124 231
1129 226
1131 221
1133 216
1134 211
1133 206
1131 201
1128 196
1123 192
1118 190
1113 189
1108 189
1103 188
1099 183
1097 178
1097 173
1098 168
1100 163
1103 158
1108 153
1113 150
1118 148
1123 148
1128 149
1133 151
1138 154
1143 159
1147 164
1152 169
1157 173
1162 177
1167 180
1172 182
1177 184
1182 186
1187 187
1192 187
