0 191
6 189
12 190
18 194
23 200
27 206
29 212
30 218
30 224
29 230
26 236
24 242
23 248
25 254
29 260
35 265
41 267
47 268
53 267
59 266
65 262
71 256
75 250
77 244
79 238
79 232
79 226
79 220
77 214
75 208
73 202
72 196
72 190
73 184
74 178
76 172
80 166
86 160
92 157
98 155
104 154
110 155
116 157
122 160
128 165
132 171
135 177
136 183
137 189
136 195
135 201
133 207
132 213
132 219
132 225
133 231
134 237
137 243
140 249
144 255
150 260
156 264
162 266
168 268
174 268
180 268
186 266
192 264
198 259
203 253
206 247
207 241
208 235
209 229
210 223
213 217
218 211
224 207
230 205
236 206
242 208
248 214
253 220
256 226
259 232
263 238
269 244
275 247
281 249
287 249
293 247
299 243
304 237
307 231
308 225
309 219
311 213
314 207
319 201
325 197
331 193
337 191
343 188
349 185
355 182
361 179
367 176
373 174
379 172
385 170
391 170
397 171
403 172
409 175
415 179
420 185
424 191
427 197
429 203
431 209
432 215
432 221
431 227
430 233
427 239
425 245
425 251
426 257
428 263
432 269
438 275
444 278
450 280
456 281
462 281
468 280
474 278
480 274
486 268
489 262
491 256
492 250
492 244
491 238
488 232
485 226
482 220
481 214
480 208
480 202
481 196
482 190
484 184
487 178
492 172
498 167
504 165
510 164
516 165
522 167
528 173
530 179
531 185
530 191
528 197
527 203
527 209
528 215
530 221
533 227
536 233
542 239
548 243
554 245
560 245
566 244
572 241
577 235
581 229
585 223
591 218
597 215
603 214
609 215
615 216
621 217
627 216
633 215
639 211
645 205
649 199
655 193
661 190
667 189
673 191
679 196
683 202
685 208
687 214
687 220
686 226
685 232
683 238
682 244
683 250
685 256
689 262
695 266
701 268
707 269
713 268
719 266
725 261
730 255
732 249
732 243
731 237
730 231
728 225
728 219
728 213
729 207
731 201
735 195
741 189
747 186
753 186
759 187
765 192
770 198
774 204
778 210
782 216
788 222
794 227
800 231
806 236
812 240
818 243
824 246
830 248
836 248
842 248
848 246
854 242
859 236
861 230
863 224
863 218
863 212
862 206
863 200
864 194
868 188
874 182
880 179
886 178
892 179
898 180
904 182
910 185
916 187
922 190
928 192
934 195
940 199
944 205
947 211
948 217
949 223
950 229
952 235
957 241
963 244
969 246
975 245
981 242
987 237
992 231
996 225
1002 219
1008 216
1014 216
1020 218
1026 224
1031 230
1037 235
1043 238
1049 238
1055 237
1061 235
1067 233
1073 231
1079 231
1085 233
1091 234
1097 234
1103 233
1109 231
1114 225
1117 219
1119 213
1121 207
1124 201
1130 196
1136 195
1142 197
1148 201
1154 207
1160 212
1166 215
1172 215
1178 214
1184 210
1189 204
1193 198
