0 185
6 185
12 188
18 194
22 200
25 206
29 212
34 218
40 221
46 222
52 222
58 219
64 214
68 208
71 202
73 196
76 190
79 184
84 178
90 174
96 172
102 171
108 172
114 174
120 178
126 184
131 190
135 196
140 202
145 208
151 212
157 216
163 218
169 219
175 220
181 219
187 218
193 217
199 214
205 210
211 206
217 201
223 197
229 195
235 194
241 194
247 197
253 200
259 204
265 208
271 210
277 211
283 210
289 208
295 205
301 201
307 197
313 194
319 192
325 190
331 189
337 188
343 187
349 186
355 185
361 184
367 182
373 181
379 180
385 179
391 179
397 180
403 181
409 183
415 187
421 192
426 198
430 204
434 210
438 216
444 222
450 226
456 228
462 229
468 228
474 225
480 220
484 214
486 208
488 202
489 196
491 190
494 184
499 178
505 174
511 173
517 174
523 178
529 184
533 190
537 196
541 202
547 207
553 210
559 210
565 210
571 208
577 205
583 202
589 199
595 197
601 196
607 196
613 197
619 198
625 199
631 199
637 197
643 194
649 191
655 188
661 186
667 187
673 189
679 195
683 201
686 207
691 213
697 219
703 221
709 221
715 220
721 216
726 210
730 204
733 198
737 192
743 188
749 186
755 186
761 187
767 190
773 194
779 197
785 199
791 201
797 202
803 203
809 204
815 206
821 208
827 209
833 210
839 209
845 208
851 205
857 201
863 195
869 190
875 186
881 184
887 184
893 184
899 185
905 187
911 188
917 188
923 189
929 189
935 190
941 192
947 195
953 199
959 204
965 207
971 209
977 209
983 208
989 205
995 202
1001 199
1007 198
1013 197
1019 199
1025 201
1031 203
1037 205
1043 206
1049 206
1055 205
1061 204
1067 203
1073 202
1079 203
1085 203
1091 204
1097 205
1103 204
1109 202
1115 199
1121 195
1127 192
1133 190
1139 190
1145 191
1151 193
1157 196
1163 198
1169 199
1175 198
1181 195
1187 191
1193 187
