0 220
6 220
12 220
18 221
24 221
30 221
36 221
42 221
48 221
54 221
60 221
66 221
72 221
78 220
84 220
90 220
96 220
102 220
108 220
114 220
120 220
126 221
132 221
138 221
144 221
150 221
156 221
162 221
168 221
174 221
180 221
186 221
192 221
198 221
204 221
210 221
216 221
222 221
228 221
234 221
240 221
246 221
252 221
258 221
264 221
270 221
276 221
282 221
288 221
294 221
300 221
306 220
312 220
318 220
324 220
330 220
336 220
342 220
348 220
354 220
360 220
366 220
372 220
378 220
384 220
390 220
396 220
402 220
408 220
414 220
420 220
426 221
432 221
438 221
444 221
450 221
456 221
462 221
468 221
474 221
480 221
486 221
492 220
498 220
504 220
510 220
516 220
522 220
528 220
534 221
540 221
546 221
552 221
558 221
564 221
570 221
576 221
582 221
588 221
594 221
600 220
606 221
612 221
618 221
624 221
630 221
636 221
642 221
648 221
654 220
660 220
666 220
672 220
678 221
684 221
690 221
696 221
702 221
708 221
714 221
720 221
726 221
732 221
738 220
744 220
750 220
756 220
762 221
768 221
774 221
780 221
786 221
792 221
798 221
804 221
810 221
816 221
822 221
828 221
834 221
840 221
846 221
852 221
858 221
864 220
870 220
876 220
882 220
888 220
894 220
900 220
906 220
912 220
918 220
924 220
930 220
936 220
942 220
948 220
954 221
960 221
966 221
972 221
978 221
984 221
990 221
996 221
1002 221
1008 221
1014 221
1020 221
1026 221
1032 221
1038 221
1044 221
1050 221
1056 221
1062 221
1068 221
1074 221
1080 221
1086 221
1092 221
1098 221
1104 221
1110 221
1116 221
1122 221
1128 220
1134 220
1140 220
1146 220
1152 220
1158 221
1164 221
1170 221
1176 221
1182 221
1188 221
