0 207
6 207
12 208
18 209
24 210
30 212
36 213
42 214
48 214
54 213
60 212
66 211
72 209
78 208
84 206
90 206
96 205
102 205
108 206
114 206
120 207
126 208
132 209
138 210
144 211
150 212
156 212
162 213
168 213
174 213
180 213
186 213
192 213
198 213
204 212
210 211
216 211
222 210
228 209
234 209
240 209
246 210
252 210
258 211
264 211
270 212
276 212
282 212
288 211
294 210
300 210
306 209
312 208
318 208
324 208
330 208
336 208
342 207
348 207
354 207
360 207
366 207
372 206
378 206
384 206
390 206
396 206
402 207
408 207
414 207
420 208
426 209
432 210
438 211
444 213
450 214
456 215
462 215
468 215
474 214
480 213
486 211
492 209
498 207
504 206
510 205
516 205
522 206
528 207
534 209
540 210
546 211
552 211
558 211
564 211
570 211
576 211
582 210
588 209
594 209
600 209
606 209
612 209
618 210
624 210
630 210
636 210
642 209
648 209
654 208
660 208
666 207
672 208
678 209
684 210
690 212
696 213
702 214
708 214
714 213
720 212
726 211
732 210
738 209
744 208
750 207
756 208
762 208
768 209
774 209
780 210
786 210
792 210
798 210
804 210
810 210
816 210
822 211
828 211
834 211
840 211
846 211
852 210
858 209
864 209
870 208
876 207
882 207
888 207
894 207
900 207
906 208
912 208
918 208
924 208
930 208
936 208
942 208
948 209
954 209
960 210
966 211
972 211
978 212
984 211
990 211
996 210
1002 210
1008 209
1014 209
1020 210
1026 210
1032 211
1038 211
1044 211
1050 211
1056 211
1062 210
1068 210
1074 210
1080 210
1086 210
1092 211
1098 211
1104 211
1110 210
1116 210
1122 209
1128 208
1134 208
1140 208
1146 208
1152 209
1158 209
1164 210
1170 210
1176 210
1182 209
1188 208
