0 194
6 195
12 197
18 201
23 207
28 213
34 218
40 221
46 222
52 221
58 219
64 214
69 208
73 202
78 196
84 191
90 187
96 185
102 185
108 186
114 188
120 191
126 195
132 200
138 205
144 210
150 213
156 216
162 218
168 219
174 219
180 219
186 218
192 217
198 216
204 213
210 210
216 207
222 204
228 202
234 201
240 201
246 203
252 205
258 208
264 211
270 212
276 213
282 213
288 211
294 209
300 206
306 203
312 201
318 199
324 198
330 197
336 197
342 196
348 195
354 195
360 194
366 193
372 192
378 191
384 191
390 191
396 191
402 192
408 193
414 196
420 199
426 204
432 209
438 215
444 220
450 224
456 226
462 226
468 226
474 223
480 218
485 212
488 206
491 200
495 194
501 189
507 186
513 186
519 187
525 191
531 196
536 202
542 207
548 210
554 212
560 213
566 212
572 211
578 209
584 206
590 204
596 203
602 202
608 203
614 204
620 205
626 205
632 205
638 203
644 201
650 199
656 196
662 195
668 196
674 198
680 203
686 209
692 215
698 219
704 221
710 221
716 219
722 215
728 210
733 204
739 199
745 196
751 195
757 195
763 197
769 200
775 202
781 204
787 205
793 206
799 207
805 208
811 208
817 210
823 211
829 212
835 212
841 212
847 210
853 208
859 204
865 201
871 197
877 195
883 194
889 194
895 194
901 195
907 196
913 197
919 197
925 198
931 198
937 199
943 200
949 203
955 206
961 209
967 211
973 212
979 212
985 211
991 208
997 206
1003 204
1009 203
1015 203
1021 205
1027 207
1033 208
1039 209
1045 210
1051 210
1057 209
1063 208
1069 207
1075 207
1081 207
1087 208
1093 209
1099 209
1105 208
1111 206
1117 204
1123 201
1129 199
1135 198
1141 198
1147 199
1153 201
1159 203
1165 204
1171 204
1177 203
1183 201
1189 198
