0 181
4 179
8 178
12 179
16 180
20 183
24 186
27 190
30 194
32 198
34 202
36 206
37 210
37 214
37 218
37 222
36 226
32 230
28 233
24 237
21 241
20 245
20 249
21 253
22 257
25 261
28 265
32 268
36 270
40 272
44 273
48 273
52 272
56 271
60 270
64 268
68 264
72 260
75 256
77 252
79 248
81 244
82 240
83 236
83 232
84 228
84 224
84 220
83 216
82 212
81 208
80 204
77 200
74 196
72 192
71 188
70 184
69 180
69 176
69 172
69 168
70 164
71 160
73 156
76 152
79 148
83 145
87 142
91 140
95 139
99 138
103 138
107 138
111 138
115 139
119 140
123 142
127 145
131 148
135 152
138 156
140 160
142 164
143 168
143 172
143 176
143 180
142 184
139 188
136 192
133 196
131 200
130 204
129 208
129 212
128 216
128 220
128 224
129 228
129 232
130 236
131 240
133 244
134 248
136 252
139 256
142 260
146 264
150 268
154 270
158 272
162 274
166 275
170 275
174 275
178 275
182 274
186 273
190 272
194 269
198 266
202 262
204 258
206 254
207 250
207 246
207 242
207 238
206 234
205 230
204 226
204 222
205 218
206 214
208 210
210 206
214 202
218 199
222 197
226 196
230 196
234 196
238 198
242 200
246 204
249 208
252 212
254 216
255 220
257 224
258 228
260 232
262 236
265 240
269 244
273 247
277 249
281 251
285 251
289 251
293 250
297 249
301 247
305 243
309 239
311 235
312 231
313 227
313 223
313 219
312 215
311 211
311 207
311 203
312 199
314 195
316 191
320 187
324 184
328 181
332 179
336 177
340 174
344 172
348 170
352 168
356 166
360 164
364 162
368 159
372 158
376 156
380 155
384 154
388 154
392 154
396 154
400 155
404 156
408 158
412 160
416 163
420 166
423 170
426 174
428 178
430 182
432 186
433 190
434 194
435 198
435 202
436 206
436 210
436 214
436 218
435 222
434 226
432 230
428 233
424 236
421 240
420 244
419 248
419 252
419 256
420 260
421 264
423 268
425 272
428 276
432 280
436 283
440 285
444 287
448 289
452 289
456 290
460 290
464 289
468 289
472 287
476 285
480 283
484 279
488 275
490 271
492 267
493 263
494 259
494 255
494 251
494 247
493 243
492 239
491 235
489 231
486 227
482 223
478 219
477 215
476 211
475 207
475 203
475 199
475 195
476 191
476 187
477 183
478 179
480 175
481 171
483 167
486 163
489 159
493 156
497 153
501 152
505 150
509 150
513 150
517 150
521 152
525 154
529 157
532 161
534 165
535 169
535 173
534 177
531 181
527 185
524 189
522 193
521 197
521 201
521 205
522 209
523 213
525 217
526 221
528 225
531 229
534 233
538 237
542 240
546 243
550 244
554 245
558 246
562 245
566 244
570 242
574 238
576 234
578 230
579 226
581 222
583 218
586 214
590 211
594 209
598 207
602 207
606 207
610 207
614 208
618 208
622 209
626 208
630 208
634 206
638 204
642 200
645 196
648 192
650 188
652 184
656 180
660 177
664 176
668 176
672 177
676 179
680 182
683 186
686 190
687 194
689 198
690 202
690 206
691 210
691 214
691 218
690 222
689 226
686 230
683 234
681 238
679 242
679 246
679 250
679 254
681 258
683 262
686 266
690 269
694 272
698 273
702 274
706 275
710 275
714 274
718 273
722 270
726 267
730 263
732 259
734 255
735 251
735 247
735 243
734 239
733 235
731 231
728 227
726 223
725 219
725 215
725 211
725 207
725 203
726 199
727 195
728 191
730 187
732 183
736 179
740 176
744 174
748 173
752 172
756 173
760 174
764 176
768 180
771 184
773 188
774 192
776 196
777 200
779 204
781 208
784 212
787 216
790 220
794 224
797 228
801 232
805 235
809 239
813 242
817 245
821 247
825 249
829 250
833 251
837 251
841 251
845 250
849 248
853 246
857 243
860 239
863 235
865 231
866 227
866 223
866 219
866 215
865 211
863 207
862 203
860 199
859 195
858 191
858 187
859 183
860 179
862 175
865 171
869 168
873 165
877 164
881 163
885 162
889 162
893 162
897 163
901 164
905 166
909 167
913 169
917 171
921 173
925 175
929 177
933 179
937 182
941 186
944 190
946 194
947 198
947 202
947 206
946 210
945 214
945 218
944 222
945 226
946 230
947 234
950 238
954 242
958 245
962 246
966 247
970 247
974 246
978 244
982 241
986 237
988 233
990 229
992 225
994 221
997 217
1001 213
1005 210
1009 209
1013 209
1017 209
1021 212
1024 216
1026 220
1028 224
1031 228
1034 232
1038 236
1042 238
1046 238
1050 238
1054 238
1058 236
1062 235
1066 233
1070 232
1074 231
1078 230
1082 231
1086 231
1090 232
1094 233
1098 233
1102 232
1106 231
1110 229
1114 225
1117 221
1118 217
1118 213
1118 209
1118 205
1118 201
1118 197
1118 193
1120 189
1124 185
1128 183
1132 182
1136 183
1140 184
1144 186
1148 189
1151 193
1155 197
1159 201
1163 204
1167 206
1171 207
1175 207
1179 206
1183 204
1187 201
1190 197
1193 193
1195 189
