0 196
6 196
12 196
18 197
24 198
30 198
36 199
42 200
48 200
54 199
60 199
66 198
72 197
78 196
84 195
90 195
96 195
102 195
108 195
114 195
120 196
126 196
132 197
138 197
144 198
150 199
156 199
162 199
168 199
174 199
180 199
186 199
192 199
198 199
204 199
210 198
216 198
222 198
228 197
234 197
240 197
246 197
252 197
258 198
264 198
270 198
276 198
282 198
288 198
294 197
300 197
306 197
312 196
318 196
324 196
330 196
336 196
342 196
348 196
354 195
360 195
366 195
372 195
378 195
384 195
390 195
396 195
402 195
408 196
414 196
420 196
426 197
432 197
438 198
444 199
450 200
456 200
462 200
468 200
474 200
480 199
486 198
492 197
498 196
504 195
510 195
516 195
522 195
528 196
534 197
540 197
546 198
552 198
558 198
564 198
570 198
576 198
582 197
588 197
594 197
600 197
606 197
612 197
618 197
624 197
630 197
636 197
642 197
648 197
654 196
660 196
666 196
672 196
678 197
684 198
690 198
696 199
702 200
708 200
714 200
720 199
726 198
732 197
738 197
744 196
750 196
756 196
762 196
768 197
774 197
780 197
786 197
792 197
798 197
804 197
810 198
816 198
822 198
828 198
834 198
840 198
846 198
852 198
858 197
864 197
870 196
876 196
882 196
888 196
894 196
900 196
906 196
912 196
918 196
924 196
930 196
936 196
942 196
948 197
954 197
960 198
966 198
972 198
978 198
984 198
990 198
996 198
1002 197
1008 197
1014 197
1020 197
1026 198
1032 198
1038 198
1044 198
1050 198
1056 198
1062 198
1068 198
1074 198
1080 198
1086 198
1092 198
1098 198
1104 198
1110 198
1116 197
1122 197
1128 196
1134 196
1140 196
1146 196
1152 197
1158 197
1164 197
1170 198
1176 197
1182 197
1188 196
