0 183
9 174
7 165
10 156
19 156
28 158
37 163
46 170
54 179
60 188
62 197
63 206
61 215
57 224
50 233
41 236
35 227
26 226
17 233
13 242
11 251
12 260
15 269
23 278
32 283
41 285
50 284
59 280
68 272
74 263
78 254
81 245
84 236
87 227
90 218
92 209
95 200
96 191
97 182
97 173
95 164
86 161
77 155
70 146
65 137
63 128
64 119
67 110
74 101
83 94
92 90
101 88
110 88
119 89
128 92
137 97
146 105
152 114
156 123
159 132
159 141
157 150
154 159
147 168
138 163
129 161
125 170
123 179
122 188
121 197
121 206
120 215
121 224
121 233
122 242
124 251
126 260
130 269
135 278
143 287
152 293
161 297
170 298
179 298
188 295
197 290
206 281
210 272
212 263
212 254
208 245
199 238
190 238
181 231
180 222
182 213
186 204
193 195
202 188
211 183
220 181
229 182
238 185
247 191
253 200
256 209
256 218
258 227
262 236
268 245
277 252
286 256
295 257
304 256
313 251
322 244
328 235
332 226
334 217
335 208
332 199
323 194
314 191
310 182
310 173
313 164
317 155
324 146
333 137
342 129
351 121
360 115
369 110
378 107
387 106
396 107
405 109
414 114
423 121
430 130
434 139
437 148
439 157
440 166
441 175
441 184
441 193
441 202
440 211
440 220
439 229
438 238
434 247
426 238
423 229
414 231
409 240
407 249
406 258
406 267
408 276
411 285
416 294
423 303
432 310
441 314
450 316
459 316
468 314
477 311
486 305
493 296
497 287
499 278
498 269
495 260
490 251
482 242
482 233
489 242
496 251
487 260
482 251
473 260
464 255
464 246
463 237
462 228
461 219
462 210
464 201
466 192
469 183
472 174
475 165
478 156
481 147
484 138
489 129
496 120
505 115
514 112
523 113
532 116
541 123
546 132
548 141
547 150
543 159
534 166
525 159
516 159
507 166
502 175
499 184
498 193
499 202
503 211
509 220
518 229
527 235
536 241
545 244
554 245
563 244
572 239
576 230
571 221
567 212
573 203
582 197
591 194
600 192
609 191
618 190
627 189
636 186
645 182
652 173
652 164
650 155
657 146
666 144
675 146
684 153
690 162
694 171
697 180
698 189
700 198
700 207
700 216
699 225
698 234
689 241
680 236
672 245
670 254
670 263
673 272
678 281
687 289
696 293
705 294
714 294
723 290
732 283
738 274
741 265
742 256
741 247
737 238
728 236
720 227
720 218
720 209
720 200
721 191
722 182
723 173
725 164
728 155
734 146
743 140
752 138
761 139
770 144
778 153
781 162
781 171
778 180
778 189
781 198
784 207
789 216
794 225
799 234
806 243
815 252
824 258
833 261
842 261
851 259
860 254
868 245
873 236
876 227
878 218
878 209
877 200
875 191
867 182
876 182
869 173
860 182
851 182
846 173
845 164
845 155
847 146
851 137
858 128
867 121
876 118
885 116
894 116
903 117
912 121
921 125
930 131
939 140
946 149
950 158
951 167
949 176
940 185
931 190
928 199
928 208
929 217
931 226
935 235
941 244
950 250
959 253
968 252
977 244
979 235
979 226
980 217
985 208
994 200
1003 196
1012 195
1021 198
1026 207
1026 216
1026 225
1029 234
1038 243
1047 246
1056 246
1065 242
1074 238
1083 235
1092 233
1101 232
1110 229
1119 224
1126 215
1128 206
1126 197
1118 188
1109 183
1104 174
1105 165
1111 156
1120 151
1129 150
1138 153
1147 161
1155 170
1164 178
1173 182
1182 185
