0 262
6 265
12 265
18 264
24 262
30 258
36 252
41 246
46 240
50 234
53 228
56 222
58 216
60 210
61 204
62 198
62 192
61 186
59 180
56 174
50 168
44 165
38 165
32 169
28 175
27 181
24 187
18 191
12 189
6 184
4 178
2 172
2 166
3 160
5 154
7 148
10 142
14 136
19 130
25 125
31 122
37 120
43 119
49 118
55 119
61 122
67 125
73 130
77 136
81 142
84 148
87 154
89 160
91 166
93 172
95 178
97 184
98 190
100 196
101 202
101 208
102 214
102 220
102 226
96 222
94 216
92 210
86 214
84 220
82 226
80 232
78 238
75 244
74 250
72 256
71 262
70 268
70 274
71 280
73 286
76 292
81 298
87 303
93 306
99 308
105 309
111 309
117 308
123 307
129 304
135 301
141 296
146 290
150 284
153 278
155 272
157 266
158 260
159 254
160 248
161 242
161 236
161 230
161 224
160 218
160 212
159 206
156 200
150 199
146 205
145 211
143 217
141 223
135 228
132 222
131 216
130 210
129 204
128 198
128 192
128 186
127 180
128 174
128 168
129 162
129 156
131 150
133 144
135 138
139 132
144 126
150 121
156 118
162 115
168 114
174 114
180 115
186 117
192 120
198 123
204 128
210 134
215 140
219 146
223 152
227 158
230 164
233 170
236 176
239 182
241 188
242 194
243 200
244 206
243 212
241 218
236 224
230 225
225 219
223 213
221 207
219 201
215 195
209 192
203 194
199 200
197 206
196 212
195 218
195 224
195 230
196 236
197 242
198 248
200 254
202 260
205 266
209 272
215 278
221 283
227 285
233 286
239 286
245 285
251 283
257 279
263 273
268 267
271 261
275 255
278 249
281 243
284 237
286 231
289 225
292 219
294 213
296 207
298 201
299 195
301 189
301 183
302 177
302 171
302 165
302 159
301 153
299 147
293 142
287 148
286 154
285 160
285 166
284 172
283 178
277 184
273 178
270 172
267 166
265 160
263 154
262 148
260 142
259 136
259 130
259 124
260 118
262 112
265 106
269 100
275 95
281 91
287 88
293 87
299 86
305 86
311 87
317 89
323 92
329 96
335 101
340 107
344 113
347 119
349 125
351 131
353 137
354 143
355 149
355 155
356 161
356 167
356 173
356 179
356 185
356 191
356 197
355 203
354 209
348 214
346 208
345 202
344 196
343 190
342 184
341 178
340 172
339 166
337 160
331 154
328 160
327 166
326 172
325 178
325 184
324 190
323 196
322 202
321 208
320 214
319 220
318 226
317 232
316 238
316 244
315 250
315 256
315 262
316 268
317 274
319 280
321 286
325 292
329 298
335 303
341 307
347 310
353 312
359 313
365 314
371 314
377 313
383 311
389 309
395 305
401 301
407 295
412 289
415 283
418 277
421 271
423 265
424 259
426 253
427 247
428 241
429 235
430 229
431 223
431 217
432 211
432 205
432 199
433 193
433 187
432 181
432 175
430 169
424 164
418 168
415 174
413 180
412 186
410 192
409 198
408 204
406 210
400 215
396 209
394 203
394 197
393 191
393 185
393 179
393 173
394 167
394 161
395 155
396 149
398 143
400 137
402 131
405 125
408 119
413 113
419 107
425 102
431 99
437 97
443 96
449 96
455 97
461 98
467 101
473 105
479 110
484 116
488 122
491 128
493 134
495 140
496 146
498 152
498 158
499 164
499 170
500 176
500 182
499 188
499 194
499 200
498 206
497 212
495 218
489 220
487 214
485 208
484 202
483 196
482 190
481 184
479 178
476 172
470 171
467 177
465 183
464 189
464 195
463 201
463 207
463 213
462 219
462 225
463 231
463 237
463 243
464 249
465 255
466 261
468 267
469 273
472 279
475 285
479 291
484 297
490 302
496 305
502 307
508 309
514 309
520 308
526 307
532 305
538 301
544 295
549 289
552 283
555 277
557 271
558 265
559 259
560 253
560 247
561 241
561 235
561 229
561 223
561 217
561 211
560 205
560 199
560 193
559 187
558 181
552 180
549 186
547 192
545 198
543 204
541 210
535 215
534 209
533 203
533 197
533 191
534 185
534 179
535 173
535 167
536 161
537 155
538 149
540 143
541 137
543 131
545 125
548 119
552 113
556 107
562 101
568 97
574 94
580 92
586 90
592 90
598 90
604 91
610 93
616 95
622 99
628 104
634 110
639 116
643 122
646 128
648 134
651 140
652 146
654 152
655 158
656 164
656 170
656 176
656 182
655 188
654 194
652 200
648 206
642 210
636 210
631 204
629 198
629 192
629 186
628 180
627 174
625 168
620 162
614 159
608 159
602 163
598 169
595 175
594 181
593 187
592 193
592 199
592 205
592 211
593 217
594 223
594 229
596 235
597 241
598 247
600 253
602 259
605 265
608 271
611 277
616 283
622 289
628 293
634 296
640 298
646 299
652 299
658 299
664 297
670 296
676 293
682 291
688 288
694 285
700 281
706 278
712 274
718 270
724 265
730 259
734 253
738 247
741 241
742 235
744 229
745 223
746 217
746 211
746 205
746 199
746 193
746 187
745 181
745 175
744 169
744 163
743 157
743 151
743 145
742 139
742 133
740 127
734 123
729 129
726 135
725 141
723 147
722 153
721 159
720 165
719 171
718 177
717 183
711 184
709 178
707 172
707 166
706 160
706 154
706 148
706 142
706 136
707 130
708 124
709 118
710 112
712 106
715 100
718 94
722 88
727 82
733 77
739 73
745 70
751 67
757 65
763 64
769 64
775 64
781 64
787 65
793 67
799 70
805 73
811 77
817 83
822 89
826 95
829 101
830 107
832 113
832 119
832 125
831 131
829 137
825 143
820 149
814 152
808 150
804 144
804 138
804 132
803 126
801 120
797 114
791 109
785 108
779 110
774 116
771 122
770 128
769 134
769 140
769 146
769 152
770 158
771 164
772 170
773 176
774 182
776 188
777 194
779 200
781 206
784 212
786 218
789 224
792 230
795 236
800 242
805 248
811 253
817 257
823 260
829 262
835 263
841 263
847 263
853 261
859 259
865 255
871 250
876 244
879 238
881 232
882 226
880 220
878 214
876 208
878 202
882 196
888 190
894 186
900 183
906 181
912 180
918 180
924 181
930 182
936 184
942 187
948 192
954 198
958 204
960 210
962 216
961 222
959 228
953 232
947 233
941 237
938 243
937 249
937 255
938 261
941 267
944 273
949 279
955 283
961 286
967 289
973 290
979 290
985 290
991 289
997 287
1003 284
1009 280
1015 276
1021 270
1025 264
1029 258
1033 252
1036 246
1038 240
1040 234
1042 228
1044 222
1046 216
1047 210
1049 204
1050 198
1051 192
1053 186
1054 180
1055 174
1056 168
1057 162
1058 156
1058 150
1059 144
1059 138
1059 132
1059 126
1057 120
1051 115
1045 117
1039 123
1037 129
1035 135
1034 141
1032 147
1026 152
1020 147
1017 141
1015 135
1014 129
1014 123
1015 117
1016 111
1018 105
1021 99
1024 93
1029 87
1035 82
1041 77
1047 74
1053 71
1059 70
1065 68
1071 68
1077 68
1083 68
1089 69
1095 71
1101 73
1107 76
1113 80
1119 85
1124 91
1128 97
1131 103
1134 109
1136 115
1137 121
1138 127
1138 133
1137 139
1137 145
1135 151
1133 157
1128 163
1122 166
1116 161
1114 155
1114 149
1113 143
1112 137
1111 131
1107 125
1101 120
1095 121
1090 127
1087 133
1085 139
1084 145
1083 151
1082 157
1081 163
1081 169
1080 175
1080 181
1080 187
1080 193
1081 199
1081 205
1082 211
1083 217
1085 223
1087 229
1089 235
1093 241
1098 247
1104 250
1110 252
1116 251
1122 246
1126 240
1132 235
1138 233
1144 232
1150 232
1156 232
1162 233
1168 234
1174 236
1180 238
1186 241
1192 246
1195 252
