0 221
6 221
12 221
18 221
24 221
30 220
36 220
42 220
48 220
54 220
60 220
66 220
72 220
78 221
84 221
90 221
96 221
102 221
108 221
114 221
120 221
126 221
132 221
138 220
144 220
150 220
156 220
162 220
168 220
174 220
180 220
186 220
192 220
198 220
204 220
210 220
216 220
222 220
228 221
234 221
240 221
246 221
252 221
258 221
264 220
270 220
276 220
282 220
288 220
294 220
300 220
306 220
312 220
318 220
324 220
330 221
336 221
342 221
348 221
354 221
360 221
366 221
372 221
378 221
384 221
390 221
396 221
402 221
408 221
414 221
420 221
426 220
432 220
438 220
444 220
450 220
456 220
462 220
468 220
474 220
480 221
486 221
492 221
498 221
504 221
510 221
516 221
522 221
528 221
534 221
540 220
546 220
552 220
558 220
564 220
570 220
576 220
582 220
588 220
594 220
600 220
606 220
612 220
618 220
624 221
630 221
636 221
642 221
648 221
654 221
660 221
666 221
672 221
678 221
684 221
690 221
696 221
702 221
708 221
714 221
720 221
726 221
732 221
738 220
744 220
750 220
756 220
762 220
768 220
774 220
780 220
786 220
792 220
798 220
804 220
810 220
816 221
822 221
828 221
834 221
840 221
846 220
852 221
858 221
864 221
870 221
876 221
882 221
888 221
894 221
900 221
906 221
912 221
918 221
924 221
930 221
936 221
942 221
948 221
954 221
960 221
966 221
972 221
978 221
984 221
990 221
996 221
1002 221
1008 221
1014 221
1020 221
1026 221
1032 220
1038 220
1044 220
1050 220
1056 220
1062 220
1068 220
1074 220
1080 220
1086 220
1092 220
1098 220
1104 220
1110 220
1116 221
1122 221
1128 221
1134 221
1140 221
1146 221
1152 221
1158 220
1164 220
1170 220
1176 220
1182 221
1188 221
