0 247
6 248
12 247
18 244
24 238
28 232
30 226
31 220
31 214
29 208
28 202
27 196
27 190
30 184
35 178
41 174
47 173
53 172
59 173
65 175
71 179
76 185
79 191
81 197
82 203
81 209
79 215
78 221
76 227
76 233
76 239
78 245
81 251
86 257
92 262
98 264
104 266
110 266
116 265
122 262
128 259
133 253
137 247
140 241
141 235
141 229
140 223
140 217
139 211
140 205
141 199
144 193
148 187
154 181
160 177
166 174
172 173
178 173
184 174
190 175
196 179
202 183
207 189
210 195
212 201
213 207
213 213
213 219
212 225
211 231
212 237
214 243
217 249
223 255
229 259
235 261
241 261
247 261
253 259
259 255
265 250
269 244
272 238
274 232
275 226
275 220
275 214
273 208
270 202
267 196
266 190
266 184
267 178
269 172
273 166
279 161
285 157
291 155
297 154
303 155
309 156
315 159
321 163
327 169
330 175
333 181
334 187
333 193
330 199
326 205
323 211
322 217
322 223
322 229
323 235
326 241
329 247
333 253
339 258
345 262
351 265
357 266
363 267
369 268
375 267
381 266
387 264
393 262
399 258
405 253
411 247
414 241
417 235
419 229
420 223
421 217
420 211
418 205
416 199
414 193
415 187
416 181
420 175
425 169
431 164
437 161
443 159
449 159
455 159
461 161
467 164
473 169
478 175
482 181
484 187
485 193
484 199
483 205
479 211
476 217
475 223
474 229
474 235
476 241
478 247
481 253
486 259
492 264
498 267
504 269
510 269
516 269
522 268
528 265
534 261
540 255
544 249
547 243
549 237
550 231
550 225
550 219
549 213
548 207
548 201
549 195
550 189
552 183
556 177
561 171
567 165
573 162
579 159
585 158
591 158
597 158
603 160
609 163
615 167
621 173
625 179
627 185
628 191
627 197
624 203
620 209
617 215
615 221
615 227
616 233
618 239
621 245
625 251
631 256
637 259
643 261
649 262
655 261
661 260
667 258
673 256
679 254
685 252
691 250
697 249
703 249
709 248
715 247
721 246
727 243
733 239
738 233
742 227
744 221
745 215
745 209
744 203
741 197
736 191
732 185
732 179
732 173
735 167
739 161
745 155
751 151
757 148
763 147
769 146
775 147
781 148
787 151
793 155
798 161
802 167
803 173
802 179
800 185
797 191
795 197
795 203
796 209
797 215
800 221
804 227
810 233
816 236
822 239
828 240
834 241
840 240
846 240
852 239
858 239
864 238
870 236
876 234
882 231
888 226
894 220
900 215
906 211
912 209
918 208
924 209
930 212
936 218
940 224
943 230
947 236
953 242
959 246
965 248
971 249
977 248
983 247
989 246
995 244
1001 242
1007 240
1013 238
1019 235
1025 233
1031 229
1037 224
1041 218
1044 212
1046 206
1047 200
1047 194
1046 188
1045 182
1045 176
1048 170
1052 164
1058 158
1064 155
1070 153
1076 153
1082 153
1088 154
1094 157
1100 161
1106 167
1109 173
1111 179
1111 185
1109 191
1105 197
1102 203
1101 209
1100 215
1101 221
1102 227
1105 233
1110 239
1116 243
1122 245
1128 245
1134 244
1140 241
1146 236
1152 232
1158 229
1164 227
1170 228
1176 230
1182 234
1188 240
