0 251
6 253
12 253
18 251
24 248
30 244
35 238
40 232
43 226
46 220
49 214
50 208
52 202
53 196
53 190
52 184
51 178
47 172
41 169
35 169
29 173
24 179
18 180
12 176
9 170
8 164
9 158
10 152
12 146
16 140
21 134
27 129
33 125
39 123
45 122
51 122
57 123
63 125
69 128
75 133
80 139
84 145
87 151
89 157
91 163
93 169
94 175
95 181
96 187
96 193
96 199
96 205
90 208
86 202
80 205
78 211
76 217
75 223
73 229
72 235
71 241
71 247
71 253
72 259
74 265
76 271
80 277
86 283
92 287
98 289
104 290
110 291
116 290
122 288
128 286
134 282
140 276
145 270
148 264
151 258
153 252
155 246
156 240
157 234
158 228
158 222
157 216
156 210
153 204
147 202
141 208
135 212
131 206
130 200
129 194
129 188
129 182
129 176
130 170
131 164
132 158
134 152
136 146
139 140
144 134
150 128
156 124
162 122
168 121
174 120
180 121
186 122
192 125
198 129
204 133
210 139
214 145
218 151
222 157
225 163
228 169
231 175
233 181
234 187
235 193
236 199
235 205
229 211
223 209
218 203
212 197
206 197
202 203
200 209
199 215
198 221
199 227
200 233
201 239
203 245
206 251
209 257
214 263
220 268
226 271
232 273
238 273
244 273
250 271
256 268
262 263
267 257
272 251
275 245
278 239
281 233
283 227
285 221
287 215
289 209
291 203
292 197
293 191
294 185
295 179
295 173
295 167
293 161
290 155
284 156
281 162
279 168
277 174
271 178
267 172
264 166
262 160
261 154
260 148
259 142
259 136
259 130
261 124
263 118
266 112
272 106
278 101
284 98
290 96
296 95
302 95
308 95
314 97
320 99
326 102
332 107
338 113
342 119
345 125
348 131
350 137
351 143
352 149
353 155
353 161
353 167
353 173
352 179
351 185
349 191
343 195
340 189
339 183
337 177
336 171
333 165
327 162
323 168
321 174
320 180
319 186
319 192
318 198
317 204
317 210
316 216
316 222
316 228
316 234
317 240
317 246
319 252
320 258
322 264
325 270
329 276
335 282
341 287
347 291
353 293
359 294
365 295
371 295
377 294
383 292
389 290
395 286
401 282
407 276
411 270
415 264
418 258
420 252
422 246
424 240
426 234
427 228
429 222
430 216
430 210
431 204
431 198
431 192
431 186
430 180
428 174
422 170
416 174
413 180
411 186
408 192
402 197
398 191
397 185
396 179
396 173
396 167
397 161
397 155
399 149
400 143
403 137
405 131
409 125
414 119
420 113
426 109
432 106
438 104
444 103
450 103
456 104
462 106
468 108
474 112
480 118
485 124
488 130
491 136
493 142
495 148
496 154
497 160
498 166
498 172
498 178
498 184
497 190
496 196
493 202
487 203
484 197
483 191
481 185
478 179
472 176
468 182
466 188
465 194
464 200
464 206
463 212
463 218
464 224
464 230
465 236
466 242
468 248
469 254
472 260
474 266
478 272
483 278
489 284
495 288
501 290
507 292
513 292
519 291
525 290
531 287
537 283
543 278
547 272
551 266
553 260
556 254
557 248
558 242
559 236
560 230
561 224
561 218
561 212
561 206
560 200
559 194
557 188
551 186
547 192
544 198
538 199
536 193
535 187
535 181
536 175
536 169
537 163
538 157
539 151
541 145
542 139
545 133
547 127
551 121
556 115
562 109
568 105
574 102
580 100
586 99
592 98
598 99
604 100
610 101
616 104
622 108
628 112
633 118
638 124
641 130
644 136
647 142
648 148
650 154
651 160
651 166
651 172
650 178
648 184
645 190
639 195
633 195
629 189
627 183
626 177
623 171
617 166
611 166
605 170
601 176
599 182
597 188
596 194
596 200
596 206
597 212
597 218
598 224
600 230
601 236
603 242
606 248
609 254
613 260
617 266
623 272
629 276
635 279
641 281
647 282
653 282
659 281
665 280
671 277
677 275
683 272
689 269
695 267
701 264
707 261
713 258
719 254
725 250
731 244
736 238
740 232
743 226
745 220
747 214
748 208
749 202
749 196
749 190
749 184
749 178
748 172
748 166
747 160
746 154
745 148
743 142
737 136
731 141
728 147
726 153
725 159
723 165
721 171
715 172
712 166
710 160
709 154
709 148
709 142
709 136
710 130
711 124
713 118
716 112
719 106
723 100
728 94
734 89
740 85
746 82
752 80
758 78
764 77
770 76
776 77
782 78
788 79
794 81
800 84
806 88
812 93
817 99
821 105
824 111
825 117
826 123
826 129
825 135
823 141
818 147
812 149
806 145
804 139
801 133
797 127
791 124
785 124
779 130
776 136
775 142
775 148
775 154
776 160
777 166
778 172
779 178
780 184
782 190
784 196
786 202
788 208
791 214
794 220
799 226
804 232
810 238
816 242
822 245
828 247
834 248
840 248
846 248
852 247
858 245
864 242
870 238
876 232
879 226
882 220
883 214
883 208
884 202
886 196
890 190
896 185
902 181
908 179
914 178
920 178
926 179
932 181
938 184
944 189
948 195
951 201
953 207
952 213
949 219
944 225
941 231
940 237
941 243
943 249
947 255
952 261
958 265
964 268
970 270
976 270
982 270
988 269
994 267
1000 265
1006 261
1012 257
1018 251
1024 245
1029 239
1033 233
1036 227
1040 221
1042 215
1045 209
1047 203
1049 197
1051 191
1052 185
1054 179
1055 173
1056 167
1057 161
1057 155
1057 149
1057 143
1055 137
1049 131
1043 134
1038 140
1034 146
1028 149
1023 143
1021 137
1020 131
1021 125
1022 119
1024 113
1028 107
1032 101
1038 95
1044 91
1050 87
1056 85
1062 83
1068 82
1074 81
1080 82
1086 82
1092 84
1098 86
1104 89
1110 92
1116 97
1121 103
1126 109
1129 115
1131 121
1133 127
1133 133
1133 139
1133 145
1131 151
1128 157
1122 162
1116 160
1113 154
1111 148
1109 142
1103 137
1097 138
1091 144
1088 150
1087 156
1086 162
1085 168
1084 174
1084 180
1084 186
1084 192
1084 198
1085 204
1086 210
1088 216
1090 222
1093 228
1098 234
1104 239
1110 242
1116 243
1122 241
1128 236
1133 230
1139 226
1145 224
1151 223
1157 223
1163 224
1169 225
1175 227
1181 230
1187 234
1191 240
