0 219
6 219
12 219
18 219
24 219
30 219
36 219
42 218
48 218
54 218
60 218
66 219
72 219
78 219
84 219
90 219
96 219
102 219
108 219
114 219
120 219
126 219
132 219
138 219
144 219
150 219
156 219
162 219
168 218
174 218
180 218
186 218
192 218
198 218
204 218
210 219
216 219
222 219
228 219
234 219
240 219
246 219
252 219
258 219
264 219
270 219
276 218
282 218
288 218
294 218
300 218
306 218
312 218
318 219
324 219
330 219
336 219
342 219
348 219
354 219
360 219
366 219
372 219
378 219
384 219
390 219
396 219
402 219
408 219
414 219
420 219
426 219
432 219
438 218
444 218
450 218
456 218
462 218
468 218
474 219
480 219
486 219
492 219
498 219
504 219
510 219
516 219
522 219
528 219
534 219
540 219
546 219
552 219
558 219
564 219
570 218
576 218
582 218
588 218
594 218
600 218
606 218
612 218
618 219
624 219
630 219
636 219
642 219
648 219
654 219
660 219
666 219
672 219
678 219
684 219
690 219
696 219
702 219
708 219
714 219
720 219
726 219
732 219
738 219
744 219
750 218
756 218
762 218
768 218
774 218
780 218
786 218
792 218
798 219
804 219
810 219
816 219
822 219
828 219
834 219
840 219
846 219
852 219
858 219
864 219
870 219
876 219
882 219
888 219
894 219
900 219
906 219
912 219
918 219
924 219
930 219
936 219
942 219
948 219
954 219
960 219
966 219
972 219
978 219
984 219
990 219
996 219
1002 219
1008 219
1014 219
1020 219
1026 219
1032 219
1038 219
1044 219
1050 219
1056 218
1062 218
1068 218
1074 218
1080 218
1086 218
1092 218
1098 218
1104 218
1110 219
1116 219
1122 219
1128 219
1134 219
1140 219
1146 219
1152 219
1158 219
1164 219
1170 219
1176 219
1182 219
1188 219
