0 203
6 203
12 203
18 203
24 203
30 202
36 202
42 202
48 202
54 202
60 202
66 202
72 202
78 203
84 203
90 203
96 203
102 204
108 204
114 203
120 203
126 203
132 203
138 202
144 202
150 202
156 202
162 202
168 202
174 202
180 202
186 202
192 202
198 202
204 202
210 202
216 202
222 203
228 203
234 203
240 203
246 203
252 203
258 203
264 203
270 202
276 202
282 201
288 201
294 201
300 201
306 201
312 202
318 202
324 202
330 203
336 203
342 203
348 203
354 203
360 203
366 203
372 203
378 203
384 203
390 203
396 203
402 203
408 203
414 203
420 203
426 202
432 202
438 202
444 201
450 201
456 201
462 201
468 202
474 202
480 203
486 203
492 203
498 204
504 204
510 204
516 203
522 203
528 203
534 203
540 203
546 202
552 202
558 202
564 202
570 202
576 202
582 201
588 201
594 201
600 201
606 202
612 202
618 202
624 203
630 203
636 203
642 204
648 204
654 204
660 204
666 203
672 203
678 203
684 203
690 203
696 203
702 203
708 203
714 203
720 203
726 203
732 203
738 202
744 202
750 202
756 201
762 201
768 201
774 201
780 201
786 201
792 202
798 202
804 202
810 203
816 203
822 203
828 203
834 203
840 203
846 203
852 203
858 203
864 203
870 203
876 203
882 203
888 203
894 203
900 203
906 203
912 203
918 203
924 203
930 203
936 203
942 203
948 203
954 203
960 203
966 203
972 203
978 203
984 203
990 203
996 203
1002 203
1008 203
1014 203
1020 203
1026 203
1032 203
1038 202
1044 202
1050 202
1056 202
1062 201
1068 201
1074 201
1080 201
1086 201
1092 201
1098 202
1104 202
1110 202
1116 203
1122 203
1128 203
1134 203
1140 203
1146 203
1152 203
1158 203
1164 202
1170 202
1176 203
1182 203
1188 203
