0 211
6 211
12 209
18 206
24 202
30 196
36 190
42 186
48 184
54 184
60 185
66 188
72 194
77 200
82 206
88 211
94 215
100 216
106 217
112 216
118 214
124 211
130 207
136 203
142 198
148 194
154 191
160 189
166 187
172 186
178 185
184 185
190 187
196 189
202 192
208 196
214 202
220 207
226 212
232 215
238 216
244 216
250 215
256 212
262 206
267 200
270 194
274 188
279 182
285 178
291 175
297 175
303 176
309 179
315 184
320 190
324 196
328 202
334 208
340 212
346 214
352 216
358 217
364 217
370 217
376 216
382 216
388 215
394 213
400 212
406 209
412 205
418 200
423 194
429 188
435 183
441 179
447 178
453 178
459 179
465 182
471 188
476 194
479 200
484 206
490 212
496 216
502 218
508 219
514 219
520 217
526 215
532 212
538 207
544 203
550 198
556 193
562 189
568 185
574 182
580 180
586 179
592 179
598 179
604 182
610 186
616 192
621 198
626 204
632 209
638 213
644 215
650 216
656 216
662 215
668 213
674 212
680 210
686 210
692 210
698 210
704 211
710 211
716 211
722 209
728 207
734 203
739 197
744 191
748 185
754 179
760 175
766 173
772 173
778 174
784 177
790 182
795 188
800 194
806 199
812 203
818 205
824 206
830 207
836 207
842 206
848 206
854 206
860 206
866 206
872 206
878 205
884 205
890 204
896 202
902 201
908 199
914 199
920 199
926 199
932 201
938 203
944 205
950 207
956 208
962 209
968 209
974 209
980 208
986 208
992 207
998 206
1004 206
1010 205
1016 205
1022 204
1028 203
1034 201
1040 198
1046 194
1052 189
1058 184
1064 180
1070 178
1076 177
1082 177
1088 179
1094 182
1100 187
1105 193
1110 199
1116 205
1122 208
1128 210
1134 210
1140 209
1146 207
1152 205
1158 203
1164 202
1170 202
1176 203
1182 205
1188 207
