0 248
6 250
12 249
18 247
24 243
30 237
33 231
36 225
39 219
40 213
41 207
42 201
41 195
39 189
34 183
28 181
22 179
18 173
17 167
18 161
20 155
24 149
30 143
36 139
42 137
48 136
54 136
60 137
66 140
72 144
78 150
82 156
85 162
87 168
89 174
90 180
90 186
90 192
89 198
83 204
77 209
74 215
73 221
72 227
72 233
72 239
73 245
74 251
76 257
80 263
85 269
91 274
97 276
103 278
109 278
115 278
121 276
127 273
133 269
139 263
143 257
146 251
148 245
149 239
150 233
150 227
150 221
148 215
142 209
136 204
134 198
133 192
133 186
134 180
135 174
136 168
139 162
142 156
146 150
152 144
158 140
164 137
170 136
176 136
182 137
188 138
194 141
200 145
206 151
211 157
214 163
217 169
220 175
222 181
224 187
224 193
224 199
221 205
215 207
209 210
206 216
205 222
204 228
205 234
207 240
209 246
212 252
217 258
223 263
229 266
235 267
241 268
247 267
253 265
259 262
265 256
270 250
273 244
276 238
279 232
280 226
282 220
283 214
284 208
285 202
285 196
285 190
284 184
282 178
276 176
270 179
264 175
262 169
261 163
260 157
261 151
262 145
263 139
266 133
270 127
276 121
282 117
288 114
294 113
300 113
306 113
312 114
318 117
324 120
330 125
335 131
339 137
342 143
344 149
345 155
346 161
346 167
346 173
345 179
342 185
336 185
330 179
324 180
320 186
318 192
317 198
317 204
317 210
317 216
317 222
318 228
319 234
320 240
322 246
324 252
327 258
331 264
337 270
343 274
349 278
355 280
361 281
367 282
373 281
379 280
385 278
391 276
397 272
403 267
409 261
413 255
416 249
419 243
421 237
423 231
424 225
426 219
426 213
427 207
427 201
426 195
425 189
419 184
413 185
407 186
403 180
402 174
402 168
403 162
405 156
407 150
410 144
413 138
419 132
425 127
431 123
437 121
443 120
449 119
455 120
461 121
467 124
473 128
479 134
484 140
487 146
489 152
491 158
492 164
493 170
494 176
493 182
492 188
490 194
484 195
478 192
472 194
469 200
468 206
467 212
467 218
467 224
468 230
469 236
470 242
472 248
474 254
477 260
481 266
487 272
493 276
499 279
505 280
511 281
517 281
523 279
529 277
535 273
541 268
546 262
549 256
552 250
554 244
555 238
556 232
557 226
557 220
557 214
556 208
554 202
548 197
542 192
540 186
540 180
540 174
541 168
542 162
544 156
546 150
549 144
552 138
557 132
563 126
569 122
575 119
581 117
587 116
593 116
599 117
605 118
611 120
617 124
623 128
629 134
633 140
636 146
639 152
640 158
641 164
642 170
641 176
639 182
635 188
629 188
623 184
617 183
611 186
608 192
606 198
605 204
604 210
604 216
605 222
606 228
607 234
610 240
612 246
616 252
620 258
626 263
632 267
638 270
644 271
650 272
656 271
662 270
668 268
674 266
680 263
686 261
692 258
698 256
704 254
710 252
716 250
722 247
728 243
734 238
739 232
743 226
745 220
747 214
748 208
749 202
749 196
750 190
749 184
749 178
747 172
745 166
739 160
733 162
727 168
721 168
718 162
717 156
717 150
717 144
719 138
721 132
724 126
728 120
733 114
739 109
745 105
751 102
757 100
763 99
769 99
775 99
781 100
787 102
793 104
799 108
805 113
810 119
813 125
815 131
816 137
816 143
814 149
808 154
802 151
796 149
790 152
786 158
785 164
784 170
785 176
785 182
786 188
788 194
789 200
791 206
794 212
797 218
801 224
807 230
813 235
819 238
825 241
831 242
837 243
843 243
849 242
855 241
861 239
867 237
873 233
879 227
883 221
887 215
889 209
892 203
896 197
902 192
908 189
914 187
920 187
926 188
932 191
938 197
942 203
943 209
944 215
944 221
943 227
944 233
946 239
949 245
954 251
960 255
966 257
972 258
978 259
984 258
990 256
996 254
1002 251
1008 247
1014 243
1020 238
1026 233
1032 227
1036 221
1040 215
1044 209
1046 203
1048 197
1050 191
1052 185
1052 179
1053 173
1052 167
1050 161
1044 155
1038 155
1032 149
1031 143
1032 137
1034 131
1037 125
1042 119
1048 114
1054 110
1060 108
1066 106
1072 105
1078 105
1084 105
1090 107
1096 109
1102 112
1108 116
1114 122
1118 128
1121 134
1123 140
1124 146
1124 152
1123 158
1119 164
1113 166
1107 163
1101 164
1095 170
1093 176
1091 182
1091 188
1090 194
1090 200
1091 206
1092 212
1093 218
1096 224
1099 230
1104 236
1110 241
1116 243
1122 243
1128 241
1134 238
1140 232
1146 228
1152 225
1158 223
1164 223
1170 224
1176 227
1182 231
1187 237
1192 243
