0 222
6 222
12 222
18 222
24 222
30 222
36 221
42 221
48 221
54 221
60 221
66 221
72 222
78 222
84 222
90 222
96 222
102 222
108 222
114 222
120 222
126 222
132 222
138 222
144 221
150 221
156 221
162 221
168 221
174 221
180 221
186 221
192 221
198 221
204 221
210 221
216 222
222 222
228 222
234 222
240 222
246 222
252 222
258 222
264 222
270 221
276 221
282 221
288 221
294 221
300 221
306 221
312 221
318 221
324 222
330 222
336 222
342 222
348 222
354 222
360 222
366 222
372 222
378 222
384 222
390 222
396 222
402 222
408 222
414 222
420 222
426 222
432 221
438 221
444 221
450 221
456 221
462 221
468 221
474 221
480 222
486 222
492 222
498 222
504 222
510 222
516 222
522 222
528 222
534 222
540 222
546 222
552 222
558 221
564 221
570 221
576 221
582 221
588 221
594 221
600 221
606 221
612 221
618 221
624 222
630 222
636 222
642 222
648 222
654 222
660 222
666 222
672 222
678 222
684 222
690 222
696 222
702 222
708 222
714 222
720 222
726 222
732 222
738 222
744 221
750 221
756 221
762 221
768 221
774 221
780 221
786 221
792 221
798 221
804 222
810 222
816 222
822 222
828 222
834 222
840 222
846 222
852 222
858 222
864 222
870 222
876 222
882 222
888 222
894 222
900 222
906 222
912 222
918 222
924 222
930 222
936 222
942 222
948 222
954 222
960 222
966 222
972 222
978 222
984 222
990 222
996 222
1002 222
1008 222
1014 222
1020 222
1026 222
1032 222
1038 222
1044 222
1050 221
1056 221
1062 221
1068 221
1074 221
1080 221
1086 221
1092 221
1098 221
1104 221
1110 222
1116 222
1122 222
1128 222
1134 222
1140 222
1146 222
1152 222
1158 222
1164 222
1170 222
1176 222
1182 222
1188 222
