0 218
6 218
12 217
18 216
24 213
30 211
36 208
42 206
48 205
54 205
60 206
66 208
72 210
78 213
84 216
90 218
96 220
102 220
108 220
114 220
120 218
126 217
132 215
138 213
144 211
150 209
156 208
162 207
168 207
174 206
180 206
186 206
192 207
198 208
204 209
210 211
216 214
222 216
228 218
234 219
240 220
246 220
252 219
258 217
264 214
270 210
276 206
282 203
288 201
294 200
300 201
306 202
312 205
318 208
324 211
330 214
336 217
342 218
348 219
354 220
360 220
366 220
372 220
378 220
384 220
390 219
396 219
402 218
408 216
414 214
420 212
426 209
432 206
438 204
444 202
450 202
456 202
462 204
468 206
474 209
480 213
486 216
492 219
498 220
504 221
510 222
516 221
522 220
528 218
534 217
540 215
546 213
552 211
558 209
564 207
570 205
576 204
582 203
588 203
594 203
600 203
606 205
612 207
618 210
624 213
630 216
636 218
642 219
648 220
654 220
660 220
666 219
672 218
678 217
684 217
690 217
696 217
702 217
708 218
714 218
720 217
726 216
732 214
738 211
744 208
750 205
756 202
762 200
768 200
774 200
780 201
786 203
792 206
798 208
804 211
810 213
816 214
822 215
828 215
834 215
840 215
846 215
852 215
858 215
864 215
870 215
876 215
882 215
888 215
894 214
900 213
906 213
912 212
918 212
924 212
930 213
936 214
942 215
948 216
954 217
960 217
966 217
972 217
978 217
984 216
990 216
996 215
1002 215
1008 215
1014 215
1020 214
1026 214
1032 213
1038 212
1044 210
1050 208
1056 206
1062 204
1068 203
1074 202
1080 201
1086 202
1092 204
1098 206
1104 209
1110 212
1116 214
1122 216
1128 217
1134 217
1140 217
1146 216
1152 215
1158 214
1164 213
1170 213
1176 213
1182 215
1188 216
