0 199
6 199
12 199
18 199
24 198
30 198
36 197
42 197
48 197
54 197
60 197
66 197
72 198
78 198
84 199
90 199
96 200
102 200
108 200
114 199
120 199
126 199
132 198
138 198
144 198
150 198
156 197
162 197
168 197
174 197
180 197
186 197
192 197
198 197
204 197
210 198
216 198
222 198
228 199
234 199
240 199
246 199
252 199
258 199
264 198
270 198
276 197
282 196
288 196
294 196
300 196
306 196
312 197
318 197
324 198
330 199
336 199
342 199
348 199
354 200
360 199
366 199
372 199
378 199
384 199
390 199
396 199
402 199
408 199
414 199
420 198
426 198
432 197
438 197
444 196
450 196
456 196
462 197
468 197
474 198
480 198
486 199
492 199
498 200
504 200
510 200
516 200
522 199
528 199
534 199
540 198
546 198
552 198
558 197
564 197
570 197
576 197
582 196
588 196
594 196
600 196
606 197
612 197
618 198
624 198
630 199
636 199
642 199
648 200
654 200
660 200
666 199
672 199
678 199
684 199
690 199
696 199
702 199
708 199
714 199
720 199
726 199
732 198
738 198
744 197
750 197
756 196
762 196
768 195
774 196
780 196
786 196
792 197
798 197
804 198
810 198
816 198
822 199
828 199
834 199
840 198
846 198
852 198
858 199
864 199
870 199
876 199
882 199
888 199
894 199
900 199
906 198
912 198
918 198
924 198
930 198
936 199
942 199
948 199
954 199
960 199
966 199
972 199
978 199
984 199
990 199
996 199
1002 199
1008 198
1014 198
1020 198
1026 198
1032 198
1038 198
1044 198
1050 197
1056 197
1062 197
1068 196
1074 196
1080 196
1086 196
1092 196
1098 197
1104 197
1110 198
1116 198
1122 199
1128 199
1134 199
1140 199
1146 199
1152 198
1158 198
1164 198
1170 198
1176 198
1182 198
1188 199
