0 224
6 224
12 223
18 222
24 221
30 219
36 218
42 217
48 216
54 216
60 216
66 218
72 219
78 221
84 222
90 224
96 225
102 225
108 225
114 225
120 224
126 223
132 222
138 220
144 219
150 219
156 218
162 217
168 217
174 217
180 217
186 217
192 217
198 218
204 218
210 219
216 221
222 222
228 223
234 224
240 225
246 225
252 224
258 223
264 221
270 219
276 217
282 215
288 214
294 213
300 213
306 214
312 216
318 218
324 220
330 222
336 223
342 224
348 225
354 225
360 225
366 225
372 225
378 225
384 224
390 224
396 224
402 223
408 223
414 222
420 220
426 219
432 217
438 216
444 215
450 214
456 214
462 215
468 217
474 218
480 221
486 222
492 224
498 225
504 226
510 226
516 225
522 225
528 224
534 223
540 221
546 220
552 219
558 218
564 217
570 216
576 216
582 215
588 215
594 215
600 215
606 216
612 217
618 219
624 221
630 222
636 224
642 225
648 225
654 225
660 225
666 224
672 224
678 223
684 223
690 223
696 223
702 223
708 223
714 224
720 223
726 223
732 221
738 220
744 218
750 216
756 214
762 213
768 213
774 213
780 213
786 215
792 216
798 218
804 219
810 221
816 221
822 222
828 222
834 222
840 222
846 222
852 222
858 222
864 222
870 222
876 222
882 222
888 222
894 222
900 221
906 221
912 220
918 220
924 221
930 221
936 221
942 222
948 223
954 223
960 223
966 223
972 223
978 223
984 223
990 222
996 222
1002 222
1008 222
1014 222
1020 221
1026 221
1032 221
1038 220
1044 219
1050 218
1056 217
1062 215
1068 215
1074 214
1080 214
1086 214
1092 215
1098 216
1104 218
1110 220
1116 221
1122 222
1128 223
1134 223
1140 223
1146 222
1152 222
1158 221
1164 221
1170 221
1176 221
1182 222
1188 222
