0 210
6 210
12 210
18 210
24 210
30 209
36 209
42 209
48 209
54 209
60 209
66 209
72 209
78 210
84 210
90 210
96 210
102 210
108 210
114 210
120 210
126 210
132 209
138 209
144 209
150 209
156 209
162 209
168 209
174 209
180 209
186 209
192 209
198 209
204 209
210 209
216 209
222 210
228 210
234 210
240 210
246 210
252 210
258 210
264 209
270 209
276 209
282 209
288 208
294 208
300 208
306 209
312 209
318 209
324 209
330 210
336 210
342 210
348 210
354 210
360 210
366 210
372 210
378 210
384 210
390 210
396 210
402 210
408 210
414 210
420 209
426 209
432 209
438 209
444 209
450 209
456 209
462 209
468 209
474 209
480 209
486 210
492 210
498 210
504 210
510 210
516 210
522 210
528 210
534 210
540 209
546 209
552 209
558 209
564 209
570 209
576 209
582 209
588 209
594 209
600 209
606 209
612 209
618 209
624 209
630 210
636 210
642 210
648 210
654 210
660 210
666 210
672 210
678 210
684 210
690 210
696 210
702 210
708 210
714 210
720 210
726 210
732 210
738 209
744 209
750 209
756 208
762 208
768 208
774 208
780 208
786 209
792 209
798 209
804 209
810 209
816 210
822 210
828 210
834 210
840 210
846 210
852 210
858 210
864 210
870 210
876 210
882 210
888 210
894 210
900 210
906 210
912 210
918 210
924 210
930 210
936 210
942 210
948 210
954 210
960 210
966 210
972 210
978 210
984 210
990 210
996 210
1002 210
1008 210
1014 210
1020 210
1026 210
1032 209
1038 209
1044 209
1050 209
1056 209
1062 209
1068 209
1074 208
1080 208
1086 208
1092 209
1098 209
1104 209
1110 209
1116 210
1122 210
1128 210
1134 210
1140 210
1146 210
1152 210
1158 209
1164 209
1170 209
1176 209
1182 210
1188 210
