0 208
6 208
12 208
18 208
24 208
30 208
36 209
42 209
48 209
54 209
60 209
66 209
72 208
78 208
84 208
90 208
96 208
102 208
108 208
114 208
120 208
126 208
132 208
138 208
144 208
150 209
156 208
162 208
168 208
174 208
180 208
186 208
192 208
198 208
204 209
210 209
216 209
222 209
228 210
234 210
240 210
246 209
252 209
258 209
264 209
270 208
276 208
282 208
288 208
294 208
300 208
306 208
312 208
318 208
324 208
330 208
336 208
342 209
348 209
354 209
360 209
366 209
372 209
378 209
384 208
390 208
396 208
402 207
408 208
414 208
420 208
426 209
432 209
438 210
444 210
450 210
456 209
462 208
468 208
474 207
480 207
486 207
492 207
498 207
504 208
510 208
516 209
522 209
528 210
534 210
540 210
546 210
552 210
558 210
564 209
570 209
576 208
582 207
588 207
594 207
600 207
606 207
612 207
618 208
624 208
630 209
636 210
642 211
648 211
654 211
660 211
666 210
672 210
678 209
684 208
690 207
696 207
702 207
708 207
714 207
720 207
726 208
732 208
738 208
744 209
750 209
756 209
762 209
768 209
774 209
780 209
786 208
792 208
798 208
804 209
810 209
816 209
822 209
828 209
834 209
840 209
846 209
852 209
858 209
864 209
870 209
876 209
882 209
888 210
894 210
900 210
906 210
912 210
918 209
924 209
930 208
936 207
942 207
948 206
954 206
960 207
966 207
972 207
978 208
984 208
990 208
996 209
1002 209
1008 209
1014 209
1020 209
1026 209
1032 209
1038 209
1044 209
1050 209
1056 209
1062 209
1068 209
1074 209
1080 209
1086 209
1092 209
1098 209
1104 209
1110 209
1116 209
1122 209
1128 209
1134 209
1140 209
1146 209
1152 209
1158 209
1164 209
1170 209
1176 209
1182 208
1188 208
