0 127
3 128
6 128
9 129
12 131
15 132
18 135
21 138
23 141
24 144
26 147
27 150
27 153
28 156
28 159
28 162
28 165
28 168
28 171
28 174
27 177
26 180
26 183
25 186
24 189
23 192
23 195
23 198
23 201
23 204
23 207
23 210
23 213
24 216
24 219
25 222
25 225
26 228
27 231
28 234
29 237
30 240
31 243
33 246
35 249
38 252
41 255
44 257
47 258
50 259
53 260
56 260
59 260
62 259
65 258
68 257
71 255
74 253
77 250
79 247
81 244
82 241
83 238
84 235
84 232
84 229
84 226
84 223
83 220
82 217
80 214
77 211
74 209
71 207
68 204
66 201
65 198
65 195
64 192
64 189
64 186
64 183
64 180
65 177
65 174
66 171
67 168
68 165
69 162
71 159
73 156
75 153
77 150
80 147
83 145
86 143
89 142
92 141
95 141
98 141
101 142
104 143
107 144
110 146
112 149
114 152
115 155
115 158
116 161
116 164
115 167
115 170
116 173
116 176
117 179
119 182
120 185
122 188
125 191
128 194
131 196
134 198
137 199
140 200
143 200
146 201
149 201
152 200
155 200
158 199
161 198
164 197
167 195
170 192
173 189
175 186
176 183
177 180
178 177
178 174
179 171
181 168
184 166
187 164
190 164
193 164
196 164
199 165
202 167
205 169
208 172
211 175
214 178
216 181
218 184
220 187
222 190
223 193
224 196
226 199
227 202
228 205
229 208
229 211
230 214
231 217
231 220
231 223
231 226
231 229
231 232
230 235
229 238
228 241
226 244
223 246
220 246
217 245
214 242
211 240
208 239
205 240
202 241
199 244
197 247
195 250
194 253
194 256
193 259
193 262
193 265
194 268
195 271
196 274
197 277
198 280
200 283
202 286
205 289
208 291
211 294
214 296
217 297
220 298
223 299
226 300
229 301
232 301
235 301
238 301
241 300
244 300
247 299
250 298
253 297
256 295
259 293
262 291
265 288
268 285
270 282
272 279
274 276
275 273
277 270
278 267
278 264
279 261
279 258
280 255
280 252
280 249
280 246
280 243
280 240
279 237
279 234
278 231
278 228
277 225
277 222
276 219
275 216
274 213
272 210
271 207
274 210
277 207
276 204
276 201
275 198
273 195
271 198
270 201
269 204
266 205
263 203
261 200
260 197
259 194
258 191
257 188
256 185
255 182
255 179
254 176
254 173
253 170
253 167
252 164
252 161
252 158
252 155
252 152
252 149
252 146
253 143
253 140
254 137
256 134
257 131
259 128
261 125
264 122
267 120
270 118
273 116
276 114
279 113
282 113
285 112
288 112
291 111
294 111
297 112
300 112
303 113
306 114
309 115
312 117
315 119
318 121
321 124
323 127
325 130
327 133
328 136
329 139
330 142
330 145
330 148
331 151
331 154
330 157
330 160
329 163
328 166
327 169
324 172
321 173
318 174
315 176
313 179
312 182
311 185
311 188
311 191
311 194
311 197
312 200
312 203
313 206
314 209
315 212
316 215
317 218
318 221
320 224
321 227
323 230
325 233
327 236
330 239
333 242
336 245
339 246
342 248
345 249
348 250
351 250
354 251
357 250
360 250
363 249
366 247
369 246
372 243
375 240
378 237
380 234
382 231
384 228
385 225
386 222
388 219
389 216
389 213
390 210
391 207
391 204
391 201
391 198
390 195
389 192
386 189
383 189
380 189
377 190
374 187
372 184
372 181
372 178
372 175
373 172
374 169
375 166
376 163
378 160
380 157
383 154
386 151
389 149
392 148
395 147
398 147
401 147
404 147
407 148
410 149
413 150
416 151
419 153
422 156
425 158
428 161
431 164
434 167
436 170
438 173
441 176
443 179
445 182
447 185
448 188
450 191
451 194
452 197
452 200
453 203
452 206
452 209
450 212
447 214
444 214
441 213
438 210
435 208
432 207
429 208
426 210
424 213
422 216
421 219
420 222
419 225
419 228
419 231
419 234
419 237
419 240
420 243
421 246
422 249
424 252
427 255
430 258
433 259
436 260
439 261
442 261
445 260
448 260
451 259
454 257
457 256
460 254
463 252
466 250
469 247
472 244
475 242
478 239
481 236
483 233
486 230
489 227
491 224
493 221
495 218
497 215
499 212
501 209
502 206
503 203
504 200
505 197
505 194
505 191
505 188
505 185
504 182
503 179
501 176
499 173
496 170
493 169
490 168
487 169
485 172
484 175
481 178
478 178
475 176
472 173
470 170
468 167
466 164
464 161
463 158
462 155
461 152
460 149
459 146
459 143
459 140
459 137
459 134
460 131
462 128
464 125
466 122
469 120
472 118
475 117
478 116
481 115
484 115
487 115
490 115
493 116
496 117
499 118
502 120
505 122
508 125
511 128
514 131
517 134
519 137
521 140
523 143
525 146
527 149
529 152
531 155
533 158
535 161
537 164
539 167
540 170
542 173
544 176
545 179
546 182
548 185
549 188
550 191
551 194
552 197
552 200
553 203
553 206
554 209
554 212
554 215
554 218
553 221
553 224
552 227
550 230
548 233
545 235
542 232
542 229
541 226
541 223
540 220
540 217
538 214
535 212
532 213
529 216
526 219
524 222
522 225
520 228
518 231
516 234
515 237
513 240
512 243
510 246
509 249
508 252
507 255
507 258
506 261
506 264
506 267
506 270
506 273
507 276
508 279
509 282
511 285
513 288
516 291
519 294
522 296
525 297
528 299
531 300
534 300
537 300
540 300
543 300
546 300
549 299
552 298
555 296
558 295
561 293
564 290
567 288
569 285
572 282
574 279
576 276
578 273
580 270
582 267
584 264
585 261
587 258
588 255
589 252
591 249
592 246
593 243
594 240
595 237
595 234
596 231
597 228
597 225
597 222
598 219
598 216
598 213
597 210
597 207
597 204
596 201
596 198
595 195
594 192
593 189
592 186
591 183
590 180
589 177
586 174
584 171
583 174
582 177
582 180
581 183
581 186
581 189
581 192
578 189
575 189
573 186
572 183
571 180
570 177
569 174
568 171
567 168
566 165
565 162
564 159
563 156
562 153
562 150
561 147
560 144
560 141
559 138
559 135
559 132
559 129
559 126
559 123
560 120
561 117
562 114
563 111
565 108
568 105
571 102
574 99
577 98
580 96
583 95
586 94
589 94
592 93
595 93
598 94
601 94
604 95
607 96
610 97
613 99
616 102
619 105
621 108
623 111
624 114
625 117
626 120
626 123
627 126
627 129
627 132
626 135
626 138
625 141
625 144
624 147
624 150
623 153
623 156
622 159
622 162
622 165
622 168
622 171
622 174
622 177
623 180
623 183
624 186
624 189
625 192
626 195
626 198
627 201
628 204
629 207
629 210
630 213
631 216
631 219
632 222
632 225
632 228
632 231
631 234
630 237
630 240
629 243
628 246
628 249
627 252
626 255
625 258
625 261
624 264
623 267
623 270
623 273
622 276
622 279
622 282
622 285
623 288
623 291
624 294
625 297
626 300
628 303
630 306
632 309
635 312
638 314
641 316
644 318
647 319
650 320
653 321
656 321
659 322
662 322
665 322
668 321
671 320
674 320
677 318
680 317
683 315
686 313
689 311
692 308
694 305
697 302
698 299
700 296
701 293
702 290
703 287
703 284
703 281
704 278
704 275
703 272
703 269
702 266
701 263
700 260
699 257
697 254
696 251
694 248
691 245
689 242
686 239
683 237
680 234
677 232
674 231
671 230
668 232
667 235
667 238
667 241
668 244
669 247
669 250
670 253
671 256
671 259
670 262
667 264
664 261
662 258
660 255
659 252
658 249
657 246
655 243
654 240
653 237
653 234
652 231
651 228
650 225
649 222
649 219
648 216
648 213
647 210
647 207
646 204
646 201
646 198
646 195
646 192
646 189
646 186
646 183
647 180
647 177
648 174
649 171
650 168
650 165
652 162
653 159
654 156
655 153
657 150
658 147
660 144
661 141
663 138
664 135
666 132
668 129
670 126
671 123
673 120
675 117
677 114
679 111
682 108
685 105
688 102
691 100
694 99
697 97
700 96
703 95
706 95
709 95
712 94
715 95
718 95
721 96
724 96
727 97
730 99
733 101
736 103
739 105
742 108
744 111
746 114
747 117
748 120
749 123
749 126
750 129
749 132
748 135
747 138
745 141
743 144
740 146
737 147
734 147
731 146
728 143
726 140
723 137
720 135
717 134
714 135
711 135
708 136
705 138
702 140
699 142
697 145
694 148
693 151
691 154
690 157
689 160
689 163
688 166
688 169
688 172
689 175
690 178
691 181
692 184
694 187
696 190
698 193
701 196
704 199
707 201
710 203
713 205
716 206
719 208
722 209
725 210
728 211
731 212
734 212
737 212
740 212
743 212
746 211
749 210
752 209
755 207
758 205
761 204
764 202
767 201
770 200
773 198
776 198
779 197
782 196
785 196
788 196
791 196
794 196
797 197
800 198
803 199
806 201
809 203
812 206
814 209
816 212
818 215
821 218
824 220
827 221
830 222
833 223
836 224
839 224
842 224
845 224
848 223
851 223
854 222
857 222
860 221
863 221
866 220
869 220
872 220
875 220
878 220
881 220
884 220
887 220
890 221
893 222
896 223
899 224
902 226
905 228
908 231
911 234
913 237
914 240
914 243
914 246
914 249
912 252
910 255
907 257
904 258
901 259
898 259
895 260
892 263
891 266
891 269
891 272
892 275
893 278
895 281
898 284
901 286
904 287
907 288
910 289
913 290
916 290
919 290
922 289
925 289
928 288
931 286
934 284
937 282
940 280
943 277
945 274
947 271
948 268
949 265
951 262
951 259
952 256
953 253
953 250
953 247
953 244
953 241
953 238
953 235
953 232
952 229
952 226
952 223
951 220
951 217
950 214
950 211
949 208
948 205
948 202
947 199
946 196
945 193
945 190
944 187
943 184
942 181
941 178
940 175
939 172
938 169
937 166
936 163
935 160
934 157
933 154
932 151
931 148
929 145
928 142
926 139
924 136
921 133
918 132
915 133
913 136
913 139
913 142
913 145
912 148
912 151
909 154
906 154
903 152
900 150
898 147
896 144
894 141
893 138
892 135
891 132
891 129
890 126
890 123
890 120
891 117
891 114
892 111
893 108
894 105
896 102
897 99
899 96
901 93
904 90
907 87
910 84
913 82
916 80
919 79
922 77
925 76
928 75
931 74
934 73
937 73
940 72
943 72
946 72
949 72
952 72
955 73
958 73
961 74
964 75
967 76
970 77
973 79
976 81
979 83
982 85
985 88
988 91
990 94
992 97
993 100
994 103
995 106
996 109
996 112
996 115
996 118
995 121
993 124
991 127
988 128
985 128
982 126
979 123
978 120
976 117
974 114
971 111
968 109
965 108
962 107
959 108
956 108
953 111
950 114
949 117
948 120
948 123
948 126
948 129
948 132
949 135
949 138
950 141
951 144
951 147
952 150
953 153
954 156
955 159
956 162
957 165
959 168
960 171
961 174
962 177
964 180
965 183
967 186
968 189
970 192
971 195
973 198
975 201
977 204
979 207
981 210
983 213
986 216
989 219
992 222
995 224
998 226
1001 228
1004 229
1007 230
1010 230
1013 231
1016 231
1019 231
1022 230
1025 230
1028 229
1031 229
1034 228
1037 227
1040 226
1043 226
1046 225
1049 224
1052 223
1055 222
1058 221
1061 220
1064 219
1067 217
1070 216
1073 213
1076 211
1078 208
1081 205
1083 202
1085 199
1087 196
1090 193
1093 190
1096 188
1099 186
1102 185
1105 185
1108 185
1111 185
1114 186
1117 187
1120 188
1123 190
1126 192
1129 195
1132 198
1134 201
1136 204
1138 207
1139 210
1140 213
1141 216
1141 219
1141 222
1141 225
1140 228
1139 231
1138 234
1137 237
1137 240
1137 243
1138 246
1139 249
1140 252
1143 255
1146 258
1149 260
1152 261
1155 262
1158 263
1161 263
1164 262
1167 262
1170 260
1173 259
1176 257
1179 254
1182 251
1184 248
1186 245
1187 242
1188 239
1189 236
1190 233
1191 230
1192 227
1192 224
1192 221
1193 218
1193 215
1193 212
1193 209
1193 206
1192 203
1192 200
1192 197
1191 194
1190 191
1189 188
1187 185
1185 182
1182 179
1179 178
1176 176
1174 173
1172 170
1170 167
1169 164
1169 161
1169 158
1169 155
1169 152
1169 149
1170 146
1172 143
1173 140
1176 137
1179 134
1182 132
1185 130
1188 129
1191 128
1194 127
