0 183
6 182
12 184
18 188
23 194
27 200
30 206
34 212
40 217
46 220
52 220
58 219
64 216
70 210
75 204
79 198
85 192
91 189
97 188
103 188
109 190
115 193
121 196
127 200
133 202
139 204
145 204
151 202
157 200
163 196
169 193
175 190
181 189
187 190
193 193
199 199
202 205
205 211
208 217
212 223
218 229
224 232
230 233
236 234
242 233
248 230
254 226
259 220
263 214
265 208
267 202
269 196
272 190
277 184
283 179
289 177
295 176
301 176
307 178
313 181
319 186
324 192
328 198
332 204
336 210
342 216
348 219
354 221
360 220
366 218
372 214
376 208
379 202
382 196
385 190
390 184
396 181
402 180
408 182
414 187
417 193
419 199
421 205
422 211
424 217
428 223
434 228
440 229
446 229
452 227
458 222
462 216
464 210
466 204
466 198
467 192
468 186
470 180
474 174
480 169
486 167
492 167
498 168
504 172
509 178
513 184
514 190
515 196
515 202
515 208
515 214
516 220
518 226
521 232
527 238
533 241
539 243
545 243
551 242
557 240
563 235
568 229
571 223
573 217
574 211
575 205
574 199
574 193
573 187
573 181
575 175
577 169
582 163
588 159
594 157
600 157
606 158
612 161
618 166
622 172
625 178
626 184
626 190
626 196
625 202
624 208
623 214
622 220
623 226
624 232
627 238
632 244
638 249
644 252
650 253
656 253
662 251
668 249
674 244
678 238
681 232
681 226
681 220
680 214
678 208
676 202
676 196
676 190
677 184
679 178
682 172
687 166
693 162
699 160
705 160
711 161
717 164
722 170
726 176
728 182
730 188
733 194
736 200
742 206
748 209
754 211
760 211
766 211
772 209
778 207
784 204
790 203
796 202
802 202
808 204
814 206
820 208
826 209
832 210
838 209
844 208
850 207
856 206
862 206
868 208
874 212
880 217
885 223
891 229
897 233
903 235
909 235
915 233
921 230
926 224
929 218
931 212
931 206
930 200
929 194
927 188
926 182
926 176
927 170
930 164
936 159
942 155
948 154
954 154
960 156
966 160
971 166
973 172
975 178
976 184
978 190
980 196
984 202
990 208
996 211
1002 213
1008 213
1014 213
1020 213
1026 212
1032 211
1038 211
1044 210
1050 209
1056 209
1062 209
1068 208
1074 208
1080 207
1086 205
1092 204
1098 202
1104 201
1110 200
1116 201
1122 203
1128 206
1134 211
1140 215
1146 218
1152 220
1158 220
1164 218
1170 215
1176 209
1180 203
1184 197
1188 191
