0 124
9 126
18 132
25 141
27 150
28 159
28 168
26 177
23 186
22 195
23 204
24 213
25 222
27 231
30 240
35 249
44 258
53 261
62 261
71 258
80 250
85 241
87 232
86 223
82 214
73 208
64 201
61 192
61 183
62 174
65 165
69 156
76 147
85 140
94 138
103 139
112 145
116 154
115 163
114 172
118 181
126 190
135 195
144 198
153 198
162 197
171 192
178 183
179 174
185 165
194 164
203 167
212 173
220 182
226 191
230 200
233 209
235 218
236 227
235 236
232 245
223 252
215 243
206 240
197 246
192 255
191 264
192 273
195 282
201 291
210 299
219 303
228 306
237 306
246 305
255 301
264 295
272 286
277 277
280 268
281 259
281 250
280 241
279 232
277 223
275 214
277 205
274 196
270 205
261 197
258 188
255 179
253 170
251 161
250 152
250 143
252 134
256 125
264 116
273 111
282 108
291 107
300 108
309 111
318 117
326 126
330 135
332 144
332 153
330 162
326 171
317 172
308 181
307 190
309 199
311 208
315 217
320 226
326 235
335 244
344 249
353 250
362 249
371 244
380 235
385 226
389 217
392 208
393 199
391 190
382 189
373 192
369 183
370 174
373 165
379 156
388 150
397 147
406 148
415 151
424 157
433 164
441 173
449 182
455 191
459 200
458 209
449 216
440 208
431 204
423 213
420 222
419 231
419 240
422 249
431 257
440 260
449 258
458 254
467 248
476 241
485 233
494 224
502 215
507 206
511 197
512 188
509 179
500 170
509 172
500 163
491 169
489 178
480 181
471 172
465 163
460 154
458 145
457 136
460 127
468 118
477 114
486 114
495 116
504 122
513 131
520 140
527 149
534 158
541 167
547 176
552 185
556 194
558 203
559 212
559 221
556 230
550 239
545 230
545 221
536 213
527 222
520 231
515 240
510 249
506 258
504 267
505 276
507 285
513 294
522 300
531 303
540 304
549 302
558 298
567 291
574 282
580 273
586 264
590 255
594 246
597 237
599 228
600 219
599 210
597 201
594 192
591 183
584 192
575 185
572 176
568 167
564 158
561 149
558 140
557 131
557 122
559 113
563 104
572 95
581 90
590 88
599 89
608 91
617 97
623 106
626 115
627 124
626 133
623 142
619 151
617 160
617 169
618 178
621 187
624 196
627 205
631 214
633 223
636 232
636 241
633 250
630 259
627 268
624 277
623 286
624 295
627 304
632 313
641 321
650 325
659 327
668 327
677 324
686 320
695 312
701 303
705 294
707 285
706 276
704 267
701 258
695 249
686 240
677 234
668 243
659 252
655 243
652 234
649 225
646 216
644 207
643 198
642 189
643 180
644 171
648 162
652 153
658 144
664 135
669 126
675 117
681 108
690 99
699 94
708 91
717 91
726 93
735 97
744 105
750 114
753 123
753 132
750 141
741 149
732 150
727 141
718 132
709 133
700 137
691 146
686 155
683 164
683 173
686 182
693 191
702 198
711 203
720 207
729 208
738 208
747 205
756 201
765 197
774 195
783 194
792 194
801 196
810 202
817 211
826 220
835 223
844 223
853 222
862 221
871 220
880 219
889 220
898 221
907 225
916 234
919 243
918 252
909 260
900 260
891 265
889 274
893 283
902 290
911 294
920 294
929 292
938 287
946 278
951 269
954 260
955 251
955 242
954 233
953 224
951 215
950 206
947 197
945 188
942 179
939 170
936 161
933 152
929 143
925 134
919 125
910 132
911 141
912 150
903 153
894 145
889 136
887 127
887 118
888 109
891 100
896 91
903 82
912 75
921 70
930 67
939 66
948 65
957 67
966 69
975 74
984 80
991 89
996 98
998 107
998 116
994 125
985 129
978 120
976 111
967 102
958 100
949 103
944 112
944 121
945 130
947 139
950 148
953 157
957 166
961 175
966 184
971 193
976 202
983 211
992 220
1001 226
1010 229
1019 230
1028 229
1037 227
1046 224
1055 221
1064 217
1073 211
1080 202
1086 193
1095 185
1104 182
1113 183
1122 186
1131 192
1139 201
1144 210
1145 219
1143 228
1137 237
1137 246
1141 255
1150 263
1159 265
1168 264
1177 259
1185 250
1190 241
1192 232
1194 223
1195 214
1195 205
1194 196
1191 187
1185 178
1176 175
1168 166
1165 157
1166 148
1170 139
1178 130
1187 125
