0 145
3 145
6 146
9 147
12 148
15 150
18 152
21 155
23 158
24 161
26 164
27 167
28 170
28 173
28 176
28 179
28 182
28 185
28 188
27 191
26 194
26 197
25 200
24 203
24 206
24 209
24 212
24 215
24 218
24 221
25 224
25 227
26 230
27 233
28 236
30 239
31 242
33 245
36 248
39 251
42 253
45 255
48 256
51 256
54 256
57 256
60 256
63 255
66 254
69 252
72 249
75 246
77 243
78 240
79 237
80 234
80 231
80 228
80 225
79 222
78 219
77 216
75 213
73 210
71 207
70 204
69 201
69 198
69 195
69 192
69 189
70 186
70 183
71 180
72 177
74 174
75 171
77 168
80 165
83 162
86 160
89 159
92 158
95 158
98 158
101 158
104 159
107 161
110 163
113 166
114 169
115 172
116 175
117 178
118 181
119 184
120 187
121 190
122 193
124 196
127 199
130 202
133 204
136 205
139 206
142 207
145 207
148 207
151 206
154 205
157 204
160 202
163 200
166 197
169 194
171 191
172 188
174 185
175 182
177 179
180 176
183 174
186 173
189 173
192 173
195 174
198 175
201 177
204 179
207 182
209 185
212 188
213 191
215 194
217 197
218 200
219 203
220 206
221 209
221 212
222 215
222 218
222 221
222 224
222 227
221 230
220 233
218 236
215 237
212 238
209 238
206 239
203 241
200 244
199 247
198 250
197 253
197 256
197 259
198 262
199 265
200 268
201 271
203 274
205 277
208 280
211 283
214 285
217 286
220 288
223 289
226 290
229 290
232 291
235 291
238 291
241 290
244 290
247 289
250 288
253 286
256 285
259 283
262 280
265 277
267 274
270 271
271 268
273 265
274 262
275 259
276 256
276 253
277 250
277 247
277 244
277 241
277 238
277 235
277 232
276 229
276 226
275 223
274 220
272 217
271 214
268 211
265 209
262 206
260 203
259 200
258 197
257 194
256 191
256 188
255 185
255 182
255 179
255 176
255 173
255 170
255 167
256 164
256 161
257 158
258 155
260 152
261 149
263 146
265 143
268 140
271 138
274 136
277 134
280 133
283 131
286 131
289 130
292 130
295 130
298 130
301 131
304 132
307 133
310 135
313 136
316 139
319 142
322 145
323 148
325 151
326 154
327 157
328 160
328 163
329 166
329 169
328 172
328 175
327 178
326 181
324 184
322 187
320 190
319 193
318 196
318 199
318 202
318 205
318 208
318 211
319 214
320 217
321 220
322 223
323 226
324 229
326 232
328 235
330 238
333 241
336 244
339 246
342 248
345 249
348 250
351 250
354 250
357 250
360 249
363 249
366 247
369 245
372 243
375 240
377 237
379 234
381 231
382 228
384 225
385 222
386 219
386 216
387 213
387 210
387 207
387 204
386 201
384 198
381 195
378 192
377 189
376 186
376 183
377 180
377 177
378 174
380 171
381 168
384 165
387 162
390 160
393 159
396 158
399 157
402 157
405 158
408 158
411 160
414 161
417 163
420 166
423 168
426 171
428 174
430 177
432 180
434 183
436 186
438 189
439 192
440 195
441 198
442 201
442 204
442 207
441 210
440 213
437 215
434 215
431 215
428 215
425 217
423 220
421 223
420 226
419 229
419 232
419 235
419 238
419 241
420 244
421 247
422 250
424 253
427 256
430 258
433 260
436 261
439 261
442 261
445 261
448 261
451 260
454 259
457 257
460 255
463 253
466 250
469 247
472 244
474 241
476 238
479 235
481 232
483 229
484 226
486 223
487 220
489 217
490 214
491 211
492 208
492 205
493 202
493 199
493 196
493 193
492 190
491 187
489 184
486 181
483 180
480 181
477 182
474 183
471 181
468 178
466 175
465 172
464 169
463 166
462 163
462 160
462 157
462 154
462 151
463 148
464 145
465 142
467 139
469 136
472 134
475 132
478 130
481 129
484 129
487 129
490 129
493 129
496 130
499 131
502 132
505 134
508 136
511 139
514 142
517 145
519 148
521 151
523 154
525 157
527 160
528 163
530 166
531 169
533 172
534 175
535 178
537 181
538 184
539 187
540 190
541 193
542 196
542 199
543 202
544 205
544 208
544 211
544 214
544 217
543 220
542 223
540 226
537 226
534 223
532 220
529 217
526 217
523 219
520 222
518 225
516 228
515 231
514 234
512 237
512 240
511 243
510 246
509 249
509 252
508 255
508 258
508 261
508 264
509 267
510 270
511 273
512 276
514 279
516 282
519 285
522 288
525 289
528 291
531 292
534 293
537 293
540 293
543 293
546 293
549 292
552 291
555 290
558 288
561 287
564 284
567 281
570 278
573 275
575 272
577 269
578 266
580 263
582 260
583 257
584 254
586 251
587 248
588 245
589 242
590 239
590 236
591 233
592 230
592 227
593 224
593 221
593 218
593 215
593 212
593 209
593 206
593 203
592 200
591 197
590 194
589 191
588 188
585 185
582 184
580 187
579 190
578 193
575 196
572 194
570 191
569 188
568 185
567 182
566 179
565 176
565 173
564 170
563 167
563 164
563 161
562 158
562 155
562 152
562 149
562 146
562 143
563 140
564 137
564 134
565 131
567 128
569 125
571 122
574 119
577 116
580 115
583 113
586 112
589 111
592 111
595 111
598 111
601 111
604 112
607 113
610 114
613 116
616 119
619 122
621 125
623 128
624 131
625 134
626 137
627 140
627 143
628 146
628 149
628 152
628 155
628 158
628 161
628 164
628 167
628 170
628 173
628 176
629 179
629 182
629 185
629 188
629 191
630 194
630 197
630 200
630 203
631 206
631 209
631 212
631 215
631 218
631 221
631 224
632 227
632 230
631 233
628 234
625 231
624 234
623 237
623 240
622 243
622 246
621 249
621 252
620 255
620 258
620 261
620 264
620 267
620 270
620 273
620 276
621 279
621 282
622 285
623 288
625 291
626 294
628 297
631 300
634 303
637 305
640 307
643 309
646 310
649 311
652 311
655 312
658 312
661 312
664 311
667 311
670 310
673 309
676 308
679 306
682 304
685 301
688 298
691 295
692 292
694 289
695 286
696 283
697 280
698 277
698 274
698 271
698 268
698 265
698 262
697 259
696 256
695 253
694 250
692 247
690 244
688 241
686 238
683 235
680 232
677 231
674 229
671 230
669 233
669 236
669 239
669 242
669 245
668 248
665 251
662 249
660 246
659 243
657 240
656 237
655 234
655 231
654 228
653 225
653 222
653 219
652 216
652 213
652 210
652 207
652 204
652 201
652 198
653 195
653 192
653 189
654 186
654 183
655 180
656 177
657 174
657 171
658 168
659 165
660 162
661 159
662 156
664 153
665 150
666 147
667 144
669 141
670 138
672 135
674 132
676 129
678 126
681 123
684 120
687 118
690 116
693 114
696 113
699 112
702 111
705 111
708 111
711 111
714 111
717 112
720 112
723 114
726 115
729 117
732 119
735 122
737 125
739 128
740 131
741 134
742 137
742 140
742 143
741 146
740 149
737 152
734 154
731 154
728 153
725 151
722 150
719 150
716 150
713 151
710 153
707 155
705 158
703 161
701 164
700 167
700 170
699 173
699 176
700 179
700 182
701 185
702 188
703 191
705 194
707 197
709 200
712 203
715 206
718 209
721 211
724 213
727 215
730 216
733 217
736 218
739 219
742 220
745 220
748 220
751 219
754 219
757 217
760 216
763 214
766 212
769 210
772 209
775 207
778 206
781 205
784 204
787 203
790 203
793 203
796 203
799 204
802 205
805 206
808 208
811 211
814 214
817 217
820 220
823 222
826 223
829 224
832 225
835 225
838 225
841 225
844 225
847 224
850 224
853 223
856 223
859 222
862 222
865 221
868 221
871 221
874 221
877 222
880 222
883 223
886 224
889 225
892 227
895 229
898 232
901 235
903 238
904 241
904 244
904 247
903 250
901 253
898 255
895 258
893 261
892 264
892 267
893 270
895 273
898 276
901 279
904 280
907 281
910 282
913 282
916 282
919 282
922 281
925 280
928 279
931 277
934 275
937 272
940 269
942 266
944 263
945 260
946 257
947 254
948 251
949 248
949 245
949 242
949 239
949 236
949 233
949 230
949 227
949 224
948 221
948 218
947 215
947 212
946 209
945 206
945 203
944 200
943 197
942 194
941 191
940 188
940 185
939 182
937 179
936 176
935 173
934 170
932 167
931 164
929 161
926 158
923 156
920 156
918 159
916 162
915 165
912 167
909 166
906 163
903 160
902 157
900 154
899 151
898 148
898 145
898 142
898 139
898 136
898 133
899 130
899 127
900 124
902 121
903 118
905 115
907 112
909 109
912 106
915 103
918 101
921 99
924 97
927 96
930 95
933 94
936 93
939 92
942 92
945 92
948 92
951 92
954 92
957 93
960 93
963 94
966 95
969 97
972 98
975 100
978 103
981 106
984 109
986 112
988 115
989 118
990 121
990 124
991 127
991 130
990 133
988 136
985 139
982 138
979 135
976 133
973 131
970 130
967 130
964 130
961 132
959 135
957 138
956 141
956 144
956 147
956 150
956 153
956 156
957 159
957 162
958 165
959 168
960 171
961 174
962 177
963 180
964 183
966 186
967 189
968 192
970 195
971 198
973 201
975 204
976 207
978 210
981 213
983 216
986 219
989 222
992 225
995 227
998 229
1001 230
1004 231
1007 232
1010 232
1013 233
1016 233
1019 232
1022 232
1025 232
1028 231
1031 230
1034 230
1037 229
1040 228
1043 228
1046 227
1049 226
1052 226
1055 225
1058 224
1061 223
1064 222
1067 221
1070 220
1073 218
1076 216
1079 214
1082 211
1085 208
1088 205
1091 202
1094 199
1097 197
1100 196
1103 195
1106 194
1109 194
1112 194
1115 195
1118 196
1121 198
1124 201
1127 204
1130 207
1132 210
1133 213
1134 216
1135 219
1136 222
1136 225
1136 228
1136 231
1136 234
1136 237
1137 240
1138 243
1139 246
1141 249
1144 252
1147 254
1150 256
1153 257
1156 258
1159 258
1162 258
1165 257
1168 256
1171 255
1174 253
1177 250
1180 247
1182 244
1183 241
1185 238
1186 235
1187 232
1188 229
1188 226
1188 223
1189 220
1189 217
1189 214
1189 211
1188 208
1188 205
1187 202
1186 199
1185 196
1183 193
1181 190
1178 187
1177 184
1175 181
1174 178
1174 175
1174 172
1174 169
1174 166
1175 163
1176 160
1178 157
1180 154
1183 151
1186 149
1189 148
1192 146
1195 146
