0 201
6 201
12 201
18 201
24 201
30 202
36 202
42 203
48 203
54 203
60 202
66 202
72 202
78 201
84 201
90 201
96 201
102 201
108 201
114 201
120 201
126 201
132 202
138 202
144 202
150 202
156 202
162 202
168 201
174 201
180 201
186 201
192 201
198 202
204 202
210 203
216 203
222 203
228 203
234 203
240 203
246 203
252 203
258 202
264 202
270 201
276 201
282 201
288 201
294 200
300 200
306 200
312 201
318 201
324 201
330 201
336 202
342 202
348 202
354 203
360 203
366 202
372 202
378 202
384 201
390 201
396 200
402 200
408 200
414 201
420 202
426 202
432 203
438 204
444 204
450 203
456 203
462 202
468 201
474 200
480 200
486 200
492 200
498 200
504 201
510 202
516 202
522 203
528 204
534 204
540 204
546 204
552 204
558 204
564 203
570 202
576 201
582 200
588 199
594 199
600 199
606 199
612 200
618 201
624 202
630 203
636 204
642 205
648 206
654 206
660 205
666 204
672 203
678 202
684 201
690 200
696 199
702 199
708 199
714 199
720 200
726 200
732 201
738 201
744 202
750 202
756 202
762 202
768 202
774 202
780 202
786 202
792 202
798 202
804 202
810 202
816 202
822 202
828 202
834 203
840 203
846 202
852 202
858 202
864 202
870 202
876 202
882 203
888 203
894 204
900 204
906 204
912 204
918 203
924 202
930 201
936 200
942 199
948 198
954 198
960 199
966 200
972 200
978 201
984 201
990 202
996 202
1002 202
1008 202
1014 202
1020 202
1026 202
1032 202
1038 202
1044 202
1050 202
1056 202
1062 202
1068 202
1074 202
1080 202
1086 202
1092 202
1098 202
1104 202
1110 202
1116 202
1122 202
1128 202
1134 202
1140 202
1146 203
1152 203
1158 203
1164 203
1170 202
1176 202
1182 202
1188 201
