0 198
6 198
12 198
18 198
24 199
30 199
36 200
42 200
48 200
54 200
60 200
66 199
72 199
78 199
84 198
90 198
96 198
102 198
108 198
114 198
120 198
126 199
132 199
138 199
144 199
150 199
156 199
162 199
168 198
174 198
180 198
186 198
192 199
198 199
204 200
210 200
216 200
222 201
228 201
234 201
240 201
246 201
252 200
258 200
264 200
270 199
276 198
282 198
288 198
294 197
300 197
306 198
312 198
318 198
324 198
330 199
336 199
342 200
348 200
354 200
360 200
366 200
372 200
378 199
384 199
390 198
396 197
402 197
408 197
414 198
420 199
426 200
432 201
438 201
444 201
450 201
456 200
462 199
468 198
474 197
480 197
486 196
492 197
498 197
504 198
510 199
516 200
522 201
528 202
534 202
540 203
546 203
552 202
558 202
564 201
570 199
576 198
582 197
588 196
594 196
600 195
606 196
612 197
618 198
624 199
630 201
636 202
642 203
648 204
654 204
660 203
666 202
672 201
678 200
684 198
690 197
696 196
702 196
708 196
714 196
720 197
726 197
732 198
738 199
744 199
750 199
756 199
762 200
768 199
774 199
780 199
786 199
792 199
798 199
804 199
810 199
816 200
822 200
828 200
834 200
840 200
846 200
852 200
858 200
864 199
870 200
876 200
882 200
888 201
894 201
900 202
906 202
912 201
918 200
924 199
930 198
936 197
942 196
948 195
954 195
960 196
966 196
972 197
978 198
984 199
990 199
996 200
1002 200
1008 199
1014 199
1020 199
1026 200
1032 199
1038 199
1044 199
1050 200
1056 199
1062 199
1068 200
1074 200
1080 199
1086 200
1092 199
1098 199
1104 199
1110 199
1116 199
1122 199
1128 200
1134 200
1140 200
1146 200
1152 200
1158 200
1164 200
1170 200
1176 199
1182 199
1188 199
