0 214
6 214
12 214
18 215
24 216
30 218
36 219
42 220
48 221
54 221
60 220
66 219
72 218
78 217
84 216
90 215
96 215
102 215
108 215
114 216
120 216
126 217
132 217
138 218
144 218
150 217
156 217
162 217
168 216
174 215
180 215
186 215
192 216
198 217
204 219
210 221
216 222
222 223
228 224
234 224
240 223
246 223
252 222
258 220
264 219
270 217
276 215
282 214
288 213
294 213
300 213
306 213
312 214
318 215
324 215
330 217
336 218
342 219
348 220
354 221
360 221
366 221
372 219
378 218
384 216
390 214
396 213
402 212
408 213
414 215
420 218
426 220
432 223
438 224
444 224
450 223
456 221
462 218
468 215
474 212
480 210
486 210
492 210
498 211
504 213
510 216
516 219
522 222
528 225
534 226
540 227
546 228
552 227
558 225
564 222
570 218
576 215
582 211
588 208
594 207
600 206
606 207
612 209
618 213
624 218
630 223
636 227
642 230
648 231
654 231
660 230
666 228
672 224
678 220
684 215
690 212
696 209
702 208
708 208
714 209
720 210
726 212
732 214
738 216
744 218
750 219
756 219
762 219
768 219
774 218
780 218
786 218
792 218
798 218
804 218
810 218
816 219
822 219
828 220
834 219
840 220
846 219
852 219
858 218
864 218
870 219
876 220
882 221
888 223
894 224
900 225
906 225
912 224
918 222
924 219
930 215
936 211
942 208
948 207
954 206
960 207
966 209
972 212
978 214
984 216
990 218
996 219
1002 219
1008 219
1014 219
1020 219
1026 219
1032 219
1038 219
1044 219
1050 219
1056 219
1062 219
1068 219
1074 219
1080 219
1086 218
1092 218
1098 218
1104 218
1110 218
1116 217
1122 218
1128 218
1134 219
1140 220
1146 221
1152 221
1158 221
1164 221
1170 220
1176 219
1182 217
1188 216
