0 183
6 183
12 184
18 189
22 195
25 201
27 207
28 213
31 219
34 225
40 231
46 234
52 235
58 234
64 231
69 225
73 219
75 213
78 207
80 201
85 195
91 191
97 190
103 190
109 192
115 196
121 201
127 207
133 210
139 212
145 212
151 210
157 207
163 202
169 197
175 194
181 193
187 193
193 196
199 202
202 208
203 214
204 220
205 226
207 232
210 238
214 244
220 248
226 251
232 252
238 252
244 250
250 247
256 243
261 237
264 231
266 225
266 219
267 213
267 207
268 201
269 195
272 189
276 183
282 178
288 175
294 174
300 174
306 176
312 179
318 185
322 191
325 197
327 203
329 209
331 215
334 221
339 227
345 232
351 234
357 235
363 233
369 230
374 224
377 218
380 212
381 206
382 200
384 194
388 188
394 183
400 182
406 183
412 186
417 192
419 198
421 204
421 210
421 216
421 222
422 228
425 234
430 240
436 243
442 244
448 244
454 241
460 235
464 229
467 223
468 217
469 211
469 205
469 199
468 193
468 187
469 181
472 175
477 169
483 166
489 165
495 165
501 167
507 172
512 178
515 184
517 190
518 196
518 202
518 208
516 214
515 220
514 226
514 232
515 238
517 244
520 250
526 256
532 259
538 261
544 261
550 261
556 258
562 254
568 248
572 242
575 236
576 230
578 224
578 218
578 212
577 206
575 200
573 194
572 188
572 182
572 176
574 170
578 164
584 158
590 155
596 154
602 154
608 155
614 159
620 165
624 171
626 177
628 183
629 189
629 195
628 201
627 207
624 213
622 219
621 225
620 231
620 237
621 243
622 249
625 255
629 261
635 267
641 270
647 272
653 273
659 272
665 271
671 267
677 262
681 256
684 250
685 244
685 238
684 232
682 226
678 220
674 214
672 208
671 202
671 196
672 190
673 184
675 178
678 172
683 166
689 161
695 158
701 156
707 156
713 158
719 162
723 168
725 174
726 180
726 186
727 192
728 198
731 204
735 210
741 216
747 219
753 221
759 222
765 221
771 219
777 216
783 213
789 211
795 210
801 210
807 212
813 214
819 217
825 219
831 220
837 219
843 218
849 217
855 216
861 216
867 217
873 221
879 226
883 232
886 238
891 244
897 249
903 251
909 251
915 250
921 247
927 242
931 236
933 230
935 224
935 218
935 212
934 206
931 200
928 194
925 188
922 182
922 176
922 170
924 164
928 158
934 153
940 150
946 148
952 148
958 149
964 152
970 158
973 164
974 170
974 176
974 182
974 188
975 194
977 200
980 206
984 212
990 218
996 222
1002 224
1008 225
1014 225
1020 224
1026 223
1032 222
1038 221
1044 220
1050 220
1056 219
1062 219
1068 218
1074 217
1080 216
1086 214
1092 212
1098 209
1104 208
1110 207
1116 208
1122 211
1128 216
1134 222
1140 228
1146 232
1152 234
1158 234
1164 233
1170 229
1175 223
1179 217
1181 211
1182 205
1184 199
1187 193
1192 187
