0 216
6 216
12 216
18 217
24 219
30 221
36 222
42 224
48 224
54 224
60 224
66 222
72 221
78 219
84 218
90 217
96 217
102 217
108 217
114 218
120 219
126 219
132 220
138 220
144 220
150 220
156 220
162 219
168 218
174 218
180 217
186 218
192 219
198 220
204 222
210 224
216 225
222 227
228 228
234 228
240 227
246 226
252 225
258 223
264 221
270 219
276 217
282 216
288 215
294 214
300 214
306 215
312 216
318 216
324 218
330 219
336 221
342 222
348 223
354 224
360 225
366 224
372 222
378 220
384 218
390 216
396 215
402 214
408 215
414 218
420 221
426 224
432 226
438 228
444 228
450 226
456 224
462 221
468 217
474 214
480 212
486 211
492 211
498 213
504 215
510 218
516 222
522 226
528 229
534 231
540 232
546 232
552 231
558 229
564 226
570 222
576 217
582 212
588 209
594 207
600 207
606 208
612 211
618 215
624 221
630 227
636 232
642 235
648 236
654 236
660 235
666 232
672 228
678 223
684 217
690 213
696 210
702 209
708 209
714 210
720 211
726 214
732 216
738 219
744 220
750 222
756 222
762 222
768 222
774 221
780 221
786 221
792 220
798 220
804 221
810 221
816 222
822 222
828 223
834 223
840 223
846 222
852 222
858 221
864 222
870 222
876 223
882 225
888 227
894 228
900 229
906 229
912 228
918 226
924 222
930 217
936 212
942 209
948 207
954 207
960 208
966 210
972 213
978 216
984 219
990 221
996 222
1002 222
1008 222
1014 222
1020 222
1026 222
1032 222
1038 222
1044 222
1050 222
1056 222
1062 222
1068 222
1074 222
1080 222
1086 221
1092 221
1098 221
1104 220
1110 220
1116 220
1122 221
1128 221
1134 222
1140 223
1146 224
1152 224
1158 224
1164 224
1170 223
1176 221
1182 220
1188 218
