0 207
6 207
12 207
18 208
24 209
30 210
36 211
42 211
48 212
54 212
60 211
66 211
72 210
78 209
84 208
90 208
96 208
102 208
108 208
114 208
120 209
126 209
132 209
138 210
144 210
150 210
156 209
162 209
168 208
174 208
180 208
186 208
192 209
198 209
204 210
210 212
216 212
222 213
228 214
234 214
240 213
246 213
252 212
258 211
264 210
270 209
276 208
282 207
288 207
294 206
300 206
306 207
312 207
318 207
324 208
330 209
336 210
342 210
348 211
354 212
360 212
366 212
372 211
378 210
384 208
390 207
396 206
402 206
408 207
414 208
420 210
426 212
432 213
438 214
444 214
450 213
456 212
462 210
468 208
474 206
480 205
486 204
492 204
498 205
504 207
510 209
516 211
522 213
528 214
534 216
540 216
546 216
552 216
558 214
564 213
570 210
576 208
582 205
588 203
594 202
600 202
606 203
612 204
618 207
624 210
630 213
636 216
642 218
648 219
654 219
660 218
666 216
672 214
678 211
684 208
690 205
696 204
702 203
708 203
714 204
720 205
726 206
732 207
738 209
744 210
750 210
756 210
762 211
768 210
774 210
780 210
786 210
792 210
798 210
804 210
810 210
816 210
822 211
828 211
834 211
840 211
846 211
852 210
858 210
864 210
870 211
876 211
882 212
888 213
894 214
900 215
906 215
912 214
918 212
924 210
930 207
936 205
942 203
948 202
954 202
960 203
966 204
972 206
978 207
984 209
990 210
996 210
1002 210
1008 211
1014 210
1020 210
1026 210
1032 210
1038 210
1044 210
1050 210
1056 210
1062 210
1068 210
1074 210
1080 210
1086 210
1092 210
1098 210
1104 210
1110 210
1116 210
1122 210
1128 210
1134 211
1140 211
1146 212
1152 212
1158 212
1164 212
1170 211
1176 210
1182 209
1188 209
