0 164
5 164
10 165
15 167
20 172
23 177
26 182
27 187
27 192
27 197
27 202
26 207
26 212
26 217
26 222
26 227
28 232
30 237
32 242
37 247
42 251
47 253
52 254
57 253
62 252
67 249
72 244
75 239
76 234
77 229
76 224
75 219
74 214
73 209
73 204
73 199
74 194
76 189
79 184
84 179
89 176
94 174
99 174
104 175
109 178
114 183
117 188
119 193
122 198
125 203
129 208
134 212
139 213
144 214
149 213
154 211
159 207
164 202
168 197
172 192
177 187
182 184
187 184
192 184
197 186
202 190
207 195
210 200
212 205
213 210
214 215
215 220
214 225
213 230
209 235
204 240
202 245
201 250
201 255
202 260
205 265
208 270
213 275
218 278
223 280
228 281
233 282
238 282
243 281
248 279
253 277
258 274
263 269
267 264
269 259
271 254
273 249
273 244
274 239
273 234
273 229
271 224
269 219
265 214
262 209
260 204
259 199
259 194
258 189
259 184
260 179
261 174
264 169
267 164
272 159
277 155
282 153
287 151
292 151
297 151
302 152
307 153
312 156
317 160
321 165
324 170
325 175
327 180
327 185
327 190
326 195
324 200
323 205
323 210
323 215
324 220
325 225
327 230
330 235
333 240
338 245
343 248
348 250
353 250
358 250
363 249
368 246
373 242
377 237
380 232
382 227
383 222
384 217
384 212
383 207
381 202
380 197
379 192
380 187
382 182
385 177
390 173
395 171
400 170
405 170
410 172
415 174
420 179
424 184
428 189
430 194
432 199
433 204
434 209
433 214
429 219
424 224
421 229
420 234
420 239
421 244
422 249
426 254
431 258
436 260
441 261
446 261
451 260
456 257
461 254
466 249
470 244
473 239
476 234
478 229
480 224
482 219
483 214
483 209
483 204
482 199
478 194
473 192
468 187
465 182
464 177
464 172
464 167
466 162
468 157
472 152
477 149
482 147
487 146
492 146
497 147
502 148
507 151
512 155
517 160
520 165
523 170
526 175
528 180
530 185
532 190
533 195
534 200
535 205
535 210
534 215
533 220
528 222
523 222
518 225
515 230
513 235
511 240
510 245
510 250
510 255
510 260
512 265
514 270
517 275
521 280
526 283
531 285
536 287
541 287
546 287
551 286
556 284
561 281
566 277
571 272
574 267
577 262
580 257
582 252
583 247
585 242
586 237
587 232
588 227
588 222
589 217
588 212
587 207
586 202
583 197
578 196
573 198
568 193
566 188
565 183
565 178
564 173
564 168
565 163
565 158
567 153
569 148
572 143
577 138
582 135
587 133
592 132
597 131
602 132
607 133
612 135
617 139
621 144
624 149
626 154
628 159
629 164
630 169
631 174
631 179
631 184
632 189
632 194
632 199
632 204
632 209
632 214
631 219
636 214
634 219
629 224
624 225
622 230
621 235
620 240
619 245
619 250
618 255
618 260
619 265
620 270
621 275
622 280
625 285
629 290
634 295
639 299
644 301
649 302
654 303
659 303
664 302
669 301
674 298
679 295
684 291
688 286
690 281
692 276
694 271
694 266
694 261
693 256
692 251
690 246
687 241
683 236
678 232
673 233
671 238
666 240
661 235
659 230
658 225
658 220
657 215
657 210
658 205
658 200
659 195
660 190
661 185
662 180
663 175
665 170
667 165
669 160
671 155
674 150
678 145
683 140
688 136
693 134
698 132
703 132
708 132
713 132
718 134
723 136
728 140
732 145
734 150
735 155
734 160
729 165
724 166
719 168
714 172
711 177
710 182
710 187
711 192
712 197
715 202
718 207
722 212
727 216
732 220
737 223
742 225
747 226
752 226
757 226
762 224
767 221
772 218
777 215
782 213
787 211
792 210
797 210
802 211
807 213
812 217
817 221
822 225
827 227
832 228
837 228
842 227
847 226
852 225
857 224
862 223
867 223
872 224
877 226
882 228
887 232
892 237
894 242
895 247
894 252
893 257
892 262
894 267
899 272
904 275
909 276
914 276
919 275
924 274
929 271
934 266
938 261
941 256
943 251
944 246
945 241
945 236
945 231
945 226
944 221
943 216
942 211
941 206
939 201
938 196
936 191
933 186
929 181
924 178
919 180
914 179
909 174
907 169
905 164
905 159
905 154
906 149
907 144
910 139
913 134
918 129
923 125
928 122
933 120
938 118
943 118
948 117
953 118
958 118
963 120
968 122
973 125
978 129
982 134
984 139
985 144
985 149
980 153
975 154
970 155
965 160
964 165
963 170
963 175
964 180
966 185
967 190
969 195
971 200
973 205
976 210
979 215
983 220
988 225
993 229
998 232
1003 234
1008 235
1013 235
1018 235
1023 234
1028 233
1033 232
1038 231
1043 230
1048 229
1053 228
1058 227
1063 226
1068 225
1073 223
1078 220
1083 217
1088 213
1093 209
1098 206
1103 204
1108 203
1113 204
1118 206
1123 209
1127 214
1130 219
1132 224
1134 229
1135 234
1137 239
1139 244
1144 249
1149 252
1154 254
1159 254
1164 253
1169 251
1174 248
1178 243
1181 238
1183 233
1184 228
1185 223
1185 218
1184 213
1183 208
1182 203
1180 198
1178 193
1178 188
1178 183
1180 178
1183 173
1188 168
1193 165
