0 120
6 122
12 125
18 129
22 135
25 141
26 147
27 153
27 159
27 165
26 171
24 177
22 183
21 189
21 195
22 201
23 207
23 213
25 219
26 225
27 231
29 237
31 243
33 249
38 255
44 260
50 263
56 265
62 265
68 263
74 260
80 256
85 250
88 244
90 238
90 232
89 226
87 220
82 214
76 211
70 212
64 209
61 203
59 197
58 191
58 185
59 179
60 173
62 167
64 161
67 155
71 149
77 143
83 139
89 137
95 136
101 137
107 139
113 144
116 150
116 156
114 162
111 168
111 174
114 180
118 186
124 192
130 196
136 199
142 201
148 202
154 202
160 201
166 200
172 198
178 194
182 188
182 182
181 176
183 170
189 167
195 166
201 168
207 171
213 175
219 181
224 187
228 193
232 199
234 205
237 211
238 217
240 223
240 229
240 235
240 241
238 247
236 253
230 259
224 260
218 254
216 248
210 243
204 243
198 246
193 252
190 258
189 264
189 270
190 276
191 282
194 288
198 294
203 300
209 305
215 308
221 310
227 312
233 312
239 312
245 311
251 309
257 306
263 302
269 297
274 291
277 285
279 279
281 273
282 267
282 261
282 255
282 249
281 243
279 237
278 231
277 225
275 219
273 213
279 217
278 211
272 208
276 202
274 196
273 190
267 184
261 190
258 184
256 178
254 172
252 166
250 160
249 154
248 148
248 142
248 136
250 130
252 124
256 118
262 112
268 108
274 105
280 103
286 102
292 102
298 103
304 104
310 107
316 111
322 117
327 123
329 129
331 135
332 141
333 147
332 153
331 159
329 165
326 171
320 173
314 168
308 168
305 174
303 180
303 186
303 192
304 198
306 204
308 210
310 216
313 222
316 228
321 234
326 240
332 245
338 249
344 251
350 253
356 253
362 252
368 249
374 245
380 239
384 233
387 227
390 221
392 215
394 209
395 203
395 197
394 191
388 188
382 191
376 196
370 198
366 192
366 186
366 180
368 174
371 168
375 162
380 156
386 152
392 150
398 149
404 149
410 151
416 153
422 157
428 161
434 166
440 171
446 177
451 183
456 189
460 195
463 201
465 207
465 213
461 219
455 221
449 220
446 214
442 208
436 204
430 205
424 211
422 217
420 223
419 229
418 235
419 241
421 247
425 253
431 258
437 259
443 259
449 258
455 256
461 252
467 249
473 245
479 242
485 238
491 234
497 229
503 224
509 218
513 212
517 206
519 200
520 194
519 188
516 182
512 176
506 171
500 169
494 168
491 174
492 180
486 186
480 182
474 176
469 170
465 164
462 158
459 152
457 146
456 140
456 134
457 128
460 122
466 117
472 114
478 112
484 113
490 114
496 117
502 122
507 128
512 134
516 140
521 146
527 152
532 158
538 164
544 170
549 176
553 182
556 188
559 194
561 200
562 206
563 212
564 218
564 224
563 230
561 236
558 242
552 248
546 243
548 237
549 231
549 225
548 219
542 217
536 221
530 227
525 233
520 239
515 245
511 251
507 257
504 263
503 269
502 275
503 281
504 287
508 293
513 299
519 304
525 306
531 308
537 308
543 308
549 306
555 303
561 299
567 294
573 288
577 282
582 276
586 270
590 264
593 258
596 252
599 246
601 240
602 234
602 228
602 222
601 216
599 210
597 204
595 198
593 192
591 186
589 180
595 183
593 177
587 175
584 181
578 187
575 181
573 175
570 169
568 163
565 157
562 151
560 145
558 139
556 133
555 127
555 121
555 115
556 109
559 103
563 97
569 91
575 87
581 85
587 83
593 83
599 84
605 85
611 88
617 93
622 99
625 105
626 111
627 117
626 123
625 129
623 135
619 141
615 147
612 153
611 159
610 165
611 171
612 177
614 183
617 189
619 195
622 201
626 207
629 213
632 219
635 225
637 231
639 237
641 243
642 249
641 255
636 261
632 267
629 273
627 279
625 285
624 291
624 297
625 303
627 309
630 315
635 321
641 326
647 329
653 331
659 332
665 332
671 332
677 331
683 328
689 325
695 320
701 314
705 308
707 302
709 296
710 290
710 284
710 278
708 272
706 266
703 260
699 254
693 248
687 244
681 240
675 238
669 244
670 250
672 256
674 262
676 268
677 274
671 276
666 270
663 264
660 258
658 252
656 246
653 240
651 234
649 228
647 222
645 216
643 210
641 204
640 198
639 192
638 186
638 180
639 174
641 168
644 162
647 156
651 150
656 144
661 138
665 132
670 126
674 120
678 114
682 108
687 102
693 96
699 92
705 89
711 88
717 87
723 88
729 89
735 92
741 96
747 102
751 108
754 114
756 120
757 126
756 132
755 138
751 144
745 150
739 152
733 152
728 146
729 140
727 134
721 129
715 128
709 129
703 132
697 136
691 141
685 147
681 153
678 159
677 165
676 171
677 177
679 183
683 189
688 195
694 199
700 203
706 205
712 207
718 209
724 210
730 209
736 208
742 206
748 204
754 201
760 200
766 198
772 197
778 197
784 197
790 197
796 198
802 200
808 204
814 210
818 216
823 222
829 225
835 227
841 228
847 228
853 227
859 226
865 226
871 225
877 224
883 224
889 224
895 224
901 225
907 227
913 230
919 235
923 241
924 247
923 253
921 259
915 264
909 265
903 264
897 263
891 266
888 272
888 278
890 284
895 290
901 295
907 297
913 299
919 299
925 298
931 296
937 293
943 289
948 283
952 277
954 271
956 265
957 259
957 253
957 247
956 241
956 235
955 229
954 223
952 217
951 211
950 205
948 199
946 193
945 187
943 181
941 175
939 169
937 163
935 157
933 151
931 145
928 139
926 133
923 127
920 121
915 115
909 115
906 121
906 127
906 133
908 139
909 145
908 151
902 153
896 149
891 143
887 137
885 131
884 125
884 119
884 113
885 107
886 101
888 95
891 89
895 83
900 77
906 72
912 68
918 64
924 62
930 60
936 59
942 59
948 59
954 60
960 61
966 63
972 66
978 70
984 74
990 80
994 86
997 92
999 98
1000 104
1001 110
1000 116
997 122
991 128
985 128
980 122
980 116
978 110
975 104
971 98
965 93
959 91
953 91
947 92
941 98
939 104
939 110
939 116
940 122
942 128
943 134
945 140
947 146
949 152
952 158
954 164
957 170
960 176
962 182
965 188
969 194
972 200
976 206
981 212
986 218
992 224
998 228
1004 231
1010 233
1016 233
1022 233
1028 232
1034 231
1040 229
1046 228
1052 226
1058 224
1064 221
1070 217
1076 211
1080 205
1083 199
1086 193
1092 188
1098 185
1104 184
1110 184
1116 185
1122 188
1128 191
1134 196
1140 201
1144 207
1148 213
1150 219
1150 225
1147 231
1141 236
1137 242
1136 248
1137 254
1141 260
1147 265
1153 268
1159 269
1165 269
1171 267
1177 264
1183 259
1188 253
1191 247
1193 241
1195 235
1196 229
1197 223
1197 217
1197 211
1197 205
1196 199
1195 193
1193 187
1191 181
1197 185
1195 179
1193 173
1187 176
1181 175
1175 176
1169 171
1165 165
1163 159
1163 153
1163 147
1165 141
1168 135
1173 129
1179 124
1185 122
1191 120
