0 209
6 211
12 213
18 213
24 211
30 208
36 203
41 197
44 191
48 185
52 179
58 173
64 169
70 166
76 164
82 163
88 163
94 163
100 164
106 166
112 169
118 173
124 177
129 183
134 189
137 195
139 201
141 207
142 213
144 219
145 225
148 231
151 237
156 243
162 248
168 252
174 254
180 255
186 255
192 255
198 253
204 251
210 248
216 243
221 237
226 231
231 225
236 219
242 214
248 210
254 207
260 204
266 202
272 199
278 196
284 193
290 188
296 183
302 178
308 173
314 169
320 166
326 164
332 162
338 162
344 163
350 164
356 167
362 170
368 176
373 182
376 188
378 194
381 200
383 206
387 212
391 218
397 224
403 228
409 231
415 233
421 235
427 237
433 238
439 238
445 239
451 239
457 238
463 237
469 235
475 232
481 228
487 222
491 216
494 210
497 204
501 198
505 192
511 187
517 183
523 181
529 181
535 181
541 183
547 187
553 192
559 198
565 204
571 209
577 212
583 213
589 213
595 212
601 208
607 202
611 196
613 190
616 184
619 178
623 172
629 166
635 163
641 161
647 161
653 162
659 164
665 167
671 173
675 179
677 185
678 191
678 197
678 203
677 209
676 215
676 221
677 227
679 233
682 239
688 245
694 248
700 250
706 251
712 250
718 248
724 245
730 239
734 233
737 227
738 221
739 215
740 209
740 203
742 197
745 191
748 185
754 180
760 176
766 174
772 173
778 174
784 176
790 179
796 185
800 191
803 197
805 203
806 209
806 215
807 221
809 227
811 233
815 239
821 244
827 248
833 249
839 250
845 249
851 247
857 244
863 238
867 232
870 226
871 220
872 214
871 208
870 202
869 196
869 190
869 184
870 178
873 172
876 166
882 160
888 156
894 154
900 153
906 153
912 153
918 155
924 158
930 163
935 169
938 175
940 181
941 187
941 193
940 199
939 205
939 211
938 217
939 223
941 229
943 235
947 241
953 246
959 250
965 252
971 253
977 253
983 252
989 249
995 245
1001 239
1004 233
1006 227
1007 221
1008 215
1008 209
1008 203
1008 197
1009 191
1011 185
1014 179
1018 173
1024 167
1030 164
1036 162
1042 160
1048 160
1054 161
1060 163
1066 167
1072 172
1076 178
1079 184
1080 190
1081 196
1081 202
1082 208
1082 214
1084 220
1086 226
1090 232
1096 238
1102 241
1108 243
1114 244
1120 243
1126 241
1132 237
1138 231
1141 225
1144 219
1148 213
1152 207
1158 202
1164 199
1170 198
1176 198
1182 200
1188 203
