0 215
6 219
12 222
18 223
24 224
30 224
36 223
42 221
48 217
54 213
60 207
64 201
68 195
70 189
71 183
71 177
69 171
63 165
57 164
51 164
45 163
39 159
36 153
35 147
35 141
37 135
39 129
43 123
49 117
55 112
61 109
67 106
73 104
79 103
85 102
91 102
97 102
103 103
109 104
115 106
121 109
127 112
133 116
139 121
145 127
150 133
154 139
157 145
160 151
162 157
164 163
165 169
166 175
167 181
167 187
167 193
167 199
166 205
164 211
162 217
159 223
153 228
147 229
141 225
135 220
129 220
123 226
119 232
117 238
115 244
114 250
114 256
114 262
114 268
115 274
117 280
119 286
122 292
126 298
130 304
136 310
142 315
148 319
154 322
160 324
166 326
172 327
178 328
184 329
190 329
196 328
202 327
208 325
214 323
220 320
226 316
232 311
238 305
242 299
245 293
247 287
248 281
248 275
246 269
240 264
234 260
230 254
230 248
232 242
234 236
238 230
241 224
246 218
251 212
255 206
260 200
264 194
268 188
271 182
274 176
275 170
275 164
274 158
274 152
274 146
276 140
278 134
282 128
286 122
292 116
298 111
304 108
310 105
316 103
322 101
328 100
334 99
340 99
346 100
352 101
358 103
364 105
370 108
376 111
382 116
388 122
393 128
397 134
400 140
402 146
404 152
405 158
406 164
406 170
406 176
405 182
403 188
401 194
395 200
389 201
383 198
377 197
371 201
368 207
366 213
365 219
364 225
365 231
366 237
367 243
369 249
372 255
375 261
379 267
383 273
389 279
395 285
401 289
407 293
413 296
419 298
425 300
431 302
437 302
443 303
449 303
455 302
461 301
467 299
473 297
479 294
485 290
491 285
496 279
500 273
502 267
504 261
505 255
506 249
505 243
503 237
500 231
494 227
488 227
482 227
476 225
470 219
468 213
467 207
467 201
468 195
470 189
472 183
474 177
478 171
482 165
488 159
494 154
500 151
506 148
512 147
518 146
524 146
530 147
536 149
542 153
548 158
553 164
557 170
558 176
558 182
557 188
556 194
556 200
558 206
561 212
567 218
573 222
579 225
585 226
591 227
597 226
603 225
609 223
615 220
621 216
627 212
633 206
639 200
643 194
645 188
647 182
647 176
645 170
639 164
633 163
627 163
621 163
615 159
611 153
610 147
610 141
611 135
613 129
617 123
623 117
629 113
635 111
641 109
647 108
653 108
659 109
665 111
671 114
677 117
683 122
688 128
692 134
695 140
697 146
699 152
700 158
701 164
701 170
702 176
702 182
702 188
701 194
701 200
701 206
700 212
699 218
697 224
695 230
689 233
683 228
679 222
673 219
667 223
662 229
659 235
656 241
655 247
653 253
653 259
653 265
654 271
656 277
659 283
663 289
668 295
674 300
680 303
686 305
692 307
698 307
704 307
710 306
716 305
722 302
728 298
734 293
739 287
743 281
746 275
749 269
750 263
752 257
753 251
753 245
753 239
751 233
745 230
739 233
733 237
727 241
721 239
719 233
719 227
720 221
721 215
723 209
724 203
726 197
729 191
731 185
734 179
737 173
740 167
745 161
751 155
757 150
763 148
769 146
775 145
781 146
787 147
793 150
799 154
805 159
811 165
816 171
820 177
824 183
827 189
830 195
833 201
835 207
837 213
838 219
837 225
835 231
829 235
823 234
817 231
811 227
805 224
799 224
794 230
792 236
792 242
792 248
793 254
794 260
796 266
798 272
801 278
805 284
811 290
817 294
823 297
829 299
835 300
841 300
847 299
853 297
859 294
865 290
871 285
875 279
879 273
882 267
885 261
887 255
889 249
891 243
893 237
894 231
895 225
896 219
897 213
898 207
898 201
898 195
897 189
896 183
890 180
884 185
881 191
878 197
875 203
869 206
863 200
861 194
859 188
857 182
856 176
855 170
854 164
854 158
853 152
854 146
855 140
856 134
859 128
862 122
867 116
873 110
879 106
885 104
891 102
897 101
903 100
909 101
915 102
921 104
927 107
933 111
939 116
944 122
947 128
950 134
952 140
953 146
955 152
955 158
956 164
956 170
956 176
956 182
956 188
956 194
955 200
954 206
953 212
947 216
941 210
939 204
936 198
933 192
927 188
923 194
922 200
922 206
922 212
922 218
922 224
922 230
923 236
923 242
924 248
925 254
926 260
928 266
930 272
932 278
936 284
940 290
946 296
952 301
958 304
964 306
970 307
976 307
982 306
988 305
994 302
1000 298
1006 293
1010 287
1014 281
1016 275
1018 269
1019 263
1020 257
1021 251
1021 245
1021 239
1020 233
1019 227
1018 221
1017 215
1014 209
1008 208
1002 214
998 220
994 226
988 229
982 225
980 219
980 213
980 207
981 201
982 195
983 189
985 183
987 177
989 171
991 165
994 159
996 153
999 147
1003 141
1007 135
1012 129
1018 123
1024 119
1030 116
1036 114
1042 112
1048 112
1054 112
1060 112
1066 114
1072 117
1078 120
1084 125
1089 131
1093 137
1096 143
1098 149
1099 155
1099 161
1099 167
1098 173
1096 179
1094 185
1090 191
1085 197
1079 199
1073 197
1067 191
1061 187
1055 188
1049 194
1047 200
1047 206
1047 212
1048 218
1050 224
1051 230
1053 236
1055 242
1058 248
1060 254
1063 260
1066 266
1070 272
1075 278
1080 284
1086 289
1092 293
1098 296
1104 298
1110 299
1116 299
1122 299
1128 297
1134 295
1140 290
1146 284
1149 278
1150 272
1150 266
1148 260
1142 255
1136 253
1130 252
1124 250
1118 244
1116 238
1116 232
1118 226
1122 220
1128 214
1134 209
1140 205
1146 202
1152 200
1158 199
1164 199
1170 199
1176 201
1182 204
1188 207
