0 205
6 205
12 205
18 205
24 205
30 205
36 205
42 204
48 204
54 204
60 204
66 204
72 204
78 204
84 204
90 204
96 204
102 204
108 205
114 205
120 205
126 205
132 205
138 205
144 205
150 205
156 205
162 205
168 205
174 205
180 205
186 206
192 205
198 205
204 205
210 205
216 205
222 205
228 205
234 205
240 205
246 205
252 205
258 205
264 205
270 205
276 205
282 205
288 205
294 205
300 205
306 205
312 204
318 204
324 204
330 204
336 204
342 204
348 204
354 204
360 204
366 204
372 205
378 205
384 205
390 205
396 205
402 205
408 205
414 205
420 205
426 205
432 205
438 205
444 205
450 205
456 205
462 205
468 205
474 205
480 205
486 205
492 205
498 205
504 205
510 205
516 205
522 205
528 204
534 204
540 204
546 204
552 204
558 204
564 205
570 205
576 205
582 205
588 205
594 205
600 205
606 205
612 205
618 204
624 204
630 204
636 204
642 204
648 204
654 204
660 204
666 204
672 205
678 205
684 205
690 205
696 205
702 205
708 205
714 205
720 205
726 205
732 205
738 205
744 205
750 205
756 205
762 205
768 205
774 205
780 205
786 205
792 205
798 205
804 205
810 205
816 205
822 205
828 205
834 205
840 205
846 205
852 205
858 205
864 205
870 205
876 205
882 204
888 204
894 204
900 204
906 204
912 204
918 204
924 204
930 205
936 205
942 205
948 205
954 205
960 205
966 205
972 205
978 205
984 205
990 205
996 205
1002 205
1008 205
1014 205
1020 205
1026 204
1032 204
1038 204
1044 204
1050 204
1056 204
1062 204
1068 204
1074 205
1080 205
1086 205
1092 205
1098 205
1104 205
1110 205
1116 205
1122 205
1128 205
1134 205
1140 205
1146 205
1152 205
1158 205
1164 205
1170 205
1176 205
1182 205
1188 205
