0 209
6 209
12 209
18 209
24 209
30 208
36 208
42 208
48 208
54 208
60 208
66 208
72 208
78 208
84 208
90 208
96 208
102 208
108 208
114 208
120 208
126 208
132 209
138 209
144 209
150 209
156 209
162 209
168 209
174 209
180 210
186 210
192 209
198 209
204 209
210 209
216 209
222 209
228 209
234 209
240 209
246 209
252 209
258 209
264 209
270 209
276 209
282 209
288 209
294 209
300 208
306 208
312 208
318 208
324 208
330 208
336 208
342 208
348 208
354 208
360 208
366 208
372 209
378 209
384 209
390 209
396 209
402 209
408 209
414 209
420 209
426 209
432 209
438 209
444 209
450 209
456 209
462 209
468 209
474 209
480 209
486 209
492 209
498 209
504 209
510 208
516 208
522 208
528 208
534 208
540 208
546 208
552 208
558 208
564 208
570 208
576 208
582 208
588 209
594 209
600 209
606 208
612 208
618 208
624 208
630 208
636 208
642 208
648 208
654 208
660 208
666 208
672 208
678 209
684 209
690 209
696 209
702 209
708 209
714 209
720 209
726 209
732 209
738 209
744 209
750 209
756 208
762 208
768 208
774 208
780 208
786 209
792 209
798 209
804 209
810 209
816 209
822 209
828 209
834 209
840 209
846 209
852 209
858 209
864 209
870 209
876 208
882 208
888 208
894 208
900 208
906 208
912 208
918 208
924 208
930 208
936 209
942 209
948 209
954 209
960 209
966 209
972 209
978 209
984 209
990 209
996 209
1002 209
1008 209
1014 209
1020 208
1026 208
1032 208
1038 208
1044 208
1050 208
1056 208
1062 208
1068 208
1074 208
1080 209
1086 209
1092 209
1098 209
1104 209
1110 209
1116 209
1122 209
1128 209
1134 209
1140 209
1146 209
1152 209
1158 208
1164 208
1170 208
1176 208
1182 208
1188 209
