0 208
6 208
12 208
18 208
24 208
30 208
36 208
42 207
48 207
54 207
60 207
66 207
72 207
78 207
84 207
90 207
96 207
102 207
108 207
114 208
120 208
126 208
132 208
138 208
144 208
150 209
156 209
162 209
168 209
174 210
180 210
186 210
192 210
198 210
204 210
210 209
216 209
222 209
228 209
234 209
240 209
246 208
252 208
258 208
264 208
270 208
276 208
282 208
288 208
294 208
300 208
306 208
312 207
318 207
324 207
330 207
336 207
342 207
348 207
354 207
360 207
366 208
372 208
378 208
384 208
390 208
396 209
402 209
408 209
414 209
420 209
426 209
432 209
438 209
444 209
450 209
456 209
462 209
468 209
474 209
480 209
486 209
492 209
498 208
504 208
510 208
516 208
522 208
528 207
534 207
540 207
546 207
552 207
558 208
564 208
570 208
576 208
582 208
588 208
594 208
600 208
606 208
612 208
618 207
624 207
630 207
636 207
642 207
648 207
654 207
660 207
666 207
672 208
678 208
684 209
690 209
696 209
702 209
708 209
714 209
720 209
726 209
732 209
738 208
744 208
750 208
756 208
762 208
768 208
774 208
780 208
786 208
792 208
798 208
804 208
810 209
816 209
822 209
828 209
834 209
840 209
846 209
852 209
858 209
864 209
870 208
876 208
882 207
888 207
894 207
900 207
906 206
912 207
918 207
924 207
930 207
936 208
942 208
948 209
954 209
960 209
966 209
972 209
978 209
984 209
990 209
996 209
1002 208
1008 208
1014 208
1020 208
1026 207
1032 207
1038 207
1044 207
1050 207
1056 207
1062 207
1068 207
1074 208
1080 208
1086 208
1092 209
1098 209
1104 209
1110 209
1116 209
1122 209
1128 209
1134 209
1140 209
1146 208
1152 208
1158 208
1164 208
1170 208
1176 208
1182 208
1188 208
