0 215
4 216
8 217
12 218
16 219
20 220
24 220
28 220
32 220
36 220
40 219
44 219
48 218
52 217
56 216
60 215
64 213
68 212
72 210
76 208
80 206
84 204
88 202
92 199
96 197
100 194
104 191
108 188
112 185
116 182
119 178
123 174
125 170
128 166
129 162
130 158
130 154
130 150
129 146
127 142
125 138
122 134
118 130
114 127
110 125
106 123
102 122
98 122
94 122
90 122
86 124
82 126
78 130
75 134
72 138
70 142
67 146
65 150
62 154
58 157
54 159
50 160
46 160
42 159
38 158
34 156
30 153
27 149
24 145
22 141
21 137
20 133
20 129
20 125
20 121
20 117
21 113
22 109
23 105
25 101
27 97
29 93
32 89
35 85
38 81
42 78
46 74
50 72
54 69
58 67
62 66
66 64
70 63
74 62
78 62
82 61
86 61
90 61
94 61
98 61
102 62
106 63
110 64
114 65
118 66
122 68
126 70
130 72
134 74
138 77
142 80
146 83
150 87
154 91
157 95
160 99
163 103
166 107
169 111
171 115
173 119
176 123
178 127
180 131
181 135
183 139
185 143
186 147
188 151
189 155
190 159
191 163
192 167
193 171
193 175
194 179
194 183
195 187
195 191
194 195
194 199
194 203
193 207
192 211
191 215
190 219
189 223
188 227
187 231
185 235
184 239
182 243
180 247
178 251
176 255
174 259
172 263
170 267
167 271
164 275
160 279
156 282
152 283
148 283
144 280
142 276
142 272
143 268
144 264
145 260
146 256
148 252
149 248
151 244
152 240
153 236
154 232
155 228
156 224
157 220
157 216
155 212
151 211
147 213
143 215
139 218
135 221
131 225
127 228
123 232
119 235
115 239
111 243
108 247
105 251
102 255
99 259
97 263
95 267
93 271
91 275
90 279
89 283
88 287
87 291
87 295
87 299
87 303
87 307
87 311
88 315
89 319
90 323
92 327
93 331
95 335
98 339
100 343
104 347
107 351
111 354
115 357
119 360
123 362
127 364
131 366
135 367
139 368
143 369
147 370
151 371
155 372
159 373
163 373
167 373
171 374
175 374
179 374
183 374
187 374
191 374
195 374
199 374
203 373
207 373
211 372
215 372
219 371
223 370
227 369
231 367
235 366
239 364
243 362
247 359
251 356
255 353
259 349
262 345
264 341
266 337
268 333
269 329
270 325
271 321
272 317
272 313
272 309
272 305
272 301
271 297
271 293
270 289
268 285
267 281
265 277
262 273
258 270
254 270
250 271
246 275
243 279
241 283
239 287
237 291
235 295
234 299
232 303
230 307
227 311
223 315
219 317
215 317
211 315
207 311
206 307
206 303
206 299
207 295
209 291
210 287
212 283
214 279
216 275
218 271
220 267
222 263
225 259
227 255
230 251
232 247
235 243
238 239
241 235
245 231
248 227
251 223
254 219
258 215
261 211
264 207
267 203
270 199
273 195
276 191
278 187
280 183
282 179
284 175
285 171
286 167
287 163
288 159
288 155
287 151
283 147
279 148
275 152
273 156
270 160
266 163
262 164
258 160
256 156
255 152
254 148
254 144
254 140
253 136
254 132
254 128
254 124
255 120
256 116
256 112
258 108
259 104
261 100
262 96
264 92
267 88
270 84
273 80
276 76
280 72
284 69
288 66
292 64
296 61
300 59
304 58
308 56
312 55
316 54
320 53
324 53
328 52
332 52
336 52
340 52
344 52
348 52
352 52
356 53
360 54
364 55
368 56
372 57
376 59
380 61
384 63
388 65
392 68
396 71
400 75
404 79
407 83
410 87
413 91
415 95
417 99
418 103
419 107
420 111
421 115
422 119
422 123
423 127
423 131
423 135
423 139
422 143
422 147
422 151
421 155
420 159
420 163
419 167
418 171
417 175
416 179
414 183
413 187
412 191
411 195
409 199
408 203
407 207
405 211
404 215
402 219
401 223
400 227
398 231
397 235
395 239
393 243
390 247
386 250
382 249
379 245
377 241
376 237
376 233
376 229
375 225
375 221
375 217
376 213
376 209
376 205
376 201
377 197
377 193
377 189
377 185
377 181
375 177
371 174
367 174
363 176
359 179
355 183
352 187
349 191
347 195
346 199
344 203
343 207
342 211
341 215
340 219
339 223
339 227
339 231
339 235
339 239
339 243
339 247
340 251
341 255
342 259
343 263
344 267
346 271
347 275
349 279
351 283
353 287
355 291
358 295
360 299
363 303
366 307
369 311
372 315
376 319
380 323
384 326
388 330
392 333
396 335
400 337
404 340
408 341
412 343
416 344
420 345
424 346
428 347
432 348
436 348
440 349
444 349
448 349
452 349
456 348
460 348
464 347
468 346
472 345
476 343
480 342
484 340
488 337
492 335
496 332
500 328
504 324
507 320
510 316
512 312
514 308
516 304
517 300
518 296
519 292
519 288
519 284
519 280
519 276
518 272
517 268
516 264
515 260
513 256
510 252
508 248
504 244
501 240
497 237
493 234
489 233
485 232
481 232
477 233
474 237
472 241
470 245
469 249
468 253
467 257
465 261
464 265
463 269
461 273
458 277
454 280
450 282
446 283
442 283
438 282
434 281
430 279
426 275
424 271
422 267
422 263
422 259
422 255
423 251
424 247
425 243
426 239
427 235
429 231
430 227
432 223
434 219
436 215
437 211
439 207
442 203
444 199
446 195
448 191
451 187
453 183
456 179
459 175
462 171
465 167
469 163
472 159
476 155
480 151
484 148
488 145
492 142
496 140
500 138
504 136
508 135
512 134
516 133
520 133
524 133
528 134
532 135
536 136
540 138
544 140
548 143
552 146
556 149
560 153
563 157
566 161
569 165
572 169
574 173
576 177
578 181
579 185
579 189
575 193
571 194
567 193
563 192
559 190
555 188
551 187
547 185
543 183
539 182
535 181
531 181
527 182
523 185
521 189
522 193
523 197
526 201
530 205
534 208
538 211
542 213
546 216
550 218
554 220
558 222
562 224
566 225
570 227
574 228
578 229
582 229
586 230
590 230
594 231
598 231
602 231
606 230
610 230
614 230
618 229
622 228
626 228
630 227
634 226
638 225
642 224
646 223
650 221
654 220
658 219
662 217
666 215
670 213
674 210
678 207
682 203
684 199
686 195
687 191
687 187
687 183
686 179
686 175
685 171
684 167
682 163
681 159
679 155
678 151
676 147
673 143
671 139
667 135
663 132
659 130
655 129
651 130
647 133
645 137
643 141
642 145
641 149
640 153
639 157
637 161
636 165
633 169
629 172
625 172
621 171
617 169
613 165
610 161
608 157
606 153
605 149
603 145
602 141
601 137
601 133
600 129
600 125
600 121
600 117
601 113
602 109
603 105
605 101
607 97
609 93
612 89
616 85
620 82
624 79
628 77
632 75
636 74
640 73
644 73
648 72
652 72
656 73
660 74
664 75
668 76
672 78
676 80
680 83
684 87
688 91
690 95
692 99
694 103
695 107
696 111
696 115
697 119
696 123
696 127
695 131
695 135
695 139
695 143
696 147
697 151
698 155
700 159
701 163
702 167
704 171
705 175
706 179
708 183
709 187
710 191
711 195
712 199
713 203
714 207
715 211
715 215
715 219
715 223
715 227
714 231
714 235
713 239
712 243
710 247
709 251
707 255
705 259
703 263
700 267
698 271
696 275
694 279
693 283
691 287
690 291
689 295
687 299
683 300
679 296
677 292
677 288
677 284
677 280
678 276
680 272
681 268
682 264
683 260
684 256
683 252
679 250
675 251
671 252
667 254
663 255
659 257
655 259
651 262
647 265
643 269
640 273
638 277
636 281
635 285
634 289
634 293
634 297
634 301
635 305
636 309
637 313
639 317
641 321
644 325
647 329
651 333
655 337
659 339
663 342
667 344
671 345
675 346
679 347
683 348
687 348
691 348
695 348
699 348
703 347
707 346
711 344
715 342
719 340
723 337
727 334
731 330
734 326
736 322
738 318
740 314
742 310
743 306
744 302
745 298
746 294
746 290
747 286
748 282
748 278
749 274
749 270
750 266
751 262
752 258
753 254
753 250
754 246
756 242
757 238
758 234
759 230
761 226
762 222
764 218
764 214
760 213
756 217
754 221
751 225
750 229
748 233
746 237
744 241
743 245
741 249
739 253
737 257
735 261
734 265
732 269
730 273
728 277
726 281
723 285
721 289
719 293
716 297
713 301
709 303
705 304
703 300
704 296
705 292
707 288
709 284
711 280
712 276
714 272
716 268
717 264
719 260
721 256
723 252
724 248
726 244
727 240
728 236
729 232
730 228
731 224
731 220
732 216
732 212
732 208
733 204
733 200
733 196
733 192
734 188
734 184
735 180
736 176
737 172
738 168
740 164
742 160
745 156
748 152
752 148
756 145
760 143
764 141
768 140
772 139
776 138
780 138
784 139
788 139
792 141
796 142
800 144
804 146
808 148
812 151
816 154
820 158
824 161
828 165
831 169
835 173
838 177
841 181
844 185
847 189
849 193
852 197
854 201
856 205
858 209
859 213
860 217
862 221
863 225
863 229
864 233
865 237
865 241
865 245
864 249
864 253
862 257
861 261
858 265
854 269
850 272
846 274
842 275
838 275
834 273
831 269
829 265
829 261
828 257
827 253
826 249
825 245
823 241
821 237
819 233
817 229
816 225
815 221
814 217
812 213
810 209
807 205
803 203
799 203
795 205
792 209
790 213
789 217
788 221
787 225
786 229
786 233
785 237
784 241
784 245
784 249
783 253
783 257
783 261
783 265
783 269
784 273
784 277
785 281
786 285
786 289
788 293
789 297
791 301
792 305
795 309
797 313
801 317
805 321
809 324
813 327
817 329
821 330
825 331
829 331
833 331
837 331
841 330
845 329
849 327
853 325
857 322
861 318
864 314
866 310
869 306
870 302
872 298
874 294
876 290
878 286
881 282
884 278
886 274
889 270
892 266
895 262
897 258
899 254
901 250
903 246
904 242
905 238
906 234
906 230
907 226
907 222
907 218
908 214
908 210
908 206
908 202
908 198
908 194
908 190
907 186
907 182
907 178
906 174
906 170
906 166
905 162
905 158
904 154
904 150
903 146
903 142
903 138
903 134
903 130
903 126
903 122
899 119
895 121
892 125
891 129
891 133
890 137
890 141
890 145
890 149
890 153
891 157
891 161
891 165
892 169
892 173
893 177
893 181
894 185
894 189
894 193
895 197
895 201
895 205
895 209
894 213
894 217
892 221
888 224
887 220
887 216
887 212
886 208
885 204
884 200
882 196
880 192
878 188
876 184
874 180
872 176
870 172
868 168
866 164
864 160
861 156
859 152
857 148
855 144
854 140
852 136
850 132
849 128
848 124
848 120
847 116
847 112
847 108
848 104
848 100
849 96
851 92
853 88
855 84
858 80
862 76
866 72
870 69
874 67
878 65
882 64
886 62
890 61
894 61
898 60
902 60
906 60
910 61
914 61
918 62
922 64
926 66
930 68
934 70
938 73
942 77
945 81
948 85
950 89
952 93
954 97
955 101
955 105
956 109
956 113
956 117
956 121
956 125
955 129
955 133
954 137
953 141
952 145
951 149
950 153
949 157
948 161
947 165
946 169
946 173
945 177
945 181
944 185
944 189
944 193
944 197
944 201
944 205
944 209
944 213
945 217
945 221
946 225
946 229
947 233
947 237
948 241
949 245
950 249
951 253
952 257
953 261
954 265
952 269
948 266
946 262
945 258
944 254
944 250
943 246
942 242
942 238
941 234
940 230
940 226
939 222
938 218
938 214
937 210
936 206
936 202
935 198
935 194
934 190
934 186
933 182
933 178
932 174
932 170
932 166
931 162
931 158
931 154
930 150
930 146
929 142
928 138
927 134
924 130
920 128
918 132
919 136
919 140
920 144
921 148
922 152
922 156
923 160
923 164
924 168
924 172
924 176
925 180
925 184
926 188
926 192
927 196
927 200
928 204
928 208
929 212
929 216
930 220
930 224
931 228
931 232
931 236
931 240
931 244
931 248
931 252
931 256
930 260
930 264
929 268
928 272
927 276
926 280
926 284
925 288
925 292
925 296
925 300
925 304
926 308
927 312
928 316
930 320
932 324
935 328
938 332
942 336
946 339
950 341
954 343
958 345
962 346
966 347
970 347
974 348
978 348
982 347
986 347
990 346
994 344
998 343
1002 341
1006 338
1010 334
1014 330
1017 326
1019 322
1020 318
1021 314
1022 310
1022 306
1022 302
1022 298
1021 294
1020 290
1019 286
1017 282
1016 278
1014 274
1012 270
1010 266
1008 262
1006 258
1005 254
1003 250
1002 246
1000 242
999 238
998 234
997 230
997 226
996 222
996 218
995 214
995 210
995 206
995 202
995 198
996 194
996 190
997 186
999 182
1000 178
1001 174
1000 170
996 173
993 177
991 181
989 185
988 189
987 193
986 197
985 201
984 205
983 209
983 213
983 217
982 221
982 225
982 229
982 233
982 237
982 241
982 245
982 249
982 253
982 257
982 261
982 265
981 269
981 273
980 277
978 281
974 284
970 282
969 278
969 274
969 270
970 266
970 262
970 258
970 254
969 250
969 246
968 242
968 238
968 234
968 230
968 226
967 222
968 218
968 214
968 210
968 206
969 202
970 198
971 194
972 190
973 186
974 182
976 178
977 174
979 170
981 166
982 162
984 158
986 154
989 150
991 146
994 142
996 138
999 134
1002 130
1005 126
1007 122
1010 118
1013 114
1015 110
1018 106
1021 102
1025 98
1029 94
1033 91
1037 88
1041 86
1045 84
1049 83
1053 82
1057 81
1061 81
1065 81
1069 81
1073 82
1077 83
1081 85
1085 86
1089 89
1093 91
1097 95
1101 99
1104 103
1107 107
1109 111
1111 115
1113 119
1114 123
1115 127
1116 131
1117 135
1117 139
1117 143
1117 147
1116 151
1116 155
1114 159
1113 163
1111 167
1108 171
1105 175
1102 179
1098 182
1094 186
1090 188
1086 191
1082 193
1078 195
1074 197
1070 198
1066 200
1062 201
1058 201
1054 201
1050 197
1050 193
1050 189
1051 185
1052 181
1053 177
1053 173
1054 169
1055 165
1056 161
1056 157
1056 153
1056 149
1055 145
1051 142
1047 140
1043 140
1039 141
1035 143
1031 146
1027 150
1024 154
1022 158
1021 162
1020 166
1019 170
1017 174
1017 178
1016 182
1015 186
1014 190
1013 194
1013 198
1013 202
1013 206
1013 210
1013 214
1014 218
1015 222
1016 226
1017 230
1018 234
1020 238
1022 242
1025 246
1027 250
1030 254
1034 258
1037 262
1041 266
1045 270
1049 273
1053 277
1057 280
1061 284
1065 287
1069 291
1073 294
1076 298
1080 302
1083 306
1086 310
1090 314
1093 318
1097 321
1101 325
1105 327
1109 329
1113 330
1117 331
1121 332
1125 332
1129 332
1133 332
1137 331
1141 330
1145 328
1149 325
1153 323
1157 319
1160 315
1163 311
1165 307
1167 303
1168 299
1169 295
1169 291
1169 287
1168 283
1167 279
1165 275
1162 271
1158 268
1154 266
1150 265
1146 265
1142 265
1138 267
1134 269
1130 271
1126 274
1122 276
1118 278
1114 280
1110 282
1106 283
1102 283
1098 283
1094 282
1090 280
1086 279
1082 276
1078 274
1074 270
1070 267
1067 263
1064 259
1062 255
1061 251
1062 247
1064 243
1067 239
1071 237
1075 234
1079 233
1083 231
1087 230
1091 228
1095 227
1099 225
1103 224
1107 223
1111 221
1115 220
1119 219
1123 218
1127 217
1131 215
1135 214
1139 214
1143 213
1147 212
1151 211
1155 211
1159 211
1163 211
1167 210
1171 211
1175 211
1179 211
1183 212
1187 212
1191 213
1195 214
