0 207
6 209
12 211
18 211
24 210
30 207
36 202
40 196
43 190
46 184
48 178
52 172
57 166
63 162
69 158
75 156
81 155
87 155
93 155
99 156
105 158
111 160
117 164
123 168
129 174
133 180
136 186
139 192
140 198
141 204
142 210
142 216
143 222
144 228
147 234
150 240
155 246
161 251
167 255
173 257
179 258
185 259
191 258
197 257
203 255
209 252
215 247
220 241
225 235
229 229
232 223
237 217
243 211
249 207
255 204
261 201
267 198
273 195
279 191
285 187
291 181
297 175
303 169
309 164
315 160
321 157
327 155
333 154
339 154
345 155
351 156
357 159
363 163
369 169
374 175
376 181
379 187
380 193
382 199
384 205
386 211
390 217
395 223
401 228
407 231
413 234
419 236
425 238
431 239
437 240
443 241
449 241
455 240
461 239
467 238
473 235
479 231
485 225
489 219
492 213
494 207
496 201
499 195
502 189
508 183
514 179
520 176
526 175
532 175
538 177
544 180
550 184
555 190
560 196
565 202
571 207
577 210
583 212
589 212
595 210
601 207
607 201
610 195
613 189
615 183
616 177
619 171
623 165
629 159
635 156
641 154
647 153
653 154
659 156
665 159
671 165
676 171
678 177
680 183
680 189
679 195
678 201
676 207
675 213
674 219
675 225
676 231
678 237
683 243
689 248
695 251
701 253
707 253
713 252
719 250
725 247
731 241
735 235
737 229
738 223
739 217
739 211
739 205
740 199
741 193
743 187
747 181
752 175
758 171
764 168
770 167
776 167
782 169
788 171
794 176
799 182
802 188
805 194
806 200
806 206
806 212
807 218
807 224
809 230
812 236
816 242
822 247
828 250
834 252
840 252
846 251
852 249
858 246
864 240
868 234
871 228
873 222
873 216
873 210
872 204
871 198
869 192
868 186
867 180
868 174
870 168
873 162
878 156
884 151
890 147
896 145
902 145
908 145
914 146
920 148
926 151
932 157
937 163
940 169
942 175
942 181
942 187
942 193
940 199
938 205
937 211
937 217
937 223
939 229
941 235
945 241
950 247
956 251
962 254
968 255
974 256
980 255
986 253
992 250
998 245
1003 239
1006 233
1008 227
1008 221
1008 215
1008 209
1007 203
1007 197
1007 191
1008 185
1009 179
1012 173
1016 167
1022 161
1028 157
1034 155
1040 153
1046 153
1052 153
1058 155
1064 158
1070 162
1075 168
1079 174
1081 180
1082 186
1082 192
1081 198
1081 204
1081 210
1081 216
1083 222
1085 228
1089 234
1095 239
1101 243
1107 245
1113 246
1119 245
1125 243
1131 240
1136 234
1140 228
1143 222
1145 216
1148 210
1152 204
1158 198
1164 196
1170 195
1176 195
1182 197
1188 200
