0 210
6 213
12 216
18 218
24 218
30 218
36 218
42 216
48 213
54 210
60 206
66 201
71 195
76 189
79 183
82 177
83 171
83 165
82 159
79 153
73 148
67 147
61 149
55 152
49 154
43 154
37 151
33 145
31 139
30 133
31 127
32 121
35 115
39 109
44 103
50 98
56 94
62 91
68 89
74 87
80 86
86 85
92 85
98 85
104 86
110 88
116 90
122 92
128 95
134 99
140 103
146 109
152 115
156 121
160 127
163 133
166 139
168 145
170 151
171 157
172 163
173 169
174 175
174 181
174 187
173 193
173 199
171 205
170 211
167 217
164 223
160 229
154 234
148 234
144 228
142 222
140 216
136 210
130 210
124 215
120 221
116 227
113 233
111 239
109 245
108 251
108 257
107 263
108 269
108 275
109 281
111 287
113 293
116 299
119 305
124 311
129 317
135 322
141 327
147 330
153 333
159 335
165 337
171 338
177 339
183 339
189 339
195 339
201 338
207 337
213 335
219 332
225 329
231 325
237 320
243 314
247 308
250 302
253 296
254 290
255 284
255 278
254 272
251 266
245 264
239 265
233 266
227 263
225 257
226 251
227 245
230 239
233 233
236 227
240 221
245 215
249 209
254 203
258 197
263 191
266 185
270 179
272 173
274 167
274 161
272 155
269 149
268 143
268 137
269 131
270 125
273 119
277 113
281 107
287 101
293 96
299 92
305 89
311 86
317 84
323 83
329 82
335 82
341 82
347 82
353 83
359 85
365 87
371 90
377 93
383 97
389 102
394 108
399 114
402 120
405 126
407 132
409 138
410 144
411 150
411 156
411 162
411 168
410 174
409 180
408 186
405 192
401 198
395 203
389 201
384 195
380 189
374 186
368 190
363 196
361 202
359 208
358 214
358 220
358 226
359 232
360 238
362 244
364 250
366 256
369 262
372 268
376 274
381 280
386 286
392 292
398 296
404 300
410 304
416 306
422 308
428 310
434 311
440 312
446 312
452 312
458 311
464 309
470 307
476 305
482 301
488 297
494 292
499 286
503 280
506 274
508 268
509 262
510 256
510 250
509 244
508 238
505 232
501 226
495 223
489 224
483 227
477 231
471 231
465 228
461 222
459 216
458 210
458 204
458 198
460 192
461 186
464 180
466 174
469 168
473 162
477 156
483 150
489 145
495 141
501 138
507 135
513 134
519 134
525 134
531 136
537 138
543 141
549 146
555 152
559 158
561 164
562 170
560 176
554 182
551 188
551 194
553 200
557 206
563 212
569 216
575 219
581 221
587 222
593 222
599 221
605 220
611 218
617 216
623 213
629 209
635 205
641 200
647 195
652 189
656 183
658 177
659 171
659 165
657 159
653 153
647 149
641 149
635 151
629 154
623 156
617 154
611 148
608 142
607 136
607 130
607 124
609 118
612 112
617 106
623 101
629 98
635 95
641 94
647 93
653 93
659 94
665 96
671 98
677 101
683 106
689 112
693 118
696 124
699 130
700 136
701 142
702 148
703 154
703 160
704 166
704 172
704 178
704 184
704 190
703 196
703 202
702 208
702 214
701 220
700 226
699 232
697 238
691 244
685 238
683 232
682 226
680 220
674 217
668 222
663 228
659 234
655 240
652 246
650 252
649 258
649 264
649 270
650 276
652 282
654 288
658 294
663 300
669 305
675 309
681 312
687 313
693 314
699 315
705 314
711 313
717 311
723 308
729 303
735 297
740 291
744 285
746 279
749 273
750 267
752 261
753 255
754 249
754 243
755 237
755 231
753 225
747 223
741 228
737 234
733 240
728 246
722 251
716 249
715 243
715 237
716 231
718 225
719 219
720 213
722 207
723 201
725 195
727 189
729 183
732 177
734 171
737 165
741 159
745 153
750 147
756 142
762 139
768 137
774 136
780 136
786 137
792 140
798 143
804 147
810 153
816 159
820 165
825 171
829 177
832 183
836 189
839 195
841 201
844 207
845 213
846 219
846 225
845 231
841 237
835 240
829 239
823 234
818 228
813 222
807 216
801 213
795 215
791 221
789 227
789 233
789 239
789 245
790 251
791 257
792 263
794 269
796 275
799 281
803 287
809 293
815 298
821 301
827 304
833 305
839 305
845 304
851 302
857 300
863 296
869 290
874 284
877 278
881 272
883 266
886 260
888 254
890 248
892 242
894 236
896 230
897 224
898 218
899 212
900 206
901 200
901 194
901 188
902 182
902 176
901 170
900 164
894 160
889 166
887 172
885 178
884 184
883 190
881 196
878 202
872 206
869 200
867 194
865 188
862 182
860 176
858 170
857 164
855 158
854 152
853 146
852 140
852 134
853 128
854 122
856 116
859 110
863 104
868 98
874 94
880 90
886 88
892 87
898 86
904 86
910 86
916 87
922 89
928 92
934 96
940 102
945 108
948 114
951 120
953 126
954 132
955 138
955 144
956 150
956 156
956 162
955 168
955 174
954 180
954 186
954 192
953 198
953 204
953 210
953 216
947 220
943 214
941 208
939 202
938 196
936 190
934 184
932 178
929 172
923 172
922 178
923 184
923 190
923 196
923 202
923 208
923 214
923 220
923 226
923 232
923 238
924 244
924 250
925 256
926 262
927 268
929 274
931 280
933 286
937 292
941 298
947 304
953 308
959 311
965 312
971 313
977 313
983 313
989 311
995 308
1001 304
1007 298
1011 292
1014 286
1017 280
1018 274
1019 268
1020 262
1020 256
1020 250
1020 244
1019 238
1019 232
1018 226
1017 220
1016 214
1015 208
1014 202
1012 196
1006 194
1002 200
999 206
997 212
995 218
992 224
989 230
983 235
977 231
975 225
975 219
975 213
976 207
977 201
978 195
979 189
980 183
982 177
984 171
986 165
988 159
990 153
993 147
996 141
999 135
1002 129
1006 123
1011 117
1017 111
1023 106
1029 103
1035 100
1041 99
1047 98
1053 98
1059 98
1065 99
1071 101
1077 104
1083 108
1089 113
1094 119
1098 125
1101 131
1102 137
1103 143
1104 149
1103 155
1102 161
1100 167
1097 173
1094 179
1090 185
1084 191
1078 195
1072 195
1066 189
1064 183
1061 177
1057 171
1051 169
1045 171
1040 177
1038 183
1038 189
1038 195
1039 201
1040 207
1041 213
1043 219
1045 225
1047 231
1049 237
1052 243
1055 249
1057 255
1061 261
1064 267
1068 273
1072 279
1076 285
1082 291
1088 296
1094 299
1100 302
1106 304
1112 305
1118 305
1124 305
1130 303
1136 301
1142 297
1148 291
1152 285
1154 279
1155 273
1154 267
1152 261
1146 255
1140 254
1134 254
1128 254
1122 255
1116 254
1110 251
1105 245
1103 239
1104 233
1106 227
1109 221
1115 215
1121 210
1127 206
1133 202
1139 199
1145 197
1151 196
1157 195
1163 195
1169 195
1175 197
1181 199
1187 202
1193 205
