0 213
6 216
12 219
18 221
24 221
30 221
36 220
42 218
48 216
54 212
60 207
66 201
70 195
73 189
76 183
77 177
77 171
75 165
71 159
65 156
59 156
53 158
47 159
41 157
35 151
33 145
32 139
33 133
35 127
37 121
41 115
46 109
52 104
58 100
64 97
70 95
76 94
82 93
88 92
94 92
100 93
106 94
112 95
118 98
124 101
130 104
136 108
142 114
148 120
153 126
156 132
160 138
162 144
165 150
167 156
168 162
169 168
170 174
171 180
171 186
171 192
170 198
169 204
167 210
165 216
162 222
157 228
151 232
145 229
141 223
137 217
131 215
125 218
120 224
117 230
115 236
113 242
112 248
111 254
110 260
111 266
111 272
112 278
114 284
116 290
119 296
123 302
127 308
133 314
139 319
145 323
151 326
157 329
163 331
169 332
175 333
181 334
187 334
193 334
199 333
205 332
211 330
217 327
223 324
229 320
235 315
241 309
245 303
248 297
250 291
252 285
252 279
251 273
248 267
242 264
236 264
230 260
228 254
228 248
230 242
233 236
236 230
240 224
244 218
249 212
253 206
258 200
262 194
266 188
270 182
272 176
274 170
274 164
273 158
271 152
271 146
271 140
272 134
275 128
278 122
282 116
287 110
293 104
299 100
305 97
311 94
317 92
323 90
329 89
335 89
341 89
347 90
353 91
359 92
365 95
371 98
377 101
383 106
389 112
394 118
398 124
401 130
404 136
406 142
407 148
408 154
409 160
409 166
409 172
408 178
407 184
404 190
401 196
395 201
389 201
383 196
377 192
371 194
366 200
364 206
362 212
361 218
361 224
362 230
363 236
364 242
366 248
368 254
371 260
375 266
379 272
383 278
389 284
395 289
401 294
407 297
413 300
419 303
425 305
431 306
437 307
443 307
449 307
455 307
461 305
467 304
473 301
479 298
485 295
491 289
497 283
501 277
504 271
506 265
507 259
508 253
508 247
507 241
505 235
501 229
495 225
489 225
483 227
477 228
471 226
466 220
464 214
463 208
463 202
463 196
465 190
467 184
469 178
472 172
476 166
480 160
485 154
491 149
497 145
503 143
509 141
515 140
521 140
527 140
533 142
539 145
545 149
551 154
556 160
559 166
560 172
559 178
557 184
554 190
553 196
555 202
559 208
564 214
570 218
576 221
582 223
588 224
594 224
600 224
606 222
612 220
618 217
624 213
630 209
636 204
642 198
647 192
650 186
652 180
653 174
652 168
649 162
643 157
637 156
631 158
625 159
619 158
613 153
610 147
608 141
608 135
609 129
611 123
614 117
619 111
625 107
631 103
637 101
643 100
649 99
655 100
661 101
667 103
673 106
679 110
685 115
690 121
694 127
696 133
698 139
700 145
701 151
702 157
702 163
703 169
703 175
703 181
703 187
703 193
702 199
702 205
701 211
700 217
699 223
698 229
696 235
690 238
684 232
682 226
679 220
673 218
667 222
663 228
659 234
656 240
654 246
652 252
651 258
651 264
652 270
653 276
655 282
658 288
662 294
668 300
674 304
680 307
686 309
692 310
698 311
704 311
710 310
716 308
722 305
728 301
734 296
739 290
743 284
746 278
748 272
750 266
752 260
753 254
754 248
754 242
754 236
753 230
747 226
741 230
735 236
729 242
723 246
717 241
717 235
717 229
718 223
720 217
721 211
723 205
725 199
727 193
729 187
731 181
734 175
737 169
740 163
745 157
750 151
756 146
762 143
768 141
774 140
780 141
786 142
792 144
798 148
804 152
810 158
815 164
820 170
824 176
828 182
831 188
834 194
837 200
839 206
841 212
842 218
842 224
840 230
835 236
829 237
823 235
817 229
811 223
805 219
799 219
793 224
791 230
790 236
790 242
791 248
791 254
793 260
794 266
797 272
800 278
803 284
808 290
814 295
820 298
826 301
832 302
838 303
844 302
850 301
856 298
862 294
868 289
873 283
877 277
881 271
883 265
886 259
888 253
890 247
892 241
894 235
895 229
896 223
898 217
898 211
899 205
900 199
900 193
900 187
900 181
899 175
893 170
887 175
884 181
882 187
881 193
878 199
875 205
869 205
865 199
863 193
861 187
859 181
858 175
856 169
855 163
854 157
853 151
853 145
853 139
854 133
855 127
857 121
861 115
865 109
871 103
877 99
883 96
889 94
895 92
901 92
907 92
913 93
919 94
925 97
931 100
937 105
942 111
946 117
949 123
951 129
953 135
954 141
955 147
956 153
956 159
956 165
956 171
956 177
955 183
955 189
955 195
954 201
954 207
953 213
947 218
942 212
940 206
938 200
936 194
934 188
931 182
925 179
923 185
922 191
922 197
922 203
922 209
922 215
922 221
922 227
923 233
923 239
924 245
924 251
925 257
927 263
928 269
930 275
933 281
936 287
940 293
946 299
952 304
958 307
964 309
970 310
976 310
982 309
988 308
994 305
1000 301
1006 296
1010 290
1014 284
1016 278
1018 272
1019 266
1020 260
1020 254
1020 248
1020 242
1020 236
1019 230
1019 224
1018 218
1016 212
1015 206
1009 201
1003 206
1000 212
997 218
994 224
990 230
984 232
979 226
977 220
977 214
978 208
979 202
980 196
981 190
982 184
984 178
986 172
988 166
990 160
993 154
995 148
998 142
1002 136
1005 130
1010 124
1016 118
1022 113
1028 109
1034 107
1040 105
1046 104
1052 104
1058 104
1064 105
1070 107
1076 110
1082 114
1088 120
1093 126
1096 132
1099 138
1100 144
1101 150
1101 156
1101 162
1100 168
1098 174
1095 180
1091 186
1087 192
1081 196
1075 197
1069 192
1065 186
1060 180
1054 178
1048 181
1044 187
1043 193
1042 199
1043 205
1044 211
1045 217
1047 223
1048 229
1051 235
1053 241
1055 247
1058 253
1061 259
1064 265
1068 271
1072 277
1077 283
1083 289
1089 294
1095 297
1101 300
1107 301
1113 302
1119 302
1125 301
1131 299
1137 296
1143 292
1148 286
1151 280
1152 274
1152 268
1151 262
1145 256
1139 254
1133 254
1127 253
1121 252
1115 249
1111 243
1110 237
1110 231
1113 225
1117 219
1123 213
1129 208
1135 204
1141 201
1147 199
1153 197
1159 197
1165 197
1171 198
1177 199
1183 202
1189 205
