0 212
6 213
12 213
18 212
24 212
30 212
36 211
42 210
48 210
54 209
60 208
66 208
72 208
78 208
84 208
90 208
96 209
102 209
108 209
114 210
120 210
126 211
132 211
138 212
144 213
150 214
156 215
162 216
168 216
174 217
180 217
186 217
192 217
198 217
204 217
210 216
216 216
222 215
228 214
234 214
240 213
246 213
252 213
258 212
264 212
270 212
276 212
282 211
288 211
294 211
300 210
306 210
312 209
318 209
324 208
330 208
336 208
342 208
348 208
354 209
360 209
366 210
372 211
378 212
384 212
390 213
396 214
402 214
408 214
414 214
420 214
426 214
432 214
438 215
444 215
450 215
456 215
462 215
468 215
474 215
480 214
486 214
492 213
498 213
504 212
510 211
516 211
522 210
528 210
534 210
540 210
546 210
552 210
558 211
564 211
570 212
576 212
582 212
588 212
594 212
600 212
606 211
612 210
618 210
624 209
630 208
636 208
642 207
648 207
654 208
660 209
666 210
672 211
678 212
684 214
690 215
696 216
702 216
708 217
714 216
720 216
726 215
732 214
738 213
744 212
750 211
756 210
762 210
768 210
774 210
780 210
786 210
792 211
798 212
804 213
810 214
816 215
822 215
828 216
834 216
840 216
846 216
852 216
858 215
864 213
870 212
876 211
882 209
888 208
894 207
900 207
906 206
912 207
918 207
924 209
930 210
936 211
942 213
948 214
954 215
960 216
966 216
972 217
978 216
984 216
990 215
996 214
1002 213
1008 212
1014 211
1020 210
1026 209
1032 209
1038 208
1044 208
1050 208
1056 208
1062 209
1068 210
1074 210
1080 212
1086 213
1092 214
1098 215
1104 215
1110 216
1116 216
1122 216
1128 215
1134 215
1140 214
1146 213
1152 212
1158 212
1164 211
1170 211
1176 211
1182 211
1188 212
