0 214
6 217
12 219
18 220
24 220
30 218
36 215
42 209
45 203
47 197
48 191
47 185
47 179
46 173
47 167
48 161
52 155
57 149
63 145
69 141
75 139
81 138
87 138
93 138
99 138
105 140
111 142
117 145
123 149
129 154
135 160
139 166
142 172
145 178
146 184
147 190
148 196
147 202
146 208
143 214
139 220
136 226
134 232
133 238
133 244
135 250
137 256
140 262
144 268
150 274
156 278
162 282
168 284
174 286
180 287
186 287
192 286
198 285
204 283
210 280
216 277
222 271
226 265
229 259
231 253
232 247
233 241
235 235
237 229
241 223
245 217
251 212
257 207
263 202
269 197
275 191
280 185
284 179
287 173
290 167
294 161
298 155
304 149
310 144
316 141
322 139
328 137
334 137
340 137
346 137
352 139
358 141
364 144
370 149
376 155
380 161
383 167
385 173
386 179
386 185
385 191
383 197
381 203
380 209
380 215
380 221
382 227
385 233
389 239
394 245
400 250
406 255
412 258
418 261
424 263
430 264
436 265
442 266
448 266
454 265
460 264
466 262
472 260
478 256
484 251
489 245
492 239
494 233
494 227
493 221
492 215
491 209
490 203
490 197
492 191
494 185
498 179
504 173
510 170
516 167
522 166
528 167
534 168
540 171
546 175
551 181
555 187
557 193
560 199
562 205
566 211
572 216
578 220
584 221
590 222
596 221
602 218
608 214
613 208
617 202
619 196
619 190
619 184
618 178
617 172
617 166
618 160
620 154
625 148
631 143
637 141
643 139
649 139
655 139
661 141
667 144
673 148
679 154
683 160
686 166
688 172
689 178
689 184
689 190
688 196
686 202
682 208
676 214
670 220
667 226
666 232
666 238
666 244
668 250
670 256
674 262
680 268
686 272
692 274
698 276
704 276
710 276
716 274
722 272
728 268
734 262
738 256
741 250
743 244
743 238
743 232
741 226
738 220
735 214
734 208
734 202
734 196
736 190
738 184
742 178
746 172
752 167
758 163
764 161
770 160
776 160
782 161
788 163
794 167
800 172
805 178
809 184
811 190
813 196
814 202
813 208
812 214
808 220
805 226
803 232
803 238
803 244
805 250
808 256
813 262
819 267
825 271
831 272
837 273
843 273
849 272
855 270
861 267
867 262
872 256
876 250
879 244
881 238
882 232
883 226
883 220
882 214
880 208
876 202
870 198
864 192
862 186
861 180
860 174
861 168
862 162
864 156
868 150
872 144
878 139
884 135
890 132
896 130
902 130
908 130
914 131
920 133
926 136
932 140
938 146
942 152
945 158
947 164
949 170
950 176
950 182
950 188
948 194
944 200
938 205
932 211
930 217
929 223
929 229
930 235
931 241
933 247
935 253
939 259
944 265
950 270
956 274
962 276
968 277
974 278
980 277
986 276
992 273
998 270
1004 264
1008 258
1011 252
1013 246
1015 240
1015 234
1014 228
1013 222
1009 216
1003 210
1000 204
998 198
998 192
998 186
1000 180
1002 174
1004 168
1007 162
1012 156
1018 150
1024 145
1030 142
1036 140
1042 139
1048 139
1054 140
1060 141
1066 144
1072 148
1078 153
1082 159
1085 165
1087 171
1088 177
1087 183
1086 189
1083 195
1079 201
1074 207
1072 213
1071 219
1071 225
1072 231
1073 237
1076 243
1079 249
1084 255
1090 260
1096 264
1102 266
1108 268
1114 268
1120 267
1126 265
1132 262
1138 256
1141 250
1142 244
1142 238
1141 232
1141 226
1141 220
1143 214
1147 208
1153 202
1159 199
1165 198
1171 198
1177 199
1183 202
1189 205
