0 202
6 202
12 202
18 202
24 202
30 202
36 201
42 201
48 200
54 200
60 200
66 199
72 199
78 199
84 200
90 200
96 200
102 200
108 200
114 201
120 201
126 201
132 202
138 202
144 202
150 203
156 204
162 204
168 205
174 205
180 205
186 205
192 205
198 205
204 205
210 205
216 204
222 204
228 203
234 203
240 203
246 203
252 202
258 202
264 202
270 202
276 202
282 202
288 201
294 201
300 201
306 201
312 200
318 200
324 200
330 199
336 199
342 199
348 200
354 200
360 200
366 201
372 201
378 202
384 202
390 203
396 203
402 203
408 203
414 203
420 203
426 203
432 203
438 203
444 204
450 204
456 204
462 204
468 204
474 204
480 203
486 203
492 203
498 202
504 202
510 201
516 201
522 201
528 201
534 201
540 201
546 201
552 201
558 201
564 201
570 201
576 202
582 202
588 202
594 202
600 202
606 201
612 201
618 200
624 200
630 199
636 199
642 199
648 199
654 199
660 200
666 200
672 201
678 202
684 203
690 204
696 204
702 205
708 205
714 205
720 204
726 204
732 203
738 203
744 202
750 201
756 201
762 201
768 201
774 201
780 201
786 201
792 201
798 202
804 202
810 203
816 204
822 204
828 204
834 205
840 205
846 205
852 204
858 204
864 203
870 202
876 201
882 200
888 199
894 199
900 199
906 199
912 199
918 199
924 200
930 201
936 201
942 202
948 203
954 204
960 204
966 205
972 205
978 205
984 204
990 204
996 203
1002 203
1008 202
1014 201
1020 201
1026 200
1032 200
1038 200
1044 200
1050 200
1056 200
1062 200
1068 200
1074 201
1080 202
1086 202
1092 203
1098 203
1104 204
1110 204
1116 204
1122 204
1128 204
1134 203
1140 203
1146 202
1152 202
1158 202
1164 201
1170 201
1176 201
1182 201
1188 202
