0 206
6 206
12 206
18 206
24 206
30 205
36 205
42 204
48 204
54 203
60 203
66 203
72 203
78 203
84 203
90 203
96 203
102 203
108 204
114 204
120 204
126 205
132 205
138 206
144 206
150 207
156 208
162 208
168 209
174 209
180 209
186 210
192 209
198 209
204 209
210 209
216 208
222 208
228 207
234 207
240 207
246 206
252 206
258 206
264 206
270 206
276 205
282 205
288 205
294 205
300 204
306 204
312 204
318 203
324 203
330 203
336 203
342 203
348 203
354 203
360 204
366 204
372 205
378 205
384 206
390 206
396 207
402 207
408 207
414 207
420 207
426 207
432 207
438 207
444 208
450 208
456 208
462 208
468 208
474 208
480 207
486 207
492 207
498 206
504 206
510 205
516 205
522 204
528 204
534 204
540 204
546 204
552 204
558 204
564 205
570 205
576 205
582 206
588 206
594 205
600 205
606 205
612 204
618 204
624 203
630 203
636 202
642 202
648 202
654 202
660 203
666 204
672 205
678 206
684 207
690 208
696 208
702 209
708 209
714 209
720 208
726 208
732 207
738 206
744 206
750 205
756 204
762 204
768 204
774 204
780 204
786 204
792 205
798 206
804 206
810 207
816 207
822 208
828 208
834 209
840 209
846 209
852 208
858 207
864 207
870 206
876 205
882 204
888 203
894 202
900 202
906 202
912 202
918 202
924 203
930 204
936 205
942 206
948 207
954 208
960 208
966 209
972 209
978 209
984 208
990 208
996 207
1002 207
1008 206
1014 205
1020 204
1026 204
1032 203
1038 203
1044 203
1050 203
1056 203
1062 203
1068 204
1074 204
1080 205
1086 206
1092 207
1098 207
1104 208
1110 208
1116 208
1122 208
1128 208
1134 207
1140 207
1146 206
1152 206
1158 205
1164 205
1170 205
1176 205
1182 205
1188 205
