0 208
6 211
12 213
18 215
24 216
30 216
36 215
42 214
48 212
54 210
60 207
66 203
72 199
78 194
84 188
89 182
93 176
95 170
97 164
97 158
96 152
93 146
87 140
81 138
75 138
69 140
63 145
57 150
51 154
45 155
39 153
33 149
29 143
27 137
26 131
27 125
28 119
30 113
33 107
37 101
42 95
48 90
54 85
60 82
66 80
72 78
78 77
84 76
90 76
96 76
102 76
108 77
114 79
120 81
126 84
132 87
138 91
144 96
150 102
155 108
160 114
163 120
167 126
169 132
172 138
174 144
176 150
177 156
178 162
179 168
180 174
180 180
180 186
179 192
179 198
178 204
176 210
174 216
172 222
169 228
165 234
159 240
153 244
147 243
143 237
143 231
143 225
143 219
143 213
141 207
135 204
129 208
123 214
118 220
114 226
111 232
108 238
106 244
104 250
102 256
102 262
101 268
101 274
102 280
103 286
104 292
106 298
108 304
111 310
115 316
120 322
125 328
131 333
137 337
143 340
149 343
155 345
161 347
167 349
173 350
179 350
185 350
191 350
197 350
203 349
209 348
215 346
221 343
227 341
233 337
239 332
245 327
249 321
253 315
256 309
259 303
260 297
261 291
262 285
262 279
261 273
258 267
252 262
246 264
240 269
234 274
228 277
222 274
220 268
220 262
221 256
223 250
226 244
229 238
233 232
237 226
242 220
247 214
251 208
256 202
261 196
265 190
269 184
273 178
275 172
277 166
277 160
271 154
265 151
262 145
262 139
262 133
263 127
265 121
267 115
270 109
274 103
278 97
284 91
290 86
296 82
302 79
308 76
314 74
320 73
326 72
332 71
338 71
344 71
350 72
356 73
362 75
368 77
374 80
380 83
386 87
392 92
397 98
402 104
405 110
408 116
411 122
412 128
414 134
415 140
415 146
415 152
415 158
415 164
414 170
413 176
412 182
410 188
408 194
405 200
402 206
396 211
390 212
384 206
382 200
381 194
379 188
376 182
370 180
364 184
359 190
356 196
354 202
352 208
351 214
351 220
351 226
352 232
353 238
355 244
357 250
359 256
362 262
365 268
368 274
372 280
377 286
382 292
388 298
394 303
400 308
406 311
412 314
418 317
424 319
430 320
436 321
442 321
448 321
454 321
460 320
466 318
472 316
478 314
484 310
490 306
496 300
501 294
505 288
508 282
511 276
512 270
513 264
514 258
513 252
512 246
511 240
508 234
504 228
498 223
492 221
486 224
481 230
476 236
470 241
464 242
458 241
452 235
449 229
447 223
447 217
448 211
449 205
450 199
452 193
455 187
458 181
461 175
464 169
468 163
473 157
478 151
484 145
490 140
496 137
502 134
508 132
514 131
520 131
526 132
532 133
538 135
544 139
550 143
556 149
561 155
565 161
567 167
567 173
561 179
555 180
549 180
543 186
543 192
546 198
551 204
557 209
563 213
569 216
575 218
581 219
587 220
593 221
599 220
605 219
611 218
617 216
623 214
629 212
635 209
641 205
647 202
653 197
659 192
664 186
667 180
669 174
670 168
669 162
667 156
664 150
659 144
653 142
647 142
641 146
635 152
629 157
623 158
617 157
611 151
607 145
605 139
604 133
604 127
605 121
606 115
609 109
612 103
618 97
624 93
630 89
636 87
642 86
648 85
654 86
660 86
666 88
672 90
678 94
684 99
690 105
694 111
697 117
699 123
700 129
702 135
702 141
703 147
703 153
704 159
704 165
705 171
705 177
705 183
706 189
706 195
705 201
705 207
704 213
703 219
702 225
701 231
700 237
698 243
697 249
695 255
689 259
685 253
684 247
683 241
683 235
683 229
681 223
675 222
669 227
663 232
657 238
653 244
649 250
647 256
645 262
644 268
644 274
645 280
647 286
649 292
652 298
656 304
662 310
668 314
674 318
680 320
686 322
692 323
698 323
704 322
710 321
716 318
722 315
728 311
734 305
738 299
742 293
745 287
747 281
749 275
750 269
752 263
753 257
754 251
754 245
755 239
756 233
756 227
756 221
750 218
745 224
741 230
738 236
735 242
731 248
727 254
723 260
717 264
711 259
712 253
714 247
715 241
717 235
718 229
720 223
721 217
722 211
724 205
725 199
727 193
729 187
731 181
733 175
735 169
738 163
742 157
746 151
752 145
758 140
764 137
770 136
776 135
782 135
788 137
794 139
800 142
806 147
812 152
818 158
823 164
828 170
833 176
837 182
840 188
844 194
847 200
849 206
851 212
853 218
854 224
854 230
853 236
849 242
843 247
837 248
831 245
825 239
822 233
818 227
814 221
810 215
805 209
799 207
793 209
789 215
787 221
787 227
786 233
786 239
787 245
787 251
788 257
790 263
791 269
793 275
796 281
799 287
803 293
808 299
814 304
820 307
826 309
832 310
838 310
844 309
850 308
856 305
862 300
868 294
872 288
876 282
879 276
882 270
885 264
887 258
890 252
892 246
895 240
897 234
899 228
900 222
901 216
902 210
903 204
903 198
904 192
904 186
904 180
904 174
904 168
904 162
904 156
903 150
897 145
892 151
891 157
890 163
889 169
888 175
888 181
887 187
886 193
885 199
884 205
878 210
875 204
874 198
872 192
869 186
867 180
864 174
861 168
859 162
857 156
855 150
853 144
852 138
851 132
851 126
851 120
852 114
854 108
857 102
861 96
867 90
873 85
879 82
885 79
891 78
897 77
903 77
909 77
915 78
921 80
927 83
933 87
939 92
944 98
948 104
951 110
953 116
954 122
955 128
955 134
955 140
955 146
955 152
954 158
953 164
953 170
952 176
951 182
951 188
950 194
950 200
950 206
951 212
951 218
952 224
947 230
944 224
942 218
940 212
939 206
938 200
937 194
936 188
934 182
933 176
932 170
930 164
928 158
922 164
923 170
923 176
924 182
924 188
925 194
925 200
925 206
925 212
925 218
925 224
925 230
925 236
924 242
925 248
925 254
925 260
926 266
927 272
928 278
929 284
932 290
934 296
938 302
943 308
949 313
955 317
961 319
967 321
973 321
979 321
985 320
991 318
997 315
1003 311
1008 305
1012 299
1015 293
1017 287
1019 281
1019 275
1020 269
1020 263
1019 257
1018 251
1018 245
1016 239
1015 233
1014 227
1013 221
1011 215
1010 209
1009 203
1009 197
1008 191
1002 185
999 191
997 197
995 203
994 209
992 215
991 221
989 227
988 233
986 239
981 245
975 244
972 238
972 232
972 226
972 220
973 214
973 208
974 202
975 196
976 190
977 184
979 178
981 172
983 166
985 160
988 154
990 148
993 142
997 136
1000 130
1003 124
1007 118
1012 112
1018 106
1024 101
1030 97
1036 94
1042 92
1048 91
1054 91
1060 91
1066 92
1072 94
1078 96
1084 100
1090 104
1095 110
1100 116
1103 122
1105 128
1107 134
1108 140
1108 146
1107 152
1106 158
1104 164
1100 170
1096 176
1091 182
1085 187
1079 192
1073 195
1067 195
1061 189
1059 183
1058 177
1057 171
1056 165
1052 159
1046 157
1040 158
1034 163
1031 169
1030 175
1029 181
1029 187
1030 193
1031 199
1032 205
1033 211
1035 217
1037 223
1040 229
1043 235
1046 241
1049 247
1052 253
1056 259
1060 265
1064 271
1068 277
1072 283
1077 289
1082 295
1088 300
1094 304
1100 307
1106 310
1112 311
1118 311
1124 311
1130 310
1136 308
1142 305
1148 300
1153 294
1156 288
1159 282
1159 276
1159 270
1157 264
1153 258
1147 255
1141 254
1135 255
1129 256
1123 258
1117 260
1111 260
1105 259
1099 255
1093 249
1090 243
1090 237
1091 231
1095 225
1101 220
1107 215
1113 212
1119 208
1125 206
1131 203
1137 201
1143 199
1149 198
1155 197
1161 197
1167 197
1173 198
1179 199
1185 201
1191 204
