0 217
6 218
12 219
18 219
24 217
30 215
36 211
42 207
48 202
54 198
60 195
66 192
72 190
78 189
84 189
90 189
96 190
102 192
108 193
114 196
120 199
126 203
132 208
138 214
143 220
148 226
154 232
160 237
166 240
172 243
178 244
184 245
190 245
196 244
202 242
208 240
214 237
220 233
226 229
232 225
238 222
244 219
250 217
256 215
262 214
268 213
274 211
280 210
286 208
292 205
298 202
304 199
310 196
316 193
322 191
328 189
334 189
340 189
346 190
352 191
358 194
364 198
370 203
376 208
382 214
388 219
394 223
400 226
406 228
412 230
418 231
424 232
430 233
436 233
442 234
448 234
454 234
460 233
466 232
472 231
478 229
484 226
490 222
496 218
502 213
508 208
514 205
520 202
526 201
532 200
538 201
544 202
550 205
556 208
562 211
568 215
574 217
580 219
586 219
592 218
598 216
604 213
610 208
616 202
622 196
628 191
634 188
640 187
646 187
652 187
658 190
664 194
669 200
673 206
675 212
677 218
680 224
683 230
688 236
694 240
700 242
706 243
712 243
718 241
724 238
730 233
735 227
739 221
742 215
746 209
752 203
758 199
764 196
770 195
776 195
782 197
788 200
794 204
799 210
803 216
807 222
811 228
816 234
822 238
828 241
834 242
840 243
846 242
852 239
858 235
863 229
867 223
869 217
871 211
873 205
875 199
879 193
885 187
891 183
897 181
903 180
909 180
915 182
921 185
927 189
932 195
935 201
937 207
939 213
941 219
943 225
947 231
952 237
958 241
964 244
970 245
976 245
982 244
988 241
994 238
1000 232
1004 226
1007 220
1010 214
1013 208
1016 202
1022 196
1028 191
1034 188
1040 187
1046 186
1052 187
1058 189
1064 192
1070 196
1075 202
1079 208
1082 214
1086 220
1090 226
1096 232
1102 235
1108 237
1114 238
1120 237
1126 236
1132 233
1138 229
1144 224
1150 218
1156 214
1162 212
1168 210
1174 210
1180 211
1186 212
1192 214
