0 211
6 212
12 212
18 212
24 211
30 210
36 209
42 208
48 207
54 206
60 206
66 205
72 205
78 205
84 205
90 205
96 206
102 206
108 207
114 207
120 208
126 209
132 210
138 211
144 212
150 214
156 215
162 216
168 217
174 218
180 218
186 219
192 219
198 218
204 218
210 217
216 216
222 215
228 214
234 213
240 213
246 212
252 212
258 211
264 211
270 211
276 210
282 210
288 209
294 209
300 208
306 207
312 207
318 206
324 205
330 205
336 205
342 205
348 205
354 206
360 207
366 208
372 209
378 210
384 211
390 212
396 213
402 214
408 214
414 214
420 214
426 215
432 215
438 215
444 215
450 215
456 215
462 215
468 215
474 215
480 214
486 214
492 213
498 212
504 211
510 210
516 209
522 208
528 208
534 208
540 208
546 208
552 208
558 209
564 210
570 210
576 211
582 211
588 211
594 211
600 211
606 210
612 209
618 207
624 206
630 205
636 204
642 204
648 204
654 205
660 206
666 207
672 209
678 211
684 214
690 215
696 217
702 218
708 218
714 218
720 217
726 216
732 214
738 213
744 211
750 209
756 208
762 207
768 207
774 207
780 207
786 208
792 209
798 211
804 212
810 214
816 215
822 216
828 217
834 218
840 218
846 217
852 216
858 215
864 213
870 211
876 209
882 206
888 205
894 203
900 203
906 202
912 203
918 204
924 205
930 207
936 210
942 212
948 214
954 216
960 217
966 218
972 218
978 218
984 217
990 216
996 215
1002 213
1008 211
1014 210
1020 208
1026 207
1032 206
1038 205
1044 205
1050 205
1056 205
1062 206
1068 207
1074 208
1080 210
1086 212
1092 213
1098 215
1104 216
1110 216
1116 217
1122 216
1128 216
1134 215
1140 214
1146 212
1152 211
1158 210
1164 210
1170 209
1176 210
1182 210
1188 210
