0 208
6 209
12 209
18 209
24 208
30 207
36 206
42 205
48 204
54 203
60 202
66 201
72 201
78 201
84 201
90 201
96 202
102 202
108 203
114 203
120 204
126 205
132 207
138 208
144 209
150 211
156 212
162 214
168 215
174 216
180 217
186 217
192 217
198 216
204 216
210 215
216 214
222 213
228 212
234 211
240 210
246 209
252 209
258 208
264 208
270 207
276 207
282 207
288 206
294 205
300 204
306 204
312 203
318 202
324 201
330 201
336 200
342 201
348 201
354 202
360 203
366 204
372 205
378 207
384 208
390 209
396 210
402 211
408 211
414 212
420 212
426 212
432 212
438 212
444 213
450 213
456 213
462 213
468 213
474 212
480 212
486 211
492 210
498 209
504 207
510 206
516 205
522 204
528 204
534 204
540 204
546 204
552 205
558 206
564 206
570 207
576 208
582 208
588 208
594 208
600 207
606 206
612 205
618 203
624 202
630 201
636 200
642 199
648 200
654 200
660 202
666 204
672 206
678 208
684 211
690 213
696 215
702 216
708 216
714 216
720 215
726 213
732 212
738 210
744 208
750 206
756 205
762 204
768 203
774 203
780 203
786 204
792 206
798 207
804 209
810 211
816 213
822 214
828 215
834 216
840 216
846 215
852 214
858 212
864 210
870 208
876 205
882 202
888 200
894 199
900 198
906 198
912 198
918 199
924 201
930 203
936 206
942 209
948 211
954 213
960 215
966 216
972 216
978 216
984 215
990 214
996 212
1002 210
1008 208
1014 206
1020 204
1026 203
1032 201
1038 201
1044 200
1050 200
1056 201
1062 202
1068 203
1074 205
1080 207
1086 209
1092 211
1098 212
1104 213
1110 214
1116 214
1122 214
1128 213
1134 212
1140 211
1146 209
1152 208
1158 207
1164 206
1170 206
1176 206
1182 207
1188 207
