0 255
6 261
12 264
18 266
24 267
30 267
36 266
42 264
48 260
54 255
58 249
61 243
63 237
64 231
65 225
64 219
63 213
60 207
56 201
53 195
52 189
52 183
53 177
55 171
58 165
64 159
70 154
76 151
82 150
88 149
94 150
100 151
106 154
112 159
116 165
119 171
120 177
119 183
118 189
116 195
116 201
116 207
118 213
120 219
124 225
130 231
136 235
142 236
148 237
154 235
160 232
166 228
170 222
174 216
176 210
177 204
179 198
181 192
184 186
190 181
196 178
202 177
208 178
214 180
220 185
224 191
227 197
229 203
230 209
230 215
230 221
227 227
222 233
218 239
217 245
217 251
218 257
220 263
225 269
231 275
237 278
243 279
249 280
255 279
261 278
267 275
273 270
278 264
281 258
283 252
284 246
284 240
283 234
280 228
276 222
272 216
271 210
271 204
272 198
273 192
276 186
280 180
286 175
292 173
298 172
304 172
310 174
316 178
322 183
327 189
330 195
332 201
334 207
333 213
332 219
331 225
331 231
332 237
334 243
337 249
343 255
349 259
355 261
361 261
367 261
373 259
379 255
385 249
389 243
391 237
393 231
394 225
395 219
395 213
395 207
394 201
391 195
387 189
381 186
375 181
372 175
371 169
371 163
372 157
374 151
377 145
382 139
388 134
394 131
400 129
406 128
412 128
418 129
424 130
430 133
436 137
442 143
446 149
448 155
449 161
450 167
448 173
443 179
437 185
435 191
434 197
434 203
434 209
435 215
437 221
439 227
442 233
445 239
450 245
456 250
462 254
468 256
474 257
480 257
486 257
492 255
498 252
504 247
510 241
514 235
517 229
519 223
520 217
521 211
521 205
521 199
522 193
522 187
524 181
526 175
530 169
535 163
541 158
547 155
553 153
559 152
565 153
571 154
577 156
583 159
589 165
593 171
596 177
597 183
597 189
596 195
593 201
589 207
587 213
587 219
587 225
589 231
591 237
594 243
599 249
605 254
611 258
617 261
623 263
629 264
635 265
641 265
647 265
653 265
659 264
665 262
671 260
677 256
683 252
688 246
692 240
694 234
696 228
696 222
696 216
694 210
691 204
688 198
686 192
686 186
687 180
690 174
694 168
700 163
706 159
712 157
718 156
724 156
730 157
736 160
742 165
747 171
749 177
750 183
750 189
751 195
752 201
753 207
756 213
760 219
765 225
771 230
777 233
783 236
789 237
795 238
801 238
807 238
813 237
819 235
825 232
831 228
837 223
842 217
845 211
848 205
849 199
850 193
851 187
853 181
856 175
861 169
867 164
873 162
879 160
885 160
891 160
897 162
903 164
909 168
915 173
920 179
924 185
927 191
930 197
932 203
933 209
933 215
933 221
930 227
926 233
923 239
921 245
921 251
922 257
924 263
927 269
932 275
938 281
944 285
950 287
956 289
962 290
968 290
974 289
980 288
986 286
992 282
998 277
1004 271
1007 265
1010 259
1012 253
1013 247
1014 241
1014 235
1014 229
1013 223
1012 217
1010 211
1006 205
1000 202
994 200
990 194
988 188
987 182
987 176
987 170
988 164
990 158
993 152
996 146
1001 140
1007 135
1013 131
1019 129
1025 127
1031 126
1037 126
1043 127
1049 128
1055 131
1061 135
1067 141
1071 147
1073 153
1074 159
1073 165
1069 171
1063 175
1057 180
1055 186
1054 192
1054 198
1055 204
1057 210
1059 216
1062 222
1065 228
1070 234
1076 240
1082 243
1088 246
1094 247
1100 246
1106 244
1112 241
1117 235
1120 229
1122 223
1124 217
1125 211
1127 205
1131 199
1135 193
1141 188
1147 185
1153 183
1159 183
1165 184
1171 186
1177 189
1183 195
1187 201
1189 207
1191 213
1191 219
1191 225
1191 231
1192 237
1193 243
