0 248
6 254
12 258
18 260
24 261
30 261
36 260
42 257
48 253
54 247
57 241
59 235
60 229
60 223
59 217
58 211
57 205
57 199
58 193
60 187
64 181
70 176
76 172
82 170
88 170
94 170
100 172
106 175
112 180
116 186
118 192
119 198
119 204
120 210
121 216
123 222
127 228
133 234
139 237
145 238
151 238
157 236
163 232
169 226
172 220
175 214
178 208
181 202
186 196
192 192
198 191
204 191
210 192
216 196
221 202
224 208
225 214
226 220
225 226
223 232
221 238
220 244
221 250
223 256
227 262
233 268
239 270
245 272
251 272
257 271
263 269
269 265
275 259
278 253
280 247
280 241
279 235
278 229
276 223
275 217
274 211
275 205
278 199
282 193
288 188
294 186
300 185
306 186
312 188
318 192
323 198
327 204
329 210
330 216
330 222
331 228
331 234
333 240
336 246
341 252
347 256
353 258
359 259
365 258
371 256
377 252
383 246
386 240
389 234
390 228
390 222
390 216
388 210
385 204
381 198
378 192
376 186
376 180
377 174
380 168
384 162
390 157
396 153
402 151
408 150
414 151
420 152
426 154
432 158
438 164
442 170
444 176
445 182
444 188
442 194
440 200
438 206
438 212
439 218
440 224
443 230
446 236
451 242
457 247
463 251
469 253
475 254
481 254
487 253
493 251
499 247
505 243
510 237
514 231
517 225
520 219
521 213
523 207
525 201
527 195
530 189
535 183
541 178
547 175
553 173
559 172
565 172
571 174
577 176
583 181
588 187
591 193
592 199
592 205
591 211
590 217
590 223
591 229
593 235
597 241
603 247
609 251
615 254
621 256
627 257
633 258
639 259
645 259
651 258
657 258
663 256
669 255
675 252
681 248
687 242
691 236
693 230
694 224
694 218
693 212
692 206
692 200
693 194
697 188
702 182
708 178
714 176
720 175
726 176
732 177
738 180
744 186
747 192
750 198
752 204
754 210
757 216
761 222
767 228
773 231
779 234
785 235
791 236
797 237
803 237
809 236
815 235
821 233
827 231
833 227
839 221
844 215
847 209
850 203
853 197
857 191
863 185
869 181
875 179
881 178
887 178
893 179
899 181
905 184
911 188
917 194
921 200
924 206
926 212
927 218
927 224
926 230
925 236
925 242
925 248
926 254
929 260
933 266
939 272
945 276
951 278
957 280
963 281
969 281
975 280
981 278
987 275
993 271
999 265
1004 259
1006 253
1008 247
1009 241
1010 235
1009 229
1008 223
1006 217
1002 211
997 205
994 199
993 193
993 187
994 181
996 175
999 169
1004 163
1010 157
1016 153
1022 150
1028 149
1034 148
1040 148
1046 150
1052 152
1058 156
1064 162
1067 168
1069 174
1069 180
1068 186
1065 192
1062 198
1062 204
1062 210
1063 216
1065 222
1068 228
1072 234
1078 240
1084 243
1090 246
1096 246
1102 246
1108 244
1114 240
1119 234
1123 228
1126 222
1129 216
1132 210
1138 204
1144 200
1150 197
1156 196
1162 196
1168 198
1174 201
1180 206
1185 212
1188 218
1190 224
1192 230
1194 236
