0 272
6 277
12 280
18 282
24 283
30 283
36 282
42 280
48 278
54 273
60 268
64 262
67 256
70 250
71 244
72 238
73 232
73 226
72 220
71 214
70 208
69 202
67 196
63 190
57 188
51 189
45 183
43 177
42 171
41 165
41 159
42 153
43 147
45 141
48 135
52 129
58 123
64 119
70 116
76 114
82 113
88 113
94 113
100 115
106 117
112 120
118 126
123 132
125 138
127 144
127 150
125 156
119 162
113 162
107 165
103 171
103 177
103 183
104 189
106 195
108 201
111 207
115 213
119 219
125 225
131 229
137 231
143 233
149 233
155 231
161 229
167 225
173 219
178 213
181 207
183 201
182 195
179 189
177 183
177 177
179 171
183 165
189 160
195 157
201 156
207 156
213 158
219 161
225 166
229 172
232 178
235 184
237 190
239 196
240 202
241 208
242 214
242 220
242 226
241 232
237 238
231 237
225 234
219 235
214 241
211 247
210 253
209 259
210 265
211 271
214 277
217 283
223 289
229 293
235 296
241 297
247 298
253 298
259 297
265 295
271 291
277 287
282 281
285 275
288 269
290 263
291 257
292 251
292 245
291 239
290 233
289 227
283 221
277 225
271 225
269 219
268 213
267 207
267 201
267 195
267 189
268 183
269 177
271 171
274 165
278 159
284 155
290 152
296 151
302 151
308 153
314 155
320 159
326 163
332 168
337 174
342 180
346 186
349 192
350 198
349 204
343 208
337 208
331 210
328 216
328 222
328 228
329 234
331 240
334 246
337 252
342 258
348 262
354 265
360 267
366 267
372 266
378 263
384 259
389 253
392 247
395 241
397 235
398 229
399 223
400 217
401 211
401 205
402 199
402 193
402 187
402 181
402 175
401 169
400 163
398 157
393 151
387 154
385 160
379 166
373 161
369 155
366 149
363 143
362 137
362 131
362 125
364 119
366 113
370 107
376 101
382 96
388 93
394 91
400 89
406 89
412 89
418 89
424 91
430 93
436 96
442 100
448 106
452 112
455 118
457 124
458 130
459 136
459 142
458 148
456 154
450 160
444 157
441 151
435 146
429 149
427 155
426 161
426 167
426 173
426 179
427 185
428 191
429 197
430 203
431 209
433 215
434 221
436 227
438 233
441 239
444 245
448 251
454 257
460 261
466 264
472 266
478 266
484 266
490 264
496 262
502 258
508 252
513 246
516 240
519 234
521 228
523 222
524 216
525 210
525 204
525 198
523 192
519 186
513 181
511 175
511 169
512 163
514 157
517 151
521 145
525 139
531 133
537 128
543 124
549 122
555 120
561 119
567 119
573 120
579 122
585 125
591 128
597 134
602 140
605 146
608 152
610 158
611 164
611 170
611 176
609 182
606 188
600 189
594 186
588 186
583 192
581 198
579 204
579 210
579 216
580 222
580 228
582 234
584 240
586 246
589 252
593 258
598 264
604 269
610 274
616 277
622 279
628 281
634 282
640 283
646 283
652 282
658 281
664 279
670 277
676 273
682 269
688 263
692 257
696 251
698 245
700 239
701 233
701 227
701 221
701 215
700 209
698 203
695 197
689 191
683 192
677 193
672 187
671 181
671 175
671 169
673 163
674 157
677 151
680 145
685 139
691 133
697 128
703 125
709 123
715 122
721 122
727 123
733 125
739 127
745 131
750 137
754 143
756 149
757 155
755 161
749 166
744 172
743 178
743 184
744 190
746 196
749 202
752 208
755 214
759 220
765 226
771 232
777 236
783 239
789 241
795 242
801 242
807 242
813 241
819 239
825 236
831 233
837 228
843 223
848 217
852 211
855 205
857 199
859 193
859 187
858 181
854 175
848 169
846 163
846 157
847 151
850 145
856 139
862 134
868 131
874 130
880 129
886 129
892 130
898 132
904 134
910 138
916 143
922 149
927 155
931 161
935 167
938 173
941 179
944 185
946 191
949 197
950 203
952 209
953 215
953 221
952 227
950 233
944 238
938 234
932 229
926 229
920 235
917 241
915 247
914 253
914 259
914 265
915 271
916 277
919 283
922 289
927 295
933 301
939 305
945 308
951 310
957 312
963 312
969 312
975 312
981 310
987 308
993 305
999 301
1005 296
1010 290
1014 284
1016 278
1018 272
1020 266
1020 260
1020 254
1020 248
1020 242
1019 236
1018 230
1016 224
1015 218
1013 212
1012 206
1010 200
1008 194
1006 188
1003 182
997 182
996 188
994 194
988 195
986 189
984 183
983 177
981 171
980 165
980 159
979 153
979 147
979 141
980 135
981 129
982 123
985 117
988 111
993 105
999 99
1005 95
1011 91
1017 89
1023 88
1029 87
1035 87
1041 87
1047 88
1053 90
1059 93
1065 97
1071 102
1076 108
1079 114
1082 120
1083 126
1083 132
1082 138
1079 144
1075 150
1069 154
1063 153
1059 147
1054 141
1048 139
1042 141
1037 147
1034 153
1033 159
1033 165
1033 171
1035 177
1036 183
1038 189
1041 195
1044 201
1047 207
1051 213
1055 219
1059 225
1065 231
1071 237
1077 241
1083 244
1089 245
1095 246
1101 245
1107 243
1113 238
1118 232
1121 226
1122 220
1122 214
1119 208
1114 202
1112 196
1113 190
1116 184
1121 178
1127 172
1133 168
1139 165
1145 163
1151 162
1157 161
1163 162
1169 163
1175 166
1181 169
1187 175
1192 181
1196 187
1199 193
1 199
2 205
2 211
1 217
1195 223
1189 229
1187 235
1186 241
1187 247
1188 253
1190 259
1194 265
