0 199
6 199
12 199
18 199
24 199
30 199
36 199
42 199
48 199
54 198
60 198
66 198
72 197
78 197
84 197
90 197
96 197
102 197
108 197
114 197
120 198
126 198
132 198
138 198
144 199
150 199
156 199
162 199
168 198
174 198
180 198
186 198
192 198
198 198
204 198
210 198
216 198
222 199
228 199
234 200
240 200
246 200
252 200
258 200
264 200
270 199
276 199
282 198
288 198
294 198
300 197
306 197
312 197
318 198
324 198
330 198
336 199
342 199
348 199
354 199
360 199
366 199
372 198
378 198
384 197
390 197
396 196
402 196
408 196
414 196
420 196
426 196
432 197
438 197
444 197
450 198
456 198
462 198
468 199
474 199
480 199
486 198
492 198
498 198
504 198
510 198
516 198
522 198
528 198
534 197
540 197
546 197
552 197
558 197
564 197
570 197
576 197
582 198
588 198
594 198
600 199
606 199
612 199
618 199
624 199
630 199
636 199
642 199
648 199
654 199
660 199
666 199
672 199
678 199
684 199
690 199
696 198
702 198
708 198
714 197
720 197
726 197
732 197
738 197
744 198
750 198
756 198
762 198
768 198
774 198
780 198
786 198
792 198
798 198
804 198
810 198
816 198
822 198
828 198
834 198
840 198
846 198
852 198
858 197
864 197
870 197
876 197
882 197
888 197
894 197
900 198
906 198
912 198
918 198
924 199
930 199
936 199
942 200
948 200
954 200
960 200
966 200
972 200
978 200
984 200
990 199
996 199
1002 198
1008 198
1014 197
1020 196
1026 196
1032 196
1038 196
1044 196
1050 196
1056 196
1062 197
1068 197
1074 198
1080 198
1086 198
1092 199
1098 199
1104 199
1110 199
1116 198
1122 198
1128 198
1134 198
1140 198
1146 198
1152 198
1158 198
1164 198
1170 198
1176 198
1182 198
1188 198
