0 209
6 211
12 212
18 214
24 214
30 214
36 213
42 211
48 208
54 205
60 201
66 197
72 194
78 192
84 190
90 190
96 190
102 192
108 194
114 196
120 199
126 202
132 204
138 206
144 207
150 208
156 207
162 206
168 204
174 202
180 199
186 197
192 196
198 195
204 196
210 198
216 202
222 207
228 212
234 215
240 218
246 219
252 219
258 218
264 216
270 212
276 207
282 202
288 197
294 195
300 193
306 193
312 195
318 197
324 201
330 206
336 210
342 213
348 215
354 216
360 215
366 213
372 209
378 204
383 198
388 192
394 187
400 183
406 181
412 181
418 182
424 184
430 188
436 193
442 198
448 203
454 206
460 209
466 210
472 211
478 211
484 211
490 210
496 209
502 208
508 206
514 204
520 202
526 200
532 197
538 195
544 193
550 191
556 191
562 191
568 192
574 194
580 197
586 200
592 203
598 206
604 209
610 211
616 212
622 212
628 213
634 213
640 213
646 213
652 213
658 213
664 212
670 212
676 211
682 209
688 206
694 203
700 200
706 196
712 194
718 192
724 192
730 192
736 194
742 196
748 198
754 201
760 203
766 204
772 205
778 205
784 206
790 206
796 206
802 206
808 206
814 206
820 205
826 205
832 204
838 202
844 201
850 199
856 197
862 195
868 194
874 193
880 193
886 193
892 194
898 195
904 197
910 199
916 202
922 205
928 209
934 213
940 216
946 219
952 221
958 222
964 222
970 222
976 221
982 219
988 216
994 211
1000 205
1006 199
1011 193
1017 188
1023 184
1029 181
1035 180
1041 180
1047 182
1053 184
1059 188
1065 193
1071 198
1077 203
1083 206
1089 209
1095 210
1101 210
1107 210
1113 208
1119 207
1125 204
1131 202
1137 201
1143 199
1149 198
1155 198
1161 198
1167 199
1173 200
1179 202
1185 203
1191 205
