0 233
6 238
12 242
18 244
24 245
30 245
36 243
42 241
48 236
53 230
56 224
58 218
59 212
61 206
62 200
65 194
70 188
76 184
82 181
88 180
94 181
100 182
106 186
112 192
116 198
119 204
123 210
126 216
131 222
137 226
143 228
149 229
155 228
161 225
167 220
173 214
177 208
182 202
188 197
194 195
200 194
206 196
212 199
217 205
219 211
221 217
222 223
222 229
224 235
226 241
231 247
237 252
243 254
249 255
255 254
261 252
267 248
272 242
275 236
276 230
277 224
278 218
279 212
280 206
283 200
289 194
295 191
301 190
307 190
313 193
319 198
323 204
326 210
328 216
330 222
332 228
336 234
341 240
347 244
353 245
359 246
365 245
371 242
377 236
381 230
383 224
384 218
385 212
384 206
383 200
383 194
383 188
384 182
387 176
392 170
398 166
404 164
410 163
416 164
422 166
428 169
433 175
437 181
439 187
440 193
440 199
441 205
442 211
444 217
447 223
452 229
458 234
464 237
470 239
476 240
482 240
488 238
494 236
500 233
506 229
512 224
517 218
521 212
525 206
529 200
534 194
540 188
546 185
552 182
558 182
564 182
570 184
576 187
581 193
585 199
588 205
590 211
592 217
595 223
599 229
605 234
611 237
617 239
623 241
629 242
635 242
641 242
647 242
653 242
659 241
665 240
671 239
677 236
683 232
688 226
692 220
694 214
696 208
698 202
702 196
707 190
713 186
719 185
725 184
731 186
737 189
743 194
748 200
752 206
757 212
763 217
769 221
775 223
781 225
787 225
793 226
799 226
805 226
811 225
817 225
823 223
829 221
835 217
841 213
847 207
853 201
859 195
865 191
871 189
877 187
883 186
889 187
895 188
901 191
907 195
913 201
917 207
920 213
923 219
925 225
927 231
929 237
932 243
937 249
943 255
949 258
955 260
961 261
967 262
973 261
979 259
985 256
991 252
996 246
1000 240
1003 234
1004 228
1004 222
1004 216
1004 210
1003 204
1002 198
1002 192
1004 186
1006 180
1010 174
1016 168
1022 165
1028 162
1034 162
1040 162
1046 163
1052 166
1058 171
1062 177
1065 183
1066 189
1066 195
1067 201
1068 207
1070 213
1072 219
1076 225
1082 230
1088 234
1094 235
1100 235
1106 234
1112 232
1118 227
1124 221
1129 215
1135 209
1141 205
1147 202
1153 200
1159 200
1165 201
1171 203
1177 207
1183 212
1188 218
1193 224
