0 251
6 257
12 261
18 263
24 264
30 264
36 263
42 261
48 257
54 251
58 245
61 239
62 233
63 227
62 221
61 215
58 209
56 203
55 197
54 191
55 185
57 179
61 173
67 167
73 163
79 161
85 160
91 160
97 161
103 163
109 167
114 173
117 179
118 185
119 191
118 197
118 203
118 209
120 215
122 221
126 227
132 233
138 236
144 237
150 237
156 235
162 232
168 226
172 220
175 214
177 208
179 202
181 196
186 190
192 186
198 184
204 184
210 185
216 189
222 195
225 201
227 207
228 213
228 219
226 225
223 231
220 237
219 243
218 249
220 255
222 261
227 267
233 272
239 274
245 276
251 276
257 275
263 273
269 269
275 263
279 257
281 251
282 245
282 239
281 233
278 227
275 221
273 215
273 209
273 203
275 197
278 191
283 185
289 181
295 179
301 178
307 180
313 182
319 187
324 193
328 199
330 205
331 211
331 217
331 223
331 229
331 235
333 241
336 247
342 253
348 257
354 259
360 260
366 260
372 257
378 254
384 248
387 242
390 236
392 230
392 224
393 218
392 212
391 206
388 200
383 194
377 188
374 182
373 176
374 170
375 164
378 158
382 152
388 147
394 143
400 141
406 140
412 140
418 141
424 142
430 145
436 149
441 155
445 161
447 167
447 173
446 179
443 185
439 191
437 197
436 203
436 209
437 215
438 221
440 227
443 233
446 239
452 245
458 250
464 253
470 255
476 256
482 255
488 254
494 252
500 249
506 243
511 237
515 231
518 225
519 219
521 213
522 207
523 201
524 195
525 189
528 183
531 177
537 171
543 167
549 164
555 163
561 162
567 163
573 165
579 167
585 172
590 178
593 184
594 190
594 196
593 202
591 208
589 214
588 220
589 226
591 232
593 238
597 244
603 250
609 254
615 257
621 259
627 261
633 261
639 262
645 262
651 262
657 261
663 259
669 257
675 255
681 250
687 244
691 238
693 232
695 226
695 220
694 214
692 208
690 202
689 196
690 190
692 184
695 178
701 172
707 169
713 167
719 166
725 166
731 168
737 170
743 176
747 182
749 188
750 194
751 200
753 206
755 212
759 218
763 224
769 229
775 232
781 235
787 236
793 237
799 237
805 237
811 236
817 235
823 233
829 230
835 225
840 219
844 213
847 207
849 201
851 195
853 189
857 183
862 177
868 173
874 171
880 169
886 169
892 170
898 171
904 174
910 178
916 184
921 190
924 196
927 202
929 208
930 214
930 220
929 226
926 232
924 238
923 244
923 250
924 256
927 262
930 268
936 274
942 279
948 282
954 284
960 285
966 286
972 285
978 284
984 282
990 278
996 274
1001 268
1005 262
1008 256
1010 250
1012 244
1012 238
1012 232
1011 226
1010 220
1008 214
1003 208
997 204
992 198
991 192
990 186
990 180
991 174
992 168
995 162
999 156
1004 150
1010 145
1016 142
1022 140
1028 138
1034 138
1040 138
1046 139
1052 141
1058 145
1064 150
1068 156
1071 162
1072 168
1071 174
1067 180
1062 186
1059 192
1058 198
1058 204
1059 210
1061 216
1063 222
1066 228
1071 234
1077 240
1083 244
1089 246
1095 247
1101 246
1107 244
1113 240
1118 234
1122 228
1124 222
1126 216
1129 210
1132 204
1138 198
1144 193
1150 191
1156 190
1162 190
1168 191
1174 194
1180 199
1185 205
1188 211
1190 217
1191 223
1191 229
1192 235
1194 241
