0 214
6 214
12 214
18 214
24 214
30 214
36 214
42 214
48 214
54 214
60 214
66 214
72 214
78 213
84 213
90 213
96 213
102 214
108 214
114 214
120 214
126 214
132 214
138 214
144 214
150 214
156 214
162 214
168 214
174 214
180 214
186 214
192 214
198 214
204 214
210 214
216 214
222 214
228 214
234 215
240 215
246 215
252 215
258 215
264 214
270 214
276 214
282 214
288 214
294 214
300 214
306 214
312 214
318 214
324 214
330 214
336 214
342 214
348 214
354 214
360 214
366 214
372 214
378 214
384 214
390 213
396 213
402 213
408 213
414 213
420 213
426 213
432 213
438 213
444 214
450 214
456 214
462 214
468 214
474 214
480 214
486 214
492 214
498 214
504 214
510 214
516 214
522 214
528 214
534 214
540 214
546 213
552 213
558 213
564 213
570 214
576 214
582 214
588 214
594 214
600 214
606 214
612 214
618 214
624 214
630 214
636 214
642 214
648 214
654 214
660 214
666 214
672 214
678 214
684 214
690 214
696 214
702 214
708 214
714 214
720 213
726 213
732 214
738 214
744 214
750 214
756 214
762 214
768 214
774 214
780 214
786 214
792 214
798 214
804 214
810 214
816 214
822 214
828 214
834 214
840 214
846 214
852 214
858 214
864 214
870 214
876 214
882 214
888 214
894 214
900 214
906 214
912 214
918 214
924 214
930 214
936 214
942 214
948 215
954 215
960 215
966 215
972 215
978 215
984 214
990 214
996 214
1002 214
1008 214
1014 213
1020 213
1026 213
1032 213
1038 213
1044 213
1050 213
1056 213
1062 213
1068 213
1074 214
1080 214
1086 214
1092 214
1098 214
1104 214
1110 214
1116 214
1122 214
1128 214
1134 214
1140 214
1146 214
1152 214
1158 214
1164 214
1170 214
1176 214
1182 214
1188 214
