0 259
6 264
12 268
18 270
24 271
30 271
36 270
42 267
48 264
54 259
59 253
62 247
65 241
66 235
67 229
67 223
66 217
65 211
62 205
56 199
52 193
50 187
49 181
49 175
50 169
52 163
55 157
60 151
66 146
72 142
78 140
84 139
90 139
96 140
102 141
108 145
114 150
118 156
120 162
121 168
120 174
118 180
115 186
114 192
113 198
114 204
116 210
118 216
121 222
127 228
133 233
139 235
145 236
151 235
157 233
163 229
169 223
173 217
176 211
177 205
178 199
179 193
180 187
183 181
189 175
195 172
201 171
207 171
213 173
219 177
224 183
228 189
230 195
232 201
233 207
233 213
233 219
231 225
225 231
219 236
216 242
215 248
215 254
216 260
219 266
223 272
229 278
235 281
241 283
247 284
253 284
259 282
265 280
271 276
277 270
281 264
284 258
285 252
286 246
286 240
285 234
282 228
276 222
271 216
270 210
269 204
270 198
271 192
272 186
275 180
279 174
285 169
291 166
297 165
303 166
309 167
315 170
321 175
326 181
331 187
334 193
336 199
337 205
336 211
333 217
331 223
330 229
331 235
333 241
336 247
340 253
346 258
352 261
358 263
364 263
370 261
376 259
382 254
387 248
391 242
393 236
395 230
396 224
397 218
397 212
397 206
397 200
396 194
394 188
390 182
384 180
378 180
373 174
370 168
369 162
369 156
369 150
370 144
373 138
377 132
382 126
388 122
394 119
400 117
406 116
412 116
418 117
424 119
430 121
436 125
442 130
446 136
449 142
451 148
452 154
452 160
451 166
445 172
439 173
434 179
432 185
431 191
432 197
432 203
433 209
434 215
436 221
438 227
441 233
444 239
448 245
454 251
460 255
466 257
472 259
478 259
484 259
490 257
496 255
502 251
508 245
512 239
516 233
518 227
520 221
521 215
521 209
521 203
521 197
520 191
520 185
520 179
522 173
524 167
528 161
533 155
539 150
545 146
551 144
557 143
563 143
569 143
575 145
581 147
587 152
593 158
597 164
599 170
601 176
601 182
600 188
596 194
590 200
587 206
585 212
585 218
585 224
586 230
588 236
591 242
595 248
601 254
607 259
613 262
619 265
625 267
631 268
637 269
643 269
649 269
655 268
661 267
667 265
673 262
679 258
685 253
690 247
693 241
696 235
697 229
698 223
697 217
696 211
693 205
688 199
684 193
682 187
682 181
683 175
686 169
689 163
694 157
700 152
706 149
712 147
718 146
724 146
730 148
736 150
742 154
747 160
750 166
751 172
751 178
750 184
750 190
750 196
751 202
754 208
757 214
761 220
766 226
772 231
778 234
784 236
790 238
796 239
802 239
808 238
814 237
820 235
826 232
832 228
838 223
843 217
846 211
849 205
850 199
851 193
851 187
851 181
852 175
854 169
857 163
863 158
869 154
875 152
881 151
887 151
893 152
899 153
905 156
911 160
917 166
922 172
926 178
929 184
932 190
934 196
936 202
937 208
938 214
937 220
934 226
928 231
922 237
920 243
919 249
920 255
921 261
923 267
926 273
930 279
936 285
942 289
948 292
954 294
960 295
966 295
972 295
978 294
984 292
990 289
996 285
1002 279
1006 273
1010 267
1012 261
1014 255
1015 249
1016 243
1016 237
1016 231
1015 225
1014 219
1013 213
1011 207
1008 201
1002 196
996 198
990 196
987 190
986 184
985 178
984 172
984 166
985 160
986 154
988 148
990 142
994 136
999 130
1005 124
1011 120
1017 117
1023 115
1029 114
1035 114
1041 114
1047 116
1053 118
1059 121
1065 126
1070 132
1074 138
1076 144
1076 150
1075 156
1073 162
1067 166
1061 166
1055 169
1051 175
1049 181
1049 187
1050 193
1051 199
1053 205
1055 211
1058 217
1061 223
1065 229
1070 235
1076 240
1082 244
1088 246
1094 247
1100 246
1106 244
1112 240
1117 234
1120 228
1121 222
1122 216
1123 210
1124 204
1126 198
1130 192
1135 186
1141 182
1147 179
1153 177
1159 176
1165 177
1171 179
1177 183
1183 188
1187 194
1190 200
1192 206
1193 212
1193 218
1192 224
1191 230
1191 236
1192 242
1193 248
