0 219
6 219
12 219
18 219
24 219
30 219
36 219
42 219
48 219
54 219
60 219
66 219
72 218
78 218
84 218
90 218
96 218
102 218
108 219
114 219
120 219
126 219
132 219
138 219
144 219
150 219
156 219
162 219
168 219
174 219
180 219
186 219
192 219
198 219
204 219
210 219
216 219
222 219
228 219
234 219
240 219
246 219
252 219
258 219
264 219
270 219
276 219
282 219
288 219
294 219
300 219
306 219
312 219
318 219
324 219
330 219
336 219
342 219
348 219
354 219
360 219
366 219
372 219
378 219
384 218
390 218
396 218
402 218
408 218
414 218
420 218
426 218
432 218
438 218
444 219
450 219
456 219
462 219
468 219
474 219
480 219
486 219
492 219
498 219
504 219
510 219
516 219
522 219
528 219
534 219
540 219
546 218
552 218
558 218
564 218
570 218
576 219
582 219
588 219
594 219
600 219
606 219
612 219
618 219
624 219
630 219
636 219
642 219
648 219
654 219
660 219
666 219
672 219
678 219
684 219
690 219
696 219
702 219
708 219
714 218
720 218
726 218
732 218
738 219
744 219
750 219
756 219
762 219
768 219
774 219
780 219
786 219
792 219
798 219
804 219
810 219
816 219
822 219
828 219
834 219
840 219
846 219
852 219
858 219
864 219
870 219
876 219
882 219
888 219
894 219
900 219
906 219
912 219
918 219
924 219
930 219
936 219
942 219
948 219
954 219
960 219
966 219
972 219
978 219
984 219
990 219
996 219
1002 219
1008 219
1014 218
1020 218
1026 218
1032 218
1038 218
1044 218
1050 218
1056 218
1062 218
1068 218
1074 219
1080 219
1086 219
1092 219
1098 219
1104 219
1110 219
1116 219
1122 219
1128 219
1134 219
1140 219
1146 219
1152 219
1158 219
1164 219
1170 219
1176 219
1182 219
1188 219
