0 206
6 206
12 206
18 206
24 206
30 206
36 206
42 206
48 206
54 206
60 206
66 205
72 205
78 205
84 205
90 205
96 205
102 205
108 205
114 205
120 205
126 206
132 206
138 206
144 206
150 206
156 206
162 206
168 206
174 206
180 206
186 206
192 205
198 205
204 205
210 206
216 206
222 206
228 206
234 207
240 207
246 207
252 207
258 207
264 207
270 206
276 206
282 206
288 206
294 205
300 205
306 205
312 205
318 205
324 206
330 206
336 206
342 206
348 206
354 206
360 206
366 206
372 206
378 206
384 205
390 205
396 205
402 204
408 204
414 204
420 204
426 205
432 205
438 205
444 205
450 206
456 206
462 206
468 206
474 206
480 206
486 206
492 206
498 206
504 206
510 206
516 206
522 206
528 205
534 205
540 205
546 205
552 205
558 205
564 205
570 205
576 205
582 205
588 206
594 206
600 206
606 206
612 206
618 206
624 206
630 206
636 206
642 206
648 206
654 206
660 206
666 206
672 206
678 206
684 206
690 206
696 206
702 206
708 205
714 205
720 205
726 205
732 205
738 205
744 205
750 206
756 206
762 206
768 206
774 206
780 206
786 206
792 206
798 206
804 206
810 206
816 206
822 206
828 206
834 206
840 206
846 206
852 205
858 205
864 205
870 205
876 205
882 205
888 205
894 205
900 205
906 206
912 206
918 206
924 206
930 206
936 206
942 207
948 207
954 207
960 207
966 207
972 207
978 207
984 206
990 206
996 206
1002 206
1008 205
1014 205
1020 205
1026 205
1032 204
1038 204
1044 204
1050 204
1056 205
1062 205
1068 205
1074 205
1080 206
1086 206
1092 206
1098 206
1104 206
1110 206
1116 206
1122 206
1128 206
1134 206
1140 206
1146 206
1152 206
1158 206
1164 206
1170 206
1176 206
1182 206
1188 206
