0 192
3 198
5 204
6 210
7 216
6 222
0 227
1194 227
1188 231
1185 237
1184 243
1184 249
1186 255
1188 261
1191 267
1196 273
2 279
8 283
14 285
20 287
26 288
32 288
38 287
44 285
50 282
56 277
62 272
66 266
69 260
72 254
73 248
74 242
75 236
75 230
74 224
73 218
72 212
71 206
69 200
67 194
63 188
57 188
51 194
45 188
43 182
41 176
39 170
39 164
39 158
39 152
40 146
42 140
44 134
48 128
53 122
59 117
65 113
71 110
77 109
83 108
89 108
95 108
101 110
107 112
113 116
119 121
123 127
126 133
128 139
129 145
128 151
126 157
120 163
114 161
108 159
102 162
99 168
98 174
98 180
99 186
101 192
103 198
106 204
110 210
114 216
119 222
125 227
131 230
137 233
143 234
149 234
155 233
161 231
167 228
173 223
179 217
184 211
186 205
186 199
182 193
176 189
174 183
175 177
177 171
182 165
188 160
194 157
200 156
206 156
212 157
218 160
224 165
229 171
232 177
235 183
237 189
239 195
241 201
242 207
244 213
245 219
245 225
245 231
245 237
243 243
237 247
231 242
225 237
219 237
213 243
210 249
208 255
208 261
208 267
209 273
211 279
214 285
219 291
225 296
231 300
237 302
243 303
249 304
255 303
261 302
267 299
273 296
279 291
284 285
287 279
290 273
291 267
292 261
293 255
293 249
293 243
292 237
291 231
289 225
283 224
278 230
272 233
270 227
269 221
268 215
267 209
267 203
267 197
267 191
268 185
268 179
270 173
272 167
276 161
282 156
288 153
294 151
300 151
306 152
312 154
318 157
324 161
330 165
336 171
342 177
347 183
351 189
354 195
355 201
355 207
349 213
343 211
337 208
331 208
327 214
326 220
326 226
327 232
329 238
331 244
335 250
339 256
345 262
351 266
357 268
363 269
369 269
375 267
381 264
387 258
391 252
394 246
396 240
398 234
400 228
401 222
401 216
402 210
403 204
403 198
404 192
404 186
404 180
403 174
403 168
402 162
401 156
399 150
396 144
390 143
387 149
386 155
385 161
379 165
373 159
368 153
365 147
362 141
361 135
360 129
360 123
361 117
363 111
366 105
370 99
376 94
382 89
388 86
394 84
400 83
406 82
412 82
418 83
424 85
430 87
436 90
442 94
448 100
453 106
456 112
458 118
459 124
460 130
460 136
460 142
459 148
457 154
454 160
448 163
444 157
442 151
440 145
435 139
429 140
426 146
425 152
424 158
424 164
425 170
425 176
426 182
426 188
427 194
428 200
429 206
430 212
432 218
433 224
435 230
437 236
440 242
443 248
447 254
453 260
459 264
465 267
471 269
477 270
483 270
489 268
495 266
501 263
507 258
512 252
516 246
519 240
522 234
524 228
526 222
527 216
528 210
528 204
527 198
526 192
520 187
514 187
508 183
507 177
507 171
509 165
511 159
513 153
516 147
520 141
525 135
531 129
537 124
543 120
549 118
555 116
561 115
567 115
573 116
579 118
585 120
591 124
597 129
602 135
606 141
609 147
611 153
612 159
613 165
614 171
614 177
613 183
611 189
608 195
602 196
597 190
591 185
585 187
580 193
578 199
577 205
577 211
577 217
577 223
578 229
579 235
581 241
583 247
586 253
590 259
594 265
600 271
606 276
612 280
618 283
624 285
630 287
636 288
642 288
648 288
654 287
660 286
666 284
672 281
678 277
684 273
689 267
694 261
697 255
699 249
701 243
702 237
703 231
703 225
702 219
701 213
700 207
697 201
693 195
687 192
681 197
675 201
670 195
668 189
667 183
667 177
668 171
669 165
671 159
673 153
676 147
679 141
684 135
690 129
696 125
702 122
708 120
714 119
720 118
726 119
732 120
738 123
744 127
750 132
754 138
757 144
759 150
759 156
757 162
751 166
745 167
740 173
739 179
740 185
741 191
743 197
745 203
748 209
752 215
757 221
762 227
768 233
774 237
780 240
786 243
792 244
798 245
804 245
810 245
816 244
822 242
828 239
834 235
840 231
846 226
851 220
856 214
859 208
862 202
863 196
864 190
863 184
859 178
853 175
847 173
843 167
842 161
843 155
845 149
848 143
853 137
859 132
865 129
871 127
877 126
883 126
889 126
895 128
901 130
907 133
913 138
919 143
924 149
929 155
933 161
937 167
940 173
943 179
946 185
949 191
951 197
953 203
955 209
956 215
957 221
957 227
957 233
955 239
951 245
945 246
940 240
937 234
931 230
925 230
919 236
916 242
913 248
912 254
911 260
911 266
912 272
913 278
915 284
918 290
922 296
926 302
932 307
938 311
944 314
950 316
956 318
962 319
968 319
974 318
980 317
986 315
992 313
998 309
1004 304
1010 298
1014 292
1017 286
1020 280
1021 274
1022 268
1022 262
1022 256
1022 250
1021 244
1019 238
1018 232
1016 226
1014 220
1012 214
1010 208
1008 202
1006 196
1004 190
1003 184
1001 178
995 184
995 190
995 196
989 201
987 195
986 189
984 183
982 177
981 171
980 165
979 159
978 153
978 147
977 141
977 135
978 129
979 123
981 117
983 111
987 105
991 99
997 94
1003 89
1009 86
1015 84
1021 82
1027 81
1033 81
1039 81
1045 82
1051 83
1057 86
1063 89
1069 93
1075 99
1079 105
1082 111
1084 117
1085 123
1085 129
1084 135
1082 141
1078 147
1073 153
1067 156
1061 155
1058 149
1057 143
1054 137
1048 133
1042 133
1036 137
1031 143
1029 149
1027 155
1027 161
1027 167
1028 173
1030 179
1032 185
1034 191
1037 197
1040 203
1043 209
1047 215
1052 221
1057 227
1063 232
1069 237
1075 241
1081 244
1087 246
1093 247
1099 246
1105 245
1111 242
1117 236
1121 230
1123 224
1124 218
1122 212
1116 208
1110 205
1106 199
1107 193
1110 187
1115 181
1121 175
1127 171
1133 167
1139 165
1145 163
1151 161
1157 161
1163 162
1169 163
1175 166
1181 169
1187 174
1192 180
