0 215
6 216
12 216
18 216
24 217
30 216
36 216
42 216
48 215
54 214
60 214
66 213
72 212
78 212
84 211
90 211
96 211
102 212
108 212
114 212
120 213
126 214
132 214
138 215
144 215
150 215
156 215
162 215
168 215
174 214
180 214
186 213
192 213
198 213
204 213
210 213
216 214
222 215
228 216
234 217
240 218
246 218
252 218
258 218
264 217
270 216
276 215
282 214
288 213
294 213
300 212
306 212
312 212
318 213
324 214
330 215
336 216
342 216
348 217
354 217
360 217
366 216
372 215
378 214
384 212
390 211
396 210
402 209
408 209
414 209
420 209
426 210
432 211
438 212
444 213
450 214
456 215
462 215
468 215
474 215
480 215
486 215
492 215
498 215
504 215
510 214
516 214
522 214
528 213
534 213
540 212
546 212
552 211
558 211
564 211
570 212
576 212
582 213
588 214
594 215
600 215
606 216
612 216
618 216
624 216
630 216
636 216
642 216
648 216
654 216
660 216
666 216
672 216
678 216
684 215
690 215
696 214
702 213
708 213
714 212
720 212
726 212
732 212
738 212
744 213
750 213
756 214
762 214
768 214
774 214
780 214
786 214
792 214
798 214
804 214
810 214
816 215
822 214
828 214
834 214
840 214
846 213
852 213
858 213
864 212
870 212
876 212
882 212
888 212
894 212
900 213
906 213
912 214
918 214
924 215
930 216
936 216
942 217
948 218
954 218
960 218
966 219
972 218
978 218
984 217
990 216
996 215
1002 214
1008 213
1014 212
1020 210
1026 210
1032 209
1038 209
1044 209
1050 209
1056 210
1062 211
1068 212
1074 213
1080 214
1086 215
1092 215
1098 215
1104 215
1110 215
1116 215
1122 214
1128 214
1134 214
1140 213
1146 213
1152 213
1158 213
1164 213
1170 214
1176 214
1182 214
1188 214
