0 263
6 268
12 271
18 273
24 274
30 274
36 273
42 271
48 268
54 264
59 258
63 252
66 246
67 240
68 234
69 228
69 222
68 216
67 210
65 204
60 198
54 194
49 188
47 182
46 176
46 170
47 164
48 158
51 152
54 146
59 140
65 135
71 132
77 129
83 128
89 128
95 129
101 130
107 133
113 138
118 144
121 150
123 156
123 162
121 168
117 174
113 180
111 186
110 192
111 198
112 204
114 210
117 216
121 222
127 228
133 232
139 234
145 235
151 234
157 232
163 229
169 223
174 217
176 211
178 205
179 199
179 193
179 187
180 181
183 175
189 169
195 166
201 164
207 165
213 167
219 171
225 177
229 183
231 189
233 195
235 201
236 207
236 213
236 219
235 225
229 231
223 233
217 238
214 244
213 250
213 256
214 262
216 268
220 274
226 280
232 284
238 287
244 288
250 288
256 288
262 286
268 283
274 279
279 273
283 267
285 261
287 255
288 249
288 243
288 237
286 231
283 225
277 223
271 218
269 212
268 206
268 200
269 194
270 188
271 182
273 176
277 170
283 164
289 161
295 159
301 159
307 160
313 163
319 167
325 173
330 179
334 185
338 191
340 197
340 203
339 209
333 215
330 221
330 227
330 233
332 239
334 245
338 251
344 257
350 261
356 263
362 264
368 264
374 262
380 258
386 252
390 246
393 240
395 234
397 228
398 222
398 216
399 210
399 204
399 198
398 192
398 186
396 180
393 174
387 170
381 174
375 172
371 166
368 160
367 154
366 148
366 142
367 136
369 130
373 124
377 118
383 113
389 109
395 107
401 105
407 104
413 104
419 105
425 107
431 109
437 113
443 119
448 125
451 131
453 137
454 143
455 149
454 155
452 161
446 165
440 164
434 166
431 172
430 178
429 184
430 190
430 196
431 202
432 208
433 214
435 220
437 226
439 232
442 238
446 244
451 250
457 255
463 258
469 260
475 261
481 261
487 260
493 258
499 255
505 250
511 244
514 238
517 232
519 226
521 220
522 214
522 208
522 202
521 196
519 190
518 184
517 178
518 172
520 166
522 160
525 154
530 148
536 142
542 138
548 135
554 134
560 133
566 133
572 134
578 136
584 139
590 143
595 149
599 155
602 161
604 167
604 173
604 179
603 185
599 191
593 193
587 199
584 205
583 211
583 217
583 223
584 229
586 235
588 241
592 247
596 253
602 259
608 263
614 267
620 269
626 271
632 273
638 273
644 273
650 273
656 272
662 271
668 268
674 265
680 261
686 256
691 250
694 244
696 238
698 232
699 226
699 220
698 214
697 208
694 202
688 197
682 192
679 186
678 180
679 174
680 168
682 162
686 156
690 150
696 144
702 141
708 138
714 137
720 136
726 137
732 138
738 141
744 146
749 152
751 158
752 164
752 170
750 176
748 182
748 188
749 194
750 200
752 206
755 212
759 218
764 224
770 230
776 234
782 236
788 238
794 239
800 240
806 240
812 239
818 237
824 234
830 231
836 226
842 220
846 214
849 208
851 202
852 196
853 190
852 184
851 178
850 172
851 166
853 160
856 154
862 149
868 145
874 143
880 142
886 141
892 142
898 144
904 147
910 151
916 156
922 162
926 168
930 174
933 180
935 186
938 192
940 198
941 204
942 210
942 216
942 222
938 228
932 230
926 232
920 238
918 244
917 250
917 256
918 262
920 268
922 274
926 280
931 286
937 291
943 295
949 298
955 299
961 300
967 300
973 300
979 299
985 297
991 294
997 290
1003 284
1008 278
1011 272
1014 266
1015 260
1017 254
1017 248
1017 242
1017 236
1017 230
1016 224
1015 218
1013 212
1012 206
1010 200
1006 194
1000 191
995 197
989 195
986 189
984 183
983 177
982 171
982 165
982 159
983 153
983 147
985 141
987 135
990 129
993 123
998 117
1004 112
1010 108
1016 105
1022 103
1028 102
1034 102
1040 102
1046 103
1052 105
1058 108
1064 112
1070 118
1074 124
1077 130
1078 136
1078 142
1078 148
1075 154
1069 159
1063 158
1057 156
1051 158
1047 164
1045 170
1044 176
1044 182
1045 188
1046 194
1048 200
1051 206
1053 212
1057 218
1060 224
1065 230
1070 236
1076 240
1082 244
1088 246
1094 246
1100 246
1106 244
1112 240
1117 234
1120 228
1121 222
1121 216
1120 210
1120 204
1121 198
1124 192
1128 186
1134 180
1140 175
1146 172
1152 171
1158 170
1164 171
1170 172
1176 175
1182 180
1187 186
1191 192
1193 198
1195 204
1195 210
1195 216
1193 222
1191 228
1190 234
1190 240
1191 246
1193 252
