0 246
6 251
12 255
18 257
24 258
30 258
36 257
42 254
48 250
53 244
57 238
58 232
59 226
59 220
59 214
59 208
59 202
61 196
64 190
68 184
74 179
80 177
86 175
92 175
98 177
104 180
110 185
114 191
117 197
118 203
120 209
121 215
123 221
127 227
132 233
138 236
144 238
150 238
156 237
162 233
168 228
172 222
175 216
178 210
182 204
188 198
194 195
200 194
206 195
212 199
218 205
221 211
223 217
223 223
223 229
222 235
222 241
222 247
224 253
228 259
234 264
240 267
246 268
252 268
258 267
264 265
270 260
275 254
277 248
278 242
278 236
278 230
277 224
276 218
277 212
278 206
281 200
287 194
293 190
299 189
305 190
311 192
317 196
322 202
325 208
327 214
329 220
330 226
331 232
333 238
336 244
340 250
346 254
352 256
358 257
364 257
370 255
376 251
381 245
385 239
387 233
388 227
388 221
387 215
385 209
383 203
380 197
379 191
379 185
380 179
382 173
386 167
392 161
398 158
404 156
410 156
416 156
422 158
428 161
434 166
438 172
441 178
442 184
442 190
441 196
440 202
439 208
440 214
440 220
442 226
445 232
449 238
455 244
461 248
467 250
473 252
479 252
485 251
491 250
497 247
503 243
509 237
514 231
518 225
521 219
523 213
525 207
528 201
531 195
535 189
541 184
547 180
553 178
559 177
565 178
571 179
577 183
583 189
587 195
589 201
590 207
590 213
590 219
591 225
593 231
596 237
601 243
607 248
613 251
619 253
625 254
631 255
637 256
643 256
649 255
655 255
661 254
667 253
673 251
679 247
685 242
689 236
692 230
693 224
694 218
694 212
695 206
696 200
699 194
703 188
709 184
715 181
721 180
727 181
733 183
739 187
744 193
747 199
750 205
753 211
756 217
761 223
767 228
773 232
779 234
785 235
791 236
797 236
803 236
809 236
815 235
821 233
827 231
833 227
839 222
844 216
848 210
852 204
856 198
861 192
867 188
873 185
879 183
885 183
891 184
897 186
903 189
909 193
915 199
918 205
921 211
923 217
925 223
925 229
925 235
926 241
927 247
929 253
932 259
937 265
943 270
949 273
955 275
961 276
967 276
973 276
979 274
985 272
991 268
997 263
1001 257
1004 251
1006 245
1007 239
1008 233
1007 227
1006 221
1003 215
1000 209
998 203
997 197
997 191
998 185
1000 179
1003 173
1007 167
1013 161
1019 157
1025 155
1031 154
1037 154
1043 154
1049 156
1055 160
1061 166
1065 172
1067 178
1067 184
1066 190
1065 196
1064 202
1064 208
1064 214
1066 220
1068 226
1072 232
1077 238
1083 242
1089 245
1095 246
1101 245
1107 244
1113 240
1119 235
1123 229
1127 223
1131 217
1136 211
1142 206
1148 203
1154 201
1160 201
1166 202
1172 204
1178 209
1183 215
1187 221
1190 227
1193 233
1196 239
