47.0106 47.1699
60.0333 65.4905
10.198 11.7047
58.7963 65.9242
13.9284 14.0357
61.5873 66.2118
22.2036 22.8473
26.9258 27.0185
14.8661 48.3322
41.7253 48.0208
11.1803 11.7047
55.9017 57.28
11.7047 13.1529
29.7321 36.3593
19.105 19.4165
14.8661 15.0333
29.0689 30.0832
10.2956 31.0644
15.8114 16.0312
17.2627 47.5184
27 27.6586
26.0192 26.4008
39.6611 53.6656
24.0208 24.5153
12.1655 12.6491
15.1327 15.5242
22.4722 22.8035
33.2415 54.8179
70.0071 82.9277
14.1421 14.5602
24.2074 24.6982
18.1108 18.4391
35.3553 35.4683
60.531 60.6383
16.7631 17.0294
34.2345 34.4819
72.0069 77.1622
13 14.0357
24.2074 25.1794
34.1321 34.176
26 26.0768
17.2627 17.4929
43.1393 43.8292
24.0832 24.3516
38.0132 39.9625
26.6833 26.8328
12.083 13.0384
16.0312 17.0294
16.1245 16.6433
33.8378 35.0143
23.7697 24.1868
10.198 12.0416
25.9422 26.4197
11.4018 34.0147
33.2415 47.4236
28.6007 29.4109
10.198 52.8015
12.3693 14.3178
39.6611 40.3113
42.72 43.1856
27.6586 28.4253
11.1803 12.6491
53.2635 53.4509
27.6586 28
31.6228 32.249
84.0238 84.0952
29.7321 30.2655
42.0476 42.19
21.9317 26.2488
12.1655 12.8062
42.0476 49.7293
43.1741 94.3027
20.3961 21.4709
18.4391 18.868
42.45 42.72
13.3417 14.3178
30.5287 31.3847
38.6264 39.5601
11.4018 12.3693
29.6816 33.6006
30.0832 30.2324
33.2415 33.5261
22.0227 26.3059
19.6469 20.025
50.01 51.9711
16.4924 17.4642
17.6918 50.2195
22.0227 23.3238
55.9017 56.1427
14.1421 14.4222
32.0156 32.2025
34.5254 40.4599
20.1246 20.2237
17.4642 18.0278
54.4885 54.6443
9.43398 10.0499
10.2956 11.0454
31.241 31.305
28.3196 29.0689
51.8652 68.0661
13.1529 13.6015
11.1803 12.0416
34.0147 34.3657
13.9284 14.2127
54.4885 60.803
38.833 39.0512
