36.1386 36.2353
12.3693 13.0384
24 24.3311
38.3275 38.4708
13.9284 14.0357
22.0227 22.1359
25.0599 55.4437
25 25.02
24.0416 49.6588
14.1421 49.2037
16.0312 16.2788
38.0132 42.0595
35.609 35.8469
24.0208 24.1868
19.0263 44.7214
24.3311 53.2353
24.0416 24.1868
31.7805 31.9061
80.2621 85.0882
33.6155 55.8659
49.4065 49.5782
36.6197 36.7967
23.0217 23.1948
15.0333 40.1622
11.4018 52.9528
24.5153 25.1794
35.4401 56.0357
44.3847 61.6847
32.9848 33.2415
18.0278 18.2483
38.1838 38.6005
25.02 56.0803
24.3311 24.3516
13.3417 13.8924
16.7631 17.0294
40.7063 40.8534
35.7771 37.5766
20.025 20.2237
39.8121 39.8246
35.1283 35.7351
23 23.3452
38.2753 38.2884
26.2488 26.3059
34.2053 34.3657
24.5153 24.6982
11.4018 12.0416
12 12.6491
44.3847 44.5533
25.02 25.1794
11 11.7047
25 25.2982
27.2947 29
76.2365 93.0591
23.3452 26.8328
22 22.3607
15 16.4924
27.2947 28.3019
40.025 40.1622
35.4401 35.5106
36.4006 36.4966
14.8661 15
15 16
33.7343 34.0147
10 42.45
39.8246 40.6079
10.7703 11
23 57.5847
22.561 61.4654
35.0143 38.1182
40.2244 47.2652
16 16.4924
36.2491 36.3593
52.8867 52.9528
38.0526 46.8722
27.5136 27.8029
39.8246 50.8035
40.7063 41.8688
17.0294 17.2627
26.9258 47.927
28 28.1603
35.4683 42.45
26 26.2488
37.5366 44.0114
10.7703 11.7047
31.1448 55.0818
35.609 44.4072
27.6586 27.7849
33.0151 38.8973
38.0132 38.2753
33.0151 57.2189
31.7805 31.9531
14.3178 14.7648
