15 15.2315
32.6497 70.7107
20.2237 21.0238
8.06226 8.24621
42.4264 42.4382
66.0681 70.2353
28.0713 70.6116
34.9857 90.0278
18 19
19.2354 21.9317
16.1245 16.4924
18 18.9737
26.9258 27.2947
52.3546 56.3028
51.923 102.591
28.2843 28.7924
12.0416 13
44.5533 44.6542
35.4683 35.5106
39 39.0512
12.0416 13.0384
46.0977 98.4937
19.9249 20.8806
41.1825 41.2311
15.2971 57.28
19.105 19.4165
30.6757 31.6228
55.0091 55.3624
38.9487 39.2173
13 57.2713
28.7924 28.8444
37.2156 37.3363
35.3553 35.4683
44.0454 51.4296
31.0644 31.257
25.0799 25.2982
121.017 121.066
24.0832 24.3311
33.121 33.5261
39.598 39.6611
33.3766 33.8378
35.9026 36.0555
35.1141 35.5106
18 18.0278
35.7771 36.4006
26.9258 69.4046
13 13.9284
16 16.1555
26.0768 26.2488
21.095 21.3776
23.0868 23.3452
23.1948 23.7697
20.0998 20.3961
8.94427 9.21954
44.5533 48.7647
60.0083 66.1891
41.4367 41.7612
12.0416 12.083
32.2025 37.2156
11.0454 11.1803
48.0416 57.2713
13.0384 13.9284
17 17.088
32.9848 33.0606
17.1172 17.4642
13 13.0384
36.0555 36.2215
51.923 52
32.9848 33.1059
32.6497 47.4342
11.0454 14.0357
37.054 37.2156
36.3593 36.4006
27.8568 28.2843
29.7321 77.1622
49.98 50.2494
19.2354 20.2237
38.6264 38.833
14.3178 15
17 18.0278
41.4367 97.0155
35.4683 36.4006
14.3178 15.2971
9.05539 9.21954
13.1529 13.6015
41.0122 41.0488
22.0907 22.3607
23.1948 24.1868
21.2132 21.9317
