40.4969 63.2535
23.4307 23.7697
52.2015 66.1287
44.7772 63.1981
33.1059 43.1045
38.0789 38.1182
52.2015 52.3927
30.0666 30.0832
20.6155 45.2217
10 11.6619
10.4403 12.0416
11 11.6619
25.5539 25.9615
33.9559 34.0588
13.8924 37.6563
22.4722 22.8035
21.9317 30.2655
35.7351 36.2353
30.8058 31.3847
41.0122 41.3038
20.8087 21.095
56.648 61.8466
19.6977 20.0998
66.1211 73.4983
23.0217 23.6008
30.6105 36
24.6982 41.0366
36.8782 37.054
21.2603 21.4709
50.9215 52.1728
36.6197 37.1618
30.8058 31.241
18.4391 54.3323
26.9258 27.2947
19.3132 19.8494
37.855 47.0425
19.3132 41.4849
28.6531 29.1204
13.8924 15.0333
27.0185 27.313
38.6264 38.833
29.4279 62.0967
20.6155 21.095
15.6525 16.0312
21.095 22.561
35.7351 40.0125
29.1548 56.9386
12.3693 13.3417
36.2491 39.6232
29.4279 30.0167
19.105 19.6977
68.0294 69.1158
45.8803 57.3847
73.0274 74.7061
22.2036 47.8853
61.6847 62.8172
10.4403 11.4018
20 20.5913
21.9545 22.2036
36.8782 49.0408
36.3593 36.7967
28.8444 44.3847
30.8058 31.0161
26.0192 26.4764
68.0294 68.1175
10 10.8167
71.0282 77.6209
13 13.4164
8 9.21954
28.2843 28.6531
27.5862 28.3196
19.2094 20.1246
37.108 37.1618
21.587 21.9545
24.8395 37.2156
11.4018 12.3693
