27 27.1662
15 15.2315
10.0499 10.198
8.06226 8.24621
21.0238 21.095
25 25.02
20.025 20.2485
20.5913 20.6155
24.0208 78.924
21 67.2681
24.0208 24.3516
56.5685 56.7539
29.1204 29.1548
21.0238 59.203
7.07107 8.06226
12.0416 12.1655
23.0217 23.0868
20.025 58.5235
26.9258 27.0185
24.7386 25
51 51.0882
25.9615 26
23.0868 23.4094
7.28011 7.81025
23.8537 24.0416
28.1603 28.2312
15.8114 16.0312
22.4722 22.561
24.0208 24.5153
14.3178 68.6003
36.0694 37.6431
7.28011 8.24621
16.0312 16.1245
18.2483 19
15.0333 16.0312
22.0227 66.3702
20.2485 20.6155
22.1359 22.2036
20.8806 21
16.7631 17.0294
18.0278 56.7186
10.198 10.2956
10.0499 10.2956
24.0208 24.0416
9.21954 10.198
22.8473 56.4358
27.0185 27.074
7.07107 7.2111
10.4403 10.8167
18 18.0278
25.4951 26.0768
20.025 20.0998
36.6197 36.7151
14.0357 15.0333
14.3178 15.2315
24 24.6982
21 21.2132
18.9737 19
16 16.1555
26.0768 26.2488
8.24621 9.43398
26.0192 26.0768
17.2627 18.0278
22.1359 22.3607
21.4009 21.4709
11.4018 11.6619
18.0278 18.1108
56.0357 112.294
19.3132 54.4518
26 26.1725
20.5913 21.3776
21.8403 21.9317
36.6197 64.8151
30.0167 30.0666
12.0416 12.083
25.0799 51.264
24.0208 24.0832
18.6815 18.7883
24.5153 25.0799
17.2627 51.6236
8.06226 8.60233
50.448 50.5668
11.0454 11.1803
19.3132 20.3961
58.6941 65.0692
20.2485 20.3961
16.7631 17
21.1896 21.3776
22.0227 22.0907
32.1403 67.1193
25 25.1794
23.3238 23.7697
32.5576 33
19.3132 19.4165
8.06226 9.05539
25.02 25.0799
12.3693 13.3417
23.0217 69.527
19.6469 19.6977
17.0294 17.1172
17.0294 56.2939
47.1699 62.2977
28 28.1603
7.07107 7.28011
9.05539 9.21954
21.0238 21.1896
29.0689 29.1204
24 24.1868
28.0179 28.0713
22.8035 22.8473
28.1603 29.4279
57.8705 57.9396
50.8035 51.0882
24.3516 24.5153
14 14.3178
