36.6197 42.3792
63.0714 66.888
20.2237 54.1479
12.3693 13.0384
21.4709 21.8403
24 24.3311
25 25.02
30.3645 30.4138
40.0125 44.911
16.0312 16.2788
9.48683 47.927
7 7.2111
19.9249 20.0998
40.3113 40.6079
27.8029 28.178
20.3961 20.6155
40.7185 40.8167
26.9258 27.0185
29.8329 30.0167
12.0416 13.0384
29.9666 30.4138
36.6197 36.7967
40.7063 41.5933
19.7231 52.2015
15.6525 16.5529
44.1475 58.5235
9.05539 9.43398
32.9848 33.121
27.8927 28.0179
24.5153 25.1794
15.8114 16.0312
36.6742 36.8782
45.4533 49.98
8.06226 8.544
20.2237 20.2485
25.02 27.2947
20.6155 21.0238
21.0238 21.9317
8 8.94427
10 10.7703
22.1359 22.2036
28.2312 29.1548
47.0106 47.0956
40.7063 40.8534
9.48683 10.4403
8 8.06226
28.6356 28.6531
59.3633 65.9242
10.0499 10.4403
10.0499 10.2956
29.0689 29.2062
10.4403 11.0454
26.4197 26.4764
8.94427 9
18.1108 22.0907
31.0483 31.257
6 6.40312
24.0832 24.4131
31.8904 31.9061
12.0416 12.3693
26.4197 26.5707
25.02 25.1794
15.6525 55.0727
22.8035 23.0868
26.2488 26.4008
45.4533 45.4863
47.0106 85.0529
28.1603 46.0977
9.84886 10
24.7386 25.0799
29.4279 29.8329
30.2324 30.3645
11.0454 11.4018
21.095 21.2132
22.0907 49.0408
12.0416 12.083
19.2094 19.6977
10.7703 11
51.5461 84.0119
30.5941 30.6757
18.868 18.9737
19.6977 20
11.0454 11.1803
27.0185 27.8029
39.3192 48.0208
5 6.40312
23.7697 24.0832
20 20.3961
15.6525 16.2788
9.05539 9.48683
15.8114 18.0278
21.3776 21.5407
17.2627 17.8045
21.1896 21.2132
20.5913 20.8806
36.1248 36.6879
28.1603 28.2843
36.0555 42.45
28.4253 59.6154
25.7099 26
23.2594 26.2488
31.0483 61.0328
32.6497 46.8402
16.5529 17.0294
18.4391 18.7883
28.8617 29.0172
33.4216 33.6155
18.7883 50.774
23.6008 24.0832
40.0125 40.025
25.4951 25.632
68.4763 71.0282
37.4433 37.5366
19 19.4165
24.8395 25
44.1475 44.2719
21.0238 21.1896
21.587 21.9317
18.2483 18.3848
27.6586 27.7849
19.2354 19.3132
15.0333 15.2971
17.088 17.2047
35.0143 35.1283
