10.8167 48.7955
15 15.2315
18.1108 18.7883
20.2237 21.0238
28.4253 36.3593
69.3542 74.027
25.5539 62.6498
73.1642 74.3303
27.4591 27.5136
20.5913 20.6155
40.6079 44.2832
21.2603 21.4709
30.0167 30.3645
29.0689 78.7909
21.3776 21.4709
34.5398 34.7131
19.9249 20
13.3417 55.4437
29.8329 29.9666
42.0476 91.6079
35.4683 35.5106
39.8246 48.0104
32.28 32.6497
24.5153 25.4951
29.8329 30.0167
34.5398 43.2782
29.2062 29.5466
24.7386 25
13 13.4164
12.53 13
19.105 19.4165
9.05539 9.43398
29.0689 30.0832
30.0666 30.0832
26.8701 27.2947
11 11.6619
13.4164 14
18.6815 19.0263
24.2074 24.6982
18.1108 18.4391
20.6155 21.0238
42.19 42.2019
9 10
29 29.5296
13 14.3178
33.541 34
22.6716 54.0833
14.3178 14.4222
14 15.2315
33.9559 34.0147
28.0713 28.1603
26.5707 59.1693
30.8058 30.8707
32.9848 57.2014
22.6716 22.8473
22.3607 69.2604
31.6228 42.5793
18 18.0278
18.6815 19.6469
18.9737 19
16 16.1555
20.3961 20.5913
16.1555 16.2788
23.7697 24
33.9559 34.0588
21.095 21.3776
17.088 17.6918
55.0273 60.2163
27.5136 28.1603
30.8869 35.1283
20.6155 21.095
19.105 19.6977
44.5982 51.3517
40.6079 40.7063
13.8924 14.7648
31.6228 33.121
52.6973 55.2268
28.2843 28.6531
68.4105 90.4268
17 17.088
34.4819 38.0132
24.5153 25.02
23.4307 23.7697
28.4253 28.6356
38.0526 47.7074
26.4197 26.8701
12 12.53
19.6469 20.025
20.1246 21.9317
14.3178 15
30.4631 30.8058
20.1246 20.2237
15.2315 16
28.8617 29.0172
18.1108 65.0077
50.3289 51.0882
22.3607 23.0868
14.3178 15.2971
20.3961 36.6742
28.2843 52.4976
14 14.3178
47.5079 78.0897
