21.095 54.2033
27.0185 27.2947
36.1386 36.2353
16.7631 64.195
26.1725 41.8688
35 37.5899
13.9284 14.0357
25.02 52.3927
16.0312 16.2788
13 18.4391
32.0156 53.6004
7 7.2111
4.12311 5
21.8403 22.0907
19.9249 20.0998
17.72 18.0278
9.48683 10.0499
18.9737 19.105
26.0192 26.1725
9.05539 9.43398
37.0135 37.4833
37.3631 37.4833
14.8661 15.0333
15.8114 16.0312
36.6742 36.8782
8.06226 8.544
46.8402 46.8722
32.0156 54.3415
26.2488 54.1202
19.0263 19.2354
35.9026 38.833
18.0278 18.2483
38.4838 40.7922
28.8444 29
18.1108 19.105
14 14.5602
35.3553 35.4683
45.8803 45.8912
75.505 76.1577
14.0357 14.3178
36.4966 39.0512
16.7631 17.0294
8 8.06226
30.0167 30.1496
10.0499 10.4403
10.0499 10.2956
52.5547 54.8179
25.2982 25.318
37.108 63.7887
31.7805 31.8904
24.0208 57.6888
32.8024 33.121
43.2666 64.195
32.0156 32.249
37.2022 37.4833
26.4197 26.5707
25.02 25.1794
30.8058 62.6259
22.8035 23.0868
25 25.2982
37.108 37.3363
37.5899 37.6962
24.7386 25.0799
43.4166 53.8145
18 18.4391
29.4109 29.6985
5.09902 5.83095
8.06226 9.48683
12.0416 12.083
45.8803 83.6301
14.8661 50.3289
24.4131 24.7588
28.6007 29.4279
24.4131 49.1935
11.0454 11.1803
37.2022 37.6962
20.8806 21.095
15 15.5242
23.7697 24.0832
13 13.0384
9.05539 9.48683
27.2947 27.5136
41.1461 42.9535
30.4138 31.1127
47.634 47.7074
28.0179 39.4588
26.8701 27.4591
4.12311 4.47214
18.1108 47.0106
38.4838 38.5876
16 16.4924
3.60555 4.24264
43.4166 43.9318
24.0208 25.02
25.0799 25.2389
43.2666 43.2782
31.4006 32.0156
28.8617 29.0172
29.0689 29.4109
17.0294 17.2627
21.8403 50.9902
5.09902 6.40312
38.0789 38.2753
8.06226 51.6236
26.6271 30.4138
26.9072 26.9258
49.6488 49.7695
37.4833 37.8021
38.4838 49.3356
15.0333 15.2971
35 35.3553
