10.0499 11.0454
43.0116 56.4624
35.0143 39.4081
39.2938 79.0759
26.4764 26.5707
39.3954 39.4462
40.2492 40.2616
27.4591 27.5136
19.105 19.2354
29.6816 45.1774
21.2603 21.4709
21.6333 21.9317
7 7.2111
50.2096 52.0096
6.40312 7
22.0907 23.0868
41.0488 41.1096
14.5602 15
9.48683 10.0499
37.0135 37.108
10.4403 11.4018
11.1803 58.6941
10.4403 10.6301
26.9258 27.0185
17.4929 61.6847
46.5725 53
12.0416 13.0384
71 100.499
23.0217 23.1948
18.9737 19.105
9.48683 59.4138
12.2066 12.3693
22.561 52.9528
36.1386 43.909
9.05539 9.43398
29.8329 31.7648
32.9848 45.6508
18.0278 19.7231
55.0091 55.0818
20.5183 56.8595
13 13.3417
32.9848 33.2415
19.0263 19.2354
55.0091 60.3738
35.6931 36.1248
56.0357 59.4643
19.7231 65.192
41.6773 62.0081
22.0227 22.3607
13 13.6015
16.4924 17
8 8.06226
13.0384 13.3417
20.025 20.2237
13.0384 13.6015
10.0499 10.2956
11.4018 12.083
13.8924 14.2127
31.8904 32.0156
10.4403 11.0454
45.1221 45.2217
18.3576 18.3848
16.2788 17.0294
40.7922 61.2944
30.4795 30.6105
22.6274 23.3238
9.48683 9.8995
8.06226 8.94427
8.06226 51.4296
8.94427 9
19.0263 29.1548
14.5602 18.4391
38.833 40.3113
31.0483 31.257
12.2066 13.0384
6 6.40312
50.9117 51.225
12 12.6491
23.0217 23.7697
32.0156 32.249
11.7047 12
26.4197 26.5707
28.8617 29.1548
44.7772 45.2217
11.1803 11.6619
5.65685 7.2111
33.1361 37
46.5725 46.6905
38.6264 49.3964
57.7062 57.7754
39.2938 39.4588
21.2603 21.6333
5.65685 48.5077
18.868 19.105
12.0416 12.083
68.884 69.2315
10.7703 11
50.8035 63.0079
18.868 18.9737
11.0454 11.1803
27.0185 27.1662
21.8403 26
9.05539 10.0499
39 39.2046
55.9464 56.3028
39.2938 39.3573
5 6.40312
11.4018 12.3693
23.7697 24.0832
14.7648 15.2971
22.4722 22.6274
29.7321 30
9.05539 9.48683
17.4929 17.72
25.4951 26.1725
4.12311 4.47214
12.1655 12.53
14.7648 14.8661
26.2488 26.4197
6 7.2111
40.7922 40.8044
28.8617 29.0172
25.4951 69.3542
30.4795 30.5287
23.6008 24.0832
17.2627 17.4642
25.4951 25.632
22.0227 22.2036
25.0799 26
33.7343 33.8378
33.3017 33.4216
15.0333 15.2971
22.4722 23.3238
