15.5242 15.6205
8.94427 40.7185
26.6833 27
13.1529 44.2832
59.0085 61.0574
16.2788 17.72
36.8782 41.7732
8.06226 9.43398
42.72 46.5725
39.6232 39.9625
35.3553 39.6989
13.9284 14.0357
10.8167 12
49.7393 49.7695
25 25.02
33.2415 33.541
20.025 20.2485
23.5372 23.7065
27.8568 28.8444
20.025 21.0238
43.566 43.9659
13.6015 14.1421
17.72 18.0278
43.2897 49.2037
12.0416 13
19.9249 20
33.121 39.3573
23.7065 24.5153
23.0217 23.0868
42.5793 43.0116
14.4222 15.1327
24.7386 25
67.7422 68.4471
13 13.4164
32.1403 56.4004
45.8912 46.0977
19.9249 58.0517
9.05539 9.43398
21.587 22.0227
35.0571 39.2046
29.5466 29.6142
9.84886 10.198
36.8782 37.054
20.6155 21.0238
18.2483 19.2354
72.0069 82.0366
21.8403 22
14 15.2315
42.5793 95.268
33.6006 33.9559
13 14.0357
40.3113 41.1825
10.0499 10.2956
16.0312 16.5529
24.0208 24.0416
15.0333 18.0278
35.4683 35.805
22.0227 22.561
32.0156 32.0624
20 20.8806
67.1863 70.8378
57.9396 58.5918
48.8774 49.0408
48.8774 79.1202
21.587 22.8254
9.05539 10.2956
16 16.1555
48.5489 51.923
21.095 21.3776
15.5563 36.3456
17.2627 19.2354
16.2788 16.7631
26.6833 32.311
11.0454 11.4018
18.2483 58.0086
20.025 20.6155
10.198 10.7703
20.6155 56.6127
29.5466 54.4243
8.06226 8.60233
67.7422 67.8012
23 24
76.5506 77.0779
15.1327 15.2643
45.8912 76.7919
17 17.088
46.0977 70
16.0312 16.7631
43.2897 43.4166
16 17.088
18.2483 18.3576
51.8556 54.2033
47.5079 47.634
12 12.53
73.1095 78.9177
19.9249 21
8.48528 52.2398
22 22.8035
76.5506 76.6551
14.1421 14.4222
43.382 43.8292
61.0082 61.2046
10.7703 11.1803
29.4279 30.0167
29.0172 30.0167
38.8973 44.4072
72.0069 72.2496
10.8167 11
61.0082 79.404
27.6586 27.7308
13.1529 13.6015
22.0907 22.3607
17.2627 18.2483
30.0666 30.2655
14 14.3178
21.587 21.9545
