31 31.5753
30.5941 31
42.4264 42.72
31.3847 32
22.0227 22.1359
39.2046 39.3573
16.1245 16.4924
22.0907 69.8713
31.3847 31.5753
14.0357 14.7648
36.0139 36.3456
37.054 42.1545
19.9249 20
10.0499 11.1803
18.0278 18.6815
30.5941 31.5753
23.0217 23.0868
15.0333 15.8114
28.0713 28.2843
33.1361 33.541
27.074 27.2947
35.8469 76.5768
11.1803 11.7047
25.4951 26.0192
26.3059 68.5055
49.8197 53.8516
30.0666 30.0832
60.208 61.7171
12.1655 12.6491
58.5235 59.2115
8.94427 11.1803
41.4005 48.0208
36.2353 91.0494
9.84886 10.198
14.1421 14.5602
37.2156 37.3363
39.4588 102.883
35.0143 35.3553
21.8403 22
20.8806 21
25.0799 25.2982
28.0713 28.1603
45.4863 46.0109
32.311 32.45
17.0294 17.72
6 8.48528
40 40.2492
45.6508 109.836
16.0312 16.5529
9.21954 10.198
11.0454 12.083
35.9026 36.0555
32.573 33.121
37.855 38.0526
26.6833 26.8328
40.2244 40.7185
36.2353 36.4006
41 44.4072
23.7697 24
21.095 21.3776
23.0868 23.3452
27.074 27.2029
9.05539 10.6301
30 30.5941
8.94427 10.198
41.4367 41.7612
23.0217 23.5372
18.0278 18.3848
56.5685 76.4199
9.05539 9.8995
28.6356 29
35.0143 100.846
20.2237 82.0244
13.0384 13.9284
29.1548 88.0738
21 22
43.6807 43.8634
58.5235 58.6941
39.4588 39.8497
14.1421 14.4222
31.5753 32
38.6005 39.4081
33.541 67.2086
27.2947 27.8568
26.4764 27.0185
43.4166 43.6807
16.4924 64.8999
27.6586 27.7308
13.1529 13.6015
29.0689 29.1204
30.0666 30.2655
45.4863 50.6952
54.4059 67.4166
