33.0151 33.1361
7.2111 7.28011
12.3693 13.0384
62.6418 63.9062
20.5183 52.4309
24 24.3311
5.09902 6.08276
73.0069 80.2621
36.2353 36.2491
44.4072 44.5982
21.2603 21.4709
25.4951 25.807
7 7.2111
14.0357 47.676
28.6356 29.0689
33.8378 38.4838
43.909 58.2495
23.3452 23.4094
20.5183 20.5913
22 22.4722
31.0483 31.3847
21.9317 22.4722
32.6956 32.7567
32.28 32.3883
36.6197 36.7967
23.3238 23.3452
35.3412 35.5106
31.0161 31.1448
25 62.1772
28.8444 49.2443
17.72 54.8179
6.08276 6.7082
34.7131 34.7851
18.0278 19.0263
73.0069 73.0616
9.05539 9.43398
37.3631 37.4833
32.9848 33.121
27 27.2029
8.06226 8.544
24.8395 37.3631
16.2788 16.5529
21.6333 35.6931
18.0278 18.2483
16.0312 17.72
11.7047 12.8062
36.4966 39.2938
27.0185 27.5136
18.6815 19.0263
25.0799 73.171
60.0083 72.4224
14 14.5602
29.5466 29.6816
55.5428 55.7315
10 10.7703
22.1359 22.2036
24.3311 24.3516
39.6232 39.8246
13 13.6015
14.0357 14.3178
16.7631 17.0294
29.1204 29.2746
28.0179 64.0078
40.1123 40.5216
8 8.06226
13.0384 13.3417
20.025 20.2237
36.6197 37.0135
10.198 10.8167
10.0499 10.4403
10.0499 10.2956
16.0312 16.5529
26 26.3059
25.2982 25.318
28.4429 28.4605
21 62.6099
7.07107 7.61577
24.0832 24.1868
25.9615 26.1725
16.0312 17.0294
23 23.3452
30.4631 33.2415
34.6699 34.7131
33.1361 33.7343
26.6833 27.074
8.94427 9
28.6356 28.7924
9.05539 10.2956
17.0294 17.4642
15.2971 15.6525
6 6.40312
24.0832 24.4131
29.0172 29.1548
28.0179 28.1603
11.1803 11.6619
23.3452 23.8537
25 25.2982
11 11.7047
9.84886 10
34.4384 61.9839
21.1896 55.3624
8.06226 10.4403
26.4764 27.5136
22 22.3607
5.09902 5.83095
31.5753 31.6228
11.0454 11.4018
27.2029 27.2947
8.06226 9.48683
17 17.4642
16.6433 16.7631
28.0713 29.0689
30.5941 30.6757
26.4764 56.3649
11.0454 11.1803
5 6.40312
15 15.5242
22.4722 22.6274
8.544 9.05539
43.8634 43.909
9.05539 9.48683
25.9422 26.2488
13.6015 14
39.4081 41.4849
39.6232 87.1321
21.1896 21.2132
23.3238 23.4094
35.8469 50.2494
10 11
10.6301 10.7703
19.6469 20.025
55.5428 55.6597
12.1655 12.53
12.6491 12.8062
32.0156 32.1403
27.313 27.5862
31.0161 68.0955
14.1421 15.1327
6 7.2111
56.2228 60.803
37.3363 38.0132
17.0294 17.2627
25.0599 25.318
26 26.2488
74.0068 74.0608
17.72 18.2483
27.7308 28.0179
28.0713 70.2922
55.0818 55.109
33.7343 33.8378
36.2353 36.3593
15.0333 15.2971
14.3178 14.7648
10.7703 11.3137
