0 255
6 247
10 239
12 231
13 223
12 215
9 207
7 199
6 191
6 183
9 175
14 167
22 161
30 157
38 156
46 157
54 160
62 165
69 173
73 181
76 189
78 197
78 205
76 213
72 221
69 229
68 237
68 245
70 253
74 261
79 269
87 276
95 281
103 284
111 285
119 285
127 284
135 281
143 276
151 268
156 260
160 252
161 244
161 236
159 228
155 220
150 212
147 204
147 196
148 188
150 180
154 172
160 164
168 158
176 154
184 152
192 152
200 155
208 159
216 167
219 175
220 183
220 191
219 199
220 207
222 215
225 223
230 231
238 239
246 245
254 249
262 251
270 252
278 251
286 249
294 244
302 236
306 228
309 220
310 212
310 204
312 196
315 188
323 181
331 178
339 178
347 181
355 188
360 196
363 204
364 212
363 220
361 228
358 236
357 244
359 252
363 260
371 267
379 270
387 271
395 270
403 265
411 257
414 249
416 241
416 233
414 225
411 217
408 209
407 201
407 193
409 185
412 177
419 169
427 165
435 163
443 164
451 168
458 176
461 184
461 192
460 200
457 208
456 216
457 224
459 232
462 240
469 248
477 253
485 255
493 255
501 252
509 245
513 237
515 229
517 221
520 213
524 205
532 198
540 195
548 194
556 196
564 202
570 210
573 218
577 226
581 234
589 241
597 245
605 246
613 245
621 241
629 234
635 226
643 220
651 218
659 219
667 221
675 223
683 223
691 221
699 215
704 207
707 199
708 191
710 183
714 175
722 168
730 166
738 166
746 169
754 175
760 183
762 191
763 199
762 207
759 215
755 223
753 231
752 239
754 247
759 255
767 263
775 267
783 269
791 269
799 267
807 263
815 257
823 249
831 241
839 234
847 227
855 219
861 211
867 203
871 195
876 187
883 179
891 173
899 170
907 168
915 169
923 171
931 176
938 184
942 192
944 200
944 208
942 216
940 224
939 232
939 240
941 248
946 256
954 263
962 267
970 268
978 268
986 265
994 260
999 252
1001 244
1002 236
1003 228
1007 220
1015 212
1023 210
1031 211
1039 214
1047 221
1055 227
1063 230
1071 231
1079 229
1087 224
1092 216
1095 208
1097 200
1098 192
1102 184
1110 177
1118 174
1126 174
1134 177
1142 183
1147 191
1151 199
1152 207
1152 215
1151 223
1148 231
1148 239
1150 247
1155 255
1163 261
1171 264
1179 265
1187 263
