0 222
8 222
16 221
24 221
32 221
40 221
48 222
56 222
64 222
72 222
80 222
88 222
96 223
104 223
112 223
120 223
128 222
136 222
144 222
152 222
160 222
168 222
176 221
184 221
192 221
200 221
208 221
216 222
224 222
232 222
240 222
248 222
256 222
264 222
272 222
280 222
288 222
296 222
304 222
312 222
320 222
328 221
336 221
344 222
352 222
360 222
368 222
376 222
384 222
392 223
400 222
408 222
416 222
424 221
432 221
440 221
448 221
456 222
464 222
472 222
480 222
488 222
496 222
504 222
512 222
520 222
528 222
536 222
544 222
552 222
560 222
568 222
576 222
584 222
592 222
600 222
608 222
616 222
624 222
632 222
640 222
648 222
656 222
664 222
672 222
680 222
688 222
696 222
704 222
712 222
720 222
728 221
736 221
744 221
752 222
760 222
768 222
776 222
784 222
792 222
800 222
808 222
816 222
824 222
832 222
840 222
848 222
856 222
864 222
872 222
880 222
888 222
896 222
904 222
912 222
920 222
928 222
936 222
944 222
952 222
960 222
968 222
976 222
984 222
992 222
1000 222
1008 222
1016 222
1024 222
1032 222
1040 222
1048 222
1056 222
1064 222
1072 222
1080 222
1088 222
1096 222
1104 222
1112 221
1120 222
1128 222
1136 221
1144 222
1152 222
1160 222
1168 222
1176 222
1184 222
