0 221
8 218
16 216
24 214
32 213
40 213
48 214
56 216
64 219
72 221
80 224
88 226
96 228
104 229
112 229
120 229
128 228
136 227
144 225
152 222
160 219
168 217
176 214
184 213
192 212
200 213
208 215
216 217
224 219
232 220
240 221
248 222
256 222
264 223
272 223
280 223
288 223
296 223
304 221
312 220
320 218
328 216
336 216
344 216
352 218
360 221
368 224
376 227
384 228
392 227
400 225
408 222
416 218
424 215
432 214
440 214
448 215
456 218
464 221
472 223
480 224
488 224
496 224
504 223
512 222
520 221
528 219
536 219
544 219
552 219
560 219
568 220
576 221
584 222
592 222
600 223
608 223
616 223
624 222
632 221
640 220
648 220
656 220
664 220
672 221
680 221
688 221
696 220
704 219
712 217
720 215
728 215
736 215
744 217
752 219
760 222
768 224
776 226
784 226
792 226
800 225
808 224
816 223
824 223
832 222
840 222
848 221
856 220
864 220
872 219
880 218
888 217
896 216
904 216
912 216
920 216
928 217
936 219
944 221
952 223
960 225
968 226
976 226
984 226
992 225
1000 223
1008 221
1016 220
1024 220
1032 220
1040 220
1048 221
1056 221
1064 221
1072 221
1080 221
1088 220
1096 219
1104 217
1112 216
1120 216
1128 216
1136 217
1144 219
1152 221
1160 224
1168 225
1176 226
1184 225
