0 212
8 205
16 199
24 195
32 194
40 194
48 196
56 200
64 205
72 211
80 216
88 220
96 224
104 226
112 226
120 226
128 225
136 222
144 218
152 213
160 206
168 200
176 196
184 193
192 193
200 194
208 197
216 201
224 205
232 209
240 211
248 213
256 214
264 214
272 215
280 215
288 215
296 213
304 210
312 207
320 203
328 200
336 199
344 200
352 204
360 211
368 218
376 222
384 223
392 222
400 219
408 212
416 204
424 198
432 195
440 195
448 198
456 203
464 209
472 214
480 217
488 217
496 217
504 215
512 212
520 209
528 207
536 205
544 205
552 205
560 206
568 208
576 210
584 212
592 213
600 214
608 214
616 213
624 212
632 210
640 209
648 208
656 208
664 209
672 210
680 210
688 210
696 208
704 205
712 201
720 198
728 197
736 198
744 200
752 205
760 211
768 216
776 219
784 221
792 220
800 219
808 217
816 215
824 214
832 213
840 211
848 210
856 209
864 207
872 205
880 203
888 201
896 200
904 199
912 199
920 200
928 202
936 205
944 209
952 214
960 218
968 220
976 221
984 220
992 217
1000 214
1008 211
1016 208
1024 207
1032 207
1040 208
1048 210
1056 211
1064 211
1072 211
1080 210
1088 208
1096 205
1104 202
1112 200
1120 199
1128 200
1136 202
1144 206
1152 211
1160 216
1168 219
1176 221
1184 220
