0 219
8 219
16 219
24 218
32 218
40 219
48 219
56 219
64 219
72 219
80 219
88 220
96 220
104 220
112 220
120 220
128 220
136 220
144 220
152 219
160 219
168 219
176 219
184 218
192 218
200 218
208 219
216 219
224 219
232 219
240 219
248 219
256 219
264 219
272 219
280 219
288 219
296 219
304 219
312 219
320 219
328 219
336 219
344 219
352 219
360 219
368 219
376 220
384 220
392 220
400 220
408 219
416 219
424 219
432 218
440 218
448 219
456 219
464 219
472 219
480 219
488 219
496 219
504 219
512 219
520 219
528 219
536 219
544 219
552 219
560 219
568 219
576 219
584 219
592 219
600 219
608 219
616 219
624 219
632 219
640 219
648 219
656 219
664 219
672 219
680 219
688 219
696 219
704 219
712 219
720 219
728 219
736 219
744 219
752 219
760 219
768 219
776 220
784 220
792 220
800 220
808 219
816 219
824 219
832 219
840 219
848 219
856 219
864 219
872 219
880 219
888 219
896 219
904 219
912 219
920 219
928 219
936 219
944 219
952 219
960 219
968 220
976 220
984 220
992 220
1000 219
1008 219
1016 219
1024 219
1032 219
1040 219
1048 219
1056 219
1064 219
1072 219
1080 219
1088 219
1096 219
1104 219
1112 219
1120 219
1128 219
1136 219
1144 219
1152 219
1160 219
1168 219
1176 220
1184 220
