0 215
8 209
16 205
24 201
32 200
40 200
48 202
56 205
64 209
72 214
80 218
88 222
96 225
104 226
112 227
120 227
128 226
136 224
144 220
152 216
160 211
168 206
176 202
184 200
192 199
200 200
208 203
216 206
224 210
232 212
240 214
248 216
256 216
264 217
272 217
280 217
288 217
296 216
304 214
312 211
320 208
328 205
336 204
344 206
352 209
360 214
368 219
376 223
384 225
392 224
400 221
408 215
416 208
424 204
432 201
440 201
448 204
456 208
464 213
472 217
480 219
488 220
496 219
504 217
512 215
520 213
528 211
536 210
544 209
552 210
560 210
568 212
576 213
584 215
592 216
600 217
608 217
616 216
624 215
632 214
640 213
648 212
656 212
664 212
672 213
680 214
688 213
696 212
704 209
712 206
720 204
728 203
736 203
744 206
752 210
760 215
768 219
776 221
784 222
792 222
800 221
808 219
816 218
824 217
832 216
840 215
848 214
856 213
864 211
872 210
880 208
888 206
896 205
904 205
912 204
920 205
928 207
936 209
944 213
952 217
960 220
968 222
976 222
984 221
992 220
1000 217
1008 214
1016 212
1024 211
1032 211
1040 212
1048 213
1056 214
1064 215
1072 214
1080 213
1088 212
1096 210
1104 207
1112 205
1120 205
1128 205
1136 207
1144 210
1152 214
1160 219
1168 221
1176 222
1184 222
