0 209
6 209
12 209
18 209
24 208
30 208
36 208
42 209
48 209
54 209
60 209
66 209
72 210
78 210
84 210
90 210
96 210
102 211
108 211
114 211
120 211
126 211
132 210
138 210
144 210
150 210
156 210
162 209
168 209
174 209
180 208
186 208
192 208
198 208
204 208
210 209
216 209
222 209
228 209
234 209
240 209
246 209
252 210
258 210
264 210
270 210
276 210
282 210
288 210
294 210
300 210
306 210
312 209
318 209
324 209
330 209
336 209
342 209
348 209
354 209
360 209
366 210
372 210
378 210
384 211
390 210
396 210
402 210
408 210
414 209
420 209
426 209
432 208
438 208
444 209
450 209
456 209
462 209
468 210
474 210
480 210
486 210
492 210
498 210
504 210
510 210
516 209
522 209
528 209
534 209
540 209
546 209
552 209
558 209
564 209
570 209
576 209
582 210
588 210
594 210
600 210
606 210
612 210
618 210
624 210
630 210
636 209
642 209
648 209
654 209
660 209
666 209
672 209
678 209
684 209
690 209
696 209
702 209
708 209
714 209
720 209
726 209
732 209
738 209
744 209
750 209
756 209
762 210
768 210
774 210
780 210
786 210
792 210
798 210
804 210
810 210
816 210
822 210
828 210
834 210
840 210
846 210
852 210
858 209
864 209
870 209
876 209
882 209
888 209
894 209
900 209
906 209
912 209
918 209
924 209
930 209
936 209
942 209
948 210
954 210
960 210
966 210
972 210
978 210
984 210
990 210
996 210
1002 210
1008 210
1014 209
1020 209
1026 209
1032 209
1038 209
1044 209
1050 210
1056 210
1062 210
1068 210
1074 209
1080 209
1086 209
1092 209
1098 209
1104 209
1110 209
1116 209
1122 209
1128 209
1134 209
1140 209
1146 209
1152 209
1158 210
1164 210
1170 210
1176 210
1182 210
1188 210
