0 241
4 235
7 229
8 223
9 217
9 211
8 205
8 199
7 193
8 187
10 181
14 175
19 169
25 165
31 163
37 162
43 163
49 164
55 167
61 172
66 178
69 184
71 190
72 196
73 202
72 208
71 214
71 220
70 226
71 232
72 238
75 244
78 250
82 256
88 261
94 265
100 267
106 269
112 270
118 270
124 269
130 267
136 264
142 260
148 254
152 248
155 242
157 236
158 230
158 224
157 218
155 212
154 206
153 200
153 194
154 188
156 182
159 176
164 170
170 165
176 162
182 160
188 160
194 160
200 162
206 166
212 171
216 177
218 183
219 189
221 195
222 201
224 207
227 213
230 219
236 225
242 230
248 234
254 236
260 238
266 239
272 240
278 239
284 238
290 235
296 231
302 225
305 219
308 213
310 207
311 201
314 195
317 189
323 184
329 181
335 180
341 181
347 183
353 189
357 195
359 201
360 207
361 213
360 219
359 225
359 231
360 237
362 243
366 249
372 254
378 257
384 258
390 258
396 256
402 252
408 246
411 240
413 234
413 228
413 222
412 216
411 210
410 204
409 198
410 192
412 186
415 180
420 174
426 170
432 169
438 169
444 170
450 173
455 179
458 185
460 191
460 197
460 203
460 209
460 215
461 221
464 227
467 233
473 239
479 242
485 244
491 244
497 242
503 239
509 233
513 227
516 221
518 215
522 209
526 203
532 199
538 196
544 195
550 195
556 197
562 200
568 206
573 212
577 218
582 224
588 229
594 232
600 234
606 234
612 234
618 231
624 228
630 223
636 218
642 214
648 212
654 212
660 213
666 215
672 216
678 217
684 217
690 215
696 211
701 205
704 199
707 193
710 187
713 181
719 176
725 173
731 172
737 172
743 174
749 178
754 184
757 190
758 196
758 202
758 208
756 214
756 220
756 226
757 232
759 238
763 244
769 249
775 252
781 254
787 254
793 254
799 252
805 249
811 245
817 241
823 236
829 231
835 227
841 223
847 219
853 215
859 210
865 204
870 198
876 192
881 186
887 182
893 178
899 176
905 175
911 174
917 175
923 177
929 181
935 187
939 193
941 199
942 205
942 211
942 217
942 223
943 229
945 235
948 241
954 247
960 251
966 253
972 254
978 254
984 252
990 249
996 243
999 237
1002 231
1004 225
1006 219
1011 213
1017 208
1023 206
1029 206
1035 207
1041 210
1047 214
1053 218
1059 221
1065 223
1071 223
1077 222
1083 218
1089 212
1093 206
1095 200
1098 194
1102 188
1108 182
1114 179
1120 178
1126 178
1132 180
1138 184
1143 190
1146 196
1148 202
1149 208
1149 214
1149 220
1149 226
1151 232
1153 238
1157 244
1163 249
1169 251
1175 252
1181 252
1187 250
1193 247
