0 119
3 113
7 107
13 101
19 97
25 95
31 94
37 93
43 94
49 95
55 97
61 100
67 105
73 111
77 117
81 123
84 129
86 135
88 141
90 147
92 153
93 159
94 165
96 171
97 177
98 183
98 189
99 195
99 201
100 207
100 213
100 219
100 225
99 231
99 237
93 240
91 234
90 228
89 222
88 216
87 210
86 204
80 200
77 206
75 212
73 218
71 224
69 230
67 236
65 242
63 248
62 254
61 260
60 266
60 272
60 278
61 284
62 290
64 296
67 302
71 308
77 314
83 319
89 322
95 325
101 327
107 328
113 328
119 328
125 328
131 327
137 325
143 322
149 318
155 313
161 307
165 301
168 295
171 289
172 283
173 277
174 271
174 265
173 259
173 253
171 247
170 241
168 235
166 229
163 223
161 217
158 211
155 205
151 199
145 196
143 202
141 208
141 214
141 220
140 226
140 232
139 238
133 241
131 235
129 229
129 223
128 217
127 211
127 205
127 199
127 193
127 187
127 181
127 175
128 169
128 163
129 157
130 151
131 145
133 139
134 133
136 127
138 121
141 115
145 109
149 103
155 97
161 93
167 89
173 87
179 85
185 84
191 84
197 85
203 86
209 88
215 91
221 95
227 100
232 106
235 112
238 118
239 124
240 130
240 136
240 142
239 148
237 154
234 160
229 166
223 168
218 162
216 156
214 150
208 144
202 144
196 147
191 153
189 159
188 165
188 171
188 177
189 183
191 189
194 195
196 201
199 207
203 213
207 219
211 225
216 231
221 237
227 243
233 248
239 253
245 257
251 260
257 262
263 263
269 263
275 263
281 261
287 259
293 255
299 250
305 244
309 238
313 232
316 226
319 220
321 214
323 208
324 202
325 196
324 190
320 184
314 181
308 183
302 189
296 194
290 194
286 188
285 182
286 176
287 170
289 164
292 158
295 152
300 146
306 140
312 136
318 133
324 131
330 131
336 131
342 133
348 136
354 140
359 146
364 152
368 158
371 164
374 170
377 176
379 182
380 188
382 194
382 200
383 206
383 212
382 218
381 224
380 230
374 235
370 229
368 223
366 217
360 214
356 220
353 226
351 232
350 238
349 244
348 250
348 256
348 262
350 268
352 274
355 280
359 286
365 291
371 295
377 297
383 298
389 298
395 297
401 294
407 290
413 284
416 278
418 272
419 266
419 260
419 254
418 248
417 242
415 236
414 230
413 224
412 218
411 212
411 206
411 200
405 194
405 188
405 182
405 176
405 170
404 164
404 158
403 152
402 146
402 140
402 134
403 128
405 122
408 116
413 110
419 105
425 102
431 100
437 99
443 99
449 100
455 102
461 105
467 110
472 116
475 122
477 128
478 134
478 140
477 146
475 152
472 158
468 164
463 170
457 173
454 167
453 161
451 155
445 153
439 158
436 164
434 170
433 176
432 182
432 188
432 194
433 200
434 206
436 212
438 218
441 224
444 230
447 236
451 242
456 248
461 254
467 259
473 263
479 266
485 268
491 268
497 267
503 265
509 260
514 254
517 248
519 242
520 236
519 230
518 224
516 218
510 213
504 213
498 215
492 214
488 208
488 202
489 196
492 190
495 184
500 178
505 172
510 166
516 161
522 156
528 152
534 150
540 148
546 147
552 147
558 148
564 150
570 153
576 159
579 165
581 171
582 177
582 183
580 189
574 194
568 195
562 200
560 206
559 212
560 218
561 224
563 230
566 236
569 242
574 248
579 254
585 258
591 261
597 263
603 264
609 264
615 263
621 260
627 257
633 251
636 245
638 239
637 233
634 227
633 221
634 215
638 209
644 204
650 200
656 198
662 196
668 195
674 194
680 193
686 192
692 191
698 190
704 188
710 185
716 182
722 178
728 173
733 167
737 161
739 155
740 149
739 143
734 137
728 134
722 135
716 137
710 140
704 141
698 137
696 131
697 125
699 119
703 113
709 108
715 104
721 101
727 100
733 99
739 99
745 100
751 101
757 104
763 107
769 112
775 118
780 124
784 130
786 136
789 142
790 148
792 154
793 160
793 166
793 172
793 178
792 184
790 190
788 196
785 202
780 208
774 211
772 205
771 199
771 193
765 190
759 195
753 201
748 207
744 213
740 219
737 225
735 231
734 237
733 243
733 249
733 255
734 261
735 267
738 273
741 279
745 285
750 291
756 296
762 299
768 302
774 304
780 305
786 305
792 304
798 303
804 301
810 298
816 294
822 288
827 282
830 276
833 270
835 264
836 258
837 252
838 246
839 240
841 234
843 228
846 222
849 216
852 210
855 204
857 198
860 192
862 186
863 180
864 174
863 168
857 162
855 156
854 150
855 144
856 138
859 132
862 126
865 120
871 114
877 108
883 105
889 102
895 100
901 98
907 98
913 98
919 98
925 100
931 102
937 104
943 108
949 113
954 119
958 125
961 131
963 137
965 143
965 149
965 155
965 161
963 167
961 173
959 179
955 185
951 191
946 197
940 202
936 196
935 190
929 187
923 192
919 198
917 204
915 210
914 216
913 222
913 228
913 234
913 240
914 246
916 252
917 258
920 264
923 270
926 276
930 282
936 288
942 293
948 296
954 299
960 301
966 301
972 302
978 301
984 299
990 296
996 293
1002 287
1006 281
1008 275
1010 269
1010 263
1009 257
1004 251
998 248
992 249
986 252
980 254
974 254
968 248
966 242
967 236
969 230
972 224
976 218
982 212
988 206
994 202
1000 199
1006 196
1012 194
1018 194
1024 194
1030 196
1036 198
1042 203
1048 209
1054 213
1060 216
1066 218
1072 219
1078 219
1084 218
1090 216
1096 213
1102 209
1108 204
1114 198
1119 192
1122 186
1125 180
1125 174
1124 168
1121 162
1115 158
1109 158
1103 159
1097 162
1091 162
1085 157
1083 151
1082 145
1084 139
1087 133
1092 127
1098 123
1104 120
1110 118
1116 118
1122 119
1128 120
1134 122
1140 126
1146 130
1152 136
1158 142
1163 148
1167 154
1171 160
1175 166
1179 172
1182 178
1185 184
1188 190
1190 196
1191 202
1192 208
1191 214
1188 220
1182 225
1176 224
1172 218
1169 212
1164 206
1158 206
1152 210
1147 216
1143 222
1140 228
1138 234
1137 240
1137 246
1138 252
1140 258
1143 264
1148 270
1154 275
1160 278
1166 279
1172 280
1178 279
1184 278
1190 275
1196 271
2 267
8 261
14 255
19 249
24 243
28 237
32 231
36 225
39 219
42 213
44 207
45 201
47 195
47 189
47 183
46 177
44 171
40 165
34 162
28 168
27 174
27 180
26 186
20 190
15 184
12 178
9 172
6 166
4 160
2 154
0 148
1199 142
1198 136
1198 130
