0 198
6 198
12 197
18 196
24 196
30 196
36 196
42 196
48 196
54 197
60 197
66 198
72 198
78 199
84 200
90 200
96 200
102 201
108 201
114 201
120 201
126 201
132 200
138 200
144 199
150 199
156 198
162 198
168 197
174 196
180 196
186 196
192 195
198 196
204 196
210 196
216 197
222 197
228 198
234 198
240 198
246 198
252 198
258 198
264 199
270 199
276 199
282 199
288 199
294 199
300 199
306 198
312 198
318 197
324 197
330 197
336 197
342 197
348 197
354 198
360 198
366 199
372 200
378 200
384 200
390 200
396 200
402 199
408 198
414 198
420 197
426 196
432 196
438 196
444 196
450 197
456 197
462 198
468 199
474 199
480 199
486 199
492 199
498 199
504 199
510 199
516 198
522 198
528 198
534 198
540 198
546 198
552 198
558 198
564 198
570 198
576 198
582 198
588 199
594 199
600 199
606 199
612 199
618 199
624 199
630 198
636 198
642 198
648 198
654 198
660 198
666 198
672 198
678 198
684 198
690 198
696 198
702 198
708 197
714 197
720 196
726 196
732 196
738 196
744 197
750 197
756 198
762 199
768 199
774 200
780 200
786 200
792 200
798 200
804 199
810 199
816 199
822 199
828 199
834 199
840 199
846 198
852 198
858 198
864 198
870 198
876 197
882 197
888 197
894 197
900 197
906 197
912 197
918 197
924 197
930 197
936 197
942 198
948 198
954 199
960 199
966 200
972 200
978 200
984 200
990 200
996 199
1002 199
1008 198
1014 198
1020 198
1026 198
1032 198
1038 198
1044 198
1050 198
1056 198
1062 198
1068 198
1074 198
1080 198
1086 198
1092 198
1098 197
1104 197
1110 197
1116 197
1122 197
1128 197
1134 197
1140 197
1146 198
1152 198
1158 199
1164 199
1170 200
1176 200
1182 200
1188 199
