0 206
6 205
12 205
18 205
24 205
30 204
36 204
42 205
48 205
54 205
60 205
66 206
72 206
78 206
84 207
90 207
96 207
102 207
108 207
114 207
120 207
126 207
132 207
138 207
144 206
150 206
156 206
162 205
168 205
174 205
180 204
186 204
192 204
198 204
204 204
210 205
216 205
222 205
228 205
234 206
240 206
246 206
252 206
258 206
264 206
270 206
276 206
282 206
288 206
294 206
300 206
306 206
312 206
318 205
324 205
330 205
336 205
342 205
348 205
354 205
360 206
366 206
372 207
378 207
384 207
390 207
396 207
402 206
408 206
414 205
420 205
426 205
432 204
438 204
444 205
450 205
456 205
462 206
468 206
474 206
480 206
486 206
492 206
498 206
504 206
510 206
516 206
522 206
528 206
534 205
540 205
546 205
552 205
558 206
564 206
570 206
576 206
582 206
588 206
594 206
600 206
606 206
612 206
618 206
624 206
630 206
636 206
642 206
648 206
654 206
660 205
666 206
672 206
678 206
684 206
690 206
696 206
702 205
708 205
714 205
720 205
726 205
732 205
738 205
744 205
750 205
756 206
762 206
768 206
774 207
780 207
786 207
792 207
798 207
804 206
810 206
816 206
822 206
828 206
834 206
840 206
846 206
852 206
858 206
864 206
870 205
876 205
882 205
888 205
894 205
900 205
906 205
912 205
918 205
924 205
930 205
936 205
942 206
948 206
954 206
960 206
966 207
972 207
978 207
984 207
990 207
996 206
1002 206
1008 206
1014 206
1020 206
1026 206
1032 206
1038 206
1044 206
1050 206
1056 206
1062 206
1068 206
1074 206
1080 206
1086 206
1092 205
1098 205
1104 205
1110 205
1116 205
1122 205
1128 205
1134 205
1140 205
1146 205
1152 206
1158 206
1164 206
1170 207
1176 207
1182 207
1188 206
