0 214
6 213
12 212
18 210
24 209
30 209
36 209
42 209
48 210
54 211
60 212
66 213
72 215
78 216
84 217
90 218
96 219
102 219
108 220
114 220
120 220
126 219
132 219
138 218
144 217
150 216
156 214
162 213
168 211
174 210
180 209
186 209
192 209
198 209
204 209
210 210
216 211
222 212
228 213
234 214
240 214
246 215
252 215
258 215
264 215
270 215
276 216
282 216
288 216
294 215
300 215
306 214
312 213
318 212
324 212
330 211
336 211
342 211
348 212
354 213
360 214
366 216
372 217
378 218
384 219
390 219
396 218
402 216
408 215
414 213
420 211
426 210
432 209
438 209
444 210
450 211
456 212
462 214
468 215
474 216
480 216
486 217
492 217
498 216
504 216
510 215
516 214
522 214
528 213
534 213
540 213
546 213
552 213
558 213
564 213
570 214
576 214
582 215
588 215
594 215
600 216
606 216
612 216
618 215
624 215
630 214
636 214
642 214
648 213
654 213
660 213
666 214
672 214
678 214
684 214
690 214
696 214
702 213
708 212
714 211
720 210
726 210
732 210
738 210
744 211
750 212
756 214
762 215
768 216
774 217
780 218
786 218
792 218
798 217
804 217
810 216
816 216
822 216
828 215
834 215
840 215
846 215
852 214
858 214
864 213
870 213
876 212
882 212
888 212
894 211
900 211
906 211
912 211
918 211
924 211
930 212
936 213
942 214
948 215
954 216
960 217
966 217
972 218
978 218
984 218
990 217
996 216
1002 215
1008 215
1014 214
1020 214
1026 213
1032 213
1038 214
1044 214
1050 214
1056 215
1062 215
1068 215
1074 214
1080 214
1086 214
1092 213
1098 212
1104 212
1110 211
1116 211
1122 211
1128 211
1134 211
1140 212
1146 213
1152 214
1158 216
1164 217
1170 217
1176 218
1182 217
1188 217
