35.171 35.3553
36.1386 36.2353
13.0384 14.0357
45.793 46.2277
9.21954 10
14.7648 15.6525
13.9284 14.0357
19.105 19.2354
21.2132 22.1359
28.1603 67.2012
50.2892 55.0364
25.9422 26.3059
14.3178 14.8661
16.0312 16.2788
33.2415 33.3766
61 61.131
24.0208 24.1868
26.4008 26.8328
20.5183 20.5913
43.3244 44.2719
13.0384 14.3178
51.4004 61.2046
64.7611 68.4251
23.3238 23.3452
17.1172 18.1108
6.08276 6.7082
34.7131 34.7851
15.6525 16.5529
9.05539 9.43398
30.4631 30.5287
14.8661 15.0333
31.0644 31.1448
28.178 35.171
13 48.1664
16 63.8122
15.8114 16.0312
65.5134 65.521
35.4683 43.0116
8.06226 8.544
7.07107 7.81025
17.088 17.1172
66.0984 120.739
37.5766 57.4282
77.201 81.8352
8.24621 10
29.5466 29.6816
17.4642 17.8885
44.7214 86.3713
42.638 63.2456
14.0357 14.3178
16.7631 17.0294
29.1204 29.2746
16.4924 17
24.5153 54.8179
13.0384 13.3417
10.0499 10.4403
13 14.0357
64.7611 64.846
28.178 28.4605
10.0499 10.2956
24.0208 24.0416
42.638 42.72
28.4429 28.4605
28.6356 29.2746
45.7056 46
7.07107 7.61577
17.4642 18.4391
34.7131 35.1283
51.4296 51.6236
26.6833 26.9258
30.8058 30.8869
15.2971 15.6525
42.0595 42.1545
32.0156 32.249
12.0416 12.3693
18.0278 18.1108
26.4008 26.6271
13 13.4536
41.6173 41.7732
18 18.4391
37.5766 37.7359
27.313 27.4591
14.8661 15
6.08276 7.07107
65.2763 66.7308
12.0416 12.083
28.6007 29
41.6173 44.7214
8.06226 8.60233
24.0416 66.0379
17 17.8885
65.2993 65.521
15.1327 59.0339
19.6977 20
11.0454 11.1803
9.05539 10.0499
13.3417 14.3178
11.4018 12.3693
13.0384 14.7648
43.8634 43.909
15.6525 16.2788
9.05539 9.48683
27.2947 27.5136
30.0832 30.2655
11.0454 12.0416
17.4642 56.5862
25.9422 26.2488
19.8494 20.1246
18.3848 19.2354
8.24621 9.21954
45.4533 63.561
43.4166 43.566
53.3104 55.1543
51.4004 51.6236
7.81025 8.06226
38.9102 39.0512
15.8114 61.8466
5.09902 7.81025
18.4391 18.7883
18.3848 54.4518
65.3911 65.5134
53.7122 58.5491
29.0689 29.4109
14.8661 15.8114
17.0294 17.2627
19.4165 19.6977
44.643 44.7214
35.171 48.1041
44.7214 44.9444
26.9258 27.1662
21.0238 21.1896
18.2483 18.3848
19.2354 19.3132
6.08276 7.61577
33.7343 33.8378
15.0333 15.2971
