18 47.4342
23.0868 54.4059
58.7282 59.5063
7.07107 7.81025
21.9317 22.2036
18 18.0278
18.9737 19
37.6962 39.6232
38 38.4708
17.0294 17.4642
28.6531 29
44.4185 44.6878
37.108 58.5235
11 11.6619
39.8246 48.1664
21.095 21.3776
43.8292 43.8406
27.4591 28.0179
38.2099 39.2046
43.0116 43.382
31.0161 31.0644
54.1295 68.2495
34.0588 34.2345
31.9531 33.7343
37.4833 81.4002
57.6888 57.6975
18 18.9737
20.0998 20.3961
17.4642 19.105
38.3275 38.4838
41.7732 62
9 10
15.0333 15.6525
38.9487 39.4081
24.3516 25.0799
44.4185 59.4138
63.5059 93.8136
26.0192 65.7419
44.9222 45.1885
28.0713 58.1893
34.0588 89.1964
20.8806 21
19.9249 20
17.4642 18.1108
19.0263 19.6469
31.8277 31.9061
9.48683 10.4403
53.2541 68.9638
30.0832 51.8941
26.4764 27.0185
12.0416 12.083
37.1618 37.4433
18.0278 18.3848
23.0217 23.0868
15.0333 15.8114
8.06226 8.60233
16.0312 16.5529
22.0227 22.561
42.0595 80.1124
10.0499 10.2956
35.3836 43.0813
10 10.8167
33.9559 35.9026
18.4391 18.868
14.0357 48.7647
58.7282 59.0339
17.2627 52.1536
39.8246 40.4599
50.9608 63.1269
35.0571 35.2278
22.0227 23.0868
9.05539 9.43398
