7 7.07107
11 11.1803
51 51.2445
41.2311 41.3038
25.4951 25.6125
19.105 19.2354
44.3847 81.3204
50.04 57.0789
42.5441 42.72
34.0147 35.2278
38.3275 61.1882
16.1245 16.5529
41.2311 76.844
55 55.8032
18.1108 18.2483
19.105 19.3132
68.0294 68.0661
31.8904 71.007
17.088 18.0278
9 9.43398
8.06226 9.21954
12.0416 12.53
8.94427 9.05539
33.3017 65
15.0333 15.2315
67.0671 67.1193
8 8.60233
15.1327 15.2971
7 7.81025
7 8.60233
8.06226 10.0499
69.2965 73.0069
17.0294 17.088
45.4533 45.793
21.8403 21.9545
10.0499 11.6619
35.0143 35.2278
18.9737 19.4165
10 10.2956
6 7.07107
76.2168 76.4199
14.0357 14.3178
13.4164 59.808
12 13
45.31 45.5412
31.3847 31.8904
37.1214 63.561
37.1618 37.3363
20.8806 83.2947
50.636 50.6952
16.0312 16.1555
29.0172 29.2746
13.0384 13.4164
57.4891 57.6888
13.8924 14.1421
20.8806 21.0238
9.05539 10
11.0454 11.6619
42.5793 42.72
76.2168 76.5376
8.06226 8.94427
11.0454 11.7047
13.1529 72.1249
46.8722 86.8332
12.53 13.0384
12.0416 12.6491
56.8243 58.5918
9 10.2956
41.2311 44.7214
32.0156 32.249
37.2022 37.4833
34.7131 34.9857
35.0143 35.171
12 12.083
31.3847 74.4312
43.9318 44.9444
15.1327 16.9706
50.01 50.1597
9.05539 13.0384
43.7379 48.4665
17.1172 17.2627
36.2491 58.6686
18.9737 19.0263
47.5395 47.676
44.6878 44.9444
9.05539 9.84886
21.0238 21.3776
18.6815 71.8053
32.249 32.28
50.9902 57.8705
6 8
9.05539 10.7703
21.095 21.1896
16.1245 16.2788
45.5412 45.618
82.8734 83.0542
42.5441 42.5793
55 55.1725
13.1529 64
49.0102 49.163
31.5753 48.0104
45.3431 51.923
33.6006 33.9706
10.0499 10.8167
43 43.1741
10.0499 10.7703
32.249 32.6497
6 7.81025
43.7379 43.9659
15.1327 16.2788
15.1327 15.6525
13.9284 14
24.0416 24.0832
34.2053 34.2345
55.1725 55.4437
