30.0666 30.1496
9.05539 10
35.3553 35.4401
27 27.4591
41.1096 49.4975
27.7308 27.8029
11.0454 11.6619
20.8806 21.0238
8.06226 8.94427
13 13.9284
30.0666 30.0832
23.7065 23.7697
26.8328 52.6118
25 39
7.07107 31.4006
29.2746 29.4109
27.7308 27.8927
12.53 13.0384
54.5619 64.9384
37.7359 58.1893
28.0179 28.2843
22.3607 66.8431
22.0227 23.0217
22.3607 22.8473
34.8855 35
34.8855 44.7214
36.2491 36.4006
31.7805 53.7401
34.8281 41.4367
34.7131 34.9857
31.7805 32.0156
12 12.083
17.2047 17.72
35.2278 36.0555
33.3017 37.3363
35.7351 35.7771
21.0238 23.0217
36.3593 36.7696
36.3593 55.6597
23.0868 23.1948
23.3452 23.7697
52.0096 60.5392
36.8917 37.1618
25.807 26
27.8568 39.4462
27.0185 65.8027
26 26.4764
79.8311 79.9062
28 28.4429
34.8281 35.3553
43.2782 50.1597
26.9072 28.1603
22.6274 22.8254
29.1548 79.9062
27.8568 28.3019
29.0172 33.0151
35.8469 51.0098
33.3017 33.6006
58.0517 64.405
9.05539 9.21954
45.3431 56.4624
25 25.0599
25 79.3095
37.7359 38.0789
25.0799 25.1794
8.06226 9.21954
29.4279 29.7321
13.9284 14
29.0172 29.2746
21.0238 21.3776
27.4591 27.5862
30.0167 30.2655
31.0644 31.1448
