35.171 35.3553
14.8661 15.0333
33.0151 33.1361
29.1204 77.3886
28.6356 28.7924
17.088 17.1172
16.2788 16.5529
61.0328 66.3702
49.4773 49.6488
46.8402 46.8722
43.6807 43.7379
35 109.041
38.3275 39.0512
29.0172 29.1548
28.0179 28.1603
41.7612 41.7732
28.1603 29.0172
18.6815 19.0263
25.02 25.1794
20.025 67.082
35.6931 35.7351
22.8035 23.0868
69.1809 69.2315
33.9559 34
34 79.4796
38.833 38.8973
20.025 70.0357
27.074 82.9277
60.8358 60.9016
39.0128 39.1152
24.7386 25.0799
40.2492 40.4969
25.9615 26.0192
34.8855 93.1504
42.8019 42.9535
32.0156 32.1403
42.72 42.7551
34.0147 34.1321
26.0192 79.6492
47.5395 104.738
34 34.176
34.8855 35.1141
28.8617 29.0172
30.0167 30.1496
23.0217 23.0868
17.2627 17.4642
61.0328 61.2944
47.1699 47.8539
29.8329 30.0167
36.1386 36.3456
35.2278 36
24.0208 24.0416
21.0238 21.1896
29.0689 75
22.0227 22.2036
28.4429 28.4605
18.2483 18.3848
39.0128 39.0512
37.6431 37.6563
19.2354 19.3132
23.0217 23.1948
27.0185 27.1662
45.1221 45.2217
47.5395 47.676
40.4599 40.4969
34.7131 34.7851
69.1809 145.262
60.8358 61.0983
20.8806 21.095
31.7805 31.9531
14.3178 14.7648
