27.6586 28.3196
15 15.2315
10.0499 10.198
38.0132 38.0789
12.083 13
14.5602 14.7648
8.06226 8.24621
44.0114 44.0454
6.7082 7.61577
13.0384 13.8924
43.8292 43.8406
22.0227 22.1359
21.0238 21.095
25 25.02
19.0263 19.105
31.3209 43.9318
39.2046 39.2938
13.0384 13.1529
35.8469 36.1386
6.08276 7.2111
12.1655 13.0384
19.9249 20
15.2643 16.1245
31.3209 31.3847
12.0416 12.1655
23.0217 23.0868
25.2982 25.4951
18.0278 19.105
30 30.0167
14.4222 15.1327
13.6015 13.8924
12.0416 13.0384
46.6154 46.6476
6 15.2971
44.0114 62.1691
25.4951 25.5539
19.105 19.4165
18.4391 18.6011
29.4109 53.4135
43.8292 43.909
33.2415 34.0588
7.61577 8
12.083 12.1655
17.0294 60.4152
75.1332 76.1183
24.7588 25.4951
29.4109 29.5466
16.0312 16.1245
31.0161 31.0483
15.8114 16.1245
4 5
20.6155 21.0238
72.45 72.6154
23 23.7697
18.4391 19.105
7 7.61577
6 6.7082
15.2643 15.5563
40.3113 40.4969
39.2173 39.2938
29.0172 97.0052
72.4224 73.171
34.7851 34.9285
4 5.83095
9.48683 10
32.5269 32.8024
11.0454 17.4642
50.2892 50.3289
19.6469 20.0998
13 13.1529
27.074 29.7321
30.2655 46.0435
34.4093 34.4819
12 12.3693
6 7
7.07107 7.2111
12.8062 13.1529
27.4591 48.2701
36.0555 36.1386
63.6396 63.7887
20.025 20.0998
37.6431 37.6962
6 7.61577
32.45 32.5576
26.0768 26.2488
33.3766 33.7343
70 70.0643
23.7697 24
15.0333 15.1327
31.241 41.0488
31.0161 31.0644
33.6006 33.6155
4 4.24264
18.0278 18.1108
16.4924 16.5529
16.0312 17.1172
75.1332 75.2861
27.2029 27.2947
19 24.1868
13.6015 13.9284
39.2046 43.0465
63.0714 64.3506
25.4951 67.8012
24.3311 41.7732
41.5933 42.0476
11.0454 11.1803
22.3607 56.0803
9.05539 10.0499
10 10.4403
40.0125 40.05
39.8246 40.4969
68.593 86.267
21.095 21.5407
68.4105 73.8173
13 13.0384
32.7567 32.8024
14.0357 14.1421
24.4131 55.9732
15.5242 15.6525
22.0227 22.0907
12.0416 55.8032
29.0172 29.0689
36.6879 36.7696
11.7047 12.1655
31.8904 32.5576
19.0263 55.0818
43.2782 44.5533
71.1196 71.3092
70 70.0357
16.4924 17.4642
15.6525 16.4924
6.08276 6.32456
9 9.48683
8.24621 8.60233
18.4391 18.7883
31.6228 32.5576
31.8277 31.9061
17.0294 17.1172
5 5.83095
22.3607 23.0868
7.07107 7.28011
20 20.2237
21.095 21.2603
9.05539 9.21954
21.0238 21.1896
16.0312 77.7817
62.6259 64.8845
12.6491 13.0384
28.3019 28.3196
26.1725 26.4008
29.0689 29.1204
24 24.1868
41.0122 41.0488
18.4391 63.6946
26.9072 26.9258
32.5269 32.7567
21.2132 21.9317
11 11.4018
14 14.3178
