37.5899 37.6431
23.0217 42.2019
42.4264 42.72
26.4008 26.4764
13.0384 13.8924
25.2389 36.8782
7.81025 10.8167
27.4591 27.5136
39.2046 39.3573
19.6977 20.0998
7 10
33.4216 33.6006
37.2022 47.4342
26.9258 27.2947
39.8246 40.1622
35.8469 36.4966
19.9249 20
29.8329 29.9666
8 10
17.72 17.8045
14.7648 15.0333
19.9249 20.8087
8 9.21954
19.7231 20.3961
42.4264 50.01
23.8537 24.0416
27.0185 48.0104
27.8927 28.0179
28.8444 36.4006
39.5601 92.4392
12.0416 12.2066
60.4152 61.0328
16.1245 17.4642
29.5466 29.6142
27.8568 28.0179
37.4833 37.7359
9 10
44.7772 49.6488
27.8927 53.4883
42.8019 43.7379
13.4536 13.6015
37.2022 37.5766
27.0185 27.313
29.2062 30.5941
7 9.21954
33.9559 34.0147
18.9737 20
33.0606 54.4059
30.8058 30.8707
46.3249 47.5079
10 10.8167
30 30.4631
37.1214 38.0789
21 21.8403
16.1245 60.531
37.6431 38.0132
51.0392 66.1287
25.2389 25.2982
23.8537 24.2074
74.3303 76.4853
39.8497 43.0465
35.1141 62.9682
16.2788 16.6433
13.4164 13.8924
17.8885 18.1108
45 45.1774
42.72 42.9535
42.8019 42.9418
30.6105 33.0151
41 44.1022
54.0093 73.4983
29.5466 34.5254
24.6982 25
36.7151 36.8782
51.4004 51.614
17.1172 17.4642
37.4833 45.0444
29.6816 29.7321
13 13.0384
15.2971 15.8114
41.9762 42.107
40.7063 41.1096
18.868 20
18.2483 73.5459
42.72 47.5079
12 12.53
44.7772 44.9444
14.3178 16.6433
28.8617 29.0689
39.0512 39.1152
11.0454 50.2195
32.6497 33.2415
19.2354 20.2237
15.6525 16.0312
16.5529 17.0294
30.4631 30.5941
42.0595 89.1964
64.6375 64.8845
28.8617 29.0172
29.2062 30
11.0454 12.2066
39.8246 69.3542
32.6497 43.2782
27.8029 28.0179
47.5079 47.5395
18.7883 19.105
27.8927 50.9313
