14.8661 15.0333
15 15.2315
24.0416 63.0317
27.8927 28.0179
15.8114 16.0312
31.5753 58.5235
65.7647 65.9697
61.6604 69.5701
54.037 54.4059
14 14.3178
34.8855 35.609
16 16.1555
11 11.6619
17.0294 17.4642
111.041 112.614
25.318 26
41.2311 41.8688
13.9284 14.0357
48.8365 49.2037
38.4187 38.4708
12 12.53
25 25.02
35 36
38.5876 38.6264
21.0238 62.0322
13.9284 15.0333
50.8035 52.7731
32.249 32.573
13.9284 35.5106
59.9083 63.0079
14.1421 14.4222
13 14.3178
25.9615 26.0192
65.7647 73.1642
34 35
21.0238 22.0227
14.3178 15
36.7967 37.4433
41.4849 82.8794
12.1655 13.6015
20.8806 21
16.7631 17.0294
16.1555 16.9706
41.0488 41.1096
28.1603 28.4605
25.0799 66.2722
14 44.7214
9 45.8803
37.8021 38.0132
32.7567 32.8938
25 25.5539
30.3645 33.1361
31.3209 31.7648
41.2311 45.3431
42.45 42.5441
27.1662 27.5136
36.7967 56.4004
26.9258 27.0185
33.6155 33.8378
27.1662 53.8238
32.6956 32.7567
51.4004 60.1332
22.0227 22.561
32.6956 48.8262
13.1529 13.6015
10 10.8167
13 13.4164
30.8869 31.3209
38.4187 51
34.4819 38.9487
12.1655 15.1327
37.0135 39.6232
34.5254 35
16.0312 17.0294
17 17.088
18 18.0278
16.0312 53.6656
31.257 62.6259
