29 29.6142
30.5941 31
37.108 37.1214
25 25.02
40.025 40.1123
41.6173 41.7253
43.3244 43.7379
36.7696 88.5268
26.9258 27.2947
56.5685 56.7539
19.9249 20
29.8329 29.9666
33.0151 33.3766
26.9258 27.0185
24.7386 25
33.1361 33.2415
28 28.6356
45.8912 46.0977
34.9857 35.3836
25 25.7099
27.8927 28.0179
27 27.6586
49.1935 75.5844
30.0666 30.0832
24.0208 24.5153
36.4006 36.6742
68.884 69.7711
31.0483 34.4819
31.0161 31.4006
14.1421 14.5602
44.4072 44.5533
58.2409 58.8218
109.018 109.073
34.6554 85.44
50.6952 64.3506
21.8403 22
45.6508 48.0521
21 75.4718
20.8806 21
28.0713 28.1603
47.0425 48.6621
30.8058 30.8707
23.3452 24.0832
32.0156 32.0624
55.5428 56.3028
56.5685 159.298
51.264 51.3517
21 21.8403
15.2971 16.2788
40.1995 40.2616
22.8035 23
18.9737 19
23.7697 24
23.0868 23.3452
30.4138 55.1453
40.1995 41.2311
20.0998 20.3961
40.2616 40.3113
25 26
29.6142 30.5941
27.6586 28
48.0416 48.0521
43.6005 53.8516
30.0167 30.4138
33.7343 34.0147
54.9181 55.1453
47.7598 48.0104
32.3883 32.8938
29.6142 30
41.6173 50.3289
30.0167 83.7616
36.1386 37.1214
17.088 18
42.3792 42.7551
67.7422 67.9117
29.1548 92
38.4187 38.4708
67.0298 73.5731
32.3883 33.8378
57.5587 57.7235
58.8558 59.1354
50.448 52
54.9181 55.0364
25.9615 26.0192
17 56.7186
56.3028 56.4358
29.4279 30.0167
29.0172 29.4279
45.2217 45.618
28.8617 29.0172
16.2788 17.2627
35.8469 36.0555
27.6586 27.7308
23.7697 25
123.628 137.058
17.2627 18.2483
58.1808 78.1089
25.7099 26
