21.095 65.9697
15 15.2315
8.06226 9.43398
5.38516 6.08276
20.2237 20.6155
13.0384 13.8924
32.0156 74.9667
54 65.5515
22.0227 22.1359
20.025 20.2485
19.105 20.0998
50.9902 51.4296
46.0109 62.0081
27.8568 28.8444
32.0624 35.2278
14.0357 14.7648
43.1393 43.2666
43.8406 54.9181
6.08276 7.2111
12.0416 13
29.8329 29.9666
19.0263 19.6469
27.6586 32.9848
20.025 21.1896
23.0217 23.0868
31.257 60.803
33.9559 40.7922
6.08276 6.7082
35.805 36.2491
9.05539 9.43398
27.8927 28.0179
11.0454 34.4384
33.121 33.3017
7.07107 7.81025
24.0208 24.5153
26.8701 27.2947
12.1655 12.6491
25.02 25.4951
22.8473 23.1948
7.07107 8.48528
25.1794 25.632
19.0263 67.624
28.7924 28.8444
31.0161 31.4006
15.0333 15.6525
39.0512 40.1995
20.8806 21
16.7631 17.0294
19.0263 58.1378
26.1725 30.8058
17.0294 17.72
40 40.2492
16.0312 16.5529
22.8473 53.9073
24.0208 24.0416
19.105 20.3961
37.6563 38.0132
21.095 22.0907
24.5967 43.566
46.6905 46.8722
46.6905 61.6117
14.0357 14.8661
41.4005 50.01
50.9902 51.1566
21.0238 21.587
9.05539 10.2956
23.7697 24.1868
48.2597 48.3839
16 16.1555
6.32456 6.40312
23.7697 24
33.9559 34.0588
21.095 21.3776
6 6.40312
23.0868 23.3452
7.07107 10.198
20.0998 20.3961
44.6542 45.1885
26.1725 26.8328
32.249 32.573
39.9249 39.9625
35.805 56.0357
20.0998 20.6155
24.5967 24.7588
12.1655 13.6015
32.249 57.3149
19.105 19.6977
14.1421 15.2643
65 66.7608
20.025 20.6155
30.0167 30.4138
8.24621 9.84886
15.1327 15.2643
19.105 61.6117
13.0384 13.9284
6.32456 7.2111
8.24621 8.94427
37.6563 50.1597
6.32456 8.06226
17 17.088
32.9848 33.0606
34.8281 34.8855
29.6816 29.7321
30.4138 32.0624
45.2769 48.7032
7.28011 8.06226
38.4187 54.4059
6.32456 6.7082
31.0483 31.305
6.08276 7.81025
38.9487 61.6117
45.2769 45.31
21.0238 22.6716
27.4591 32.249
28.6007 29.1548
14.1421 14.4222
21.3776 22.0907
42.4264 48.0104
32.0156 32.2025
27.313 42.5793
6 7.2111
30.4138 30.4795
27.6586 27.7308
27.313 27.8029
20.025 23.0868
21.0238 21.1896
30.4138 31.0483
22.0907 22.3607
21.2132 21.9317
7.07107 8.60233
