15.0333 15.5242
11 11.1803
24.0208 49.679
28.0179 28.2312
27.5136 27.7849
60.208 61.4003
25.318 77.3886
25.4951 25.6125
32 32.3883
21 21.587
24.0208 25.318
6.08276 7.2111
71.8053 71.8471
61 61.131
24.0416 24.1868
7.07107 8.06226
36 36.3456
52.7731 62.0081
36.2353 36.7151
26.0192 26.3059
9 9.43398
18.0278 18.3576
21.3776 21.9317
32.8938 33.121
12.0416 12.53
20.0998 20.2237
29 29.4279
18.0278 19.0263
15.0333 15.2315
14.3178 15.1327
31.0644 31.1448
30.0666 30.1496
10.198 10.4403
8 8.60233
25.318 26.3059
26.1725 26.2488
7 7.81025
41 41.3038
26.0768 26.1725
30.4138 30.6757
25.318 25.632
17.0294 17.088
30 30.4138
28.0179 28.2843
27.2029 27.313
41 41.2311
9.21954 9.48683
61 74.6324
26.9258 27.074
11.1803 11.4018
21.0238 21.9317
10 10.2956
14.0357 14.3178
15.2971 16.1245
19.0263 19.4165
33.0151 79.404
13.6015 14.0357
34.0588 34.1321
16.4924 17.0294
29.4279 30.4138
39.0128 40.5216
45.0444 93.2363
13.0384 13.6015
16.0312 16.1555
25.9422 25.9615
21.0238 51.0784
7.07107 7.2111
13.0384 13.4164
24.0832 24.1868
41 41.0122
24.0208 24.3311
27.1662 28.1603
11.0454 11.6619
22.561 23
8.06226 8.94427
26.6833 27.2029
45.0444 45.0999
20.025 20.3961
22.2036 23.1948
18.0278 18.4391
17.0294 17.4642
33.9559 34.0588
7.28011 7.61577
29.4279 71.0282
31 31.4006
35.0143 35.171
12 12.083
29.9666 30.0832
23.3452 23.7697
23.0868 23.1948
22.0907 22.1359
26.3059 26.5707
14.8661 15
41.0488 44.7772
47.0425 47.0956
25 25.0599
33.0151 34.2053
29.6142 30.2655
9.05539 9.84886
33.0606 90.802
31.0161 31.257
11.4018 12.3693
31.9531 55.5698
29.0172 68.0955
22.0907 53.0848
71.5052 83.0963
27.2947 27.5136
10.4403 11.1803
6.08276 7.81025
38.2753 38.4708
21.095 21.1896
31.9531 32.249
19.9249 20.025
34.0147 34.2345
27.7849 28.3196
79.196 81.4678
71.1688 72.5603
32.45 44.7214
26.2488 26.4197
26.0192 26.5707
25 25.4951
35.0571 35.1283
30.0666 78.7464
26.9258 32.2025
33.9559 34.1321
25.02 25.318
10.0499 10.7703
34.0147 34.2053
24.0416 24.0832
18 18.6815
46.0435 46.0977
30.0167 30.2655
35 35.3553
