0 223
5 221
10 220
15 220
20 219
25 219
30 220
35 221
40 222
45 225
50 230
51 235
49 240
45 245
42 250
42 255
45 260
50 264
55 266
60 266
65 265
70 263
75 260
80 255
83 250
86 245
88 240
90 235
91 230
92 225
93 220
94 215
94 210
95 205
95 200
95 195
95 190
95 185
95 180
94 175
94 170
93 165
92 160
91 155
90 150
87 145
83 140
78 139
73 142
70 147
69 152
67 157
62 160
57 157
54 152
52 147
50 142
50 137
50 132
50 127
52 122
53 117
56 112
59 107
64 102
69 98
74 94
79 92
84 90
89 89
94 88
99 88
104 88
109 89
114 91
119 93
124 95
129 99
134 103
138 108
140 113
143 118
144 123
144 128
144 133
143 138
141 143
138 148
133 152
128 150
125 145
120 142
115 146
113 151
112 156
112 161
112 166
112 171
112 176
112 181
113 186
113 191
114 196
115 201
115 206
116 211
117 216
118 221
119 226
120 231
121 236
122 241
123 246
125 251
127 256
130 261
133 266
138 270
143 273
148 275
153 276
158 276
163 275
168 273
173 270
178 265
181 260
184 255
186 250
187 245
187 240
187 235
185 230
182 225
177 223
172 223
167 224
162 219
160 214
160 209
161 204
163 199
165 194
169 189
173 184
178 180
183 177
188 174
193 173
198 172
203 171
208 172
213 173
218 175
223 177
228 181
233 185
238 190
243 195
246 200
249 205
252 210
253 215
254 220
255 225
254 230
249 234
244 234
239 237
237 242
236 247
236 252
237 257
239 262
241 267
244 272
249 277
254 281
259 283
264 284
269 285
274 285
279 284
284 282
289 279
294 275
299 270
302 265
304 260
306 255
307 250
307 245
307 240
306 235
305 230
304 225
302 220
299 215
296 210
294 205
291 200
288 195
285 190
282 185
277 180
272 175
269 170
266 165
264 160
262 155
260 150
259 145
258 140
258 135
259 130
260 125
263 120
266 115
270 110
275 106
280 102
285 100
290 98
295 98
300 97
305 97
310 98
315 100
320 102
325 106
329 111
332 116
333 121
333 126
331 131
326 135
321 134
316 132
311 132
306 134
302 139
300 144
300 149
300 154
301 159
302 164
304 169
307 174
310 179
314 184
318 189
323 193
328 197
333 200
338 202
343 204
348 204
353 204
358 203
363 201
368 197
372 192
374 187
376 182
376 177
376 172
377 167
379 162
382 157
387 152
392 148
397 145
402 142
407 141
412 141
417 141
422 142
427 144
432 146
437 151
442 156
445 161
447 166
449 171
450 176
451 181
451 186
450 191
449 196
446 201
441 203
436 203
431 206
427 211
425 216
424 221
423 226
423 231
423 236
424 241
426 246
427 251
430 256
433 261
437 266
442 271
447 275
452 278
457 281
462 283
467 285
472 286
477 287
482 287
487 288
492 287
497 287
502 286
507 284
512 282
517 279
522 276
527 272
531 267
535 262
538 257
540 252
542 247
543 242
544 237
544 232
544 227
543 222
542 217
540 212
537 207
535 202
534 197
533 192
533 187
533 182
533 177
533 172
534 167
534 162
535 157
536 152
537 147
539 142
541 137
544 132
547 127
552 122
557 118
562 115
567 113
572 112
577 111
582 111
587 111
592 112
597 114
602 116
607 119
612 124
616 129
618 134
620 139
620 144
618 149
613 153
608 155
603 158
600 163
598 168
598 173
599 178
600 183
602 188
605 193
609 198
614 202
619 205
624 208
629 209
634 210
639 210
644 209
649 208
654 206
659 203
664 199
669 195
674 193
679 192
684 193
689 194
694 197
699 200
704 204
709 209
713 214
715 219
717 224
719 229
720 234
720 239
720 244
719 249
717 254
714 259
709 263
704 263
699 259
696 254
691 250
686 249
681 251
676 256
674 261
673 266
673 271
674 276
675 281
678 286
681 291
686 296
691 299
696 302
701 303
706 304
711 305
716 304
721 303
726 301
731 299
736 296
741 291
745 286
748 281
750 276
752 271
753 266
754 261
754 256
754 251
754 246
754 241
753 236
753 231
752 226
751 221
751 216
750 211
748 206
747 201
752 203
751 198
746 197
750 192
748 187
744 192
739 190
734 185
730 180
727 175
724 170
722 165
720 160
718 155
717 150
716 145
716 140
716 135
717 130
719 125
722 120
725 115
729 110
734 106
739 103
744 101
749 99
754 98
759 97
764 97
769 98
774 99
779 100
784 103
789 106
794 110
798 115
801 120
803 125
804 130
805 135
805 140
804 145
803 150
801 155
797 160
792 160
787 158
782 159
779 164
777 169
776 174
776 179
776 184
777 189
778 194
779 199
780 204
782 209
784 214
786 219
789 224
791 229
795 234
799 239
804 244
809 247
814 250
819 251
824 252
829 252
834 250
839 248
844 245
849 241
854 236
857 231
860 226
863 221
865 216
866 211
866 206
866 201
865 196
860 191
855 191
850 190
847 185
847 180
847 175
848 170
850 165
853 160
856 155
860 150
865 145
870 142
875 140
880 139
885 139
890 140
895 142
900 145
905 150
909 155
912 160
914 165
916 170
918 175
919 180
921 185
922 190
923 195
924 200
925 205
925 210
926 215
926 220
926 225
925 230
924 235
919 236
914 231
909 231
905 236
902 241
900 246
899 251
898 256
897 261
897 266
898 271
898 276
900 281
902 286
905 291
909 296
914 301
919 305
924 308
929 310
934 311
939 312
944 312
949 312
954 311
959 310
964 308
969 306
974 302
979 298
984 293
987 288
990 283
992 278
994 273
995 268
995 263
995 258
995 253
994 248
993 243
991 238
988 233
985 228
980 224
975 223
971 228
969 233
964 238
959 233
957 228
956 223
955 218
954 213
954 208
954 203
953 198
953 193
953 188
954 183
954 178
954 173
955 168
956 163
957 158
959 153
961 148
963 143
966 138
971 133
976 129
981 126
986 124
991 123
996 123
1001 123
1006 124
1011 126
1016 128
1021 132
1026 137
1029 142
1032 147
1034 152
1036 157
1037 162
1038 167
1039 172
1040 177
1041 182
1042 187
1045 192
1048 197
1052 202
1057 206
1062 208
1067 210
1072 211
1077 211
1082 211
1087 209
1092 207
1097 205
1102 201
1107 198
1112 193
1117 188
1122 183
1125 178
1128 173
1130 168
1131 163
1130 158
1128 153
1123 149
1118 147
1116 142
1116 137
1118 132
1123 127
1128 124
1133 122
1138 121
1143 121
1148 122
1153 123
1158 126
1163 129
1168 133
1172 138
1175 143
1178 148
1179 153
1180 158
1181 163
1181 168
1181 173
1179 178
1177 183
1173 188
1168 192
1163 193
1158 192
1153 193
1148 196
1143 201
1139 206
1136 211
1132 216
1129 221
1127 226
1125 231
1124 236
1123 241
1123 246
1124 251
1125 256
1127 261
1130 266
1133 271
1138 275
1143 278
1148 280
1153 281
1158 281
1163 281
1168 279
1173 275
1177 270
1178 265
1177 260
1173 255
1170 250
1170 245
1172 240
1177 235
1182 231
1187 228
1192 226
