0 222
6 218
12 218
18 219
24 223
29 229
32 235
36 241
42 246
48 249
54 250
60 248
66 245
72 239
75 233
78 227
79 221
79 215
79 209
78 203
76 197
74 191
72 185
73 179
74 173
77 167
83 161
89 157
95 156
101 155
107 156
113 158
119 163
124 169
127 175
128 181
128 187
128 193
127 199
126 205
125 211
125 217
126 223
128 229
130 235
134 241
139 247
145 250
151 252
157 253
163 251
169 248
175 242
178 236
180 230
182 224
183 218
185 212
188 206
193 200
199 196
205 194
211 195
217 197
223 202
227 208
230 214
232 220
234 226
236 232
238 238
241 244
247 250
253 254
259 256
265 256
271 255
277 252
283 246
287 240
289 234
290 228
290 222
289 216
288 210
285 204
283 198
282 192
282 186
282 180
285 174
289 168
295 163
301 161
307 161
313 163
319 166
323 172
325 178
326 184
327 190
327 196
329 202
332 208
336 214
342 219
348 222
354 223
360 221
366 218
372 212
377 206
382 200
388 194
394 190
400 189
406 188
412 189
418 193
423 199
426 205
428 211
430 217
432 223
435 229
441 235
447 240
453 242
459 244
465 246
471 247
477 248
483 248
489 249
495 248
501 247
507 246
513 243
519 238
524 232
529 226
532 220
537 214
542 208
548 203
554 197
560 192
566 186
572 181
578 178
584 176
590 176
596 177
602 182
606 188
608 194
610 200
611 206
614 212
620 218
626 221
632 221
638 219
644 215
650 209
656 203
662 199
668 198
674 200
680 204
684 210
686 216
687 222
687 228
685 234
684 240
684 246
685 252
689 258
695 264
701 266
707 268
713 267
719 266
725 263
731 258
735 252
738 246
740 240
740 234
740 228
739 222
737 216
735 210
733 204
733 198
733 192
734 186
736 180
740 174
746 168
752 165
758 163
764 162
770 163
776 166
782 170
787 176
791 182
793 188
795 194
796 200
797 206
798 212
799 218
802 224
805 230
810 236
816 240
822 243
828 243
834 242
840 239
846 234
850 228
853 222
855 216
856 210
858 204
859 198
862 192
867 186
873 182
879 181
885 181
891 183
897 188
901 194
904 200
905 206
905 212
905 218
905 224
905 230
905 236
907 242
909 248
913 254
919 260
925 264
931 266
937 267
943 268
949 267
955 265
961 262
967 257
972 251
975 245
976 239
977 233
977 227
975 221
974 215
974 209
974 203
976 197
978 191
983 185
989 181
995 179
1001 178
1007 179
1013 181
1019 184
1025 187
1031 191
1037 194
1043 198
1049 203
1055 207
1061 213
1067 218
1073 221
1079 222
1085 221
1091 219
1097 215
1102 209
1105 203
1108 197
1111 191
1114 185
1118 179
1124 176
1130 174
1136 175
1142 177
1148 183
1151 189
1152 195
1151 201
1150 207
1148 213
1146 219
1145 225
1145 231
1146 237
1148 243
1153 249
1159 253
1165 255
1171 254
1177 253
1183 248
1188 242
1191 236
1194 230
