0 215
6 214
12 214
18 215
24 216
30 217
36 218
42 219
48 219
54 219
60 217
66 216
72 214
78 212
84 210
90 209
96 208
102 208
108 208
114 209
120 210
126 212
132 214
138 216
144 217
150 218
156 219
162 219
168 218
174 217
180 216
186 215
192 214
198 213
204 213
210 213
216 213
222 214
228 215
234 216
240 217
246 218
252 219
258 219
264 219
270 218
276 217
282 215
288 212
294 210
300 209
306 208
312 208
318 208
324 210
330 211
336 213
342 214
348 215
354 215
360 214
366 214
372 213
378 213
384 212
390 212
396 212
402 212
408 212
414 212
420 213
426 214
432 215
438 216
444 216
450 217
456 217
462 217
468 217
474 217
480 217
486 218
492 218
498 218
504 217
510 217
516 216
522 216
528 215
534 214
540 214
546 213
552 213
558 213
564 212
570 212
576 211
582 211
588 210
594 210
600 211
606 211
612 213
618 214
624 215
630 215
636 215
642 214
648 213
654 212
660 212
666 212
672 212
678 214
684 216
690 218
696 220
702 221
708 221
714 221
720 219
726 217
732 215
738 213
744 211
750 210
756 209
762 209
768 209
774 209
780 210
786 211
792 211
798 213
804 214
810 215
816 216
822 217
828 217
834 217
840 217
846 216
852 215
858 213
864 212
870 211
876 211
882 211
888 212
894 213
900 215
906 216
912 217
918 218
924 219
930 220
936 220
942 220
948 220
954 220
960 218
966 217
972 216
978 214
984 213
990 212
996 211
1002 211
1008 211
1014 211
1020 211
1026 212
1032 212
1038 212
1044 212
1050 212
1056 212
1062 213
1068 213
1074 214
1080 214
1086 214
1092 214
1098 214
1104 213
1110 212
1116 211
1122 210
1128 210
1134 210
1140 211
1146 213
1152 215
1158 217
1164 219
1170 219
1176 219
1182 219
1188 218
