0 246
6 247
12 248
18 249
24 250
30 251
36 252
42 253
48 255
54 256
60 258
66 262
69 268
68 274
62 278
56 279
50 277
44 275
38 275
32 280
32 286
35 292
41 298
47 301
53 303
59 303
65 303
71 301
77 297
83 293
89 287
94 281
99 275
102 269
105 263
107 257
107 251
107 245
106 239
105 233
103 227
102 221
100 215
99 209
105 204
107 210
110 216
114 222
118 228
122 234
127 240
131 246
136 252
139 258
142 264
144 270
143 276
140 282
137 288
135 294
136 300
139 306
145 312
151 315
157 316
163 317
169 316
175 314
181 311
187 306
193 300
197 294
200 288
202 282
204 276
205 270
206 264
207 258
207 252
207 246
205 240
202 234
196 228
190 226
184 227
178 230
175 236
175 242
177 248
178 254
176 260
170 262
164 258
158 252
154 246
149 240
146 234
143 228
141 222
141 216
142 210
146 204
152 199
158 196
164 193
170 191
176 189
182 188
188 187
194 187
200 187
206 187
212 187
218 188
224 189
230 191
236 193
242 196
248 200
254 205
259 211
263 217
266 223
269 229
271 235
273 241
275 247
277 253
278 259
279 265
280 271
280 277
277 283
271 286
265 281
263 275
263 269
261 263
259 257
256 251
250 246
244 250
241 256
240 262
239 268
239 274
238 280
239 286
239 292
240 298
243 304
246 310
251 316
257 321
263 324
269 326
275 327
281 327
287 326
293 325
299 322
305 319
311 314
316 308
320 302
323 296
326 290
327 284
328 278
328 272
328 266
327 260
324 254
319 248
313 245
307 245
301 248
295 244
291 238
288 232
286 226
284 220
282 214
280 208
279 202
277 196
276 190
274 184
272 178
271 172
269 166
267 160
265 154
262 148
259 142
253 138
247 138
242 132
241 126
241 120
242 114
243 108
246 102
249 96
254 90
259 84
265 80
271 76
277 73
283 71
289 70
295 70
301 70
307 71
313 73
319 76
325 80
330 86
334 92
336 98
338 104
338 110
337 116
334 122
331 128
325 134
319 135
316 129
317 123
317 117
316 111
313 105
307 99
301 97
295 97
289 98
283 101
277 107
274 113
272 119
271 125
271 131
272 137
273 143
274 149
276 155
278 161
280 167
282 173
285 179
288 185
292 191
298 197
304 200
310 202
316 203
322 204
328 204
334 204
340 203
346 203
352 202
358 200
364 198
370 196
376 193
382 189
388 184
393 178
395 172
389 166
383 167
377 169
371 163
374 157
379 151
385 145
391 140
397 137
403 134
409 133
415 132
421 132
427 134
433 136
439 139
445 143
451 149
456 155
460 161
463 167
466 173
468 179
470 185
472 191
473 197
474 203
475 209
476 215
476 221
476 227
475 233
474 239
473 245
471 251
467 257
461 261
455 255
455 249
455 243
455 237
454 231
451 225
445 221
439 221
433 223
427 228
422 234
418 240
416 246
414 252
412 258
412 264
412 270
412 276
413 282
414 288
415 294
418 300
421 306
425 312
430 318
436 324
442 329
448 332
454 335
460 338
466 339
472 341
478 342
484 342
490 342
496 342
502 341
508 340
514 338
520 335
526 332
532 329
538 324
544 318
549 312
553 306
556 300
559 294
561 288
562 282
563 276
563 270
563 264
562 258
561 252
559 246
557 240
554 234
550 228
545 222
539 216
533 215
529 221
523 223
521 217
519 211
518 205
518 199
517 193
517 187
516 181
516 175
516 169
516 163
516 157
516 151
517 145
518 139
519 133
520 127
522 121
524 115
527 109
531 103
536 97
542 91
548 87
554 84
560 82
566 80
572 80
578 80
584 80
590 82
596 84
602 87
608 91
614 97
619 103
622 109
625 115
627 121
629 127
630 133
630 139
630 145
629 151
625 157
619 158
613 153
612 147
609 141
606 135
600 130
594 128
588 128
582 131
577 137
574 143
573 149
573 155
574 161
575 167
578 173
581 179
585 185
590 191
596 197
602 202
608 207
614 210
620 214
626 217
632 219
638 221
644 223
650 225
656 226
662 227
668 228
674 229
680 230
686 230
692 230
698 229
704 228
710 227
716 226
722 226
728 227
734 231
738 237
739 243
739 249
739 255
738 261
737 267
736 273
735 279
734 285
732 291
730 297
727 303
723 309
717 315
711 317
705 318
699 316
693 310
691 304
693 298
698 292
698 286
696 280
690 274
684 272
678 272
672 274
666 278
662 284
660 290
659 296
659 302
659 308
661 314
663 320
667 326
671 332
677 337
683 341
689 344
695 346
701 348
707 348
713 348
719 348
725 346
731 344
737 341
743 336
748 330
751 324
753 318
753 312
751 306
747 300
746 294
746 288
746 282
747 276
748 270
749 264
750 258
752 252
753 246
754 240
755 234
756 228
756 222
757 216
757 210
757 204
756 198
756 192
755 186
755 180
754 174
752 168
751 162
749 156
747 150
745 144
742 138
738 132
732 129
728 135
727 141
727 147
727 153
726 159
720 164
714 164
708 158
704 152
702 146
701 140
700 134
700 128
701 122
701 116
703 110
704 104
707 98
710 92
714 86
720 80
726 74
732 71
738 68
744 66
750 64
756 64
762 64
768 64
774 65
780 67
786 70
792 74
798 80
803 86
806 92
809 98
810 104
811 110
811 116
810 122
808 128
806 134
804 140
801 146
798 152
794 158
788 163
783 157
782 151
782 145
783 139
783 133
784 127
783 121
780 115
774 110
768 109
762 112
758 118
757 124
757 130
757 136
758 142
759 148
760 154
761 160
763 166
764 172
765 178
766 184
767 190
768 196
770 202
771 208
772 214
773 220
774 226
776 232
778 238
780 244
783 250
788 256
793 262
799 267
805 270
811 273
817 275
823 276
829 276
835 276
841 274
847 272
853 269
859 266
865 262
871 257
877 251
882 245
885 239
888 233
890 227
890 221
889 215
887 209
883 203
877 197
871 194
865 192
859 193
853 196
848 202
847 208
847 214
847 220
841 226
835 226
829 222
825 216
822 210
822 204
822 198
823 192
825 186
827 180
831 174
835 168
839 162
845 156
851 151
857 147
863 144
869 142
875 142
881 142
887 145
893 149
897 155
901 161
904 167
906 173
909 179
912 185
915 191
918 197
922 203
925 209
928 215
931 221
933 227
936 233
938 239
939 245
941 251
942 257
943 263
944 269
944 275
945 281
945 287
945 293
944 299
944 305
942 311
940 317
934 319
931 313
931 307
932 301
933 295
932 289
932 283
930 277
925 271
919 271
913 274
907 280
902 286
898 292
895 298
893 304
892 310
891 316
892 322
894 328
897 334
901 340
906 346
912 350
918 354
924 357
930 359
936 361
942 362
948 362
954 362
960 361
966 360
972 359
978 356
984 353
990 349
996 344
1002 338
1005 332
1008 326
1010 320
1012 314
1012 308
1012 302
1012 296
1011 290
1009 284
1007 278
1004 272
1000 266
995 260
989 254
983 250
977 249
973 255
973 261
973 267
973 273
974 279
975 285
976 291
977 297
978 303
978 309
974 315
968 312
965 306
964 300
963 294
962 288
961 282
961 276
960 270
959 264
958 258
956 252
955 246
954 240
953 234
952 228
951 222
950 216
949 210
948 204
947 198
946 192
946 186
945 180
945 174
945 168
945 162
945 156
946 150
947 144
948 138
949 132
952 126
955 120
959 114
964 108
970 103
976 99
982 97
988 95
994 95
1000 95
1006 95
1012 97
1018 100
1024 103
1030 108
1035 114
1039 120
1041 126
1043 132
1044 138
1044 144
1042 150
1037 156
1031 155
1025 152
1019 151
1013 154
1008 160
1006 166
1005 172
1006 178
1008 184
1011 190
1016 196
1022 202
1028 206
1034 209
1040 212
1046 214
1052 216
1058 217
1064 217
1070 218
1076 218
1082 218
1088 217
1094 216
1100 216
1106 214
1112 213
1118 211
1124 209
1130 206
1136 203
1142 200
1148 195
1154 191
1160 185
1166 179
1170 173
1173 167
1174 161
1173 155
1170 149
1164 144
1158 141
1152 140
1146 141
1140 143
1134 149
1131 155
1125 159
1119 155
1117 149
1116 143
1117 137
1119 131
1124 125
1130 119
1136 117
1142 115
1148 115
1154 116
1160 117
1166 120
1172 123
1178 127
1184 132
1190 137
1196 143
0 149
4 155
8 161
11 167
13 173
14 179
15 185
15 191
14 197
12 203
6 209
0 211
1194 211
1188 208
1187 202
1191 196
1192 190
1186 188
1180 190
1174 194
1168 199
1162 204
1156 209
1150 214
1144 219
1138 224
1132 229
1126 234
1120 238
1114 243
1108 247
1102 253
1099 259
1097 265
1097 271
1097 277
1099 283
1101 289
1104 295
1109 301
1115 307
1121 312
1127 315
1133 317
1139 318
1145 318
1151 318
1157 316
1163 313
1169 307
1171 301
1172 295
1170 289
1164 284
1158 284
1152 289
1146 292
1140 291
1134 286
1133 280
1133 274
1135 268
1140 262
1146 256
1152 252
1158 249
1164 247
1170 246
1176 245
1182 245
1188 245
