0 222
6 222
12 222
18 222
24 222
30 222
36 222
42 222
48 222
54 222
60 222
66 222
72 221
78 221
84 221
90 221
96 221
102 221
108 221
114 221
120 221
126 221
132 221
138 222
144 222
150 222
156 222
162 222
168 222
174 222
180 222
186 222
192 221
198 221
204 221
210 221
216 221
222 222
228 222
234 222
240 222
246 222
252 222
258 222
264 222
270 222
276 222
282 222
288 221
294 221
300 221
306 220
312 220
318 221
324 221
330 221
336 221
342 221
348 221
354 221
360 221
366 221
372 221
378 221
384 221
390 221
396 221
402 221
408 221
414 221
420 221
426 221
432 222
438 222
444 222
450 222
456 222
462 222
468 222
474 222
480 222
486 222
492 222
498 222
504 222
510 222
516 222
522 222
528 222
534 221
540 221
546 221
552 221
558 221
564 221
570 221
576 221
582 221
588 221
594 221
600 221
606 221
612 221
618 221
624 221
630 222
636 222
642 222
648 221
654 221
660 221
666 221
672 221
678 221
684 222
690 222
696 222
702 222
708 222
714 222
720 222
726 222
732 221
738 221
744 221
750 221
756 221
762 221
768 221
774 221
780 221
786 221
792 221
798 221
804 221
810 221
816 222
822 222
828 222
834 222
840 222
846 222
852 222
858 221
864 221
870 221
876 221
882 221
888 221
894 221
900 222
906 222
912 222
918 222
924 222
930 222
936 222
942 222
948 222
954 222
960 222
966 222
972 222
978 222
984 221
990 221
996 221
1002 221
1008 221
1014 221
1020 221
1026 221
1032 221
1038 221
1044 221
1050 221
1056 221
1062 221
1068 221
1074 221
1080 221
1086 221
1092 221
1098 221
1104 221
1110 221
1116 221
1122 221
1128 221
1134 221
1140 221
1146 221
1152 222
1158 222
1164 222
1170 222
1176 222
1182 222
1188 222
