0 199
6 198
12 199
18 199
24 199
30 199
36 199
42 199
48 199
54 199
60 199
66 199
72 198
78 198
84 198
90 198
96 198
102 198
108 198
114 198
120 198
126 198
132 198
138 198
144 199
150 199
156 199
162 199
168 199
174 199
180 198
186 198
192 198
198 198
204 198
210 199
216 198
222 199
228 199
234 198
240 199
246 199
252 199
258 199
264 199
270 199
276 199
282 198
288 198
294 198
300 198
306 198
312 198
318 198
324 198
330 198
336 198
342 198
348 198
354 198
360 198
366 198
372 198
378 198
384 198
390 198
396 198
402 198
408 198
414 198
420 198
426 198
432 198
438 199
444 199
450 199
456 199
462 199
468 199
474 199
480 199
486 199
492 199
498 199
504 199
510 199
516 199
522 199
528 198
534 198
540 198
546 198
552 198
558 198
564 198
570 198
576 198
582 198
588 198
594 198
600 198
606 198
612 198
618 198
624 199
630 199
636 199
642 199
648 198
654 198
660 198
666 198
672 198
678 198
684 199
690 199
696 199
702 199
708 199
714 199
720 199
726 199
732 198
738 198
744 198
750 198
756 198
762 198
768 198
774 198
780 198
786 198
792 198
798 198
804 198
810 198
816 199
822 199
828 199
834 199
840 199
846 199
852 198
858 198
864 198
870 198
876 198
882 198
888 198
894 198
900 199
906 199
912 199
918 199
924 199
930 199
936 199
942 199
948 199
954 199
960 199
966 199
972 199
978 198
984 198
990 198
996 198
1002 198
1008 198
1014 198
1020 198
1026 198
1032 198
1038 198
1044 198
1050 198
1056 198
1062 198
1068 198
1074 198
1080 198
1086 198
1092 198
1098 198
1104 198
1110 198
1116 198
1122 198
1128 198
1134 198
1140 198
1146 198
1152 199
1158 199
1164 199
1170 199
1176 199
1182 199
1188 199
