0 205
6 205
12 205
18 205
24 205
30 206
36 206
42 206
48 206
54 206
60 206
66 205
72 205
78 204
84 204
90 203
96 203
102 203
108 203
114 203
120 204
126 204
132 205
138 205
144 206
150 206
156 206
162 206
168 206
174 206
180 205
186 205
192 205
198 204
204 204
210 204
216 205
222 205
228 205
234 205
240 205
246 206
252 206
258 206
264 206
270 206
276 205
282 205
288 204
294 204
300 203
306 203
312 203
318 203
324 204
330 204
336 204
342 205
348 205
354 205
360 205
366 204
372 204
378 204
384 204
390 204
396 204
402 204
408 204
414 204
420 204
426 205
432 205
438 205
444 205
450 206
456 206
462 206
468 206
474 206
480 206
486 206
492 206
498 206
504 206
510 206
516 205
522 205
528 205
534 205
540 205
546 205
552 205
558 204
564 204
570 204
576 204
582 204
588 204
594 204
600 204
606 204
612 204
618 205
624 205
630 205
636 205
642 205
648 205
654 204
660 204
666 204
672 204
678 205
684 205
690 206
696 206
702 207
708 207
714 206
720 206
726 206
732 205
738 204
744 204
750 204
756 203
762 203
768 203
774 204
780 204
786 204
792 204
798 204
804 205
810 205
816 205
822 205
828 206
834 206
840 206
846 205
852 205
858 205
864 204
870 204
876 204
882 204
888 204
894 205
900 205
906 206
912 206
918 206
924 206
930 206
936 207
942 207
948 206
954 206
960 206
966 206
972 205
978 205
984 205
990 204
996 204
1002 204
1008 204
1014 204
1020 204
1026 204
1032 204
1038 204
1044 204
1050 204
1056 204
1062 204
1068 204
1074 205
1080 205
1086 205
1092 205
1098 205
1104 204
1110 204
1116 204
1122 204
1128 203
1134 204
1140 204
1146 204
1152 205
1158 206
1164 206
1170 206
1176 206
1182 206
1188 206
