0 242
6 242
12 242
18 243
24 243
30 244
36 244
42 245
48 246
54 248
60 251
66 256
67 262
62 268
56 269
50 268
44 267
38 268
34 274
34 280
37 286
43 292
49 295
55 296
61 296
67 295
73 293
79 288
85 283
90 277
94 271
97 265
100 259
102 253
103 247
104 241
104 235
103 229
102 223
101 217
100 211
99 205
98 199
97 193
103 188
105 194
107 200
109 206
112 212
115 218
118 224
121 230
125 236
128 242
131 248
134 254
135 260
136 266
135 272
134 278
133 284
133 290
135 296
140 302
146 307
152 309
158 310
164 310
170 308
176 306
182 302
188 296
192 290
196 284
198 278
200 272
201 266
203 260
203 254
203 248
202 242
201 236
197 230
191 226
185 225
179 226
174 232
173 238
173 244
173 250
167 254
161 251
156 245
151 239
148 233
145 227
144 221
144 215
145 209
148 203
154 197
160 193
166 191
172 188
178 186
184 185
190 184
196 184
202 184
208 184
214 185
220 187
226 188
232 190
238 193
244 197
250 201
255 207
260 213
264 219
267 225
269 231
271 237
273 243
274 249
275 255
276 261
275 267
272 273
266 274
262 268
261 262
259 256
256 250
251 244
245 244
240 250
238 256
237 262
237 268
237 274
237 280
238 286
239 292
242 298
245 304
250 310
256 315
262 318
268 320
274 321
280 321
286 320
292 318
298 315
304 311
310 305
315 299
318 293
321 287
323 281
324 275
325 269
324 263
323 257
321 251
317 245
311 240
305 238
299 237
293 232
289 226
286 220
284 214
282 208
280 202
278 196
276 190
275 184
273 178
271 172
269 166
267 160
264 154
261 148
255 144
249 140
245 134
244 128
244 122
245 116
247 110
249 104
253 98
258 92
264 86
270 82
276 79
282 76
288 75
294 74
300 74
306 75
312 77
318 80
324 84
330 90
334 96
336 102
337 108
337 114
335 120
333 126
328 132
322 135
318 129
318 123
318 117
315 111
309 105
303 103
297 102
291 104
285 107
280 113
277 119
276 125
275 131
275 137
276 143
277 149
279 155
280 161
283 167
285 173
288 179
292 185
297 191
303 195
309 198
315 200
321 202
327 202
333 203
339 203
345 202
351 202
357 200
363 199
369 196
375 193
381 189
387 183
391 177
391 171
385 168
379 168
373 162
377 156
381 150
387 145
393 141
399 137
405 135
411 134
417 133
423 134
429 135
435 138
441 142
447 147
452 153
457 159
460 165
463 171
465 177
467 183
469 189
470 195
471 201
471 207
472 213
471 219
471 225
470 231
468 237
464 243
458 247
453 241
453 235
452 229
451 223
446 217
440 216
434 217
428 222
423 228
419 234
416 240
415 246
413 252
413 258
413 264
413 270
414 276
416 282
418 288
421 294
424 300
428 306
433 312
439 317
445 322
451 325
457 328
463 330
469 332
475 333
481 334
487 334
493 334
499 333
505 332
511 330
517 328
523 325
529 321
535 317
541 311
546 305
550 299
553 293
556 287
558 281
559 275
560 269
560 263
560 257
559 251
558 245
557 239
554 233
551 227
548 221
543 215
537 210
538 216
532 212
526 214
523 208
521 202
520 196
519 190
519 184
519 178
518 172
518 166
518 160
519 154
519 148
520 142
521 136
523 130
525 124
527 118
530 112
535 106
540 100
546 95
552 91
558 89
564 87
570 86
576 85
582 86
588 87
594 88
600 91
606 95
612 100
617 106
621 112
624 118
626 124
628 130
629 136
629 142
627 148
625 154
619 156
613 150
610 144
607 138
601 133
595 132
589 133
583 138
579 144
578 150
577 156
578 162
579 168
582 174
585 180
589 186
594 192
599 198
605 203
611 207
617 211
623 214
629 216
635 218
641 220
647 221
653 222
659 223
665 224
671 224
677 224
683 224
689 223
695 222
701 221
707 220
713 221
719 221
725 223
731 227
735 233
736 239
737 245
737 251
737 257
736 263
735 269
733 275
732 281
729 287
727 293
723 299
717 304
711 307
705 307
699 304
696 298
696 292
699 286
700 280
698 274
692 269
686 267
680 267
674 268
668 273
664 279
662 285
661 291
661 297
662 303
663 309
666 315
669 321
674 327
680 333
686 337
692 339
698 341
704 342
710 342
716 342
722 341
728 339
734 336
740 332
746 326
750 320
752 314
754 308
754 302
753 296
751 290
750 284
749 278
749 272
750 266
751 260
751 254
752 248
753 242
754 236
754 230
755 224
755 218
755 212
755 206
755 200
755 194
754 188
753 182
752 176
751 170
749 164
748 158
745 152
743 146
738 140
732 142
730 148
729 154
727 160
721 164
715 162
709 156
706 150
704 144
703 138
703 132
703 126
704 120
705 114
707 108
709 102
713 96
717 90
723 84
729 79
735 75
741 73
747 71
753 70
759 69
765 70
771 70
777 72
783 75
789 78
795 83
800 89
804 95
807 101
809 107
810 113
810 119
809 125
808 131
807 137
804 143
802 149
798 155
794 161
788 163
785 157
785 151
785 145
785 139
785 133
784 127
779 121
773 118
767 120
762 126
760 132
760 138
760 144
761 150
762 156
763 162
764 168
765 174
766 180
767 186
768 192
769 198
770 204
772 210
773 216
775 222
777 228
779 234
782 240
785 246
790 252
796 258
802 263
808 266
814 269
820 270
826 271
832 270
838 269
844 267
850 265
856 261
862 257
868 251
874 245
879 239
882 233
884 227
886 221
886 215
885 209
882 203
878 197
872 192
866 191
860 191
854 195
850 201
848 207
847 213
841 219
835 218
829 212
827 206
827 200
827 194
828 188
830 182
833 176
836 170
840 164
845 158
851 152
857 147
863 144
869 142
875 140
881 141
887 142
893 146
899 152
903 158
906 164
909 170
911 176
914 182
917 188
920 194
922 200
925 206
928 212
930 218
932 224
934 230
936 236
937 242
938 248
939 254
940 260
940 266
940 272
940 278
940 284
940 290
938 296
932 291
931 285
930 279
929 273
927 267
921 261
915 262
909 267
904 273
900 279
897 285
895 291
893 297
892 303
892 309
893 315
895 321
897 327
901 333
906 339
912 344
918 348
924 350
930 352
936 354
942 355
948 355
954 355
960 354
966 353
972 351
978 349
984 346
990 341
996 335
1001 329
1004 323
1007 317
1008 311
1009 305
1010 299
1010 293
1009 287
1008 281
1007 275
1004 269
1001 263
998 257
993 251
987 246
981 242
975 243
972 249
971 255
971 261
972 267
972 273
973 279
974 285
974 291
968 297
964 291
963 285
961 279
960 273
959 267
958 261
957 255
956 249
955 243
954 237
953 231
952 225
951 219
950 213
949 207
948 201
948 195
947 189
947 183
947 177
947 171
947 165
947 159
948 153
949 147
950 141
952 135
954 129
957 123
961 117
967 111
973 107
979 104
985 102
991 100
997 100
1003 101
1009 102
1015 104
1021 107
1027 112
1032 118
1036 124
1038 130
1040 136
1040 142
1040 148
1035 154
1029 155
1023 155
1017 158
1012 164
1011 170
1011 176
1013 182
1015 188
1020 194
1026 200
1032 205
1038 208
1044 211
1050 213
1056 215
1062 216
1068 216
1074 216
1080 216
1086 215
1092 214
1098 213
1104 212
1110 210
1116 208
1122 205
1128 202
1134 199
1140 195
1146 190
1152 185
1158 179
1162 173
1165 167
1167 161
1166 155
1163 149
1157 143
1151 141
1145 141
1139 142
1133 147
1128 153
1122 155
1117 149
1117 143
1117 137
1119 131
1123 125
1129 120
1135 117
1141 115
1147 115
1153 115
1159 117
1165 119
1171 123
1177 127
1183 132
1189 138
1194 144
1198 150
1 156
4 162
6 168
7 174
8 180
8 186
7 192
5 198
1199 203
1193 205
1187 206
1181 201
1183 195
1184 189
1178 187
1172 191
1166 195
1160 200
1154 206
1148 211
1142 216
1136 222
1130 227
1124 232
1118 237
1112 242
1107 248
1104 254
1102 260
1101 266
1102 272
1103 278
1105 284
1109 290
1113 296
1119 302
1125 307
1131 310
1137 312
1143 313
1149 313
1155 312
1161 309
1167 305
1171 299
1173 293
1173 287
1170 281
1164 278
1158 280
1152 283
1146 284
1140 278
1139 272
1140 266
1143 260
1149 254
1155 250
1161 247
1167 245
1173 243
1179 242
1185 242
1191 242
