0 217
8 217
16 217
24 217
32 217
40 216
48 216
56 215
64 214
72 213
80 213
88 212
96 212
104 212
112 212
120 213
128 214
136 216
144 217
152 218
160 218
168 218
176 217
184 216
192 214
200 212
208 211
216 211
224 211
232 212
240 213
248 215
256 216
264 217
272 218
280 218
288 218
296 217
304 216
312 215
320 215
328 214
336 213
344 213
352 212
360 212
368 212
376 213
384 213
392 214
400 216
408 217
416 218
424 219
432 219
440 219
448 218
456 217
464 215
472 214
480 214
488 213
496 213
504 214
512 214
520 214
528 214
536 214
544 214
552 213
560 213
568 213
576 214
584 214
592 215
600 216
608 217
616 217
624 218
632 217
640 217
648 216
656 215
664 215
672 214
680 214
688 213
696 213
704 214
712 214
720 214
728 214
736 215
744 215
752 215
760 215
768 215
776 215
784 215
792 214
800 213
808 213
816 212
824 212
832 213
840 214
848 215
856 216
864 217
872 218
880 217
888 217
896 215
904 214
912 212
920 211
928 211
936 212
944 213
952 215
960 217
968 218
976 219
984 219
992 218
1000 216
1008 215
1016 213
1024 211
1032 211
1040 211
1048 211
1056 213
1064 215
1072 216
1080 218
1088 219
1096 219
1104 219
1112 218
1120 216
1128 215
1136 213
1144 212
1152 212
1160 212
1168 213
1176 214
1184 215
