0 228
8 234
16 237
24 238
32 236
40 233
48 225
53 217
56 209
58 201
60 193
62 185
65 177
71 169
79 163
87 160
95 160
103 160
111 163
119 170
125 178
128 186
129 194
129 202
129 210
130 218
133 226
139 234
147 240
155 243
163 243
171 241
179 235
186 227
189 219
190 211
190 203
189 195
189 187
191 179
194 171
201 163
209 159
217 157
225 157
233 159
241 165
247 173
250 181
251 189
251 197
251 205
251 213
253 221
257 229
265 237
273 241
281 243
289 242
297 239
305 234
312 226
315 218
318 210
319 202
321 194
323 186
327 178
335 170
343 164
351 162
359 161
367 161
375 164
383 169
390 177
394 185
395 193
396 201
396 209
397 217
399 225
404 233
412 241
420 245
428 246
436 246
444 243
452 238
458 230
461 222
463 214
465 206
468 198
474 190
482 184
490 181
498 180
506 179
514 180
522 180
530 180
538 180
546 179
554 179
562 180
570 182
578 188
585 196
589 204
592 212
596 220
603 228
611 234
619 236
627 236
635 234
643 229
650 221
655 213
658 205
662 197
667 189
675 182
683 179
691 177
699 178
707 181
715 186
723 194
730 202
738 210
746 214
754 216
762 216
770 213
778 206
784 198
788 190
794 182
802 175
810 172
818 171
826 173
834 178
839 186
842 194
844 202
845 210
848 218
855 226
863 231
871 232
879 231
887 226
893 218
897 210
898 202
899 194
901 186
904 178
912 170
920 166
928 166
936 168
944 173
949 181
952 189
953 197
953 205
952 213
953 221
956 229
962 237
970 242
978 244
986 243
994 240
1002 232
1007 224
1009 216
1009 208
1008 200
1007 192
1007 184
1009 176
1013 168
1021 161
1029 157
1037 156
1045 157
1053 161
1061 168
1065 176
1067 184
1067 192
1066 200
1065 208
1065 216
1067 224
1071 232
1078 240
1086 244
1094 246
1102 245
1110 242
1118 235
1123 227
1125 219
1126 211
1125 203
1126 195
1127 187
1130 179
1137 171
1145 166
1153 164
1161 165
1169 167
1177 172
1183 180
1186 188
1188 196
1189 204
1191 212
