0 205
8 205
16 205
24 205
32 205
40 205
48 205
56 205
64 205
72 205
80 205
88 205
96 205
104 205
112 205
120 205
128 205
136 205
144 205
152 206
160 206
168 206
176 206
184 205
192 205
200 205
208 205
216 205
224 205
232 205
240 205
248 205
256 205
264 206
272 206
280 206
288 205
296 205
304 205
312 205
320 205
328 205
336 205
344 205
352 205
360 205
368 205
376 205
384 205
392 205
400 205
408 205
416 206
424 206
432 206
440 206
448 206
456 205
464 205
472 205
480 205
488 205
496 205
504 205
512 205
520 205
528 205
536 205
544 205
552 205
560 205
568 205
576 205
584 205
592 205
600 205
608 206
616 206
624 206
632 205
640 205
648 205
656 205
664 205
672 205
680 205
688 205
696 205
704 205
712 205
720 205
728 205
736 205
744 205
752 205
760 205
768 205
776 205
784 205
792 205
800 205
808 205
816 205
824 205
832 205
840 205
848 205
856 205
864 205
872 206
880 206
888 206
896 205
904 205
912 205
920 205
928 205
936 205
944 205
952 205
960 206
968 206
976 206
984 206
992 206
1000 205
1008 205
1016 205
1024 205
1032 205
1040 205
1048 205
1056 205
1064 205
1072 205
1080 206
1088 206
1096 206
1104 206
1112 206
1120 205
1128 205
1136 205
1144 205
1152 205
1160 205
1168 205
1176 205
1184 205
