0 200
8 200
16 200
24 200
32 200
40 200
48 200
56 199
64 199
72 199
80 198
88 198
96 198
104 198
112 198
120 198
128 199
136 200
144 200
152 201
160 201
168 201
176 201
184 200
192 199
200 198
208 198
216 197
224 197
232 198
240 199
248 199
256 200
264 201
272 201
280 201
288 201
296 200
304 200
312 200
320 199
328 199
336 199
344 199
352 198
360 198
368 198
376 198
384 199
392 199
400 200
408 200
416 201
424 201
432 201
440 201
448 201
456 200
464 200
472 199
480 199
488 199
496 199
504 199
512 199
520 199
528 199
536 199
544 199
552 199
560 198
568 199
576 199
584 199
592 200
600 200
608 200
616 201
624 201
632 201
640 200
648 200
656 200
664 199
672 199
680 199
688 199
696 199
704 199
712 199
720 199
728 199
736 199
744 199
752 199
760 200
768 200
776 199
784 199
792 199
800 199
808 198
816 198
824 198
832 198
840 199
848 199
856 200
864 200
872 201
880 201
888 200
896 200
904 199
912 198
920 198
928 198
936 198
944 199
952 200
960 200
968 201
976 201
984 201
992 201
1000 200
1008 199
1016 198
1024 198
1032 197
1040 197
1048 198
1056 198
1064 199
1072 200
1080 201
1088 201
1096 201
1104 201
1112 201
1120 200
1128 199
1136 199
1144 198
1152 198
1160 198
1168 198
1176 199
1184 199
