0 203
8 203
16 203
24 203
32 203
40 203
48 202
56 202
64 202
72 202
80 202
88 201
96 201
104 201
112 201
120 201
128 202
136 202
144 203
152 203
160 204
168 203
176 203
184 203
192 202
200 201
208 201
216 201
224 201
232 201
240 202
248 202
256 203
264 203
272 203
280 203
288 203
296 203
304 203
312 202
320 202
328 202
336 202
344 202
352 202
360 201
368 201
376 201
384 202
392 202
400 202
408 203
416 203
424 204
432 204
440 204
448 203
456 203
464 202
472 202
480 202
488 202
496 202
504 202
512 202
520 202
528 202
536 202
544 202
552 202
560 202
568 202
576 202
584 202
592 202
600 203
608 203
616 203
624 203
632 203
640 203
648 203
656 202
664 202
672 202
680 202
688 202
696 202
704 202
712 202
720 202
728 202
736 202
744 202
752 202
760 202
768 202
776 202
784 202
792 202
800 202
808 201
816 201
824 201
832 201
840 202
848 202
856 203
864 203
872 203
880 203
888 203
896 202
904 202
912 201
920 201
928 201
936 201
944 202
952 202
960 203
968 204
976 204
984 204
992 203
1000 203
1008 202
1016 201
1024 201
1032 201
1040 201
1048 201
1056 202
1064 202
1072 203
1080 203
1088 204
1096 204
1104 204
1112 203
1120 203
1128 202
1136 202
1144 201
1152 201
1160 201
1168 202
1176 202
1184 202
