0 208
8 209
16 210
24 210
32 209
40 208
48 207
56 205
64 204
72 202
80 201
88 200
96 199
104 199
112 200
120 202
128 204
136 207
144 209
152 211
160 212
168 211
176 210
184 207
192 204
200 201
208 199
216 198
224 198
232 199
240 202
248 204
256 207
264 209
272 211
280 211
288 211
296 210
304 208
312 207
320 205
328 203
336 202
344 201
352 200
360 200
368 200
376 201
384 202
392 204
400 206
408 209
416 211
424 212
432 212
440 212
448 210
456 208
464 206
472 204
480 203
488 202
496 202
504 203
512 203
520 203
528 203
536 203
544 203
552 202
560 202
568 202
576 203
584 204
592 206
600 208
608 209
616 210
624 210
632 210
640 209
648 207
656 206
664 205
672 204
680 203
688 202
696 202
704 203
712 203
720 204
728 205
736 205
744 206
752 206
760 207
768 206
776 206
784 205
792 203
800 202
808 201
816 201
824 201
832 202
840 203
848 206
856 208
864 209
872 210
880 210
888 208
896 206
904 203
912 201
920 199
928 199
936 200
944 203
952 206
960 209
968 211
976 213
984 212
992 211
1000 208
1008 205
1016 201
1024 199
1032 198
1040 198
1048 199
1056 201
1064 204
1072 208
1080 210
1088 212
1096 213
1104 212
1112 210
1120 208
1128 205
1136 202
1144 201
1152 200
1160 200
1168 201
1176 202
1184 204
