0 212
8 212
16 212
24 212
32 212
40 212
48 212
56 212
64 212
72 212
80 212
88 212
96 212
104 212
112 212
120 212
128 212
136 212
144 212
152 212
160 212
168 212
176 212
184 212
192 212
200 212
208 212
216 212
224 212
232 212
240 212
248 212
256 212
264 212
272 212
280 212
288 212
296 212
304 212
312 212
320 212
328 212
336 212
344 212
352 212
360 212
368 212
376 212
384 212
392 212
400 212
408 212
416 212
424 212
432 212
440 212
448 212
456 212
464 212
472 212
480 212
488 212
496 212
504 212
512 212
520 212
528 212
536 212
544 212
552 212
560 212
568 212
576 212
584 212
592 212
600 212
608 212
616 212
624 212
632 212
640 212
648 212
656 212
664 212
672 212
680 212
688 212
696 212
704 212
712 212
720 212
728 212
736 212
744 212
752 212
760 212
768 212
776 212
784 212
792 212
800 212
808 212
816 212
824 212
832 212
840 212
848 212
856 212
864 212
872 212
880 212
888 212
896 212
904 212
912 212
920 212
928 212
936 212
944 212
952 212
960 212
968 212
976 212
984 212
992 212
1000 212
1008 212
1016 212
1024 212
1032 212
1040 212
1048 212
1056 212
1064 212
1072 212
1080 212
1088 212
1096 212
1104 212
1112 212
1120 212
1128 212
1136 212
1144 212
1152 212
1160 212
1168 212
1176 212
1184 212
