0 284
6 281
12 277
18 272
22 266
26 260
29 254
31 248
33 242
35 236
36 230
38 224
39 218
40 212
40 206
41 200
41 194
40 188
39 182
35 176
29 174
23 176
17 182
11 185
5 184
1199 178
1195 172
1193 166
1192 160
1192 154
1193 148
1194 142
1197 136
0 130
4 124
10 119
16 114
22 111
28 108
34 107
40 106
46 106
52 106
58 107
64 109
70 112
76 116
82 121
87 127
90 133
92 139
94 145
95 151
95 157
95 163
94 169
93 175
92 181
91 187
88 193
82 196
76 191
70 186
65 192
64 198
64 204
64 210
64 216
64 222
65 228
66 234
67 240
68 246
69 252
71 258
73 264
76 270
80 276
86 282
92 286
98 288
104 290
110 290
116 290
122 288
128 285
134 281
139 275
143 269
145 263
147 257
148 251
149 245
149 239
148 233
147 227
142 221
136 220
130 222
124 222
118 218
116 212
116 206
117 200
119 194
121 188
124 182
127 176
131 170
135 164
140 158
145 152
151 147
157 143
163 140
169 138
175 137
181 137
187 138
193 140
199 142
205 146
211 152
216 158
219 164
220 170
221 176
221 182
220 188
218 194
213 200
207 203
201 202
195 202
189 205
186 211
185 217
185 223
185 229
187 235
189 241
191 247
194 253
198 259
203 265
209 270
215 274
221 277
227 278
233 278
239 278
245 276
251 273
257 269
262 263
265 257
267 251
267 245
265 239
263 233
261 227
262 221
264 215
268 209
273 203
279 198
285 195
291 192
297 191
303 190
309 190
315 190
321 191
327 192
333 194
339 197
345 200
351 204
357 210
360 216
360 222
358 228
352 234
346 237
340 240
334 246
332 252
332 258
334 264
338 270
344 275
350 277
356 278
362 278
368 277
374 275
380 271
386 267
392 261
397 255
401 249
406 243
409 237
413 231
416 225
419 219
422 213
425 207
427 201
429 195
431 189
432 183
434 177
435 171
435 165
436 159
435 153
434 147
431 141
425 136
419 134
413 135
407 140
404 146
401 152
399 158
396 164
390 169
384 169
378 166
372 162
366 156
362 150
359 144
357 138
356 132
356 126
357 120
358 114
361 108
364 102
368 96
374 90
380 85
386 82
392 79
398 77
404 75
410 74
416 73
422 73
428 74
434 74
440 76
446 78
452 81
458 84
464 88
470 94
475 100
479 106
482 112
484 118
486 124
487 130
488 136
488 142
488 148
487 154
487 160
486 166
485 172
484 178
483 184
481 190
480 196
479 202
478 208
477 214
475 220
469 218
467 212
467 206
466 200
466 194
465 188
465 182
464 176
462 170
456 171
455 177
455 183
454 189
453 195
452 201
451 207
449 213
448 219
447 225
446 231
445 237
443 243
443 249
442 255
441 261
441 267
441 273
441 279
442 285
443 291
445 297
448 303
452 309
457 315
463 320
469 323
475 326
481 328
487 329
493 330
499 330
505 330
511 329
517 327
523 324
529 321
535 317
541 311
545 305
548 299
551 293
553 287
554 281
555 275
555 269
555 263
555 257
554 251
553 245
551 239
548 233
544 227
538 225
532 230
528 236
526 242
522 248
516 253
510 253
504 247
502 241
501 235
502 229
502 223
504 217
505 211
507 205
510 199
512 193
515 187
518 181
522 175
525 169
529 163
533 157
538 151
543 145
548 139
554 133
560 129
566 125
572 122
578 120
584 119
590 118
596 118
602 119
608 120
614 122
620 126
626 131
631 137
635 143
637 149
639 155
639 161
640 167
639 173
639 179
638 185
636 191
634 197
632 203
630 209
626 215
620 218
614 215
610 209
605 203
599 200
593 203
589 209
588 215
588 221
589 227
590 233
592 239
594 245
596 251
599 257
602 263
606 269
610 275
615 281
620 287
626 293
632 297
638 301
644 304
650 306
656 307
662 307
668 307
674 306
680 305
686 302
692 298
698 293
702 287
705 281
707 275
707 269
707 263
705 257
701 251
695 247
689 247
683 248
677 250
671 252
665 251
659 247
656 241
655 235
655 229
657 223
659 217
661 211
665 205
668 199
672 193
677 187
682 181
688 176
694 171
700 168
706 166
712 165
718 166
724 168
730 171
734 177
736 183
737 189
738 195
739 201
743 207
749 213
755 216
761 219
767 220
773 220
779 220
785 218
791 216
797 212
803 206
807 200
809 194
810 188
809 182
807 176
806 170
806 164
809 158
813 152
819 147
825 144
831 142
837 141
843 141
849 142
855 144
861 147
867 150
873 155
878 161
883 167
887 173
890 179
892 185
894 191
895 197
896 203
896 209
896 215
894 221
890 227
884 230
878 231
872 233
867 239
864 245
863 251
863 257
864 263
866 269
868 275
872 281
877 287
883 293
889 297
895 301
901 303
907 305
913 306
919 307
925 307
931 306
937 305
943 304
949 302
955 299
961 295
967 290
973 284
977 278
980 272
983 266
985 260
987 254
988 248
988 242
988 236
988 230
987 224
985 218
983 212
977 206
971 206
965 209
959 207
954 201
952 195
951 189
950 183
950 177
950 171
951 165
952 159
954 153
956 147
959 141
963 135
968 129
974 123
980 118
986 115
992 112
998 110
1004 109
1010 108
1016 108
1022 108
1028 109
1034 111
1040 113
1046 116
1052 120
1058 126
1063 132
1067 138
1069 144
1070 150
1071 156
1070 162
1067 168
1061 174
1055 174
1049 174
1043 173
1037 177
1033 183
1032 189
1032 195
1033 201
1035 207
1037 213
1040 219
1044 225
1049 231
1055 236
1061 239
1067 242
1073 243
1079 242
1085 241
1091 238
1097 234
1103 230
1109 226
1115 222
1121 219
1127 218
1133 217
1139 217
1145 218
1151 220
1157 222
1163 226
1168 232
1170 238
1170 244
1169 250
1166 256
1164 262
1164 268
1166 274
1171 280
1177 283
1183 285
1189 286
