0 206
6 205
12 205
18 204
24 204
30 203
36 203
42 203
48 203
54 203
60 203
66 203
72 204
78 204
84 205
90 205
96 206
102 206
108 206
114 206
120 206
126 206
132 205
138 205
144 204
150 204
156 204
162 204
168 204
174 204
180 204
186 204
192 204
198 205
204 205
210 205
216 205
222 206
228 206
234 206
240 206
246 206
252 206
258 205
264 205
270 205
276 205
282 205
288 205
294 205
300 205
306 205
312 205
318 205
324 205
330 205
336 206
342 206
348 206
354 206
360 206
366 205
372 205
378 204
384 204
390 203
396 202
402 202
408 201
414 201
420 201
426 201
432 201
438 202
444 202
450 203
456 204
462 205
468 205
474 206
480 206
486 207
492 207
498 207
504 207
510 207
516 207
522 206
528 206
534 206
540 205
546 205
552 205
558 204
564 204
570 204
576 204
582 203
588 203
594 203
600 203
606 203
612 204
618 204
624 204
630 205
636 205
642 206
648 206
654 206
660 207
666 207
672 206
678 206
684 206
690 205
696 205
702 205
708 204
714 204
720 204
726 204
732 204
738 204
744 204
750 205
756 205
762 205
768 205
774 205
780 205
786 205
792 204
798 204
804 204
810 204
816 204
822 204
828 204
834 204
840 204
846 204
852 204
858 205
864 205
870 205
876 205
882 205
888 206
894 206
900 206
906 206
912 206
918 206
924 206
930 206
936 206
942 206
948 206
954 205
960 205
966 205
972 205
978 205
984 204
990 204
996 204
1002 203
1008 203
1014 203
1020 203
1026 203
1032 203
1038 203
1044 204
1050 204
1056 204
1062 205
1068 205
1074 205
1080 205
1086 205
1092 205
1098 205
1104 205
1110 205
1116 205
1122 205
1128 205
1134 205
1140 205
1146 205
1152 205
1158 205
1164 205
1170 205
1176 206
1182 206
1188 206
