0 266
6 263
12 259
17 253
21 247
24 241
26 235
28 229
29 223
30 217
30 211
29 205
27 199
21 193
15 190
9 186
5 180
3 174
2 168
3 162
4 156
7 150
10 144
15 138
21 133
27 130
33 128
39 126
45 125
51 126
57 127
63 129
69 132
75 136
81 142
85 148
88 154
90 160
91 166
91 172
91 178
90 184
88 190
83 196
77 200
71 206
69 212
68 218
68 224
69 230
70 236
71 242
73 248
76 254
80 260
86 266
92 270
98 273
104 274
110 274
116 274
122 272
128 269
134 264
138 258
141 252
143 246
144 240
144 234
143 228
140 222
135 216
132 210
131 204
131 198
132 192
134 186
136 180
139 174
144 168
149 162
155 158
161 154
167 152
173 151
179 151
185 152
191 155
197 158
203 163
207 169
210 175
211 181
212 187
211 193
209 199
205 205
201 211
198 217
198 223
198 229
199 235
202 241
205 247
210 253
216 258
222 261
228 262
234 263
240 262
246 260
252 257
258 251
262 245
264 239
265 233
266 227
267 221
268 215
272 209
277 203
283 198
289 196
295 194
301 194
307 195
313 197
319 199
325 203
331 209
335 215
337 221
337 227
336 233
334 239
334 245
334 251
337 257
342 263
348 266
354 268
360 268
366 267
372 265
378 262
384 258
390 252
394 246
398 240
402 234
405 228
407 222
410 216
412 210
414 204
415 198
416 192
417 186
416 180
415 174
411 168
405 165
399 166
393 169
387 173
381 173
375 170
370 164
368 158
366 152
365 146
365 140
366 134
368 128
371 122
375 116
380 110
386 105
392 101
398 99
404 96
410 95
416 94
422 94
428 94
434 95
440 97
446 99
452 102
458 106
464 112
470 118
474 124
477 130
479 136
481 142
483 148
483 154
484 160
484 166
484 172
483 178
482 184
481 190
479 196
475 202
469 205
463 200
459 194
453 192
448 198
446 204
445 210
444 216
443 222
443 228
442 234
442 240
442 246
443 252
444 258
445 264
446 270
449 276
452 282
456 288
461 294
467 299
473 303
479 305
485 307
491 308
497 309
503 309
509 308
515 306
521 304
527 300
533 296
539 290
543 284
546 278
548 272
550 266
551 260
551 254
550 248
549 242
546 236
540 232
534 232
528 232
522 226
520 220
520 214
520 208
521 202
523 196
525 190
528 184
531 178
534 172
538 166
542 160
547 154
553 148
559 143
565 139
571 136
577 134
583 133
589 132
595 133
601 134
607 136
613 139
619 143
625 149
629 155
632 161
634 167
635 173
635 179
635 185
635 191
633 197
630 203
624 208
618 210
612 213
608 219
607 225
606 231
607 237
608 243
610 249
613 255
616 261
620 267
625 273
631 278
637 282
643 285
649 287
655 288
661 289
667 288
673 287
679 285
685 282
691 276
695 270
698 264
699 258
699 252
697 246
691 240
685 235
680 229
678 223
677 217
678 211
680 205
682 199
685 193
689 187
695 181
701 177
707 174
713 172
719 172
725 173
731 176
737 181
741 187
745 193
748 199
752 205
758 211
764 214
770 216
776 216
782 215
788 213
794 208
799 202
801 196
803 190
805 184
807 178
810 172
814 166
820 162
826 159
832 157
838 157
844 158
850 159
856 162
862 166
868 172
873 178
876 184
878 190
880 196
880 202
880 208
879 214
877 220
874 226
873 232
872 238
872 244
874 250
876 256
880 262
885 268
891 273
897 277
903 279
909 281
915 283
921 283
927 283
933 282
939 281
945 279
951 276
957 273
963 268
968 262
972 256
975 250
977 244
979 238
980 232
980 226
979 220
976 214
973 208
968 202
965 196
963 190
962 184
962 178
963 172
965 166
967 160
971 154
975 148
981 142
987 138
993 135
999 132
1005 131
1011 130
1017 130
1023 130
1029 132
1035 134
1041 137
1047 141
1052 147
1056 153
1059 159
1060 165
1060 171
1058 177
1054 183
1050 189
1048 195
1047 201
1047 207
1049 213
1051 219
1055 225
1061 231
1067 235
1073 237
1079 238
1085 237
1091 235
1097 233
1103 228
1109 224
1115 220
1121 217
1127 215
1133 215
1139 216
1145 218
1151 222
1156 228
1159 234
1161 240
1162 246
1164 252
1167 258
1173 264
1179 267
1185 268
1191 268
