0 214
6 213
12 211
18 209
24 207
30 205
36 204
42 203
48 202
54 203
60 203
66 205
72 207
78 209
84 211
90 213
96 215
102 216
108 217
114 217
120 216
126 215
132 214
138 212
144 210
150 209
156 208
162 207
168 206
174 206
180 207
186 207
192 208
198 210
204 211
210 212
216 213
222 214
228 215
234 215
240 215
246 215
252 215
258 214
264 213
270 212
276 211
282 211
288 210
294 210
300 210
306 211
312 212
318 213
324 214
330 215
336 216
342 217
348 217
354 217
360 216
366 215
372 213
378 210
384 207
390 204
396 201
402 199
408 197
414 196
420 195
426 196
432 197
438 198
444 201
450 204
456 207
462 211
468 214
474 217
480 219
486 221
492 222
498 223
504 222
510 222
516 221
522 219
528 218
534 216
540 214
546 212
552 210
558 209
564 207
570 206
576 205
582 204
588 204
594 204
600 204
606 205
612 206
618 208
624 210
630 212
636 214
642 216
648 217
654 218
660 219
666 219
672 218
678 217
684 215
690 214
696 212
702 211
708 209
714 208
720 208
726 208
732 208
738 208
744 209
750 210
756 210
762 211
768 211
774 211
780 211
786 211
792 210
798 209
804 209
810 208
816 207
822 207
828 207
834 207
840 208
846 208
852 209
858 210
864 211
870 212
876 213
882 214
888 214
894 215
900 215
906 216
912 216
918 216
924 216
930 216
936 216
942 215
948 215
954 214
960 213
966 212
972 211
978 210
984 209
990 207
996 206
1002 205
1008 205
1014 204
1020 204
1026 204
1032 205
1038 206
1044 207
1050 208
1056 209
1062 210
1068 211
1074 212
1080 213
1086 213
1092 213
1098 213
1104 212
1110 212
1116 212
1122 211
1128 211
1134 211
1140 211
1146 212
1152 212
1158 213
1164 214
1170 215
1176 215
1182 216
1188 216
