0 207
6 204
12 201
18 196
24 192
30 188
36 185
42 183
48 183
54 183
60 185
66 187
72 191
78 196
84 201
90 206
96 209
102 211
108 212
114 212
120 211
126 209
132 206
138 203
144 199
150 196
156 193
162 191
168 190
174 190
180 191
186 192
192 194
198 197
204 200
210 202
216 205
222 207
228 208
234 209
240 209
246 208
252 207
258 206
264 204
270 202
276 200
282 199
288 198
294 198
300 199
306 200
312 202
318 204
324 206
330 209
336 211
342 212
348 213
354 213
360 211
366 209
372 205
378 200
383 194
388 188
393 182
399 177
405 173
411 171
417 170
423 170
429 171
435 172
441 175
447 180
453 186
457 192
460 198
464 204
469 210
475 216
481 220
487 222
493 224
499 224
505 224
511 223
517 221
523 218
529 214
535 210
541 206
547 201
553 197
559 193
565 190
571 187
577 186
583 185
589 184
595 184
601 185
607 187
613 190
619 194
625 198
631 203
637 207
643 211
649 214
655 215
661 216
667 215
673 214
679 212
685 209
691 206
697 202
703 199
709 196
715 194
721 193
727 193
733 194
739 195
745 196
751 197
757 199
763 200
769 200
775 201
781 200
787 199
793 198
799 197
805 195
811 194
817 193
823 192
829 192
835 192
841 193
847 194
853 196
859 198
865 200
871 202
877 204
883 206
889 207
895 208
901 209
907 210
913 211
919 211
925 211
931 211
937 210
943 209
949 208
955 207
961 205
967 203
973 200
979 197
985 194
991 192
997 190
1003 188
1009 187
1015 186
1021 186
1027 187
1033 188
1039 190
1045 192
1051 195
1057 197
1063 200
1069 201
1075 203
1081 204
1087 204
1093 204
1099 204
1105 203
1111 202
1117 201
1123 201
1129 200
1135 200
1141 201
1147 202
1153 204
1159 205
1165 207
1171 209
1177 210
1183 210
1189 210
