0 300
3 299
6 297
9 295
12 293
15 291
18 288
20 285
22 282
24 279
26 276
28 273
30 270
31 267
32 264
34 261
35 258
36 255
37 252
38 249
39 246
40 243
41 240
42 237
43 234
43 231
44 228
45 225
45 222
46 219
46 216
47 213
47 210
48 207
48 204
48 201
48 198
49 195
49 192
49 189
49 186
49 183
49 180
48 177
48 174
48 171
48 168
47 165
47 162
46 159
46 156
45 153
45 150
44 147
44 144
43 141
43 138
42 135
42 132
41 129
40 126
37 123
34 123
31 123
28 125
26 128
24 131
23 134
22 137
21 140
21 143
20 146
20 149
19 152
19 155
18 158
18 161
17 164
16 167
15 170
12 172
9 173
6 173
3 172
0 171
1197 170
1194 167
1191 165
1189 162
1187 159
1185 156
1184 153
1182 150
1181 147
1181 144
1180 141
1180 138
1180 135
1180 132
1180 129
1181 126
1181 123
1182 120
1183 117
1184 114
1185 111
1186 108
1188 105
1189 102
1191 99
1193 96
1196 93
1198 90
1 87
4 85
7 83
10 80
13 79
16 77
19 76
22 74
25 73
28 73
31 72
34 71
37 71
40 71
43 71
46 71
49 71
52 71
55 72
58 72
61 73
64 74
67 75
70 77
73 78
76 80
79 83
82 85
85 88
87 91
89 94
91 97
92 100
93 103
94 106
95 109
95 112
95 115
95 118
95 121
95 124
94 127
94 130
93 133
92 136
91 139
90 142
89 145
88 148
86 151
85 154
84 157
83 160
82 163
81 166
80 169
80 172
80 175
80 178
80 181
79 184
76 184
74 181
73 178
72 175
72 172
71 169
70 166
70 163
69 160
69 157
68 154
67 151
67 148
66 145
65 142
64 139
63 136
60 133
57 133
56 136
56 139
57 142
58 145
58 148
59 151
60 154
60 157
61 160
61 163
62 166
62 169
63 172
63 175
64 178
64 181
64 184
65 187
65 190
65 193
66 196
66 199
66 202
67 205
67 208
68 211
68 214
69 217
69 220
70 223
70 226
71 229
71 232
71 235
72 238
72 241
72 244
73 247
73 250
73 253
73 256
73 259
74 262
74 265
74 268
75 271
76 274
76 277
77 280
79 283
80 286
82 289
84 292
87 295
90 297
93 299
96 301
99 302
102 303
105 304
108 304
111 304
114 304
117 304
120 303
123 302
126 301
129 299
132 297
135 294
138 291
141 288
142 285
144 282
145 279
146 276
147 273
148 270
149 267
149 264
150 261
150 258
150 255
150 252
150 249
150 246
150 243
150 240
150 237
149 234
149 231
148 228
148 225
147 222
147 219
146 216
146 213
145 210
145 207
144 204
143 201
142 198
141 195
138 192
135 193
132 196
130 199
128 202
127 205
126 208
125 211
124 214
123 217
122 220
120 223
118 226
115 229
112 229
109 228
106 225
104 222
103 219
102 216
101 213
101 210
100 207
100 204
101 201
101 198
101 195
102 192
103 189
104 186
105 183
106 180
107 177
108 174
110 171
112 168
114 165
116 162
118 159
120 156
122 153
125 150
127 147
130 144
133 141
136 138
139 135
142 132
145 129
148 127
151 124
154 122
157 121
160 119
163 117
166 116
169 115
172 114
175 114
178 113
181 113
184 113
187 113
190 114
193 114
196 115
199 116
202 117
205 118
208 120
211 122
214 125
217 127
219 130
222 133
224 136
225 139
227 142
228 145
229 148
230 151
230 154
231 157
231 160
231 163
231 166
230 169
229 172
229 175
228 178
226 181
225 184
223 187
221 190
219 193
217 196
214 198
211 200
208 201
205 201
202 200
199 198
197 195
195 192
194 189
192 186
190 183
189 180
186 177
183 174
180 172
177 172
174 172
171 173
168 176
166 179
165 182
164 185
164 188
164 191
165 194
165 197
166 200
166 203
167 206
168 209
169 212
169 215
170 218
171 221
173 224
174 227
175 230
176 233
177 236
179 239
180 242
181 245
183 248
185 251
186 254
188 257
190 260
192 263
194 266
196 269
198 272
201 275
204 278
207 280
210 283
213 284
216 286
219 287
222 288
225 289
228 290
231 290
234 290
237 290
240 289
243 289
246 288
249 287
252 285
255 284
258 282
261 279
264 276
267 273
269 270
271 267
272 264
273 261
274 258
275 255
276 252
276 249
276 246
275 243
274 240
271 238
268 237
265 237
262 237
259 238
256 238
253 238
250 238
247 236
244 233
243 230
243 227
244 224
245 221
246 218
249 215
251 212
254 209
257 206
260 203
263 201
266 198
269 196
272 194
275 192
278 191
281 189
284 187
287 186
290 185
293 184
296 183
299 182
302 181
305 181
308 180
311 180
314 179
317 179
320 179
323 179
326 179
329 179
332 179
335 179
338 179
341 179
344 179
347 180
350 180
353 180
356 181
359 181
362 182
365 182
368 183
371 183
374 184
377 185
380 185
383 186
386 187
389 189
392 190
395 193
398 196
400 199
401 202
401 205
400 208
399 211
398 214
396 217
393 220
390 222
387 224
384 225
381 226
378 227
375 227
372 227
369 227
366 227
363 227
360 226
357 226
354 225
351 225
348 225
345 225
342 225
339 226
336 228
333 230
330 233
329 236
328 239
327 242
327 245
327 248
327 251
328 254
328 257
330 260
331 263
333 266
336 269
339 272
342 273
345 275
348 276
351 276
354 277
357 277
360 276
363 276
366 275
369 274
372 272
375 271
378 269
381 267
384 265
387 262
390 260
393 258
396 255
399 253
402 250
405 248
408 245
411 243
414 240
417 238
420 235
423 233
426 230
429 227
431 224
433 221
436 218
437 215
439 212
440 209
442 206
443 203
444 200
445 197
445 194
446 191
446 188
447 185
447 182
448 179
448 176
448 173
448 170
448 167
448 164
448 161
448 158
448 155
448 152
447 149
447 146
447 143
446 140
446 137
445 134
445 131
444 128
444 125
443 122
443 119
442 116
442 113
441 110
441 107
441 104
440 101
440 98
439 95
437 92
436 89
433 86
430 84
427 83
424 83
421 83
418 84
415 85
412 87
409 90
407 93
406 96
405 99
405 102
405 105
405 108
405 111
405 114
405 117
405 120
405 123
405 126
406 129
406 132
407 135
407 138
407 141
406 144
405 147
402 149
399 150
396 150
393 150
390 150
387 149
384 149
381 148
378 147
375 146
372 144
369 143
366 141
363 139
360 137
357 135
354 132
352 129
350 126
348 123
347 120
345 117
345 114
344 111
343 108
343 105
343 102
343 99
343 96
343 93
344 90
345 87
346 84
347 81
348 78
350 75
352 72
354 69
356 66
359 63
362 60
365 57
368 55
371 53
374 51
377 50
380 48
383 47
386 46
389 45
392 44
395 43
398 43
401 42
404 41
407 41
410 41
413 40
416 40
419 40
422 40
425 40
428 40
431 41
434 41
437 41
440 42
443 43
446 43
449 44
452 45
455 46
458 48
461 49
464 51
467 53
470 55
473 58
476 61
479 64
481 67
483 70
484 73
486 76
487 79
488 82
488 85
489 88
489 91
489 94
489 97
489 100
489 103
488 106
487 109
487 112
486 115
485 118
484 121
483 124
481 127
480 130
479 133
478 136
477 139
477 142
476 145
476 148
475 151
475 154
475 157
475 160
474 163
474 166
474 169
474 172
474 175
475 178
475 181
475 184
475 187
475 190
476 193
476 196
476 199
476 202
476 205
477 208
477 211
477 214
477 217
477 220
477 223
478 226
478 229
478 232
478 235
478 238
478 241
478 244
479 247
479 250
479 253
480 256
480 259
478 262
475 260
473 257
473 254
472 251
472 248
472 245
472 242
472 239
472 236
472 233
472 230
472 227
472 224
472 221
472 218
471 215
471 212
471 209
471 206
471 203
470 200
470 197
470 194
469 191
469 188
469 185
466 182
464 185
464 188
464 191
465 194
465 197
465 200
465 203
465 206
465 209
465 212
465 215
465 218
465 221
464 224
464 227
463 230
463 233
462 236
461 239
460 242
459 245
457 248
455 251
453 254
451 257
449 260
447 263
445 266
443 269
441 272
440 275
438 278
437 281
436 284
435 287
434 290
434 293
433 296
433 299
433 302
433 305
433 308
434 311
434 314
435 317
436 320
438 323
439 326
441 329
444 332
446 335
449 338
452 340
455 343
458 345
461 346
464 348
467 349
470 350
473 351
476 352
479 353
482 353
485 354
488 354
491 354
494 354
497 354
500 354
503 354
506 353
509 353
512 352
515 352
518 351
521 350
524 348
527 347
530 345
533 344
536 342
539 339
542 336
545 333
548 330
550 327
551 324
553 321
554 318
555 315
556 312
557 309
557 306
558 303
558 300
558 297
558 294
558 291
558 288
557 285
557 282
556 279
556 276
555 273
554 270
554 267
553 264
552 261
551 258
550 255
549 252
549 249
548 246
547 243
546 240
545 237
544 234
543 231
542 228
541 225
541 222
540 219
539 216
538 213
537 210
536 207
535 204
534 201
531 199
528 201
526 204
525 207
524 210
524 213
523 216
523 219
523 222
522 225
522 228
521 231
521 234
520 237
520 240
519 243
519 246
518 249
518 252
517 255
517 258
516 261
516 264
515 267
515 270
514 273
514 276
513 279
512 282
510 285
507 287
504 288
501 288
498 286
496 283
495 280
494 277
494 274
494 271
494 268
494 265
494 262
495 259
495 256
495 253
495 250
495 247
496 244
496 241
496 238
496 235
496 232
496 229
496 226
496 223
496 220
496 217
496 214
496 211
497 208
497 205
497 202
498 199
498 196
499 193
499 190
500 187
501 184
502 181
503 178
504 175
505 172
507 169
508 166
510 163
512 160
514 157
516 154
519 151
521 148
523 145
526 142
529 139
531 136
534 133
537 130
539 127
542 124
545 121
548 118
551 115
554 112
557 109
560 107
563 105
566 102
569 100
572 99
575 97
578 96
581 94
584 93
587 92
590 92
593 91
596 91
599 91
602 91
605 91
608 91
611 92
614 92
617 93
620 94
623 96
626 98
629 100
632 102
635 105
638 108
640 111
642 114
643 117
644 120
645 123
646 126
646 129
647 132
647 135
646 138
646 141
646 144
645 147
644 150
643 153
642 156
641 159
639 162
638 165
636 168
635 171
633 174
631 177
629 180
627 183
625 186
623 189
621 192
619 195
617 198
615 201
613 204
610 207
608 210
606 213
604 216
602 219
599 222
596 223
593 221
591 218
590 215
590 212
589 209
589 206
588 203
588 200
587 197
587 194
587 191
587 188
587 185
587 182
587 179
586 176
585 173
583 170
580 168
577 168
574 168
571 169
568 171
565 174
563 177
562 180
561 183
560 186
560 189
560 192
561 195
561 198
562 201
562 204
563 207
564 210
565 213
566 216
566 219
568 222
569 225
570 228
571 231
572 234
574 237
575 240
577 243
578 246
580 249
582 252
584 255
586 258
589 261
591 264
594 267
596 270
599 273
602 276
605 279
608 282
611 285
614 288
617 291
620 294
623 296
626 299
629 302
632 304
635 307
638 309
641 311
644 313
647 314
650 316
653 317
656 318
659 319
662 320
665 320
668 321
671 321
674 321
677 321
680 320
683 320
686 319
689 318
692 317
695 315
698 313
701 311
704 308
707 305
709 302
711 299
713 296
714 293
715 290
716 287
717 284
717 281
717 278
717 275
717 272
717 269
716 266
715 263
714 260
712 257
710 254
708 251
705 248
702 246
699 244
696 242
693 241
690 241
687 241
684 241
681 242
678 244
675 247
672 250
670 253
667 256
664 259
662 262
659 264
656 266
653 267
650 268
647 268
644 268
641 267
638 266
635 265
632 263
629 261
626 259
623 256
621 253
620 250
619 247
619 244
619 241
620 238
620 235
622 232
623 229
624 226
626 223
628 220
630 217
632 214
635 211
637 208
639 205
642 202
645 199
647 196
650 193
653 190
656 187
659 184
662 181
665 178
668 175
671 173
674 170
677 168
680 166
683 164
686 162
689 160
692 158
695 157
698 156
701 155
704 154
707 154
710 154
713 154
716 154
719 155
722 156
725 158
728 160
731 163
733 166
734 169
735 172
735 175
734 178
731 181
728 184
725 185
722 187
719 189
717 192
717 195
717 198
718 201
721 204
724 207
727 209
730 210
733 211
736 213
739 214
742 214
745 215
748 216
751 217
754 217
757 217
760 218
763 218
766 218
769 218
772 218
775 218
778 217
781 217
784 216
787 216
790 215
793 214
796 213
799 212
802 210
805 209
808 207
811 206
814 204
817 201
820 199
823 196
826 193
828 190
830 187
831 184
832 181
832 178
832 175
831 172
830 169
827 167
824 165
821 165
818 164
815 164
812 164
809 163
806 162
803 159
801 156
800 153
800 150
800 147
800 144
801 141
802 138
803 135
805 132
807 129
809 126
812 124
815 121
818 119
821 118
824 116
827 115
830 115
833 114
836 114
839 114
842 114
845 114
848 114
851 115
854 116
857 117
860 118
863 120
866 121
869 123
872 125
875 128
878 131
881 134
884 137
886 140
889 143
891 146
893 149
895 152
896 155
898 158
900 161
901 164
903 167
904 170
906 173
907 176
908 179
910 182
911 185
912 188
913 191
914 194
915 197
916 200
917 203
918 206
919 209
919 212
920 215
920 218
921 221
921 224
921 227
921 230
920 233
920 236
919 239
917 242
916 245
913 248
910 250
907 251
904 252
901 252
898 251
895 248
892 245
890 242
889 239
888 236
886 233
884 230
881 227
878 226
875 225
872 226
869 228
866 230
863 233
861 236
859 239
857 242
856 245
855 248
854 251
853 254
852 257
852 260
852 263
852 266
852 269
852 272
853 275
853 278
854 281
855 284
856 287
857 290
858 293
860 296
862 299
864 302
866 305
868 308
871 311
874 314
877 316
880 318
883 320
886 322
889 324
892 325
895 327
898 328
901 329
904 329
907 330
910 331
913 331
916 331
919 332
922 332
925 332
928 332
931 331
934 331
937 330
940 330
943 329
946 328
949 327
952 326
955 324
958 323
961 321
964 319
967 317
970 314
973 312
976 309
978 306
981 303
983 300
985 297
986 294
988 291
989 288
990 285
991 282
992 279
993 276
994 273
994 270
995 267
995 264
995 261
995 258
995 255
995 252
995 249
995 246
995 243
994 240
994 237
993 234
993 231
992 228
991 225
991 222
990 219
989 216
988 213
987 210
986 207
985 204
984 201
983 198
981 195
980 192
979 189
978 186
976 183
973 181
970 184
969 187
968 190
968 193
968 196
967 199
967 202
967 205
966 208
966 211
966 214
965 217
964 220
963 223
960 225
957 225
955 222
953 219
952 216
951 213
950 210
950 207
949 204
948 201
948 198
947 195
947 192
946 189
946 186
945 183
945 180
944 177
944 174
944 171
943 168
943 165
943 162
943 159
943 156
943 153
943 150
943 147
943 144
944 141
944 138
944 135
945 132
945 129
946 126
947 123
948 120
949 117
950 114
951 111
953 108
954 105
956 102
958 99
961 96
963 93
966 90
969 88
972 85
975 83
978 81
981 80
984 78
987 77
990 76
993 75
996 74
999 73
1002 73
1005 72
1008 72
1011 72
1014 72
1017 72
1020 72
1023 72
1026 72
1029 73
1032 74
1035 74
1038 75
1041 76
1044 78
1047 79
1050 81
1053 83
1056 85
1059 87
1062 89
1065 92
1068 95
1070 98
1072 101
1074 104
1076 107
1077 110
1079 113
1080 116
1081 119
1082 122
1082 125
1083 128
1083 131
1083 134
1083 137
1083 140
1082 143
1081 146
1080 149
1079 152
1077 155
1074 158
1071 161
1068 162
1065 163
1062 163
1059 163
1056 162
1053 161
1050 158
1047 155
1045 152
1043 149
1041 146
1039 143
1037 140
1034 137
1031 135
1028 134
1025 134
1022 134
1019 135
1016 136
1013 138
1010 141
1008 144
1007 147
1006 150
1005 153
1005 156
1005 159
1005 162
1006 165
1006 168
1007 171
1008 174
1009 177
1010 180
1012 183
1013 186
1015 189
1016 192
1018 195
1020 198
1022 201
1024 204
1026 207
1028 210
1031 213
1033 216
1036 219
1039 222
1042 224
1045 227
1048 228
1051 230
1054 232
1057 233
1060 234
1063 234
1066 235
1069 235
1072 235
1075 234
1078 234
1081 233
1084 231
1087 229
1090 227
1093 225
1096 223
1099 221
1102 219
1105 218
1108 216
1111 215
1114 214
1117 213
1120 213
1123 212
1126 212
1129 211
1132 211
1135 211
1138 211
1141 211
1144 211
1147 211
1150 211
1153 211
1156 212
1159 212
1162 213
1165 214
1168 214
1171 215
1174 216
1177 218
1180 219
1183 221
1186 223
1189 225
1191 228
1193 231
1194 234
1194 237
1194 240
1194 243
1192 246
1190 249
1187 252
1184 254
1181 255
1178 256
1175 257
1172 258
1169 259
1166 260
1163 262
1160 264
1158 267
1157 270
1156 273
1156 276
1156 279
1157 282
1158 285
1160 288
1162 291
1165 294
1168 296
1171 298
1174 300
1177 301
1180 301
1183 302
1186 302
1189 302
1192 302
1195 301
