0 209
6 208
12 205
18 202
24 199
30 197
36 195
42 194
48 193
54 193
60 194
66 196
72 199
78 202
84 205
90 208
96 211
102 212
108 213
114 213
120 212
126 211
132 209
138 206
144 204
150 202
156 200
162 199
168 198
174 198
180 199
186 200
192 201
198 203
204 205
210 206
216 208
222 209
228 210
234 211
240 211
246 210
252 210
258 209
264 208
270 206
276 205
282 204
288 204
294 204
300 204
306 205
312 206
318 207
324 209
330 210
336 212
342 213
348 213
354 213
360 212
366 210
372 207
378 204
384 200
390 195
396 191
402 188
408 186
414 184
420 184
426 184
432 185
438 187
444 190
450 194
456 199
462 205
468 210
474 214
480 217
486 219
492 220
498 221
504 221
510 220
516 218
522 217
528 214
534 212
540 209
546 206
552 203
558 201
564 199
570 197
576 196
582 195
588 194
594 194
600 195
606 196
612 198
618 200
624 203
630 206
636 209
642 211
648 213
654 215
660 215
666 215
672 214
678 213
684 211
690 209
696 206
702 204
708 202
714 201
720 200
726 200
732 200
738 201
744 202
750 203
756 204
762 205
768 205
774 205
780 205
786 204
792 204
798 203
804 202
810 201
816 200
822 200
828 199
834 200
840 200
846 201
852 202
858 203
864 205
870 206
876 207
882 208
888 209
894 210
900 211
906 211
912 212
918 212
924 212
930 212
936 212
942 211
948 210
954 209
960 208
966 207
972 205
978 203
984 202
990 200
996 198
1002 197
1008 196
1014 196
1020 195
1026 196
1032 197
1038 198
1044 199
1050 201
1056 202
1062 204
1068 205
1074 206
1080 207
1086 207
1092 207
1098 207
1104 207
1110 206
1116 206
1122 205
1128 205
1134 205
1140 205
1146 206
1152 207
1158 208
1164 209
1170 210
1176 211
1182 211
1188 211
