0 313
3 312
6 310
9 309
12 306
15 304
18 301
21 298
23 295
25 292
27 289
29 286
30 283
32 280
33 277
35 274
36 271
37 268
39 265
40 262
41 259
42 256
44 253
45 250
46 247
46 244
47 241
48 238
49 235
49 232
50 229
50 226
51 223
51 220
51 217
51 214
51 211
52 208
52 205
52 202
52 199
51 196
51 193
51 190
51 187
51 184
50 181
50 178
49 175
49 172
48 169
48 166
47 163
46 160
46 157
45 154
44 151
44 148
43 145
42 142
41 139
40 136
40 133
39 130
38 127
38 124
37 121
37 118
36 115
35 112
32 109
29 109
26 110
23 113
21 116
20 119
19 122
18 125
17 128
17 131
16 134
16 137
15 140
15 143
15 146
15 149
15 152
15 155
15 158
15 161
15 164
15 167
15 170
13 173
10 176
7 176
4 176
1 176
1198 175
1195 173
1192 171
1189 169
1186 166
1184 163
1182 160
1180 157
1179 154
1178 151
1177 148
1176 145
1176 142
1176 139
1175 136
1175 133
1176 130
1176 127
1176 124
1177 121
1177 118
1178 115
1179 112
1180 109
1181 106
1182 103
1184 100
1185 97
1187 94
1189 91
1191 88
1194 85
1196 82
1199 79
2 77
5 74
8 72
11 70
14 69
17 67
20 66
23 65
26 64
29 63
32 63
35 62
38 62
41 62
44 62
47 62
50 62
53 63
56 63
59 64
62 65
65 66
68 67
71 69
74 70
77 72
80 75
83 78
86 81
88 84
90 87
92 90
93 93
94 96
95 99
95 102
95 105
95 108
95 111
95 114
94 117
94 120
93 123
92 126
91 129
89 132
88 135
86 138
84 141
82 144
80 147
78 150
76 153
75 156
74 159
73 162
73 165
73 168
73 171
74 174
74 177
71 178
69 175
68 172
67 169
66 166
66 163
65 160
65 157
65 154
64 151
64 148
64 145
63 142
63 139
63 136
62 133
62 130
61 127
60 124
59 121
58 118
55 115
52 114
50 117
50 120
50 123
51 126
52 129
53 132
54 135
54 138
55 141
55 144
56 147
56 150
57 153
58 156
58 159
59 162
59 165
60 168
61 171
62 174
63 177
64 180
64 183
65 186
65 189
66 192
66 195
67 198
67 201
68 204
69 207
70 210
70 213
71 216
72 219
73 222
74 225
75 228
76 231
76 234
77 237
77 240
78 243
78 246
78 249
78 252
78 255
78 258
77 261
77 264
76 267
76 270
76 273
76 276
76 279
76 282
76 285
77 288
77 291
78 294
79 297
81 300
83 303
85 306
88 309
91 312
94 313
97 315
100 316
103 317
106 317
109 318
112 318
115 318
118 317
121 316
124 315
127 314
130 313
133 311
136 308
139 305
141 302
143 299
145 296
146 293
147 290
148 287
149 284
149 281
150 278
150 275
150 272
150 269
150 266
150 263
150 260
150 257
150 254
149 251
149 248
149 245
148 242
148 239
147 236
146 233
146 230
145 227
145 224
144 221
143 218
143 215
142 212
142 209
141 206
141 203
140 200
140 197
139 194
139 191
138 188
135 185
132 185
130 188
128 191
127 194
126 197
125 200
124 203
123 206
123 209
122 212
122 215
121 218
121 221
121 224
120 227
120 230
119 233
118 236
116 239
113 241
110 240
107 238
105 235
103 232
102 229
101 226
100 223
99 220
99 217
98 214
98 211
98 208
98 205
98 202
98 199
98 196
98 193
99 190
99 187
100 184
101 181
102 178
103 175
104 172
106 169
108 166
110 163
112 160
114 157
117 154
119 151
122 148
125 145
128 142
131 139
134 136
137 134
140 131
143 129
146 126
149 124
152 122
155 120
158 118
161 117
164 115
167 114
170 113
173 112
176 111
179 111
182 111
185 111
188 111
191 111
194 111
197 112
200 113
203 114
206 116
209 117
212 119
215 122
218 124
221 127
223 130
225 133
227 136
229 139
230 142
231 145
232 148
233 151
233 154
234 157
234 160
234 163
234 166
233 169
233 172
232 175
231 178
230 181
228 184
227 187
225 190
223 193
221 196
219 199
217 202
214 205
211 207
208 209
205 210
202 210
199 209
197 206
195 203
194 200
193 197
192 194
191 191
190 188
189 185
188 182
186 179
185 176
184 173
182 170
179 167
176 165
173 164
170 164
167 164
164 166
161 169
159 172
158 175
158 178
158 181
158 184
158 187
158 190
159 193
159 196
160 199
160 202
161 205
162 208
163 211
163 214
164 217
165 220
166 223
167 226
168 229
169 232
170 235
172 238
173 241
174 244
176 247
177 250
178 253
180 256
181 259
183 262
185 265
186 268
188 271
190 274
192 277
194 280
197 283
199 286
202 289
205 291
208 294
211 296
214 298
217 299
220 300
223 301
226 302
229 302
232 303
235 303
238 302
241 302
244 302
247 301
250 300
253 298
256 297
259 295
262 292
265 290
267 287
270 284
272 281
273 278
275 275
276 272
277 269
278 266
279 263
279 260
280 257
280 254
279 251
279 248
278 245
275 242
272 241
269 241
266 242
263 243
260 245
257 246
254 248
251 250
248 251
245 251
242 251
239 251
236 249
234 246
233 243
233 240
233 237
234 234
236 231
238 228
240 225
243 222
246 219
249 216
252 214
255 211
258 209
261 206
264 204
267 202
270 200
273 199
276 197
279 195
282 194
285 192
288 191
291 190
294 189
297 188
300 187
303 186
306 185
309 185
312 184
315 184
318 183
321 183
324 183
327 182
330 182
333 182
336 182
339 182
342 182
345 182
348 182
351 182
354 182
357 183
360 183
363 183
366 183
369 183
372 184
375 184
378 184
381 184
384 185
387 185
390 186
393 186
396 187
399 187
402 188
405 189
408 191
411 193
414 196
415 199
416 202
417 205
417 208
416 211
415 214
414 217
412 220
409 223
406 226
403 228
400 229
397 230
394 231
391 232
388 232
385 233
382 233
379 232
376 232
373 231
370 231
367 230
364 229
361 228
358 228
355 227
352 226
349 226
346 226
343 226
340 226
337 227
334 229
331 231
329 234
327 237
326 240
325 243
325 246
324 249
325 252
325 255
326 258
327 261
328 264
330 267
332 270
334 273
337 275
340 277
343 279
346 280
349 281
352 281
355 281
358 281
361 280
364 280
367 279
370 277
373 276
376 274
379 272
382 270
385 268
388 266
391 264
394 262
397 260
400 258
403 256
406 255
409 253
412 251
415 250
418 248
421 247
424 245
427 243
430 242
433 240
436 237
439 235
442 232
444 229
446 226
447 223
449 220
450 217
451 214
451 211
452 208
452 205
453 202
453 199
453 196
453 193
453 190
453 187
453 184
453 181
453 178
453 175
453 172
452 169
452 166
452 163
451 160
451 157
451 154
450 151
450 148
449 145
449 142
449 139
448 136
448 133
447 130
446 127
446 124
445 121
445 118
444 115
443 112
442 109
441 106
440 103
440 100
439 97
438 94
437 91
436 88
436 85
435 82
434 79
433 76
431 73
428 71
425 69
422 69
419 69
416 70
413 71
410 73
407 75
405 78
403 81
402 84
401 87
401 90
401 93
401 96
401 99
401 102
401 105
401 108
401 111
402 114
402 117
403 120
404 123
405 126
406 129
407 132
408 135
408 138
408 141
406 144
403 146
400 147
397 147
394 148
391 147
388 147
385 147
382 146
379 146
376 145
373 144
370 143
367 142
364 141
361 139
358 138
355 136
352 133
349 130
346 127
344 124
342 121
341 118
340 115
339 112
338 109
337 106
337 103
336 100
336 97
336 94
337 91
337 88
337 85
338 82
339 79
340 76
341 73
343 70
344 67
346 64
349 61
351 58
354 55
357 52
360 50
363 48
366 46
369 44
372 43
375 41
378 40
381 39
384 38
387 37
390 36
393 36
396 35
399 34
402 34
405 33
408 33
411 33
414 32
417 32
420 32
423 32
426 32
429 32
432 32
435 32
438 33
441 33
444 34
447 35
450 35
453 36
456 37
459 39
462 40
465 42
468 43
471 46
474 48
477 51
480 54
482 57
484 60
486 63
487 66
488 69
489 72
490 75
490 78
490 81
491 84
490 87
490 90
490 93
489 96
488 99
487 102
485 105
484 108
482 111
480 114
478 117
475 120
474 123
472 126
471 129
470 132
469 135
469 138
469 141
468 144
468 147
469 150
469 153
469 156
469 159
470 162
470 165
470 168
471 171
471 174
472 177
472 180
473 183
474 186
474 189
475 192
475 195
476 198
473 201
470 204
473 203
474 206
477 203
478 206
478 209
479 212
476 215
475 212
472 215
474 218
473 221
473 224
474 227
474 230
474 233
474 236
474 239
474 242
474 245
473 248
473 251
472 254
471 257
470 260
469 263
467 266
465 269
462 271
459 273
456 275
453 276
450 278
447 280
444 282
441 285
438 288
436 291
433 294
432 297
430 300
429 303
428 306
427 309
427 312
426 315
426 318
427 321
427 324
428 327
428 330
429 333
431 336
432 339
434 342
437 345
439 348
442 350
445 353
448 355
451 357
454 358
457 360
460 361
463 362
466 363
469 364
472 365
475 365
478 366
481 366
484 367
487 367
490 367
493 367
496 367
499 367
502 367
505 366
508 366
511 365
514 365
517 364
520 363
523 363
526 361
529 360
532 359
535 357
538 356
541 354
544 351
547 349
550 346
552 343
554 340
556 337
557 334
558 331
559 328
560 325
561 322
561 319
561 316
561 313
561 310
561 307
560 304
559 301
559 298
558 295
557 292
556 289
555 286
553 283
552 280
551 277
550 274
548 271
547 268
546 265
545 262
543 259
542 256
541 253
540 250
539 247
538 244
537 241
537 238
536 235
535 232
535 229
534 226
534 223
533 220
533 217
532 214
532 211
531 208
531 205
531 202
530 199
529 196
526 194
523 197
522 200
521 203
521 206
520 209
520 212
520 215
520 218
520 221
520 224
520 227
519 230
519 233
519 236
519 239
519 242
519 245
518 248
518 251
518 254
517 257
517 260
517 263
516 266
516 269
515 272
515 275
515 278
514 281
514 284
513 287
513 290
513 293
513 296
512 299
512 302
511 305
510 308
507 311
504 313
501 314
498 313
495 311
494 308
493 305
493 302
493 299
494 296
494 293
495 290
495 287
496 284
496 281
496 278
496 275
497 272
497 269
497 266
497 263
497 260
497 257
497 254
498 251
498 248
498 245
498 242
498 239
498 236
498 233
498 230
498 227
497 224
497 221
497 218
497 215
497 212
497 209
497 206
497 203
497 200
497 197
497 194
498 191
498 188
498 185
499 182
500 179
500 176
501 173
502 170
504 167
505 164
507 161
509 158
511 155
513 152
516 149
519 146
521 143
524 140
527 138
530 135
533 132
536 129
539 126
542 124
545 121
548 118
551 115
554 112
557 109
560 106
563 104
566 101
569 99
572 97
575 95
578 93
581 92
584 90
587 89
590 88
593 87
596 87
599 86
602 86
605 86
608 86
611 86
614 86
617 87
620 88
623 89
626 90
629 92
632 94
635 96
638 98
640 101
643 104
645 107
647 110
648 113
649 116
650 119
651 122
651 125
651 128
651 131
651 134
650 137
650 140
649 143
648 146
647 149
645 152
644 155
642 158
640 161
638 164
636 167
634 170
632 173
630 176
627 179
625 182
623 185
620 188
618 191
615 194
612 197
610 200
607 203
605 206
602 209
600 212
597 215
595 218
592 221
590 224
587 227
584 228
581 225
579 222
579 219
578 216
578 213
578 210
578 207
578 204
578 201
578 198
578 195
578 192
578 189
578 186
579 183
579 180
580 177
580 174
580 171
580 168
579 165
577 162
574 161
571 160
568 161
565 162
562 163
559 165
556 168
554 171
552 174
552 177
551 180
551 183
551 186
551 189
551 192
552 195
552 198
553 201
553 204
554 207
554 210
555 213
555 216
556 219
557 222
557 225
558 228
559 231
560 234
561 237
562 240
563 243
565 246
566 249
568 252
570 255
572 258
574 261
577 264
580 267
583 270
586 273
589 275
592 278
595 280
598 282
601 285
604 287
607 289
610 291
613 293
616 295
619 297
622 299
625 301
628 304
631 306
634 309
637 312
640 314
643 317
646 319
649 321
652 323
655 325
658 326
661 328
664 329
667 329
670 330
673 330
676 331
679 331
682 331
685 330
688 330
691 329
694 328
697 327
700 325
703 323
706 321
709 318
712 315
714 312
716 309
718 306
719 303
720 300
721 297
721 294
722 291
722 288
722 285
721 282
721 279
720 276
719 273
718 270
716 267
714 264
712 261
709 258
706 256
703 253
700 252
697 250
694 249
691 248
688 247
685 246
682 247
679 247
676 249
673 252
671 255
669 258
667 261
664 264
662 267
660 270
658 273
656 276
653 278
650 279
647 280
644 280
641 280
638 280
635 279
632 278
629 277
626 276
623 275
620 273
617 271
614 269
611 266
608 263
606 260
605 257
604 254
604 251
604 248
605 245
606 242
607 239
609 236
611 233
613 230
615 227
617 224
619 221
622 218
624 215
627 212
630 209
633 206
636 203
639 200
642 197
645 194
648 192
651 189
654 187
657 184
660 182
663 180
666 177
669 175
672 173
675 171
678 169
681 168
684 166
687 165
690 163
693 162
696 161
699 160
702 159
705 159
708 159
711 159
714 159
717 160
720 161
723 162
726 164
729 166
732 169
734 172
735 175
736 178
735 181
734 184
732 187
729 189
726 190
723 191
720 191
717 192
714 192
711 193
708 194
705 196
703 199
702 202
702 205
704 208
707 211
710 213
713 215
716 216
719 217
722 218
725 219
728 220
731 221
734 222
737 222
740 223
743 223
746 224
749 224
752 225
755 225
758 225
761 225
764 225
767 225
770 225
773 225
776 224
779 224
782 224
785 223
788 222
791 222
794 221
797 220
800 219
803 218
806 217
809 215
812 214
815 213
818 211
821 209
824 207
827 206
830 203
833 201
836 198
839 195
841 192
843 189
844 186
845 183
846 180
845 177
845 174
843 171
841 168
838 166
835 165
832 164
829 164
826 165
823 165
820 166
817 167
814 168
811 168
808 168
805 167
802 165
800 162
798 159
797 156
797 153
797 150
797 147
797 144
798 141
798 138
800 135
801 132
803 129
805 126
807 123
810 120
813 118
816 116
819 114
822 113
825 112
828 111
831 110
834 110
837 110
840 110
843 110
846 111
849 111
852 112
855 113
858 114
861 116
864 117
867 119
870 121
873 124
876 126
879 129
882 132
884 135
887 138
889 141
891 144
893 147
895 150
897 153
899 156
901 159
902 162
904 165
906 168
907 171
909 174
910 177
912 180
913 183
914 186
916 189
917 192
918 195
919 198
920 201
921 204
922 207
923 210
924 213
925 216
926 219
926 222
927 225
927 228
928 231
928 234
929 237
929 240
929 243
930 246
930 249
930 252
929 255
929 258
928 261
927 264
926 267
923 270
920 273
917 274
914 275
911 275
908 275
905 274
902 272
899 269
898 266
896 263
895 260
895 257
894 254
893 251
893 248
892 245
891 242
890 239
888 236
886 233
883 232
880 231
877 232
874 233
871 235
868 237
865 239
863 242
860 245
858 248
856 251
854 254
853 257
852 260
850 263
850 266
849 269
848 272
848 275
848 278
848 281
848 284
848 287
849 290
849 293
850 296
851 299
852 302
853 305
854 308
856 311
858 314
860 317
862 320
865 323
867 326
870 328
873 331
876 333
879 335
882 337
885 338
888 340
891 341
894 342
897 343
900 344
903 345
906 345
909 346
912 346
915 347
918 347
921 347
924 347
927 347
930 347
933 346
936 346
939 346
942 345
945 344
948 343
951 342
954 341
957 340
960 339
963 337
966 336
969 334
972 331
975 329
978 326
981 323
984 320
986 317
988 314
990 311
991 308
993 305
994 302
995 299
996 296
997 293
997 290
998 287
998 284
998 281
999 278
999 275
998 272
998 269
998 266
998 263
997 260
997 257
996 254
995 251
994 248
993 245
992 242
991 239
990 236
989 233
988 230
987 227
986 224
984 221
983 218
982 215
981 212
980 209
979 206
978 203
977 200
976 197
975 194
974 191
974 188
973 185
972 182
971 179
968 178
966 181
966 184
965 187
965 190
965 193
965 196
965 199
965 202
965 205
965 208
965 211
965 214
965 217
965 220
965 223
965 226
965 229
965 232
965 235
964 238
964 241
963 244
962 247
959 249
956 248
955 245
954 242
954 239
953 236
953 233
952 230
952 227
951 224
951 221
951 218
950 215
950 212
949 209
949 206
948 203
948 200
947 197
947 194
946 191
946 188
945 185
945 182
945 179
944 176
944 173
943 170
943 167
943 164
942 161
942 158
942 155
942 152
942 149
942 146
942 143
942 140
942 137
942 134
942 131
943 128
943 125
944 122
944 119
945 116
946 113
947 110
948 107
949 104
950 101
952 98
954 95
956 92
958 89
960 86
963 83
966 80
969 78
972 76
975 74
978 72
981 70
984 69
987 68
990 67
993 66
996 65
999 64
1002 64
1005 63
1008 63
1011 63
1014 63
1017 63
1020 63
1023 63
1026 64
1029 64
1032 65
1035 66
1038 66
1041 68
1044 69
1047 70
1050 72
1053 73
1056 75
1059 77
1062 80
1065 82
1067 85
1070 88
1073 91
1075 94
1077 97
1078 100
1080 103
1081 106
1083 109
1084 112
1085 115
1085 118
1086 121
1087 124
1087 127
1087 130
1087 133
1087 136
1087 139
1087 142
1086 145
1085 148
1084 151
1083 154
1081 157
1078 160
1075 163
1072 165
1069 166
1066 167
1063 167
1060 167
1057 166
1054 165
1051 162
1048 159
1046 156
1045 153
1043 150
1042 147
1040 144
1039 141
1037 138
1036 135
1034 132
1032 129
1029 127
1026 125
1023 123
1020 123
1017 123
1014 123
1011 124
1008 125
1005 127
1002 130
999 133
998 136
996 139
996 142
995 145
995 148
995 151
995 154
995 157
996 160
996 163
997 166
998 169
999 172
1000 175
1001 178
1002 181
1004 184
1005 187
1007 190
1008 193
1010 196
1012 199
1014 202
1016 205
1018 208
1021 211
1023 214
1026 217
1029 220
1032 223
1035 226
1038 228
1041 230
1044 232
1047 234
1050 235
1053 237
1056 238
1059 238
1062 239
1065 239
1068 239
1071 239
1074 238
1077 237
1080 236
1083 234
1086 232
1089 230
1092 228
1095 226
1098 224
1101 223
1104 222
1107 221
1110 220
1113 219
1116 219
1119 218
1122 218
1125 217
1128 217
1131 217
1134 217
1137 217
1140 217
1143 217
1146 217
1149 217
1152 217
1155 218
1158 218
1161 218
1164 219
1167 219
1170 220
1173 220
1176 221
1179 222
1182 223
1185 224
1188 225
1191 226
1194 228
1197 230
0 233
2 236
4 239
5 242
5 245
5 248
4 251
3 254
2 257
0 260
1197 263
1194 265
1191 266
1188 267
1185 268
1182 268
1179 268
1176 268
1173 267
1170 267
1167 268
1164 268
1161 269
1158 271
1155 274
1153 277
1152 280
1151 283
1151 286
1151 289
1152 292
1153 295
1154 298
1156 301
1158 304
1161 307
1164 309
1167 311
1170 313
1173 314
1176 315
1179 315
1182 316
1185 316
1188 316
1191 315
1194 315
