0 199
6 199
12 199
18 199
24 198
30 198
36 198
42 198
48 198
54 198
60 198
66 198
72 198
78 198
84 199
90 199
96 199
102 199
108 199
114 199
120 199
126 199
132 199
138 199
144 198
150 198
156 198
162 198
168 198
174 198
180 198
186 198
192 198
198 199
204 199
210 199
216 199
222 199
228 199
234 199
240 199
246 199
252 199
258 199
264 199
270 199
276 199
282 199
288 199
294 199
300 199
306 199
312 199
318 199
324 199
330 199
336 199
342 199
348 199
354 199
360 199
366 199
372 199
378 198
384 198
390 198
396 198
402 198
408 198
414 198
420 198
426 198
432 198
438 198
444 198
450 198
456 198
462 199
468 199
474 199
480 199
486 199
492 199
498 199
504 199
510 199
516 199
522 199
528 199
534 199
540 199
546 199
552 199
558 199
564 199
570 198
576 198
582 198
588 198
594 198
600 198
606 198
612 198
618 198
624 199
630 199
636 199
642 199
648 199
654 199
660 199
666 199
672 199
678 199
684 199
690 199
696 199
702 199
708 199
714 198
720 198
726 198
732 198
738 198
744 199
750 199
756 199
762 199
768 199
774 199
780 199
786 199
792 199
798 198
804 198
810 198
816 198
822 198
828 198
834 198
840 198
846 199
852 199
858 199
864 199
870 199
876 199
882 199
888 199
894 199
900 199
906 199
912 199
918 199
924 199
930 199
936 199
942 199
948 199
954 199
960 199
966 199
972 199
978 199
984 198
990 198
996 198
1002 198
1008 198
1014 198
1020 198
1026 198
1032 198
1038 198
1044 198
1050 198
1056 198
1062 199
1068 199
1074 199
1080 199
1086 199
1092 199
1098 199
1104 199
1110 199
1116 199
1122 199
1128 199
1134 199
1140 199
1146 199
1152 199
1158 199
1164 199
1170 199
1176 199
1182 199
1188 199
