0 232
6 227
10 221
13 215
15 209
16 203
19 197
22 191
27 185
33 181
39 178
45 177
51 177
57 178
63 180
69 184
74 190
77 196
79 202
80 208
82 214
83 220
86 226
90 232
96 237
102 240
108 241
114 241
120 239
126 236
132 231
136 225
139 219
142 213
145 207
150 201
156 195
162 192
168 190
174 190
180 191
186 193
192 196
198 202
202 208
206 214
211 220
216 226
222 230
228 232
234 233
240 233
246 232
252 230
258 226
264 221
270 217
276 213
282 210
288 208
294 208
300 209
306 211
312 215
318 220
323 226
329 232
335 236
341 239
347 241
353 241
359 240
365 238
371 235
377 229
381 223
383 217
384 211
384 205
384 199
384 193
384 187
385 181
387 175
391 169
397 163
403 159
409 157
415 155
421 155
427 155
433 156
439 158
445 161
451 166
456 172
460 178
462 184
463 190
464 196
463 202
462 208
460 214
459 220
459 226
460 232
462 238
465 244
470 250
476 255
482 258
488 260
494 262
500 262
506 261
512 260
518 257
524 253
530 248
534 242
537 236
539 230
541 224
543 218
545 212
547 206
550 200
555 194
561 188
567 184
573 181
579 179
585 178
591 178
597 179
603 181
609 184
615 188
620 194
623 200
625 206
627 212
628 218
630 224
633 230
637 236
643 242
649 245
655 247
661 247
667 247
673 245
679 242
685 237
689 231
692 225
695 219
698 213
703 207
709 202
715 199
721 198
727 198
733 199
739 201
745 203
751 207
757 210
763 213
769 214
775 215
781 214
787 212
793 210
799 206
805 203
811 199
817 197
823 195
829 195
835 195
841 196
847 198
853 201
859 205
865 210
871 216
877 221
883 226
889 230
895 233
901 236
907 237
913 239
919 239
925 240
931 239
937 238
943 237
949 234
955 231
961 226
967 220
972 214
976 208
980 202
985 196
991 191
997 187
1003 184
1009 183
1015 182
1021 182
1027 183
1033 186
1039 189
1045 194
1051 200
1056 206
1061 212
1067 217
1073 221
1079 223
1085 224
1091 224
1097 223
1103 221
1109 219
1115 217
1121 215
1127 214
1133 214
1139 215
1145 218
1151 221
1157 225
1163 229
1169 233
1175 235
1181 236
1187 236
1193 235
