0 199
6 199
12 199
18 198
24 198
30 198
36 198
42 198
48 198
54 198
60 198
66 198
72 198
78 198
84 198
90 199
96 199
102 199
108 198
114 198
120 198
126 198
132 198
138 198
144 198
150 198
156 198
162 198
168 198
174 198
180 198
186 198
192 198
198 198
204 198
210 198
216 199
222 199
228 199
234 199
240 199
246 198
252 198
258 198
264 198
270 198
276 198
282 198
288 198
294 198
300 198
306 198
312 198
318 198
324 198
330 198
336 198
342 198
348 198
354 199
360 199
366 199
372 198
378 198
384 198
390 198
396 198
402 198
408 198
414 198
420 198
426 198
432 198
438 198
444 198
450 198
456 198
462 198
468 198
474 198
480 198
486 199
492 199
498 199
504 199
510 199
516 199
522 199
528 198
534 198
540 198
546 198
552 198
558 198
564 198
570 198
576 198
582 198
588 198
594 198
600 198
606 198
612 198
618 198
624 198
630 198
636 199
642 199
648 199
654 199
660 199
666 199
672 199
678 199
684 199
690 199
696 198
702 198
708 198
714 198
720 198
726 198
732 198
738 198
744 198
750 198
756 198
762 198
768 198
774 198
780 198
786 198
792 198
798 198
804 198
810 198
816 198
822 198
828 198
834 198
840 198
846 198
852 198
858 198
864 198
870 198
876 198
882 198
888 198
894 198
900 198
906 198
912 199
918 198
924 199
930 199
936 199
942 199
948 199
954 198
960 198
966 198
972 198
978 198
984 198
990 198
996 198
1002 198
1008 198
1014 198
1020 198
1026 198
1032 198
1038 198
1044 198
1050 198
1056 198
1062 198
1068 198
1074 198
1080 198
1086 198
1092 198
1098 198
1104 198
1110 198
1116 198
1122 198
1128 198
1134 198
1140 198
1146 198
1152 198
1158 198
1164 198
1170 198
1176 198
1182 198
1188 198
