0 151
3 145
6 139
11 133
17 128
23 124
29 121
35 119
41 118
47 118
53 118
59 120
65 122
71 125
77 130
83 136
87 142
89 148
91 154
92 160
93 166
93 172
93 178
92 184
91 190
88 196
82 200
76 200
70 201
67 207
66 213
65 219
66 225
66 231
67 237
68 243
69 249
71 255
74 261
77 267
82 273
88 278
94 281
100 283
106 284
112 285
118 284
124 281
130 278
136 273
140 267
143 261
145 255
146 249
147 243
146 237
144 231
138 226
132 223
126 218
124 212
124 206
125 200
127 194
129 188
132 182
135 176
139 170
144 164
150 158
156 154
162 151
168 149
174 148
180 148
186 149
192 151
198 154
204 158
209 164
212 170
215 176
216 182
216 188
215 194
213 200
207 206
201 210
195 215
192 221
192 227
192 233
193 239
195 245
198 251
202 257
207 263
213 267
219 270
225 272
231 273
237 273
243 272
249 269
255 265
261 259
264 253
265 247
265 241
265 235
265 229
265 223
268 217
272 211
278 205
284 201
290 198
296 197
302 196
308 197
314 198
320 199
326 202
332 205
338 209
343 215
347 221
347 227
346 233
341 239
336 245
334 251
334 257
336 263
340 269
346 273
352 276
358 276
364 276
370 274
376 272
382 268
388 263
393 257
398 251
402 245
406 239
409 233
412 227
415 221
417 215
420 209
422 203
424 197
425 191
426 185
427 179
427 173
426 167
423 161
417 155
411 153
405 155
400 161
396 167
391 173
385 175
379 174
373 169
368 163
365 157
362 151
361 145
361 139
361 133
362 127
364 121
367 115
371 109
376 103
382 98
388 94
394 91
400 88
406 87
412 85
418 85
424 85
430 86
436 87
442 89
448 91
454 94
460 98
466 104
472 110
476 116
479 122
481 128
483 134
484 140
485 146
486 152
486 158
486 164
486 170
485 176
484 182
483 188
482 194
481 200
479 206
477 212
471 216
466 210
465 204
463 198
462 192
459 186
453 186
451 192
449 198
448 204
447 210
446 216
445 222
444 228
443 234
443 240
442 246
442 252
442 258
442 264
443 270
443 276
445 282
447 288
450 294
454 300
459 306
465 311
471 314
477 317
483 319
489 320
495 321
501 321
507 320
513 319
519 317
525 314
531 310
537 305
542 299
546 293
549 287
551 281
552 275
553 269
553 263
553 257
552 251
551 245
548 239
542 234
536 235
530 240
524 244
518 244
512 238
510 232
510 226
511 220
512 214
514 208
516 202
519 196
521 190
524 184
528 178
531 172
535 166
539 160
544 154
549 148
555 142
561 138
567 134
573 131
579 129
585 128
591 128
597 128
603 129
609 131
615 134
621 139
627 145
631 151
633 157
635 163
637 169
637 175
638 181
637 187
636 193
635 199
633 205
630 211
624 216
618 215
612 212
606 212
600 218
598 224
598 230
598 236
600 242
601 248
604 254
606 260
610 266
614 272
618 278
624 284
630 289
636 293
642 296
648 298
654 299
660 300
666 300
672 299
678 297
684 295
690 291
696 285
700 279
702 273
703 267
702 261
700 255
695 249
689 247
683 246
677 245
671 242
668 236
667 230
667 224
669 218
671 212
674 206
677 200
681 194
686 188
692 182
698 178
704 175
710 173
716 172
722 173
728 176
734 181
738 187
740 193
742 199
745 205
749 211
755 216
761 220
767 222
773 222
779 222
785 220
791 217
797 212
802 206
804 200
805 194
806 188
806 182
807 176
809 170
813 164
819 158
825 155
831 153
837 153
843 153
849 154
855 156
861 160
867 164
873 170
877 176
881 182
883 188
885 194
887 200
887 206
887 212
886 218
883 224
878 230
872 236
869 242
868 248
869 254
870 260
872 266
875 272
880 278
886 284
892 288
898 291
904 294
910 295
916 296
922 297
928 297
934 296
940 295
946 293
952 290
958 286
964 282
970 276
974 270
978 264
980 258
982 252
983 246
984 240
984 234
983 228
981 222
978 216
972 212
966 209
960 203
958 197
957 191
956 185
956 179
957 173
959 167
960 161
963 155
966 149
971 143
976 137
982 132
988 128
994 125
1000 123
1006 122
1012 121
1018 121
1024 122
1030 123
1036 126
1042 129
1048 133
1054 138
1058 144
1062 150
1064 156
1065 162
1064 168
1063 174
1058 180
1052 184
1046 188
1042 194
1040 200
1040 206
1041 212
1043 218
1046 224
1050 230
1056 236
1062 240
1068 243
1074 244
1080 244
1086 243
1092 241
1098 237
1104 233
1110 228
1116 225
1122 222
1128 221
1134 220
1140 221
1146 223
1152 225
1158 230
1162 236
1164 242
1164 248
1164 254
1164 260
1166 266
1170 272
1176 276
1182 279
1188 279
1194 279
0 277
6 275
12 271
18 265
22 259
26 253
28 247
30 241
32 235
33 229
34 223
35 217
35 211
35 205
34 199
31 193
25 190
19 190
13 191
7 189
2 183
1199 177
1198 171
1198 165
1198 159
