0 215
6 215
12 215
18 215
24 214
30 214
36 214
42 213
48 213
54 213
60 214
66 214
72 214
78 214
84 215
90 215
96 215
102 215
108 216
114 216
120 215
126 215
132 215
138 215
144 215
150 214
156 214
162 214
168 214
174 214
180 214
186 214
192 214
198 215
204 215
210 215
216 215
222 215
228 215
234 215
240 215
246 215
252 215
258 215
264 215
270 215
276 215
282 215
288 215
294 215
300 215
306 215
312 215
318 215
324 215
330 215
336 215
342 215
348 215
354 215
360 215
366 215
372 215
378 214
384 214
390 214
396 213
402 213
408 213
414 212
420 212
426 212
432 213
438 213
444 213
450 214
456 214
462 215
468 215
474 216
480 216
486 216
492 216
498 216
504 216
510 216
516 216
522 216
528 216
534 215
540 215
546 215
552 215
558 215
564 214
570 214
576 214
582 214
588 214
594 214
600 214
606 214
612 214
618 214
624 215
630 215
636 215
642 215
648 216
654 216
660 216
666 216
672 216
678 216
684 215
690 215
696 215
702 215
708 215
714 214
720 214
726 214
732 214
738 214
744 215
750 215
756 215
762 215
768 215
774 215
780 215
786 215
792 215
798 214
804 214
810 214
816 214
822 214
828 214
834 214
840 214
846 214
852 215
858 215
864 215
870 215
876 215
882 215
888 215
894 215
900 215
906 215
912 215
918 215
924 215
930 215
936 215
942 215
948 215
954 215
960 215
966 215
972 215
978 215
984 214
990 214
996 214
1002 214
1008 214
1014 214
1020 214
1026 214
1032 214
1038 214
1044 214
1050 214
1056 214
1062 215
1068 215
1074 215
1080 215
1086 215
1092 215
1098 215
1104 215
1110 215
1116 215
1122 215
1128 215
1134 215
1140 215
1146 215
1152 215
1158 215
1164 215
1170 215
1176 215
1182 215
1188 215
