0 163
1 169
2 175
3 181
3 187
4 193
4 199
4 205
5 211
4 217
4 223
3 229
0 235
1194 237
1188 232
1184 226
1180 220
1177 214
1173 208
1169 202
1163 197
1157 197
1153 203
1152 209
1151 215
1151 221
1151 227
1152 233
1152 239
1153 245
1154 251
1155 257
1157 263
1159 269
1161 275
1163 281
1165 287
1168 293
1172 299
1176 305
1181 311
1187 317
1193 321
1199 325
5 327
11 329
17 330
23 331
29 331
35 330
41 328
47 326
53 323
59 319
65 313
70 307
74 301
77 295
80 289
82 283
84 277
85 271
87 265
88 259
88 253
89 247
89 241
89 235
89 229
89 223
89 217
88 211
85 205
79 202
73 206
68 212
64 218
60 224
56 230
52 236
46 240
40 241
36 235
34 229
34 223
34 217
34 211
35 205
35 199
36 193
37 187
39 181
40 175
41 169
43 163
45 157
47 151
49 145
52 139
55 133
58 127
62 121
67 115
73 109
79 105
85 101
91 98
97 96
103 95
109 95
115 95
121 96
127 97
133 99
139 102
145 106
151 111
156 117
161 123
165 129
168 135
170 141
172 147
174 153
176 159
177 165
178 171
179 177
180 183
180 189
180 195
180 201
180 207
179 213
177 219
172 225
166 226
160 222
155 216
150 210
146 204
141 198
135 194
129 194
124 200
123 206
122 212
123 218
123 224
124 230
125 236
127 242
128 248
130 254
132 260
134 266
136 272
139 278
142 284
145 290
149 296
153 302
159 308
165 313
171 317
177 320
183 322
189 324
195 325
201 325
207 325
213 324
219 322
225 320
231 317
237 313
243 308
249 302
254 296
258 290
261 284
264 278
267 272
269 266
271 260
273 254
274 248
275 242
276 236
276 230
276 224
275 218
273 212
267 206
261 206
255 210
250 216
244 222
238 228
232 231
226 229
222 223
220 217
220 211
219 205
220 199
220 193
221 187
222 181
223 175
225 169
227 163
228 157
230 151
233 145
235 139
238 133
242 127
246 121
250 115
256 109
262 104
268 100
274 96
280 94
286 92
292 90
298 89
304 89
310 89
316 90
322 91
328 93
334 95
340 98
346 102
352 107
358 113
362 119
366 125
370 131
372 137
375 143
377 149
378 155
380 161
381 167
382 173
383 179
383 185
384 191
384 197
384 203
384 209
384 215
384 221
383 227
382 233
380 239
377 245
371 247
365 244
360 238
356 232
353 226
349 220
343 216
337 216
332 222
330 228
328 234
328 240
327 246
327 252
327 258
328 264
329 270
330 276
331 282
333 288
335 294
338 300
341 306
344 312
349 318
354 324
360 330
366 334
372 338
378 340
384 343
390 344
396 346
402 347
408 347
414 347
420 346
426 345
432 344
438 342
444 340
450 336
456 332
462 327
467 321
471 315
474 309
476 303
478 297
479 291
480 285
480 279
480 273
480 267
479 261
478 255
476 249
474 243
470 237
464 232
458 233
452 238
447 244
443 250
437 255
431 257
425 255
421 249
419 243
418 237
418 231
418 225
419 219
420 213
421 207
423 201
424 195
426 189
428 183
430 177
432 171
435 165
437 159
440 153
443 147
447 141
451 135
456 129
462 123
468 118
474 114
480 111
486 109
492 108
498 107
504 107
510 107
516 109
522 111
528 113
534 117
540 122
545 128
550 134
553 140
556 146
558 152
560 158
562 164
563 170
563 176
564 182
563 188
562 194
559 200
553 204
547 204
541 202
535 200
529 198
523 199
518 205
516 211
516 217
517 223
519 229
521 235
524 241
527 247
531 253
536 259
541 265
546 271
552 276
558 280
564 284
570 287
576 289
582 290
588 290
594 290
600 289
606 287
612 284
618 281
624 276
630 270
635 264
639 258
643 252
646 246
649 240
651 234
653 228
654 222
655 216
654 210
652 204
646 199
640 199
634 201
628 203
622 205
616 204
610 198
608 192
608 186
608 180
608 174
609 168
611 162
612 156
615 150
617 144
620 138
624 132
629 126
635 121
641 116
647 113
653 111
659 109
665 108
671 108
677 109
683 110
689 112
695 115
701 119
707 124
713 130
717 136
721 142
724 148
726 154
729 160
731 166
732 172
734 178
735 184
736 190
737 196
738 202
738 208
739 214
738 220
738 226
736 232
730 238
724 237
718 233
712 228
706 224
700 224
695 230
693 236
692 242
691 248
691 254
691 260
691 266
691 272
692 278
694 284
696 290
698 296
701 302
705 308
710 314
716 319
722 323
728 326
734 329
740 330
746 332
752 332
758 333
764 332
770 331
776 330
782 328
788 325
794 322
800 318
806 313
811 307
816 301
819 295
822 289
825 283
827 277
828 271
829 265
829 259
829 253
828 247
826 241
823 235
817 231
811 231
805 234
799 238
793 242
787 244
781 241
777 235
775 229
775 223
775 217
775 211
775 205
776 199
777 193
778 187
780 181
781 175
783 169
785 163
787 157
789 151
792 145
796 139
800 133
804 127
810 121
816 116
822 112
828 109
834 106
840 104
846 102
852 101
858 100
864 100
870 101
876 101
882 102
888 104
894 106
900 109
906 112
912 115
918 120
924 124
930 130
936 136
941 142
945 148
950 154
953 160
957 166
961 172
964 178
967 184
970 190
972 196
975 202
977 208
978 214
980 220
981 226
981 232
980 238
979 244
975 250
969 253
963 252
957 250
951 249
945 250
940 256
937 262
936 268
936 274
936 280
937 286
938 292
940 298
943 304
946 310
950 316
955 322
961 327
967 332
973 335
979 338
985 341
991 342
997 344
1003 345
1009 345
1015 345
1021 345
1027 345
1033 344
1039 342
1045 340
1051 338
1057 335
1063 332
1069 327
1075 322
1081 316
1085 310
1089 304
1092 298
1095 292
1098 286
1100 280
1102 274
1104 268
1105 262
1107 256
1108 250
1109 244
1110 238
1111 232
1111 226
1112 220
1111 214
1111 208
1109 202
1107 196
1101 191
1095 191
1089 195
1085 201
1081 207
1078 213
1074 219
1068 223
1062 222
1056 217
1052 211
1050 205
1048 199
1046 193
1045 187
1045 181
1044 175
1045 169
1045 163
1046 157
1047 151
1048 145
1050 139
1052 133
1054 127
1057 121
1061 115
1065 109
1071 103
1077 97
1083 93
1089 89
1095 86
1101 84
1107 83
1113 82
1119 81
1125 81
1131 81
1137 82
1143 84
1149 86
1155 89
1161 92
1167 97
1173 102
1178 108
1182 114
1186 120
1189 126
1192 132
1194 138
1196 144
1197 150
1199 156
