0 209
6 210
12 211
18 212
24 212
30 212
36 211
42 210
48 209
54 208
60 206
66 204
72 202
78 200
84 198
90 197
96 196
102 195
108 195
114 195
120 196
126 197
132 198
138 199
144 201
150 203
156 204
162 206
168 207
174 209
180 209
186 210
192 210
198 210
204 210
210 210
216 209
222 208
228 207
234 206
240 204
246 203
252 202
258 201
264 200
270 199
276 198
282 198
288 197
294 197
300 197
306 197
312 197
318 197
324 198
330 199
336 200
342 201
348 202
354 203
360 205
366 206
372 208
378 209
384 210
390 211
396 212
402 212
408 213
414 212
420 212
426 212
432 211
438 210
444 209
450 207
456 206
462 204
468 203
474 202
480 201
486 200
492 199
498 198
504 198
510 198
516 198
522 198
528 199
534 200
540 201
546 202
552 203
558 204
564 205
570 206
576 207
582 207
588 208
594 207
600 207
606 207
612 206
618 205
624 203
630 202
636 201
642 200
648 199
654 198
660 197
666 197
672 197
678 198
684 199
690 200
696 201
702 202
708 204
714 205
720 207
726 208
732 209
738 210
744 210
750 210
756 210
762 210
768 209
774 208
780 207
786 206
792 205
798 204
804 202
810 201
816 201
822 200
828 199
834 199
840 198
846 198
852 198
858 198
864 198
870 198
876 199
882 199
888 199
894 199
900 200
906 200
912 201
918 201
924 202
930 202
936 203
942 203
948 204
954 205
960 206
966 206
972 207
978 208
984 209
990 210
996 210
1002 211
1008 211
1014 212
1020 212
1026 212
1032 212
1038 211
1044 211
1050 210
1056 209
1062 208
1068 206
1074 205
1080 204
1086 202
1092 201
1098 199
1104 198
1110 197
1116 196
1122 196
1128 195
1134 195
1140 195
1146 196
1152 197
1158 198
1164 199
1170 201
1176 202
1182 204
1188 206
