0 206
6 206
12 206
18 206
24 206
30 206
36 206
42 206
48 206
54 206
60 206
66 205
72 205
78 205
84 205
90 205
96 205
102 205
108 204
114 205
120 205
126 205
132 205
138 205
144 205
150 205
156 206
162 206
168 206
174 206
180 206
186 206
192 206
198 206
204 206
210 206
216 206
222 206
228 206
234 205
240 205
246 205
252 205
258 205
264 205
270 205
276 205
282 205
288 205
294 205
300 205
306 205
312 205
318 205
324 205
330 205
336 205
342 205
348 205
354 205
360 206
366 206
372 206
378 206
384 206
390 206
396 206
402 206
408 206
414 206
420 206
426 206
432 206
438 206
444 206
450 206
456 206
462 206
468 205
474 205
480 205
486 205
492 205
498 205
504 205
510 205
516 205
522 205
528 205
534 205
540 205
546 205
552 205
558 205
564 205
570 206
576 206
582 206
588 206
594 206
600 206
606 206
612 206
618 205
624 205
630 205
636 205
642 205
648 205
654 205
660 205
666 205
672 205
678 205
684 205
690 205
696 205
702 205
708 205
714 206
720 206
726 206
732 206
738 206
744 206
750 206
756 206
762 206
768 206
774 206
780 206
786 205
792 205
798 205
804 205
810 205
816 205
822 205
828 205
834 205
840 205
846 205
852 205
858 205
864 205
870 205
876 205
882 205
888 205
894 205
900 205
906 205
912 205
918 205
924 205
930 205
936 205
942 205
948 206
954 206
960 206
966 206
972 206
978 206
984 206
990 206
996 206
1002 206
1008 206
1014 206
1020 206
1026 206
1032 206
1038 206
1044 206
1050 206
1056 206
1062 206
1068 206
1074 206
1080 205
1086 205
1092 205
1098 205
1104 205
1110 205
1116 205
1122 205
1128 205
1134 205
1140 205
1146 205
1152 205
1158 205
1164 205
1170 205
1176 205
1182 205
1188 206
