0 226
6 229
12 231
18 233
24 233
30 233
36 231
42 229
48 226
54 222
60 216
66 210
72 204
78 198
84 194
90 191
96 189
102 187
108 187
114 187
120 188
126 190
132 192
138 196
144 201
150 206
156 211
162 216
168 221
174 224
180 227
186 228
192 229
198 229
204 229
210 228
216 226
222 224
228 220
234 217
240 213
246 209
252 205
258 202
264 198
270 196
276 193
282 192
288 190
294 189
300 189
306 189
312 190
318 191
324 192
330 194
336 197
342 200
348 204
354 208
360 213
366 217
372 222
378 225
384 228
390 231
396 233
402 234
408 234
414 234
420 233
426 232
432 230
438 227
444 223
450 219
456 215
462 210
468 206
474 202
480 199
486 196
492 195
498 193
504 193
510 193
516 193
522 194
528 196
534 199
540 201
546 205
552 208
558 212
564 215
570 218
576 220
582 221
588 221
594 221
600 220
606 218
612 216
618 213
624 209
630 205
636 202
642 199
648 196
654 194
660 193
666 192
672 193
678 193
684 195
690 198
696 201
702 205
708 210
714 214
720 218
726 222
732 225
738 227
744 228
750 228
756 228
762 227
768 226
774 224
780 221
786 218
792 214
798 211
804 207
810 204
816 201
822 199
828 197
834 196
840 195
846 194
852 194
858 194
864 194
870 195
876 195
882 196
888 197
894 197
900 198
906 199
912 201
918 202
924 203
930 205
936 206
942 208
948 210
954 212
960 214
966 217
972 219
978 222
984 224
990 226
996 228
1002 230
1008 231
1014 232
1020 232
1026 232
1032 232
1038 231
1044 229
1050 227
1056 224
1062 221
1068 217
1074 212
1080 208
1086 203
1092 199
1098 195
1104 192
1110 189
1116 187
1122 186
1128 186
1134 186
1140 186
1146 187
1152 189
1158 192
1164 196
1170 200
1176 205
1182 211
1188 217
