0 211
6 211
12 211
18 211
24 211
30 211
36 211
42 211
48 211
54 210
60 210
66 210
72 209
78 209
84 208
90 208
96 208
102 208
108 208
114 208
120 208
126 208
132 208
138 209
144 209
150 209
156 210
162 210
168 210
174 211
180 211
186 211
192 211
198 211
204 211
210 211
216 211
222 210
228 210
234 210
240 210
246 209
252 209
258 209
264 209
270 209
276 208
282 208
288 208
294 208
300 208
306 208
312 208
318 208
324 208
330 208
336 209
342 209
348 209
354 210
360 210
366 210
372 211
378 211
384 211
390 211
396 212
402 212
408 212
414 212
420 212
426 211
432 211
438 211
444 211
450 210
456 210
462 210
468 210
474 209
480 209
486 209
492 209
498 208
504 208
510 208
516 208
522 208
528 208
534 209
540 209
546 209
552 209
558 210
564 210
570 210
576 210
582 210
588 210
594 210
600 210
606 210
612 210
618 210
624 209
630 209
636 209
642 209
648 208
654 208
660 208
666 208
672 208
678 208
684 208
690 209
696 209
702 209
708 210
714 210
720 210
726 211
732 211
738 211
744 211
750 211
756 211
762 211
768 211
774 210
780 210
786 210
792 210
798 209
804 209
810 209
816 209
822 209
828 208
834 208
840 208
846 208
852 208
858 208
864 208
870 208
876 208
882 208
888 209
894 209
900 209
906 209
912 209
918 209
924 209
930 209
936 209
942 210
948 210
954 210
960 210
966 210
972 211
978 211
984 211
990 211
996 211
1002 211
1008 212
1014 212
1020 212
1026 212
1032 212
1038 211
1044 211
1050 211
1056 211
1062 211
1068 210
1074 210
1080 210
1086 209
1092 209
1098 209
1104 208
1110 208
1116 208
1122 208
1128 208
1134 208
1140 208
1146 208
1152 208
1158 208
1164 208
1170 209
1176 209
1182 210
1188 210
