0 288
6 291
12 292
18 293
24 294
30 293
36 292
42 290
48 287
54 283
60 278
65 272
68 266
71 260
73 254
74 248
75 242
74 236
73 230
70 224
65 218
60 212
56 206
54 200
53 194
53 188
54 182
55 176
57 170
60 164
63 158
67 152
72 146
78 141
84 138
90 135
96 133
102 131
108 131
114 131
120 132
126 133
132 136
138 139
144 144
150 150
155 156
158 162
160 168
162 174
163 180
163 186
163 192
161 198
159 204
155 210
151 216
148 222
146 228
146 234
146 240
147 246
149 252
152 258
155 264
160 270
166 276
172 280
178 283
184 286
190 287
196 288
202 288
208 287
214 285
220 283
226 280
232 276
238 270
243 264
246 258
249 252
250 246
251 240
252 234
251 228
249 222
246 216
243 210
241 204
240 198
240 192
240 186
241 180
243 174
246 168
249 162
253 156
258 150
264 145
270 140
276 137
282 135
288 133
294 132
300 131
306 131
312 131
318 133
324 134
330 137
336 140
342 144
348 149
354 155
358 161
361 167
364 173
366 179
367 185
368 191
368 197
368 203
366 209
364 215
360 221
356 227
353 233
351 239
350 245
350 251
351 257
353 263
356 269
359 275
363 281
369 287
375 292
381 295
387 298
393 300
399 301
405 302
411 302
417 301
423 300
429 298
435 296
441 292
447 288
452 282
457 276
460 270
462 264
463 258
463 252
463 246
461 240
458 234
455 228
451 222
448 216
446 210
446 204
446 198
447 192
448 186
450 180
453 174
457 168
461 162
467 156
473 152
479 148
485 146
491 144
497 143
503 143
509 143
515 144
521 146
527 149
533 153
539 159
543 165
546 171
548 177
550 183
550 189
549 195
548 201
547 207
546 213
546 219
546 225
548 231
550 237
553 243
558 249
564 254
570 258
576 261
582 262
588 263
594 262
600 261
606 259
612 255
618 250
623 244
626 238
628 232
629 226
630 220
629 214
628 208
627 202
625 196
625 190
625 184
626 178
628 172
630 166
635 160
641 154
647 150
653 147
659 145
665 144
671 144
677 144
683 146
689 148
695 151
701 156
707 162
711 168
714 174
716 180
718 186
719 192
719 198
718 204
716 210
714 216
711 222
708 228
706 234
706 240
706 246
707 252
709 258
712 264
716 270
721 276
727 280
733 284
739 286
745 287
751 288
757 288
763 287
769 286
775 283
781 280
787 276
793 270
797 264
800 258
802 252
803 246
803 240
803 234
801 228
799 222
797 216
795 210
795 204
795 198
796 192
797 186
800 180
803 174
807 168
812 162
818 157
824 153
830 150
836 148
842 146
848 145
854 144
860 144
866 144
872 145
878 146
884 147
890 149
896 151
902 154
908 157
914 161
920 165
926 170
932 175
938 181
943 187
948 193
952 199
955 205
957 211
959 217
960 223
961 229
961 235
962 241
962 247
963 253
965 259
967 265
970 271
975 277
980 283
986 287
992 291
998 294
1004 296
1010 297
1016 298
1022 298
1028 298
1034 297
1040 296
1046 294
1052 291
1058 287
1064 282
1070 276
1075 270
1078 264
1081 258
1083 252
1085 246
1085 240
1085 234
1084 228
1082 222
1079 216
1074 210
1070 204
1067 198
1066 192
1065 186
1065 180
1066 174
1068 168
1070 162
1073 156
1077 150
1082 144
1088 138
1094 134
1100 130
1106 128
1112 126
1118 125
1124 124
1130 124
1136 125
1142 126
1148 128
1154 130
1160 133
1166 138
1172 143
1177 149
1181 155
1184 161
1187 167
1188 173
1190 179
1190 185
1190 191
1190 197
1188 203
1185 209
1180 215
1175 221
1172 227
1170 233
1170 239
1170 245
1171 251
1173 257
1176 263
1179 269
1183 275
1189 281
