0 216
6 217
12 217
18 217
24 218
30 218
36 217
42 217
48 217
54 216
60 216
66 215
72 214
78 214
84 213
90 212
96 212
102 212
108 212
114 212
120 212
126 212
132 213
138 213
144 214
150 214
156 215
162 216
168 216
174 216
180 217
186 217
192 217
198 217
204 217
210 217
216 216
222 216
228 216
234 215
240 215
246 214
252 214
258 214
264 213
270 213
276 213
282 213
288 213
294 212
300 212
306 212
312 212
318 213
324 213
330 213
336 213
342 214
348 214
354 215
360 215
366 216
372 216
378 217
384 217
390 217
396 218
402 218
408 218
414 218
420 218
426 218
432 217
438 217
444 217
450 216
456 216
462 215
468 215
474 214
480 214
486 214
492 213
498 213
504 213
510 213
516 213
522 213
528 213
534 213
540 214
546 214
552 214
558 215
564 215
570 215
576 216
582 216
588 216
594 216
600 216
606 216
612 215
618 215
624 215
630 214
636 214
642 213
648 213
654 213
660 212
666 212
672 212
678 213
684 213
690 213
696 214
702 214
708 215
714 215
720 216
726 216
732 217
738 217
744 217
750 217
756 217
762 217
768 216
774 216
780 216
786 215
792 215
798 215
804 214
810 214
816 214
822 213
828 213
834 213
840 213
846 213
852 213
858 213
864 213
870 213
876 213
882 213
888 213
894 213
900 213
906 214
912 214
918 214
924 214
930 214
936 215
942 215
948 215
954 215
960 216
966 216
972 216
978 216
984 217
990 217
996 217
1002 217
1008 218
1014 218
1020 218
1026 218
1032 218
1038 218
1044 217
1050 217
1056 217
1062 216
1068 216
1074 215
1080 215
1086 214
1092 214
1098 213
1104 213
1110 213
1116 212
1122 212
1128 212
1134 212
1140 212
1146 212
1152 212
1158 213
1164 213
1170 214
1176 214
1182 215
1188 215
