0 169
1 175
2 181
2 187
2 193
2 199
2 205
0 211
1197 217
1191 219
1185 217
1179 213
1173 208
1167 205
1161 206
1157 212
1156 218
1155 224
1155 230
1155 236
1156 242
1157 248
1159 254
1160 260
1163 266
1165 272
1168 278
1172 284
1176 290
1181 296
1187 302
1193 306
1199 310
5 312
11 314
17 315
23 316
29 315
35 314
41 313
47 310
53 307
59 303
65 297
70 291
74 285
77 279
80 273
82 267
83 261
85 255
86 249
87 243
87 237
87 231
87 225
86 219
83 213
77 209
71 210
65 214
59 219
53 222
47 222
41 216
39 210
38 204
38 198
39 192
40 186
41 180
42 174
43 168
45 162
47 156
49 150
52 144
55 138
58 132
62 126
68 120
74 114
80 110
86 107
92 104
98 102
104 101
110 101
116 101
122 102
128 104
134 106
140 109
146 113
152 118
157 124
161 130
165 136
168 142
170 148
172 154
174 160
175 166
176 172
177 178
177 184
176 190
176 196
174 202
170 208
164 211
158 210
152 206
146 203
140 201
134 203
130 209
129 215
129 221
129 227
130 233
131 239
133 245
134 251
137 257
139 263
142 269
145 275
149 281
154 287
159 293
165 298
171 302
177 305
183 307
189 309
195 309
201 310
207 309
213 308
219 307
225 304
231 301
237 297
243 292
248 286
253 280
257 274
260 268
263 262
265 256
267 250
268 244
269 238
269 232
269 226
268 220
264 214
258 211
252 211
246 213
240 215
234 214
228 208
226 202
225 196
225 190
225 184
226 178
227 172
229 166
231 160
233 154
235 148
238 142
241 136
245 130
249 124
255 118
261 113
267 108
273 105
279 102
285 100
291 99
297 98
303 97
309 98
315 98
321 99
327 101
333 103
339 106
345 110
351 115
357 121
362 127
366 133
369 139
372 145
374 151
376 157
378 163
379 169
380 175
381 181
381 187
382 193
382 199
381 205
380 211
379 217
376 223
370 228
364 228
358 225
352 221
346 219
340 221
336 227
334 233
333 239
332 245
332 251
333 257
334 263
336 269
337 275
340 281
342 287
346 293
350 299
354 305
360 311
366 316
372 320
378 323
384 326
390 327
396 329
402 330
408 330
414 330
420 329
426 328
432 327
438 324
444 321
450 317
456 312
462 306
466 300
470 294
472 288
474 282
476 276
476 270
477 264
477 258
476 252
474 246
472 240
468 234
462 231
456 232
450 234
444 236
438 236
432 233
429 227
427 221
426 215
426 209
427 203
428 197
429 191
430 185
432 179
434 173
436 167
439 161
442 155
445 149
449 143
453 137
459 131
465 126
471 122
477 118
483 116
489 114
495 113
501 113
507 113
513 114
519 116
525 118
531 121
537 126
543 132
548 138
551 144
554 150
556 156
558 162
559 168
559 174
559 180
557 186
554 192
548 196
542 198
536 200
530 205
528 211
527 217
528 223
530 229
532 235
535 241
538 247
543 253
548 259
554 264
560 269
566 272
572 275
578 276
584 277
590 278
596 277
602 276
608 274
614 270
620 266
626 261
631 255
635 249
638 243
641 237
643 231
645 225
645 219
645 213
643 207
638 201
632 199
626 197
620 194
615 188
614 182
613 176
613 170
614 164
616 158
618 152
620 146
624 140
628 134
634 128
640 123
646 120
652 117
658 115
664 114
670 114
676 114
682 116
688 117
694 120
700 124
706 128
711 134
716 140
720 146
723 152
726 158
728 164
730 170
731 176
732 182
733 188
733 194
733 200
732 206
731 212
727 218
721 221
715 222
709 222
703 223
697 229
695 235
694 241
694 247
694 253
694 259
695 265
697 271
699 277
702 283
706 289
710 295
716 300
722 305
728 308
734 311
740 313
746 314
752 315
758 315
764 314
770 313
776 312
782 309
788 306
794 302
800 297
806 291
810 285
814 279
817 273
819 267
820 261
821 255
821 249
821 243
819 237
815 231
809 228
803 227
797 227
791 226
785 221
782 215
781 209
780 203
781 197
781 191
782 185
783 179
785 173
787 167
789 161
792 155
795 149
798 143
803 137
808 131
814 126
820 122
826 118
832 115
838 113
844 111
850 110
856 109
862 109
868 109
874 110
880 111
886 113
892 115
898 117
904 120
910 123
916 127
922 132
928 137
934 143
939 149
944 155
949 161
953 167
956 173
960 179
963 185
965 191
968 197
969 203
971 209
972 215
972 221
972 227
970 233
964 239
958 243
952 246
948 252
946 258
945 264
945 270
947 276
948 282
951 288
954 294
958 300
964 306
970 312
976 316
982 320
988 322
994 324
1000 326
1006 327
1012 328
1018 328
1024 328
1030 327
1036 326
1042 324
1048 322
1054 319
1060 316
1066 311
1072 306
1078 300
1083 294
1087 288
1090 282
1093 276
1096 270
1098 264
1100 258
1102 252
1103 246
1104 240
1105 234
1105 228
1105 222
1104 216
1103 210
1100 204
1094 200
1088 200
1082 204
1076 208
1070 210
1064 209
1058 203
1054 197
1052 191
1051 185
1050 179
1050 173
1050 167
1050 161
1051 155
1052 149
1054 143
1056 137
1059 131
1062 125
1066 119
1071 113
1077 108
1083 103
1089 99
1095 96
1101 94
1107 92
1113 91
1119 90
1125 90
1131 90
1137 91
1143 92
1149 94
1155 97
1161 100
1167 104
1173 110
1179 116
1183 122
1187 128
1190 134
1192 140
1194 146
1196 152
1198 158
