0 273
6 276
12 278
18 279
24 279
30 279
36 278
42 276
48 272
54 268
59 262
63 256
65 250
67 244
68 238
67 232
66 226
65 220
63 214
62 208
61 202
62 196
62 190
64 184
66 178
70 172
75 166
81 160
87 156
93 153
99 152
105 151
111 150
117 151
123 153
129 155
135 158
141 163
146 169
150 175
153 181
155 187
156 193
156 199
156 205
155 211
154 217
153 223
153 229
153 235
154 241
156 247
160 253
164 259
170 264
176 268
182 271
188 273
194 274
200 274
206 273
212 272
218 270
224 266
230 262
235 256
239 250
242 244
244 238
245 232
246 226
246 220
246 214
246 208
246 202
247 196
249 190
252 184
255 178
259 172
265 166
271 162
277 158
283 156
289 154
295 153
301 152
307 152
313 153
319 154
325 156
331 159
337 163
343 168
348 174
353 180
356 186
358 192
359 198
360 204
360 210
360 216
359 222
359 228
358 234
358 240
359 246
361 252
363 258
367 264
372 270
378 275
384 279
390 281
396 283
402 284
408 285
414 284
420 284
426 282
432 279
438 276
444 271
449 265
453 259
455 253
457 247
457 241
457 235
456 229
456 223
455 217
455 211
455 205
457 199
459 193
462 187
466 181
471 175
477 170
483 167
489 164
495 163
501 162
507 162
513 163
519 164
525 167
531 171
537 177
541 183
544 189
546 195
547 201
549 207
549 213
550 219
552 225
554 231
558 237
563 243
569 248
575 251
581 253
587 254
593 253
599 252
605 250
611 246
617 240
621 234
624 228
625 222
627 216
627 210
628 204
629 198
630 192
633 186
636 180
641 174
647 169
653 166
659 164
665 163
671 163
677 164
683 165
689 168
695 172
701 178
705 184
708 190
710 196
711 202
712 208
712 214
711 220
711 226
711 232
711 238
713 244
715 250
719 256
724 262
730 266
736 269
742 271
748 272
754 273
760 272
766 271
772 269
778 265
784 261
789 255
793 249
795 243
797 237
798 231
799 225
799 219
800 213
801 207
802 201
805 195
808 189
813 183
819 178
825 173
831 170
837 168
843 166
849 165
855 165
861 164
867 165
873 166
879 167
885 169
891 171
897 173
903 175
909 178
915 182
921 185
927 190
933 194
939 200
945 206
950 212
954 218
957 224
961 230
963 236
966 242
969 248
973 254
977 260
983 266
989 271
995 274
1001 277
1007 279
1013 280
1019 281
1025 281
1031 280
1037 279
1043 277
1049 275
1055 271
1061 266
1067 260
1071 254
1074 248
1076 242
1077 236
1077 230
1077 224
1076 218
1075 212
1074 206
1074 200
1074 194
1075 188
1077 182
1080 176
1083 170
1088 164
1094 158
1100 154
1106 150
1112 148
1118 147
1124 146
1130 145
1136 146
1142 147
1148 149
1154 152
1160 155
1166 160
1171 166
1175 172
1178 178
1180 184
1182 190
1183 196
1183 202
1182 208
1181 214
1179 220
1178 226
1177 232
1177 238
1178 244
1180 250
1183 256
1187 262
1193 268
