0 209
6 209
12 209
18 209
24 209
30 209
36 209
42 209
48 209
54 209
60 209
66 209
72 209
78 208
84 208
90 208
96 208
102 208
108 208
114 208
120 208
126 208
132 208
138 208
144 209
150 209
156 209
162 209
168 209
174 209
180 209
186 209
192 209
198 209
204 209
210 209
216 209
222 209
228 209
234 209
240 209
246 209
252 209
258 209
264 208
270 208
276 208
282 208
288 208
294 208
300 208
306 208
312 208
318 208
324 208
330 208
336 208
342 209
348 209
354 209
360 209
366 209
372 209
378 209
384 209
390 209
396 209
402 210
408 210
414 210
420 209
426 209
432 209
438 209
444 209
450 209
456 209
462 209
468 209
474 209
480 209
486 209
492 208
498 208
504 208
510 208
516 208
522 208
528 208
534 208
540 208
546 208
552 209
558 209
564 209
570 209
576 209
582 209
588 209
594 209
600 209
606 209
612 209
618 209
624 209
630 209
636 208
642 208
648 208
654 208
660 208
666 208
672 208
678 208
684 208
690 208
696 208
702 209
708 209
714 209
720 209
726 209
732 209
738 209
744 209
750 209
756 209
762 209
768 209
774 209
780 209
786 209
792 209
798 209
804 209
810 208
816 208
822 208
828 208
834 208
840 208
846 208
852 208
858 208
864 208
870 208
876 208
882 208
888 208
894 208
900 208
906 208
912 209
918 209
924 209
930 209
936 209
942 209
948 209
954 209
960 209
966 209
972 209
978 209
984 209
990 209
996 209
1002 209
1008 209
1014 210
1020 210
1026 210
1032 210
1038 209
1044 209
1050 209
1056 209
1062 209
1068 209
1074 209
1080 209
1086 209
1092 209
1098 209
1104 208
1110 208
1116 208
1122 208
1128 208
1134 208
1140 208
1146 208
1152 208
1158 208
1164 208
1170 208
1176 209
1182 209
1188 209
