0 227
6 230
12 232
18 234
24 234
30 234
36 232
42 230
48 226
54 221
60 215
65 209
69 203
74 197
80 191
86 187
92 184
98 182
104 181
110 180
116 181
122 182
128 185
134 188
140 192
146 198
152 204
157 210
163 216
169 221
175 225
181 227
187 229
193 230
199 230
205 229
211 228
217 226
223 223
229 219
235 215
241 210
247 206
253 201
259 197
265 193
271 190
277 187
283 186
289 184
295 183
301 183
307 183
313 184
319 185
325 187
331 189
337 192
343 196
349 201
355 206
361 212
367 217
373 222
379 226
385 230
391 232
397 234
403 235
409 235
415 235
421 234
427 232
433 230
439 227
445 223
451 218
457 212
463 207
469 202
475 197
481 194
487 191
493 189
499 188
505 187
511 187
517 188
523 190
529 192
535 195
541 198
547 202
553 206
559 211
565 214
571 217
577 219
583 220
589 221
595 220
601 219
607 217
613 214
619 210
625 206
631 201
637 197
643 193
649 191
655 189
661 187
667 187
673 187
679 188
685 191
691 193
697 197
703 202
709 208
715 213
721 218
727 222
733 225
739 227
745 228
751 229
757 229
763 227
769 226
775 223
781 220
787 216
793 212
799 208
805 204
811 200
817 197
823 194
829 192
835 191
841 190
847 189
853 189
859 189
865 189
871 190
877 190
883 191
889 192
895 193
901 194
907 195
913 197
919 198
925 200
931 201
937 203
943 205
949 208
955 210
961 213
967 216
973 219
979 221
985 224
991 227
997 229
1003 231
1009 232
1015 233
1021 233
1027 233
1033 232
1039 231
1045 229
1051 227
1057 223
1063 219
1069 215
1075 209
1081 203
1087 198
1093 193
1099 189
1105 185
1111 183
1117 181
1123 180
1129 179
1135 179
1141 180
1147 181
1153 184
1159 187
1165 191
1171 196
1176 202
1181 208
1186 214
1192 220
