0 165
1 171
1 177
2 183
2 189
3 195
3 201
3 207
3 213
4 219
4 225
4 231
4 237
5 243
5 249
6 255
5 261
1199 263
1193 257
1190 251
1188 245
1186 239
1183 233
1181 227
1178 221
1176 215
1173 209
1170 203
1168 197
1165 191
1163 185
1159 179
1153 175
1148 181
1148 187
1148 193
1148 199
1149 205
1149 211
1150 217
1151 223
1151 229
1152 235
1153 241
1153 247
1154 253
1155 259
1156 265
1158 271
1159 277
1160 283
1162 289
1164 295
1167 301
1170 307
1173 313
1177 319
1182 325
1188 331
1194 336
0 339
6 342
12 344
18 345
24 346
30 346
36 345
42 343
48 341
54 338
60 334
66 329
71 323
75 317
78 311
80 305
82 299
84 293
85 287
86 281
87 275
87 269
88 263
88 257
88 251
88 245
88 239
88 233
88 227
88 221
88 215
88 209
88 203
88 197
87 191
81 186
75 191
72 197
69 203
67 209
64 215
62 221
59 227
56 233
53 239
51 245
48 251
46 257
43 263
37 268
31 267
28 261
28 255
29 249
29 243
29 237
30 231
31 225
31 219
32 213
33 207
34 201
34 195
35 189
37 183
38 177
39 171
41 165
42 159
44 153
46 147
48 141
50 135
53 129
56 123
59 117
64 111
68 105
74 100
80 95
86 91
92 89
98 87
104 85
110 85
116 85
122 86
128 88
134 90
140 93
146 97
152 103
157 109
162 115
165 121
168 127
170 133
172 139
174 145
176 151
177 157
178 163
179 169
180 175
181 181
182 187
182 193
183 199
183 205
183 211
184 217
184 223
184 229
184 235
183 241
181 247
175 251
169 249
165 243
162 237
159 231
157 225
153 219
150 213
147 207
143 201
140 195
137 189
134 183
128 177
122 177
117 183
117 189
117 195
117 201
118 207
119 213
120 219
121 225
122 231
123 237
124 243
126 249
127 255
129 261
130 267
132 273
134 279
136 285
139 291
142 297
145 303
148 309
152 315
158 321
164 327
170 331
176 335
182 337
188 339
194 340
200 340
206 340
212 339
218 338
224 336
230 333
236 330
242 325
248 319
253 313
257 307
261 301
264 295
267 289
269 283
272 277
274 271
276 265
277 259
279 253
280 247
281 241
282 235
283 229
284 223
284 217
284 211
283 205
282 199
277 193
271 191
265 194
260 200
257 206
254 212
251 218
247 224
244 230
241 236
238 242
235 248
229 254
223 255
217 251
215 245
214 239
214 233
214 227
214 221
215 215
215 209
216 203
217 197
218 191
219 185
220 179
221 173
223 167
224 161
226 155
228 149
230 143
232 137
234 131
237 125
240 119
243 113
247 107
252 101
258 95
264 90
270 86
276 83
282 80
288 78
294 77
300 76
306 76
312 76
318 77
324 78
330 80
336 82
342 85
348 89
354 95
360 101
365 107
368 113
371 119
374 125
376 131
377 137
379 143
380 149
381 155
382 161
383 167
383 173
383 179
384 185
384 191
384 197
384 203
384 209
384 215
384 221
383 227
383 233
383 239
382 245
382 251
382 257
382 263
381 269
380 275
374 279
368 275
365 269
362 263
360 257
359 251
357 245
354 239
352 233
350 227
348 221
347 215
344 209
339 203
333 203
329 209
327 215
326 221
325 227
324 233
324 239
324 245
324 251
324 257
324 263
325 269
325 275
326 281
327 287
328 293
329 299
331 305
333 311
335 317
338 323
341 329
345 335
351 341
357 347
363 351
369 354
375 357
381 359
387 360
393 361
399 362
405 363
411 363
417 363
423 362
429 361
435 360
441 359
447 357
453 354
459 350
465 346
471 340
475 334
478 328
481 322
482 316
483 310
484 304
484 298
484 292
483 286
482 280
481 274
479 268
477 262
475 256
473 250
470 244
467 238
463 232
457 227
451 230
448 236
445 242
443 248
441 254
438 260
436 266
434 272
431 278
428 284
422 289
416 289
410 286
407 280
406 274
406 268
406 262
407 256
408 250
408 244
409 238
411 232
412 226
413 220
415 214
416 208
418 202
420 196
422 190
424 184
427 178
429 172
432 166
434 160
437 154
440 148
443 142
447 136
451 130
455 124
460 118
466 113
472 108
478 105
484 102
490 100
496 99
502 98
508 98
514 99
520 101
526 104
532 107
538 112
544 118
549 124
552 130
555 136
558 142
560 148
562 154
563 160
565 166
566 172
567 178
568 184
568 190
568 196
568 202
568 208
567 214
563 220
557 223
551 221
545 217
540 211
534 205
528 199
522 193
516 190
510 189
504 191
499 197
497 203
497 209
499 215
501 221
503 227
507 233
510 239
514 245
519 251
523 257
528 263
533 269
539 275
545 281
551 286
557 290
563 294
569 297
575 299
581 300
587 301
593 301
599 300
605 298
611 296
617 292
623 288
629 283
634 277
639 271
643 265
647 259
651 253
654 247
657 241
660 235
663 229
665 223
667 217
668 211
669 205
668 199
666 193
660 189
654 188
648 192
642 197
637 203
631 209
626 215
620 220
614 223
608 223
603 217
602 211
601 205
601 199
601 193
602 187
603 181
604 175
605 169
607 163
608 157
610 151
612 145
615 139
618 133
621 127
626 121
631 115
637 110
643 106
649 103
655 101
661 100
667 100
673 100
679 101
685 103
691 105
697 109
703 114
709 120
714 126
718 132
721 138
724 144
726 150
729 156
731 162
732 168
734 174
736 180
737 186
739 192
740 198
741 204
742 210
743 216
743 222
744 228
744 234
745 240
745 246
745 252
745 258
745 264
740 270
734 268
729 262
726 256
723 250
721 244
718 238
716 232
713 226
709 220
703 219
699 225
697 231
696 237
694 243
693 249
692 255
691 261
691 267
690 273
690 279
690 285
690 291
691 297
692 303
694 309
697 315
700 321
704 327
710 333
716 338
722 342
728 345
734 347
740 349
746 350
752 350
758 351
764 350
770 350
776 349
782 347
788 345
794 342
800 339
806 334
812 329
818 323
822 317
826 311
829 305
832 299
834 293
836 287
837 281
838 275
839 269
840 263
839 257
839 251
837 245
835 239
832 233
826 228
820 226
814 229
809 235
806 241
803 247
800 253
796 259
793 265
788 271
782 274
776 273
772 267
770 261
770 255
770 249
770 243
770 237
770 231
771 225
771 219
772 213
773 207
774 201
775 195
776 189
777 183
778 177
779 171
781 165
783 159
784 153
786 147
789 141
791 135
794 129
798 123
802 117
807 111
813 105
819 101
825 97
831 94
837 91
843 89
849 88
855 87
861 87
867 87
873 87
879 88
885 89
891 91
897 93
903 96
909 99
915 103
921 108
927 113
933 119
938 125
942 131
947 137
951 143
954 149
958 155
961 161
964 167
968 173
971 179
974 185
977 191
980 197
983 203
985 209
988 215
990 221
992 227
993 233
995 239
995 245
995 251
995 257
993 263
989 269
983 274
977 276
971 274
965 268
962 262
959 256
955 250
949 244
943 242
937 245
931 251
927 257
925 263
924 269
923 275
922 281
922 287
923 293
924 299
925 305
927 311
930 317
933 323
936 329
941 335
946 341
952 346
958 350
964 353
970 355
976 357
982 359
988 360
994 361
1000 362
1006 362
1012 362
1018 362
1024 361
1030 361
1036 360
1042 358
1048 357
1054 354
1060 352
1066 348
1072 344
1078 339
1083 333
1087 327
1091 321
1094 315
1097 309
1099 303
1101 297
1103 291
1105 285
1107 279
1108 273
1109 267
1111 261
1112 255
1113 249
1114 243
1114 237
1115 231
1115 225
1116 219
1116 213
1116 207
1116 201
1116 195
1115 189
1114 183
1112 177
1108 171
1102 169
1096 172
1092 178
1090 184
1088 190
1086 196
1084 202
1081 208
1080 214
1078 220
1077 226
1075 232
1073 238
1067 242
1061 242
1055 238
1051 232
1048 226
1046 220
1044 214
1043 208
1042 202
1041 196
1040 190
1040 184
1040 178
1040 172
1040 166
1040 160
1041 154
1041 148
1042 142
1044 136
1045 130
1047 124
1049 118
1052 112
1055 106
1059 100
1064 94
1069 88
1075 83
1081 79
1087 75
1093 73
1099 70
1105 69
1111 68
1117 67
1123 67
1129 68
1135 69
1141 70
1147 72
1153 75
1159 78
1165 83
1171 88
1176 94
1181 100
1184 106
1187 112
1190 118
1192 124
1193 130
1195 136
1196 142
1198 148
1199 154
