0 272
6 272
12 271
18 268
24 262
28 256
29 250
31 244
34 238
39 232
45 228
51 227
57 226
63 227
69 227
75 227
81 227
87 225
93 221
98 215
101 209
102 203
103 197
102 191
101 185
100 179
100 173
103 167
109 161
115 158
121 157
127 157
133 159
139 163
145 169
149 175
151 181
152 187
152 193
152 199
151 205
149 211
148 217
146 223
146 229
146 235
147 241
150 247
155 253
161 258
167 260
173 261
179 260
185 258
191 254
197 248
200 242
202 236
204 230
204 224
204 218
203 212
202 206
202 200
203 194
204 188
206 182
210 176
216 170
222 167
228 165
234 165
240 167
246 170
252 176
256 182
259 188
261 194
262 200
262 206
261 212
259 218
258 224
257 230
257 236
257 242
258 248
261 254
264 260
270 266
276 270
282 273
288 274
294 275
300 274
306 273
312 270
318 266
323 260
327 254
329 248
331 242
332 236
333 230
333 224
332 218
331 212
329 206
326 200
324 194
324 188
324 182
325 176
328 170
331 164
337 158
343 155
349 153
355 152
361 153
367 155
373 159
378 165
381 171
383 177
384 183
384 189
384 195
382 201
379 207
377 213
376 219
375 225
376 231
376 237
378 243
380 249
383 255
388 261
394 266
400 269
406 271
412 272
418 271
424 269
430 265
436 259
439 253
441 247
441 241
440 235
439 229
437 223
435 217
435 211
436 205
437 199
439 193
442 187
446 181
452 175
458 172
464 170
470 169
476 170
482 173
488 178
492 184
494 190
496 196
497 202
499 208
500 214
502 220
504 226
507 232
511 238
517 243
523 247
529 248
535 248
541 247
547 243
552 237
555 231
556 225
557 219
559 213
560 207
563 201
568 195
574 191
580 190
586 192
592 196
595 202
597 208
598 214
598 220
600 226
602 232
606 238
612 242
618 244
624 244
630 241
636 236
641 230
646 224
652 221
658 220
664 222
670 223
676 226
682 227
688 226
694 223
699 217
703 211
706 205
712 199
718 196
724 196
730 199
736 204
740 210
745 216
751 221
757 223
763 224
769 223
775 223
781 223
787 225
793 227
799 232
805 236
811 239
817 241
823 241
829 240
835 237
841 233
846 227
849 221
852 215
853 209
854 203
855 197
855 191
856 185
857 179
861 173
867 168
873 166
879 165
885 166
891 169
897 175
901 181
903 187
904 193
905 199
904 205
903 211
902 217
899 223
897 229
895 235
895 241
895 247
897 253
900 259
905 265
911 269
917 271
923 271
929 271
935 268
941 264
946 258
948 252
949 246
947 240
945 234
944 228
944 222
946 216
948 210
951 204
956 198
962 193
968 191
974 190
980 191
986 192
992 193
998 194
1004 195
1010 197
1016 199
1022 203
1028 209
1031 215
1033 221
1034 227
1034 233
1035 239
1036 245
1039 251
1045 257
1051 260
1057 262
1063 262
1069 260
1075 257
1081 252
1085 246
1086 240
1087 234
1086 228
1084 222
1083 216
1083 210
1085 204
1087 198
1091 192
1097 188
1103 186
1109 185
1115 186
1121 187
1127 188
1133 189
1139 189
1145 188
1151 188
1157 188
1163 189
1169 192
1175 198
1178 204
1180 210
1180 216
1179 222
1177 228
1174 234
1172 240
1172 246
1173 252
1176 258
1181 264
1187 268
1193 271
