0 259
6 259
12 258
18 255
24 249
28 243
31 237
34 231
39 225
45 221
51 220
57 220
63 221
69 222
75 223
81 222
87 220
93 216
97 210
100 204
101 198
102 192
102 186
103 180
105 174
111 168
117 165
123 164
129 164
135 167
141 171
145 177
148 183
149 189
149 195
149 201
148 207
147 213
147 219
148 225
149 231
151 237
156 243
162 248
168 250
174 251
180 250
186 248
192 243
197 237
200 231
202 225
203 219
203 213
203 207
203 201
204 195
206 189
208 183
213 177
219 172
225 170
231 169
237 171
243 173
249 179
253 185
256 191
257 197
257 203
257 209
257 215
257 221
257 227
258 233
260 239
263 245
268 251
274 256
280 260
286 262
292 263
298 262
304 261
310 259
316 255
321 249
325 243
328 237
330 231
331 225
331 219
331 213
331 207
329 201
328 195
328 189
328 183
330 177
333 171
338 165
344 161
350 159
356 158
362 160
368 162
374 167
378 173
381 179
382 185
382 191
381 197
380 203
378 209
378 215
378 221
378 227
379 233
381 239
385 245
389 251
395 256
401 259
407 260
413 260
419 259
425 256
431 251
436 245
438 239
440 233
440 227
440 221
439 215
439 209
440 203
441 197
444 191
447 185
453 179
459 176
465 174
471 174
477 175
483 179
489 184
493 190
496 196
499 202
501 208
504 214
507 220
511 226
516 232
522 236
528 238
534 239
540 238
546 235
552 229
556 223
558 217
560 211
562 205
566 199
572 193
578 191
584 192
590 195
594 201
597 207
598 213
600 219
603 225
609 231
615 234
621 235
627 234
633 230
639 225
645 219
651 216
657 215
663 216
669 218
675 220
681 221
687 221
693 218
699 213
704 207
710 201
716 198
722 197
728 198
734 202
740 208
746 213
752 216
758 218
764 218
770 218
776 217
782 218
788 219
794 222
800 225
806 229
812 232
818 233
824 233
830 231
836 228
842 222
846 216
849 210
852 204
853 198
855 192
857 186
860 180
866 174
872 172
878 171
884 172
890 174
896 180
899 186
901 192
902 198
901 204
900 210
899 216
897 222
897 228
897 234
898 240
901 246
905 252
911 256
917 259
923 260
929 259
935 256
941 252
945 246
947 240
948 234
948 228
947 222
948 216
949 210
952 204
956 198
962 193
968 191
974 191
980 191
986 193
992 194
998 195
1004 196
1010 197
1016 198
1022 201
1028 207
1031 213
1033 219
1034 225
1036 231
1039 237
1043 243
1049 248
1055 250
1061 250
1067 250
1073 247
1079 241
1082 235
1084 229
1085 223
1085 217
1085 211
1086 205
1088 199
1092 193
1098 189
1104 187
1110 187
1116 188
1122 190
1128 191
1134 191
1140 191
1146 190
1152 189
1158 189
1164 191
1170 195
1174 201
1176 207
1177 213
1177 219
1176 225
1175 231
1176 237
1178 243
1182 249
1188 255
