0 201
6 201
12 201
18 201
24 200
30 200
36 200
42 200
48 199
54 200
60 199
66 200
72 200
78 200
84 200
90 199
96 199
102 198
108 198
114 197
120 197
126 197
132 197
138 197
144 198
150 199
156 200
162 200
168 201
174 201
180 201
186 200
192 200
198 199
204 199
210 198
216 198
222 197
228 197
234 197
240 198
246 198
252 199
258 199
264 200
270 200
276 201
282 201
288 201
294 201
300 201
306 201
312 201
318 200
324 200
330 199
336 198
342 197
348 197
354 196
360 196
366 197
372 198
378 198
384 199
390 200
396 201
402 201
408 201
414 201
420 201
426 200
432 200
438 199
444 199
450 198
456 198
462 198
468 197
474 198
480 198
486 198
492 198
498 198
504 199
510 199
516 199
522 199
528 200
534 200
540 200
546 200
552 200
558 199
564 199
570 198
576 198
582 198
588 199
594 199
600 199
606 200
612 200
618 200
624 200
630 200
636 200
642 199
648 199
654 199
660 199
666 199
672 199
678 199
684 200
690 199
696 199
702 199
708 199
714 198
720 198
726 198
732 199
738 199
744 199
750 199
756 199
762 199
768 199
774 199
780 199
786 199
792 199
798 199
804 200
810 200
816 200
822 200
828 200
834 199
840 199
846 199
852 199
858 198
864 198
870 197
876 197
882 197
888 197
894 198
900 199
906 200
912 201
918 201
924 202
930 201
936 201
942 200
948 199
954 199
960 198
966 198
972 198
978 199
984 199
990 199
996 199
1002 199
1008 199
1014 198
1020 198
1026 199
1032 199
1038 199
1044 200
1050 200
1056 201
1062 201
1068 201
1074 200
1080 199
1086 199
1092 198
1098 198
1104 198
1110 198
1116 198
1122 199
1128 199
1134 199
1140 199
1146 198
1152 198
1158 198
1164 198
1170 199
1176 199
1182 200
1188 201
