0 268
6 268
12 267
18 264
24 258
27 252
30 246
32 240
35 234
41 228
47 225
53 224
59 224
65 225
71 226
77 226
83 225
89 223
95 217
99 211
101 205
102 199
102 193
101 187
101 181
102 175
105 169
111 164
117 161
123 160
129 161
135 163
141 168
146 174
149 180
150 186
151 192
151 198
150 204
148 210
147 216
146 222
146 228
147 234
149 240
152 246
157 252
163 256
169 258
175 258
181 257
187 255
193 250
197 244
200 238
202 232
203 226
204 220
203 214
203 208
203 202
203 196
204 190
207 184
210 178
216 172
222 169
228 167
234 168
240 169
246 173
252 179
256 185
258 191
259 197
259 203
259 209
258 215
257 221
257 227
257 233
258 239
259 245
262 251
265 257
271 263
277 267
283 270
289 271
295 271
301 271
307 269
313 266
319 261
324 255
327 249
329 243
331 237
332 231
332 225
332 219
332 213
330 207
328 201
327 195
326 189
326 183
327 177
330 171
334 165
340 160
346 157
352 156
358 156
364 157
370 160
376 166
380 172
382 178
383 184
383 190
382 196
380 202
378 208
377 214
376 220
376 226
377 232
378 238
380 244
382 250
386 256
392 262
398 266
404 268
410 268
416 268
422 266
428 263
434 257
437 251
440 245
440 239
440 233
440 227
439 221
438 215
438 209
438 203
439 197
442 191
445 185
450 179
456 175
462 173
468 172
474 172
480 174
486 179
491 185
494 191
496 197
498 203
500 209
502 215
504 221
507 227
510 233
516 239
522 243
528 245
534 246
540 245
546 241
552 235
555 229
557 223
558 217
560 211
562 205
565 199
571 194
577 191
583 191
589 194
594 200
596 206
598 212
598 218
600 224
603 230
607 236
613 240
619 241
625 240
631 238
637 232
642 226
648 221
654 219
660 218
666 220
672 223
678 225
684 225
690 223
696 219
701 213
705 207
710 201
716 198
722 197
728 199
734 203
740 209
745 215
751 219
757 221
763 222
769 222
775 221
781 221
787 223
793 226
799 230
805 234
811 237
817 238
823 239
829 237
835 234
841 229
846 223
849 217
851 211
853 205
854 199
855 193
856 187
858 181
862 175
868 171
874 168
880 168
886 170
892 173
897 179
900 185
902 191
903 197
903 203
902 209
900 215
898 221
897 227
896 233
896 239
896 245
898 251
902 257
908 263
914 266
920 268
926 268
932 266
938 263
944 257
947 251
948 245
948 239
947 233
946 227
946 221
947 215
949 209
952 203
957 197
963 193
969 191
975 191
981 191
987 193
993 194
999 195
1005 196
1011 197
1017 199
1023 203
1028 209
1031 215
1033 221
1034 227
1035 233
1036 239
1038 245
1042 251
1048 255
1054 258
1060 259
1066 258
1072 255
1078 251
1082 245
1085 239
1086 233
1086 227
1085 221
1085 215
1085 209
1086 203
1088 197
1094 191
1100 188
1106 186
1112 187
1118 188
1124 189
1130 190
1136 190
1142 190
1148 189
1154 188
1160 189
1166 191
1172 196
1176 202
1178 208
1178 214
1177 220
1176 226
1174 232
1174 238
1174 244
1176 250
1179 256
1185 262
1191 266
