0 221
6 221
12 221
18 221
24 221
30 221
36 221
42 221
48 221
54 221
60 221
66 221
72 221
78 221
84 221
90 221
96 221
102 221
108 220
114 220
120 220
126 220
132 220
138 220
144 220
150 221
156 221
162 221
168 221
174 221
180 221
186 221
192 221
198 221
204 220
210 220
216 220
222 220
228 220
234 220
240 220
246 220
252 221
258 221
264 221
270 221
276 221
282 221
288 221
294 221
300 221
306 221
312 221
318 221
324 221
330 221
336 220
342 220
348 220
354 220
360 220
366 220
372 220
378 221
384 221
390 221
396 221
402 221
408 221
414 221
420 221
426 221
432 221
438 221
444 221
450 220
456 220
462 220
468 220
474 220
480 220
486 220
492 220
498 221
504 221
510 221
516 221
522 221
528 221
534 221
540 221
546 221
552 221
558 221
564 221
570 220
576 220
582 220
588 220
594 221
600 221
606 221
612 221
618 221
624 221
630 221
636 221
642 221
648 221
654 221
660 221
666 221
672 221
678 221
684 221
690 221
696 221
702 221
708 221
714 220
720 220
726 221
732 220
738 221
744 221
750 221
756 221
762 221
768 221
774 221
780 221
786 221
792 221
798 221
804 221
810 221
816 221
822 221
828 221
834 221
840 221
846 221
852 220
858 220
864 220
870 220
876 220
882 220
888 220
894 220
900 221
906 221
912 221
918 221
924 221
930 221
936 221
942 221
948 221
954 220
960 220
966 220
972 220
978 221
984 221
990 221
996 221
1002 221
1008 221
1014 220
1020 220
1026 221
1032 221
1038 221
1044 221
1050 221
1056 221
1062 221
1068 221
1074 221
1080 221
1086 221
1092 220
1098 220
1104 220
1110 220
1116 221
1122 221
1128 221
1134 221
1140 221
1146 221
1152 220
1158 220
1164 220
1170 221
1176 221
1182 221
1188 221
