0 223
6 223
12 222
18 219
24 215
30 210
36 205
42 202
48 201
54 201
60 202
66 203
72 204
78 204
84 203
90 199
96 194
100 188
104 182
109 176
115 172
121 170
127 170
133 172
139 176
144 182
147 188
149 194
151 200
153 206
157 212
163 217
169 220
175 220
181 219
187 216
193 211
197 205
200 199
203 193
206 187
210 181
216 176
222 174
228 173
234 173
240 176
246 180
251 186
254 192
257 198
260 204
263 210
269 216
275 221
281 224
287 226
293 227
299 226
305 225
311 222
317 218
322 212
325 206
328 200
329 194
331 188
333 182
336 176
342 170
348 166
354 165
360 166
366 168
372 172
376 178
379 184
380 190
381 196
383 202
385 208
388 214
394 220
400 224
406 226
412 226
418 225
424 222
430 216
435 210
438 204
441 198
444 192
448 186
454 181
460 178
466 176
472 176
478 178
484 180
490 184
496 188
502 194
508 199
514 203
520 207
526 210
532 211
538 211
544 210
550 206
556 201
562 195
568 190
574 187
580 186
586 187
592 190
598 196
604 202
610 206
616 209
622 209
628 208
634 205
640 202
646 200
652 198
658 198
664 198
670 200
676 201
682 202
688 201
694 199
700 197
706 193
712 191
718 190
724 190
730 191
736 193
742 196
748 198
754 200
760 200
766 200
772 199
778 199
784 199
790 200
796 202
802 204
808 206
814 207
820 208
826 207
832 205
838 202
844 198
850 192
855 186
861 180
867 176
873 174
879 174
885 175
891 179
896 185
898 191
900 197
901 203
903 209
906 215
911 221
917 224
923 225
929 224
935 222
941 216
944 210
947 204
950 198
955 192
961 188
967 186
973 186
979 186
985 188
991 189
997 189
1003 189
1009 189
1015 190
1021 191
1027 194
1033 199
1038 205
1043 211
1049 215
1055 218
1061 219
1067 217
1073 214
1078 208
1082 202
1086 196
1090 190
1096 186
1102 184
1108 184
1114 185
1120 186
1126 187
1132 188
1138 187
1144 186
1150 185
1156 185
1162 186
1168 189
1174 195
1177 201
1180 207
1184 213
1190 219
