0 228
6 228
12 227
18 226
24 225
30 224
36 222
42 222
48 221
54 221
60 222
66 222
72 222
78 222
84 222
90 221
96 219
102 217
108 215
114 214
120 213
126 212
132 213
138 215
144 217
150 220
156 223
162 225
168 226
174 226
180 226
186 225
192 223
198 221
204 219
210 217
216 215
222 214
228 213
234 214
240 215
246 217
252 219
258 221
264 223
270 225
276 227
282 227
288 228
294 228
300 228
306 228
312 226
318 225
324 222
330 220
336 217
342 214
348 212
354 211
360 211
366 212
372 215
378 218
384 221
390 224
396 227
402 228
408 228
414 228
420 227
426 226
432 224
438 222
444 220
450 218
456 216
462 215
468 215
474 215
480 215
486 216
492 217
498 218
504 219
510 221
516 221
522 222
528 223
534 224
540 224
546 223
552 222
558 221
564 219
570 218
576 217
582 217
588 218
594 219
600 221
606 222
612 223
618 224
624 223
630 223
636 222
642 221
648 220
654 220
660 220
666 221
672 221
678 222
684 222
690 221
696 221
702 220
708 219
714 218
720 218
726 218
732 219
738 220
744 220
750 221
756 221
762 221
768 221
774 220
780 220
786 220
792 221
798 221
804 222
810 222
816 223
822 223
828 222
834 222
840 221
846 220
852 218
858 217
864 215
870 214
876 214
882 214
888 215
894 217
900 220
906 224
912 226
918 228
924 229
930 228
936 226
942 224
948 221
954 219
960 218
966 217
972 217
978 218
984 218
990 219
996 219
1002 219
1008 218
1014 218
1020 218
1026 219
1032 220
1038 222
1044 224
1050 225
1056 226
1062 226
1068 225
1074 224
1080 222
1086 220
1092 218
1098 217
1104 216
1110 217
1116 217
1122 218
1128 218
1134 218
1140 218
1146 217
1152 217
1158 217
1164 218
1170 219
1176 221
1182 223
1188 225
