0 284
6 284
12 282
18 280
24 275
28 269
30 263
30 257
29 251
29 245
31 239
35 233
41 228
47 224
53 222
59 221
65 220
71 219
77 218
83 216
89 214
95 209
101 203
104 197
107 191
108 185
108 179
107 173
102 167
96 164
90 158
90 152
92 146
96 140
102 135
108 132
114 131
120 130
126 130
132 132
138 135
144 139
150 145
153 151
156 157
157 163
159 169
159 175
159 181
158 187
157 193
152 199
147 205
144 211
143 217
142 223
142 229
142 235
143 241
146 247
149 253
155 259
161 262
167 264
173 265
179 264
185 262
191 258
197 252
201 246
204 240
206 234
208 228
209 222
209 216
209 210
206 204
201 198
199 192
198 186
199 180
200 174
201 168
204 162
207 156
213 150
219 146
225 143
231 143
237 143
243 144
249 147
255 152
260 158
264 164
267 170
269 176
270 182
271 188
272 194
271 200
269 206
263 211
257 217
255 223
253 229
253 235
253 241
253 247
254 253
256 259
259 265
263 271
269 277
275 281
281 284
287 285
293 285
299 285
305 283
311 281
317 277
323 271
327 265
330 259
332 253
334 247
335 241
336 235
336 229
337 223
336 217
336 211
335 205
333 199
339 200
338 194
332 194
326 192
320 189
318 183
317 177
317 171
317 165
318 159
320 153
322 147
326 141
332 135
338 131
344 129
350 128
356 127
362 128
368 130
374 134
380 139
384 145
386 151
388 157
389 163
389 169
388 175
387 181
385 187
379 190
373 196
371 202
370 208
370 214
370 220
371 226
372 232
373 238
375 244
376 250
379 256
382 262
387 268
393 273
399 277
405 279
411 280
417 279
423 278
429 275
435 270
440 264
443 258
445 252
446 246
445 240
445 234
443 228
438 222
432 219
426 213
425 207
425 201
425 195
427 189
428 183
431 177
434 171
437 165
441 159
447 153
453 149
459 146
465 145
471 145
477 145
483 147
489 151
494 157
497 163
499 169
499 175
498 181
496 187
494 193
494 199
494 205
494 211
495 217
497 223
500 229
504 235
509 241
515 246
521 249
527 251
533 251
539 250
545 246
551 240
554 234
555 228
556 222
555 216
555 210
554 204
554 198
555 192
558 186
561 180
567 175
573 171
579 170
585 171
591 173
596 179
599 185
599 191
598 197
596 203
595 209
595 215
595 221
597 227
599 233
603 239
609 244
615 246
621 246
627 245
633 240
637 234
639 228
642 222
648 216
654 213
660 213
666 215
672 217
678 219
684 220
690 219
696 214
699 208
701 202
702 196
703 190
705 184
710 178
716 175
722 174
728 175
734 179
738 185
741 191
743 197
745 203
749 209
755 213
761 215
767 216
773 216
779 217
785 218
791 221
797 226
803 232
809 238
815 241
821 242
827 241
833 239
839 236
845 230
850 224
853 218
856 212
858 206
860 200
860 194
860 188
859 182
856 176
852 170
850 164
851 158
853 152
859 146
865 142
871 140
877 139
883 140
889 142
895 145
901 151
905 157
907 163
909 169
910 175
910 181
909 187
909 193
908 199
906 205
903 211
898 217
895 223
892 229
891 235
890 241
890 247
891 253
893 259
896 265
900 271
906 276
912 279
918 280
924 281
930 280
936 277
942 273
948 267
951 261
953 255
954 249
953 243
948 237
942 235
938 229
937 223
938 217
939 211
940 205
942 199
945 193
949 187
953 181
959 176
965 173
971 171
977 170
983 170
989 171
995 173
1001 174
1007 177
1013 179
1019 183
1025 188
1029 194
1033 200
1035 206
1036 212
1036 218
1035 224
1032 230
1030 236
1030 242
1031 248
1034 254
1039 260
1045 265
1051 267
1057 269
1063 269
1069 268
1075 265
1081 261
1086 255
1090 249
1092 243
1093 237
1094 231
1092 225
1089 219
1083 213
1080 207
1079 201
1079 195
1080 189
1081 183
1084 177
1089 171
1095 167
1101 164
1107 163
1113 163
1119 164
1125 164
1131 165
1137 166
1143 166
1149 166
1155 167
1161 168
1167 170
1173 173
1179 178
1184 184
1186 190
1187 196
1188 202
1187 208
1185 214
1181 220
1175 223
1169 226
1165 232
1163 238
1163 244
1163 250
1165 256
1167 262
1171 268
1176 274
1182 278
1188 281
