0 169
5 175
8 181
10 187
11 193
10 199
10 205
10 211
12 217
16 223
22 228
28 230
34 231
40 230
46 228
52 224
58 218
62 212
65 206
67 200
68 194
67 188
66 182
64 176
64 170
65 164
68 158
74 153
80 151
86 151
92 152
98 155
104 160
108 166
111 172
112 178
113 184
113 190
113 196
113 202
112 208
110 214
107 220
101 224
97 230
94 236
93 242
92 248
93 254
95 260
97 266
102 272
108 277
114 279
120 281
126 282
132 281
138 279
144 276
150 270
154 264
156 258
157 252
156 246
154 240
148 235
142 231
139 225
139 219
139 213
140 207
142 201
144 195
147 189
152 183
158 178
164 175
170 175
176 177
182 181
187 187
190 193
191 199
191 205
191 211
192 217
194 223
198 229
204 234
210 237
216 239
222 239
228 237
234 233
239 227
242 221
244 215
246 209
247 203
247 197
247 191
245 185
241 179
235 174
231 168
230 162
230 156
231 150
234 144
239 138
245 133
251 131
257 130
263 129
269 130
275 132
281 136
287 142
291 148
293 154
294 160
294 166
293 172
291 178
286 184
283 190
281 196
280 202
280 208
281 214
282 220
283 226
285 232
289 238
294 244
300 248
306 250
312 250
318 249
324 246
330 241
334 235
337 229
338 223
339 217
338 211
337 205
335 199
334 193
334 187
335 181
338 175
342 169
347 163
353 159
359 157
365 157
371 159
377 162
382 168
385 174
387 180
388 186
387 192
386 198
382 204
379 210
378 216
377 222
378 228
379 234
382 240
387 246
393 250
399 253
405 253
411 252
417 249
423 245
427 239
430 233
432 227
433 221
434 215
433 209
431 203
429 197
427 191
427 185
428 179
430 173
433 167
438 161
444 157
450 155
456 155
462 157
468 160
474 166
478 172
481 178
482 184
483 190
482 196
480 202
476 208
473 214
471 220
471 226
472 232
474 238
476 244
481 250
487 254
493 257
499 257
505 257
511 255
517 251
523 246
528 240
531 234
534 228
536 222
537 216
537 210
536 204
532 198
527 192
525 186
525 180
525 174
527 168
530 162
535 156
541 152
547 150
553 149
559 150
565 152
571 156
577 161
582 167
586 173
589 179
592 185
594 191
595 197
597 203
597 209
596 215
593 221
587 223
581 226
577 232
576 238
575 244
575 250
576 256
577 262
580 268
583 274
589 280
595 284
601 287
607 289
613 289
619 289
625 288
631 286
637 283
643 279
648 273
653 267
656 261
658 255
659 249
660 243
661 237
661 231
660 225
659 219
658 213
656 207
652 201
646 199
640 199
636 193
634 187
633 181
632 175
632 169
632 163
633 157
634 151
636 145
639 139
643 133
649 127
655 123
661 120
667 119
673 118
679 118
685 119
691 121
697 125
703 129
708 135
711 141
713 147
715 153
716 159
715 165
713 171
707 174
701 176
697 182
696 188
696 194
697 200
698 206
701 212
703 218
707 224
711 230
717 235
723 240
729 242
735 244
741 244
747 243
753 241
759 238
765 233
771 228
775 222
779 216
782 210
784 204
784 198
782 192
776 187
770 185
766 179
766 173
766 167
768 161
771 155
776 149
782 145
788 142
794 140
800 140
806 142
812 144
818 147
824 152
829 158
834 164
838 170
842 176
845 182
848 188
850 194
853 200
855 206
856 212
858 218
858 224
858 230
857 236
855 242
849 245
843 239
838 233
832 232
826 236
822 242
819 248
818 254
817 260
817 266
817 272
819 278
821 284
825 290
829 296
835 301
841 305
847 308
853 310
859 311
865 312
871 311
877 310
883 309
889 306
895 303
901 298
906 292
911 286
914 280
916 274
918 268
919 262
919 256
919 250
919 244
917 238
916 232
914 226
912 220
909 214
906 208
903 202
899 196
893 195
892 201
886 204
884 198
882 192
881 186
879 180
878 174
877 168
877 162
876 156
876 150
876 144
876 138
877 132
878 126
880 120
883 114
887 108
892 102
898 97
904 93
910 91
916 89
922 87
928 87
934 87
940 88
946 90
952 92
958 95
964 100
969 106
973 112
975 118
977 124
976 130
975 136
971 142
965 145
959 143
954 137
948 132
942 131
936 133
930 137
926 143
924 149
924 155
924 161
925 167
927 173
929 179
933 185
937 191
942 197
948 202
954 206
960 208
966 210
972 209
978 207
984 204
990 199
996 195
1002 193
1008 191
1014 190
1020 191
1026 192
1032 195
1038 200
1043 206
1045 212
1047 218
1047 224
1045 230
1039 236
1034 242
1032 248
1032 254
1034 260
1037 266
1041 272
1047 277
1053 281
1059 283
1065 284
1071 285
1077 284
1083 283
1089 280
1095 276
1101 270
1105 264
1107 258
1108 252
1108 246
1105 240
1100 234
1097 228
1096 222
1096 216
1097 210
1099 204
1103 198
1108 192
1114 188
1120 186
1126 184
1132 183
1138 182
1144 180
1150 178
1156 175
1162 171
1168 168
1174 165
1180 164
1186 164
1192 165
