0 219
6 219
12 220
18 220
24 221
30 221
36 222
42 222
48 221
54 221
60 220
66 219
72 218
78 217
84 217
90 218
96 219
102 221
108 223
114 224
120 225
126 226
132 226
138 225
144 223
150 222
156 220
162 219
168 218
174 218
180 218
186 219
192 221
198 222
204 222
210 223
216 223
222 222
228 221
234 220
240 218
246 217
252 216
258 216
264 216
270 216
276 217
282 218
288 219
294 220
300 221
306 222
312 223
318 223
324 222
330 222
336 221
342 219
348 218
354 218
360 217
366 217
372 218
378 219
384 221
390 222
396 223
402 223
408 223
414 223
420 222
426 221
432 220
438 219
444 218
450 217
456 218
462 218
468 219
474 221
480 222
486 223
492 224
498 224
504 224
510 223
516 222
522 221
528 220
534 219
540 218
546 217
552 217
558 218
564 219
570 220
576 221
582 223
588 224
594 225
600 226
606 226
612 226
618 226
624 225
630 224
636 223
642 221
648 220
654 219
660 217
666 216
672 215
678 215
684 215
690 215
696 216
702 217
708 218
714 219
720 221
726 222
732 222
738 223
744 223
750 222
756 221
762 220
768 219
774 217
780 216
786 216
792 215
798 216
804 217
810 218
816 219
822 221
828 223
834 225
840 226
846 228
852 229
858 229
864 229
870 229
876 228
882 227
888 225
894 223
900 220
906 217
912 214
918 212
924 210
930 210
936 210
942 211
948 212
954 214
960 217
966 219
972 221
978 222
984 222
990 222
996 222
1002 221
1008 220
1014 219
1020 219
1026 219
1032 220
1038 221
1044 222
1050 223
1056 225
1062 225
1068 226
1074 225
1080 225
1086 224
1092 223
1098 222
1104 221
1110 221
1116 220
1122 220
1128 220
1134 220
1140 220
1146 220
1152 220
1158 220
1164 219
1170 219
1176 219
1182 219
1188 219
