0 149
7 155
13 162
16 169
19 176
19 183
18 190
11 196
4 202
3 209
4 216
7 223
13 230
20 234
27 236
34 236
41 235
48 233
55 230
62 226
69 220
76 213
80 206
83 199
84 192
83 185
78 178
71 176
64 174
61 167
60 160
61 153
64 146
71 139
78 135
85 134
92 134
99 137
106 142
112 149
115 156
117 163
117 170
117 177
117 184
116 191
116 198
115 205
115 212
114 219
114 226
112 233
111 240
104 241
97 241
90 248
86 255
84 262
84 269
85 276
88 283
93 290
100 297
107 301
114 303
121 304
128 304
135 303
142 301
149 297
156 290
160 283
163 276
163 269
162 262
159 255
152 248
145 250
140 257
133 259
129 252
128 245
128 238
129 231
131 224
132 217
135 210
137 203
141 196
145 189
151 182
158 177
165 174
172 173
179 175
186 178
193 183
198 190
201 197
199 204
192 207
185 211
183 218
186 225
191 232
198 238
205 242
212 244
219 245
226 244
233 240
240 234
245 227
248 220
251 213
252 206
254 199
255 192
256 185
256 178
256 171
255 164
252 157
245 154
238 161
231 164
224 157
222 150
221 143
221 136
223 129
226 122
232 115
239 109
246 106
253 104
260 104
267 104
274 106
281 109
288 115
294 122
297 129
299 136
299 143
299 150
298 157
295 164
288 170
281 165
277 172
277 179
276 186
276 193
276 200
277 207
277 214
277 221
278 228
280 235
282 242
285 249
292 256
299 260
306 262
313 262
320 260
327 255
334 248
337 241
340 234
341 227
342 220
342 213
341 206
334 202
327 203
322 196
323 189
324 182
327 175
331 168
336 161
343 154
350 149
357 147
364 146
371 147
378 150
385 157
389 164
392 171
393 178
394 185
395 192
394 199
387 206
380 202
373 207
371 214
371 221
371 228
372 235
374 242
377 249
381 256
388 262
395 265
402 266
409 265
416 263
423 258
429 251
433 244
436 237
438 230
440 223
441 216
442 209
440 202
433 200
426 199
424 192
423 185
424 178
425 171
427 164
430 157
436 150
443 145
450 143
457 143
464 144
471 148
478 155
483 162
487 169
489 176
492 183
493 190
494 197
495 204
492 211
485 210
478 205
471 212
469 219
468 226
468 233
469 240
470 247
473 254
478 261
485 266
492 269
499 270
506 269
513 267
520 263
527 258
534 251
540 244
545 237
549 230
553 223
556 216
557 209
556 202
552 195
545 193
538 199
531 203
525 196
523 189
522 182
521 175
522 168
523 161
526 154
531 147
538 141
545 139
552 139
559 140
566 143
573 148
580 155
586 162
591 169
596 176
600 183
604 190
608 197
610 204
613 211
614 218
615 225
616 232
615 239
613 246
606 249
602 242
600 235
595 228
588 229
583 236
579 243
576 250
574 257
572 264
572 271
572 278
574 285
577 292
583 299
590 305
597 309
604 311
611 312
618 312
625 312
632 310
639 307
646 303
653 297
659 290
663 283
666 276
668 269
668 262
668 255
667 248
666 241
664 234
662 227
660 220
658 213
656 206
654 199
652 192
646 199
639 206
637 199
635 192
633 185
631 178
629 171
628 164
627 157
626 150
625 143
626 136
627 129
629 122
632 115
638 108
645 102
652 98
659 95
666 94
673 94
680 95
687 97
694 100
701 105
708 112
713 119
716 126
718 133
719 140
719 147
719 154
718 161
717 168
714 175
707 177
702 170
700 163
696 156
689 153
682 160
680 167
680 174
681 181
682 188
684 195
687 202
691 209
695 216
700 223
705 230
712 236
719 242
726 245
733 248
740 249
747 249
754 248
761 246
768 243
775 239
782 234
789 228
795 221
801 214
804 207
806 200
806 193
802 186
795 181
788 181
781 186
775 193
768 198
761 197
756 190
755 183
756 176
757 169
759 162
762 155
767 148
773 141
780 137
787 134
794 133
801 134
808 136
815 139
822 144
829 150
836 157
843 164
848 171
853 178
857 185
861 192
864 199
867 206
869 213
871 220
873 227
874 234
875 241
875 248
875 255
875 262
874 269
872 276
865 283
858 283
853 276
853 269
853 262
853 255
852 248
849 241
842 237
835 240
828 247
822 254
818 261
814 268
812 275
811 282
811 289
812 296
814 303
818 310
823 317
830 324
837 329
844 332
851 335
858 336
865 337
872 337
879 336
886 334
893 331
900 328
907 323
914 316
919 309
923 302
926 295
928 288
930 281
930 274
930 267
928 260
926 253
923 246
918 239
912 232
905 226
899 219
896 212
889 210
888 203
886 196
884 189
883 182
881 175
880 168
879 161
878 154
876 147
875 140
873 133
872 126
871 119
870 112
871 105
872 98
875 91
879 84
885 77
892 71
899 67
906 64
913 61
920 60
927 60
934 60
941 61
948 62
955 65
962 68
969 73
976 79
981 86
985 93
988 100
989 107
990 114
988 121
985 128
979 135
972 138
965 138
958 135
954 128
955 121
954 114
950 107
943 102
936 99
929 99
922 102
915 107
910 114
907 121
905 128
904 135
904 142
905 149
906 156
908 163
912 170
917 177
924 184
931 188
938 191
945 192
952 193
959 191
966 188
973 186
980 184
987 184
994 184
1001 185
1008 186
1015 188
1022 191
1029 195
1036 201
1041 208
1045 215
1048 222
1050 229
1052 236
1052 243
1051 250
1044 256
1037 251
1030 246
1023 249
1020 256
1020 263
1021 270
1023 277
1027 284
1032 291
1039 297
1046 302
1053 306
1060 308
1067 309
1074 310
1081 309
1088 307
1095 305
1102 301
1109 295
1115 288
1119 281
1121 274
1123 267
1122 260
1121 253
1115 246
1108 246
1101 252
1094 252
1090 245
1088 238
1088 231
1088 224
1089 217
1091 210
1094 203
1098 196
1104 189
1111 183
1118 178
1125 174
1132 170
1139 166
1146 162
1153 156
1160 151
1167 147
1174 145
1181 144
1188 144
