0 202
6 203
12 204
18 206
24 208
30 209
36 209
42 209
48 208
54 206
60 203
66 200
72 198
78 197
84 197
90 199
96 202
102 207
108 211
114 215
120 218
126 218
132 218
138 216
144 213
150 209
156 205
162 201
168 200
174 200
180 201
186 203
192 206
198 209
204 210
210 211
216 211
222 210
228 208
234 204
240 201
246 198
252 196
258 195
264 195
270 195
276 197
282 200
288 203
294 206
300 209
306 211
312 212
318 212
324 211
330 209
336 206
342 203
348 201
354 199
360 198
366 199
372 200
378 203
384 206
390 209
396 212
402 213
408 213
414 212
420 210
426 207
432 204
438 201
444 199
450 198
456 199
462 200
468 203
474 206
480 209
486 212
492 213
498 214
504 214
510 212
516 210
522 207
528 204
534 201
540 199
546 197
552 197
558 198
564 200
570 203
576 207
582 211
588 214
594 217
600 218
606 219
612 220
618 219
624 217
630 215
636 212
642 209
648 205
654 201
660 197
666 194
672 192
678 191
684 191
690 192
696 194
702 197
708 200
714 204
720 208
726 210
732 212
738 212
744 212
750 210
756 208
762 205
768 201
774 198
780 195
786 194
792 193
798 193
804 195
810 198
816 202
822 207
828 212
834 217
840 221
846 224
852 226
858 227
864 228
870 227
876 225
882 223
888 219
894 213
899 207
902 201
906 195
911 189
917 184
923 181
929 180
935 180
941 182
947 185
953 190
959 196
965 202
971 207
977 209
983 210
989 210
995 209
1001 208
1007 206
1013 204
1019 203
1025 203
1031 204
1037 206
1043 209
1049 212
1055 215
1061 217
1067 218
1073 217
1079 216
1085 215
1091 212
1097 210
1103 208
1109 206
1115 205
1121 204
1127 204
1133 204
1139 204
1145 204
1151 204
1157 204
1163 203
1169 203
1175 202
1181 201
1187 201
1193 201
