0 211
6 211
12 211
18 211
24 211
30 211
36 211
42 211
48 211
54 211
60 211
66 211
72 211
78 211
84 210
90 211
96 211
102 211
108 211
114 211
120 211
126 211
132 211
138 211
144 211
150 211
156 211
162 211
168 210
174 210
180 211
186 211
192 211
198 211
204 211
210 211
216 211
222 211
228 210
234 211
240 210
246 210
252 210
258 210
264 210
270 210
276 210
282 211
288 210
294 210
300 211
306 211
312 211
318 211
324 211
330 211
336 211
342 211
348 211
354 210
360 210
366 210
372 210
378 211
384 211
390 211
396 211
402 211
408 211
414 211
420 211
426 211
432 211
438 211
444 210
450 211
456 211
462 211
468 211
474 211
480 211
486 211
492 211
498 211
504 211
510 211
516 211
522 211
528 211
534 211
540 211
546 211
552 211
558 211
564 211
570 211
576 211
582 211
588 211
594 211
600 211
606 211
612 211
618 211
624 211
630 211
636 211
642 211
648 211
654 211
660 211
666 211
672 210
678 210
684 210
690 210
696 210
702 210
708 210
714 211
720 211
726 211
732 211
738 211
744 211
750 211
756 210
762 211
768 211
774 210
780 210
786 210
792 211
798 210
804 210
810 211
816 211
822 211
828 211
834 211
840 211
846 211
852 211
858 211
864 211
870 211
876 211
882 211
888 211
894 211
900 211
906 211
912 210
918 210
924 210
930 210
936 210
942 210
948 210
954 210
960 210
966 211
972 211
978 211
984 211
990 211
996 211
1002 211
1008 211
1014 211
1020 211
1026 211
1032 211
1038 211
1044 211
1050 211
1056 211
1062 211
1068 211
1074 211
1080 211
1086 211
1092 211
1098 211
1104 211
1110 211
1116 211
1122 211
1128 211
1134 211
1140 211
1146 211
1152 211
1158 211
1164 211
1170 211
1176 211
1182 211
1188 211
