0 210
6 211
12 212
18 213
24 214
30 214
36 215
42 215
48 214
54 213
60 211
66 209
72 208
78 207
84 207
90 208
96 210
102 213
108 216
114 219
120 221
126 222
132 221
138 220
144 217
150 215
156 212
162 210
168 208
174 208
180 209
186 211
192 213
198 215
204 216
210 216
216 216
222 215
228 214
234 212
240 209
246 207
252 206
258 205
264 205
270 206
276 207
282 208
288 211
294 213
300 214
306 216
312 217
318 217
324 216
330 215
336 213
342 211
348 209
354 208
360 207
366 208
372 209
378 211
384 213
390 215
396 217
402 217
408 218
414 217
420 215
426 213
432 211
438 209
444 208
450 207
456 208
462 209
468 211
474 213
480 215
486 217
492 218
498 218
504 218
510 217
516 216
522 214
528 211
534 209
540 208
546 207
552 207
558 208
564 209
570 211
576 213
582 216
588 218
594 220
600 221
606 222
612 222
618 221
624 220
630 219
636 217
642 214
648 212
654 209
660 207
666 205
672 204
678 203
684 203
690 203
696 205
702 206
708 209
714 211
720 214
726 215
732 216
738 217
744 216
750 215
756 214
762 212
768 209
774 207
780 206
786 204
792 204
798 204
804 206
810 208
816 210
822 213
828 217
834 220
840 223
846 225
852 227
858 227
864 228
870 227
876 226
882 224
888 221
894 217
900 212
906 206
912 202
918 198
924 196
930 195
936 195
942 196
948 199
954 202
960 206
966 210
972 213
978 215
984 216
990 216
996 215
1002 214
1008 212
1014 211
1020 210
1026 211
1032 212
1038 213
1044 215
1050 217
1056 219
1062 220
1068 221
1074 221
1080 220
1086 218
1092 217
1098 215
1104 214
1110 213
1116 212
1122 212
1128 211
1134 211
1140 212
1146 212
1152 211
1158 211
1164 211
1170 210
1176 210
1182 210
1188 209
