0 201
6 204
12 209
18 214
24 218
30 220
36 221
42 219
48 216
54 211
58 205
63 199
69 193
75 190
81 189
87 190
93 193
98 199
100 205
102 211
103 217
104 223
106 229
110 235
116 240
122 242
128 242
134 241
140 238
145 232
148 226
150 220
152 214
154 208
158 202
164 197
170 196
176 197
182 200
188 206
193 212
198 218
204 223
210 225
216 226
222 224
228 220
233 214
236 208
238 202
241 196
244 190
250 185
256 182
262 181
268 182
274 185
280 190
284 196
287 202
289 208
292 214
296 220
302 225
308 228
314 229
320 228
326 225
332 220
336 214
339 208
343 202
348 196
354 193
360 191
366 192
372 195
378 201
381 207
384 213
387 219
392 225
398 229
404 230
410 230
416 227
422 222
426 216
429 210
432 204
436 198
442 193
448 191
454 191
460 193
466 197
470 203
473 209
476 215
479 221
484 227
490 231
496 232
502 233
508 231
514 227
519 221
523 215
526 209
529 203
532 197
538 191
544 188
550 187
556 187
562 190
568 194
573 200
575 206
578 212
579 218
581 224
584 230
588 236
594 241
600 244
606 246
612 247
618 246
624 244
630 241
636 236
641 230
644 224
646 218
647 212
648 206
649 200
651 194
654 188
659 182
665 177
671 174
677 173
683 173
689 175
695 178
701 184
705 190
707 196
709 202
711 208
714 214
718 220
724 225
730 228
736 229
742 229
748 227
754 223
759 217
763 211
766 205
769 199
772 193
777 187
783 182
789 180
795 179
801 179
807 181
813 185
818 191
822 197
824 203
826 209
826 215
826 221
827 227
828 233
830 239
833 245
838 251
844 256
850 259
856 260
862 261
868 261
874 260
880 258
886 254
892 249
897 243
900 237
902 231
903 225
903 219
902 213
901 207
898 201
897 195
896 189
897 183
898 177
900 171
905 165
911 159
917 156
923 154
929 153
935 154
941 155
947 159
953 165
956 171
957 177
957 183
957 189
957 195
958 201
961 207
964 213
970 218
976 221
982 222
988 221
994 219
1000 215
1006 210
1012 207
1018 204
1024 204
1030 205
1036 209
1040 215
1043 221
1046 227
1050 233
1056 238
1062 241
1068 242
1074 241
1080 239
1086 236
1092 230
1097 224
1101 218
1107 212
1113 208
1119 206
1125 204
1131 204
1137 204
1143 205
1149 205
1155 204
1161 203
1167 202
1173 200
1179 199
1185 198
1191 198
