0 205
6 205
12 205
18 205
24 206
30 206
36 206
42 206
48 206
54 206
60 205
66 205
72 204
78 204
84 204
90 204
96 205
102 206
108 207
114 207
120 208
126 208
132 208
138 208
144 207
150 206
156 205
162 205
168 204
174 204
180 205
186 205
192 206
198 206
204 207
210 207
216 207
222 206
228 206
234 205
240 205
246 204
252 204
258 204
264 204
270 204
276 204
282 204
288 205
294 205
300 206
306 206
312 207
318 207
324 206
330 206
336 206
342 205
348 205
354 204
360 204
366 204
372 204
378 205
384 206
390 206
396 207
402 207
408 207
414 207
420 206
426 206
432 205
438 205
444 204
450 204
456 204
462 205
468 205
474 206
480 206
486 207
492 207
498 207
504 207
510 207
516 207
522 206
528 205
534 205
540 205
546 204
552 204
558 205
564 205
570 205
576 206
582 207
588 207
594 208
600 208
606 208
612 208
618 208
624 208
630 207
636 207
642 206
648 205
654 205
660 204
666 204
672 203
678 203
684 203
690 203
696 203
702 204
708 204
714 205
720 206
726 206
732 206
738 207
744 206
750 206
756 206
762 205
768 205
774 204
780 204
786 204
792 203
798 204
804 204
810 205
816 205
822 206
828 207
834 208
840 208
846 209
852 209
858 210
864 210
870 209
876 209
882 208
888 208
894 207
900 205
906 204
912 203
918 202
924 201
930 201
936 201
942 201
948 202
954 203
960 204
966 205
972 206
978 206
984 206
990 206
996 206
1002 206
1008 205
1014 205
1020 205
1026 205
1032 205
1038 206
1044 206
1050 207
1056 208
1062 208
1068 208
1074 208
1080 208
1086 207
1092 207
1098 206
1104 206
1110 206
1116 206
1122 206
1128 205
1134 206
1140 205
1146 205
1152 205
1158 205
1164 205
1170 205
1176 205
1182 205
1188 205
