0 270
6 273
12 275
18 276
24 275
30 274
36 271
42 267
47 261
50 255
52 249
52 243
50 237
46 231
42 225
41 219
41 213
43 207
45 201
48 195
54 189
60 185
66 183
72 182
78 183
84 185
90 189
96 194
102 199
108 202
114 204
120 204
126 203
132 201
138 197
144 193
150 189
156 186
162 185
168 185
174 187
180 190
186 196
189 202
191 208
192 214
192 220
190 226
188 232
186 238
186 244
187 250
189 256
194 262
200 267
206 270
212 272
218 273
224 273
230 271
236 269
242 264
248 258
251 252
253 246
253 240
253 234
252 228
250 222
248 216
248 210
249 204
250 198
253 192
258 186
264 181
270 178
276 177
282 177
288 178
294 180
300 185
304 191
307 197
308 203
308 209
308 215
308 221
310 227
312 233
315 239
320 245
326 250
332 252
338 253
344 253
350 252
356 249
362 243
366 237
368 231
369 225
370 219
369 213
369 207
370 201
372 195
375 189
381 184
387 180
393 178
399 178
405 179
411 182
417 186
421 192
424 198
425 204
425 210
425 216
426 222
428 228
431 234
435 240
441 245
447 248
453 250
459 250
465 250
471 250
477 248
483 246
489 243
495 239
501 235
506 229
510 223
512 217
514 211
515 205
516 199
516 193
519 187
523 181
529 176
535 173
541 172
547 172
553 173
559 176
565 182
569 188
571 194
572 200
572 206
571 212
571 218
571 224
572 230
575 236
580 242
586 246
592 248
598 248
604 247
610 244
616 239
621 233
625 227
627 221
628 215
628 209
628 203
627 197
627 191
628 185
630 179
636 173
642 169
648 167
654 167
660 168
666 170
672 174
678 180
681 186
684 192
685 198
685 204
685 210
683 216
679 222
674 228
671 234
670 240
669 246
670 252
672 258
675 264
679 270
685 274
691 278
697 280
703 280
709 280
715 279
721 277
727 273
733 267
737 261
739 255
740 249
739 243
738 237
735 231
733 225
732 219
733 213
734 207
736 201
739 195
744 189
750 184
756 181
762 180
768 179
774 180
780 182
786 186
792 192
795 198
798 204
799 210
799 216
800 222
802 228
804 234
808 240
814 245
820 248
826 250
832 250
838 249
844 246
850 242
855 236
859 230
861 224
863 218
864 212
864 206
862 200
859 194
856 188
855 182
855 176
858 170
862 164
868 159
874 156
880 155
886 155
892 156
898 158
904 162
910 167
915 173
918 179
921 185
922 191
923 197
923 203
922 209
919 215
913 220
909 226
907 232
906 238
906 244
906 250
908 256
911 262
916 268
922 273
928 277
934 278
940 279
946 279
952 278
958 276
964 272
970 267
975 261
978 255
980 249
982 243
983 237
984 231
984 225
983 219
980 213
975 207
971 201
970 195
970 189
971 183
973 177
975 171
979 165
983 159
989 154
995 151
1001 149
1007 148
1013 148
1019 149
1025 151
1031 154
1037 159
1042 165
1046 171
1048 177
1050 183
1050 189
1050 195
1048 201
1042 207
1036 211
1032 217
1031 223
1030 229
1031 235
1031 241
1033 247
1035 253
1038 259
1042 265
1048 271
1054 276
1060 279
1066 280
1072 281
1078 281
1084 281
1090 279
1096 276
1102 272
1108 267
1112 261
1116 255
1118 249
1120 243
1121 237
1121 231
1121 225
1120 219
1118 213
1116 207
1114 201
1114 195
1115 189
1117 183
1120 177
1123 171
1129 165
1135 160
1141 157
1147 155
1153 154
1159 154
1165 155
1171 157
1177 161
1183 166
1187 172
1190 178
1192 184
1193 190
1193 196
1191 202
1188 208
1183 214
1180 220
1179 226
1179 232
1179 238
1181 244
1183 250
1186 256
1190 262
