0 199
6 200
12 200
18 200
24 200
30 200
36 199
42 199
48 198
54 198
60 197
66 197
72 197
78 197
84 197
90 197
96 197
102 197
108 197
114 197
120 197
126 197
132 197
138 197
144 197
150 197
156 197
162 197
168 197
174 197
180 198
186 198
192 198
198 199
204 199
210 200
216 200
222 200
228 200
234 200
240 199
246 199
252 198
258 198
264 198
270 197
276 197
282 197
288 197
294 197
300 198
306 198
312 198
318 199
324 199
330 199
336 199
342 199
348 199
354 199
360 199
366 198
372 198
378 198
384 197
390 197
396 197
402 197
408 197
414 198
420 198
426 198
432 198
438 199
444 199
450 199
456 199
462 199
468 199
474 199
480 198
486 198
492 198
498 198
504 198
510 198
516 198
522 198
528 197
534 197
540 197
546 197
552 197
558 197
564 197
570 198
576 198
582 198
588 199
594 199
600 199
606 199
612 198
618 198
624 198
630 197
636 197
642 197
648 196
654 196
660 197
666 197
672 198
678 199
684 199
690 200
696 200
702 201
708 201
714 200
720 200
726 199
732 199
738 198
744 198
750 198
756 198
762 197
768 197
774 197
780 197
786 197
792 198
798 198
804 198
810 198
816 199
822 199
828 199
834 199
840 199
846 198
852 198
858 197
864 197
870 196
876 196
882 196
888 196
894 196
900 197
906 198
912 198
918 199
924 200
930 200
936 200
942 200
948 200
954 200
960 200
966 199
972 199
978 198
984 197
990 197
996 196
1002 196
1008 196
1014 196
1020 196
1026 197
1032 197
1038 198
1044 199
1050 199
1056 200
1062 200
1068 201
1074 201
1080 200
1086 200
1092 200
1098 200
1104 199
1110 199
1116 199
1122 198
1128 198
1134 197
1140 197
1146 196
1152 196
1158 196
1164 196
1170 196
1176 197
1182 197
1188 198
