0 206
6 207
12 207
18 207
24 207
30 207
36 206
42 206
48 206
54 205
60 205
66 205
72 205
78 205
84 205
90 205
96 205
102 205
108 205
114 205
120 205
126 205
132 205
138 205
144 205
150 205
156 205
162 205
168 205
174 205
180 205
186 206
192 206
198 206
204 206
210 207
216 207
222 207
228 207
234 207
240 206
246 206
252 206
258 206
264 205
270 205
276 205
282 205
288 205
294 205
300 205
306 206
312 206
318 206
324 206
330 206
336 206
342 206
348 206
354 206
360 206
366 206
372 206
378 205
384 205
390 205
396 205
402 205
408 205
414 205
420 206
426 206
432 206
438 206
444 206
450 206
456 206
462 206
468 206
474 206
480 206
486 206
492 206
498 206
504 206
510 206
516 206
522 205
528 205
534 205
540 205
546 205
552 205
558 205
564 205
570 205
576 206
582 206
588 206
594 206
600 206
606 206
612 206
618 206
624 205
630 205
636 205
642 205
648 205
654 205
660 205
666 205
672 206
678 206
684 206
690 207
696 207
702 207
708 207
714 207
720 207
726 206
732 206
738 206
744 206
750 206
756 205
762 205
768 205
774 205
780 205
786 205
792 205
798 206
804 206
810 206
816 206
822 206
828 206
834 206
840 206
846 206
852 206
858 205
864 205
870 205
876 204
882 204
888 204
894 205
900 205
906 205
912 206
918 206
924 206
930 207
936 207
942 207
948 207
954 207
960 207
966 206
972 206
978 206
984 205
990 205
996 205
1002 204
1008 204
1014 204
1020 205
1026 205
1032 205
1038 206
1044 206
1050 206
1056 207
1062 207
1068 207
1074 207
1080 207
1086 207
1092 207
1098 207
1104 206
1110 206
1116 206
1122 206
1128 206
1134 205
1140 205
1146 205
1152 205
1158 205
1164 205
1170 205
1176 205
1182 205
1188 206
