0 212
6 213
12 213
18 213
24 213
30 213
36 212
42 211
48 210
54 209
60 209
66 208
72 208
78 208
84 208
90 208
96 208
102 209
108 209
114 209
120 209
126 209
132 209
138 209
144 208
150 208
156 208
162 208
168 208
174 209
180 209
186 210
192 210
198 211
204 212
210 213
216 213
222 213
228 213
234 212
240 212
246 211
252 210
258 210
264 209
270 208
276 208
282 208
288 208
294 209
300 209
306 210
312 210
318 211
324 211
330 211
336 212
342 212
348 211
354 211
360 211
366 210
372 210
378 209
384 209
390 208
396 208
402 208
408 208
414 209
420 209
426 210
432 210
438 211
444 211
450 211
456 211
462 211
468 211
474 211
480 211
486 211
492 211
498 210
504 210
510 210
516 210
522 209
528 208
534 208
540 207
546 207
552 207
558 208
564 208
570 209
576 210
582 210
588 211
594 211
600 211
606 211
612 211
618 210
624 209
630 208
636 208
642 207
648 207
654 207
660 208
666 208
672 210
678 211
684 212
690 213
696 214
702 214
708 214
714 214
720 213
726 212
732 211
738 210
744 210
750 209
756 209
762 208
768 208
774 208
780 208
786 209
792 209
798 209
804 210
810 210
816 211
822 211
828 212
834 211
840 211
846 210
852 209
858 208
864 207
870 207
876 206
882 206
888 206
894 207
900 208
906 209
912 210
918 211
924 212
930 213
936 214
942 214
948 214
954 213
960 213
966 212
972 211
978 209
984 208
990 207
996 206
1002 206
1008 205
1014 206
1020 206
1026 207
1032 208
1038 210
1044 211
1050 212
1056 213
1062 214
1068 214
1074 214
1080 214
1086 213
1092 213
1098 212
1104 212
1110 211
1116 211
1122 210
1128 209
1134 208
1140 208
1146 207
1152 206
1158 206
1164 206
1170 207
1176 207
1182 209
1188 210
