0 218
6 218
12 218
18 218
24 218
30 218
36 218
42 218
48 217
54 217
60 217
66 217
72 217
78 217
84 217
90 217
96 217
102 217
108 217
114 217
120 217
126 217
132 217
138 217
144 217
150 217
156 217
162 217
168 217
174 217
180 217
186 217
192 218
198 218
204 218
210 218
216 218
222 218
228 218
234 218
240 218
246 218
252 218
258 217
264 217
270 217
276 217
282 217
288 217
294 217
300 217
306 218
312 218
318 218
324 218
330 218
336 218
342 218
348 218
354 218
360 218
366 218
372 218
378 217
384 217
390 217
396 217
402 217
408 217
414 217
420 217
426 218
432 218
438 218
444 218
450 218
456 218
462 218
468 218
474 218
480 218
486 218
492 218
498 218
504 218
510 218
516 217
522 217
528 217
534 217
540 217
546 217
552 217
558 217
564 217
570 217
576 217
582 218
588 218
594 218
600 218
606 218
612 218
618 217
624 217
630 217
636 217
642 217
648 217
654 217
660 217
666 217
672 217
678 218
684 218
690 218
696 218
702 218
708 218
714 218
720 218
726 218
732 218
738 218
744 218
750 217
756 217
762 217
768 217
774 217
780 217
786 217
792 217
798 217
804 217
810 218
816 218
822 218
828 218
834 218
840 218
846 218
852 217
858 217
864 217
870 217
876 217
882 217
888 217
894 217
900 217
906 217
912 218
918 218
924 218
930 218
936 218
942 218
948 218
954 218
960 218
966 218
972 218
978 218
984 217
990 217
996 217
1002 217
1008 217
1014 217
1020 217
1026 217
1032 217
1038 218
1044 218
1050 218
1056 218
1062 218
1068 218
1074 218
1080 218
1086 218
1092 218
1098 218
1104 218
1110 218
1116 218
1122 218
1128 218
1134 217
1140 217
1146 217
1152 217
1158 217
1164 217
1170 217
1176 217
1182 217
1188 218
