0 201
6 201
12 202
18 202
24 202
30 201
36 201
42 200
48 200
54 200
60 199
66 199
72 199
78 199
84 199
90 199
96 199
102 199
108 199
114 199
120 199
126 199
132 199
138 199
144 199
150 199
156 199
162 199
168 199
174 199
180 200
186 200
192 200
198 201
204 201
210 201
216 201
222 201
228 201
234 201
240 201
246 201
252 200
258 200
264 199
270 199
276 199
282 199
288 199
294 199
300 200
306 200
312 200
318 200
324 200
330 201
336 201
342 201
348 201
354 201
360 200
366 200
372 200
378 200
384 199
390 199
396 199
402 199
408 199
414 199
420 200
426 200
432 200
438 200
444 201
450 201
456 201
462 200
468 200
474 200
480 200
486 200
492 200
498 200
504 200
510 200
516 200
522 199
528 199
534 199
540 199
546 199
552 199
558 199
564 199
570 199
576 200
582 200
588 200
594 200
600 201
606 200
612 200
618 200
624 200
630 199
636 199
642 199
648 199
654 199
660 199
666 199
672 200
678 200
684 201
690 201
696 202
702 202
708 202
714 202
720 201
726 201
732 201
738 200
744 200
750 200
756 199
762 199
768 199
774 199
780 199
786 199
792 199
798 200
804 200
810 200
816 200
822 201
828 201
834 201
840 200
846 200
852 200
858 199
864 199
870 198
876 198
882 198
888 198
894 198
900 199
906 199
912 200
918 201
924 201
930 202
936 202
942 202
948 202
954 202
960 201
966 201
972 200
978 200
984 199
990 199
996 198
1002 198
1008 198
1014 198
1020 198
1026 199
1032 199
1038 200
1044 201
1050 201
1056 202
1062 202
1068 202
1074 202
1080 202
1086 202
1092 201
1098 201
1104 201
1110 201
1116 200
1122 200
1128 200
1134 199
1140 199
1146 199
1152 198
1158 198
1164 198
1170 198
1176 199
1182 199
1188 200
