0 214
6 214
12 215
18 215
24 215
30 214
36 214
42 214
48 214
54 214
60 214
66 213
72 213
78 213
84 213
90 213
96 214
102 214
108 214
114 214
120 214
126 214
132 214
138 214
144 214
150 214
156 214
162 214
168 214
174 214
180 214
186 214
192 214
198 214
204 214
210 214
216 215
222 215
228 215
234 214
240 214
246 214
252 214
258 214
264 214
270 214
276 214
282 214
288 214
294 214
300 214
306 214
312 214
318 214
324 214
330 214
336 214
342 214
348 214
354 214
360 214
366 214
372 214
378 214
384 214
390 214
396 214
402 214
408 214
414 214
420 214
426 214
432 214
438 214
444 214
450 214
456 214
462 214
468 214
474 214
480 214
486 214
492 214
498 214
504 214
510 214
516 214
522 214
528 214
534 213
540 213
546 213
552 213
558 213
564 214
570 214
576 214
582 214
588 214
594 214
600 214
606 214
612 214
618 214
624 214
630 214
636 213
642 213
648 213
654 213
660 213
666 214
672 214
678 214
684 214
690 215
696 215
702 215
708 215
714 215
720 215
726 214
732 214
738 214
744 214
750 214
756 214
762 214
768 214
774 214
780 214
786 214
792 214
798 214
804 214
810 214
816 214
822 214
828 214
834 214
840 214
846 214
852 214
858 214
864 213
870 213
876 213
882 213
888 213
894 213
900 213
906 214
912 214
918 214
924 214
930 215
936 215
942 215
948 215
954 215
960 214
966 214
972 214
978 214
984 214
990 213
996 213
1002 213
1008 213
1014 213
1020 213
1026 213
1032 214
1038 214
1044 214
1050 214
1056 215
1062 215
1068 215
1074 215
1080 215
1086 215
1092 215
1098 214
1104 214
1110 214
1116 214
1122 214
1128 214
1134 214
1140 213
1146 213
1152 213
1158 213
1164 213
1170 213
1176 213
1182 214
1188 214
