0 207
6 208
12 208
18 209
24 208
30 208
36 207
42 207
48 206
54 205
60 205
66 204
72 204
78 204
84 204
90 204
96 204
102 205
108 205
114 205
120 205
126 205
132 205
138 204
144 204
150 204
156 204
162 204
168 204
174 205
180 205
186 205
192 206
198 207
204 207
210 208
216 208
222 208
228 208
234 208
240 207
246 207
252 206
258 205
264 205
270 204
276 204
282 204
288 204
294 205
300 205
306 205
312 206
318 206
324 207
330 207
336 207
342 207
348 207
354 207
360 206
366 206
372 205
378 205
384 205
390 204
396 204
402 204
408 204
414 205
420 205
426 206
432 206
438 206
444 207
450 207
456 207
462 206
468 206
474 206
480 206
486 206
492 206
498 206
504 206
510 206
516 205
522 205
528 204
534 204
540 204
546 203
552 204
558 204
564 204
570 205
576 205
582 206
588 206
594 207
600 207
606 207
612 206
618 206
624 205
630 204
636 204
642 203
648 203
654 203
660 204
666 204
672 205
678 206
684 207
690 208
696 209
702 209
708 209
714 209
720 208
726 207
732 207
738 206
744 205
750 205
756 205
762 204
768 204
774 204
780 204
786 205
792 205
798 205
804 206
810 206
816 206
822 207
828 207
834 207
840 207
846 206
852 205
858 204
864 204
870 203
876 202
882 202
888 202
894 203
900 204
906 205
912 206
918 207
924 208
930 208
936 209
942 209
948 209
954 208
960 208
966 207
972 206
978 205
984 204
990 203
996 203
1002 202
1008 202
1014 202
1020 203
1026 203
1032 204
1038 205
1044 207
1050 207
1056 208
1062 209
1068 209
1074 209
1080 209
1086 208
1092 208
1098 208
1104 207
1110 207
1116 206
1122 206
1128 205
1134 204
1140 204
1146 203
1152 203
1158 203
1164 203
1170 203
1176 204
1182 205
1188 205
