0 202
6 203
12 203
18 203
24 203
30 203
36 202
42 201
48 201
54 200
60 200
66 200
72 199
78 199
84 199
90 200
96 200
102 200
108 200
114 200
120 200
126 200
132 200
138 200
144 200
150 200
156 200
162 200
168 200
174 200
180 200
186 201
192 201
198 202
204 202
210 202
216 203
222 203
228 203
234 202
240 202
246 202
252 201
258 201
264 200
270 200
276 200
282 200
288 200
294 200
300 200
306 201
312 201
318 201
324 201
330 202
336 202
342 202
348 202
354 202
360 201
366 201
372 201
378 200
384 200
390 200
396 200
402 200
408 200
414 200
420 200
426 201
432 201
438 201
444 202
450 202
456 202
462 201
468 201
474 201
480 201
486 201
492 201
498 201
504 201
510 201
516 201
522 200
528 200
534 199
540 199
546 199
552 199
558 199
564 200
570 200
576 201
582 201
588 201
594 202
600 202
606 201
612 201
618 201
624 200
630 200
636 199
642 199
648 199
654 199
660 199
666 200
672 201
678 201
684 202
690 203
696 203
702 203
708 203
714 203
720 203
726 202
732 202
738 201
744 201
750 200
756 200
762 200
768 200
774 200
780 200
786 200
792 200
798 200
804 201
810 201
816 201
822 202
828 202
834 202
840 202
846 201
852 200
858 200
864 199
870 198
876 198
882 198
888 198
894 199
900 199
906 200
912 201
918 202
924 202
930 203
936 203
942 203
948 203
954 203
960 203
966 202
972 201
978 200
984 200
990 199
996 198
1002 198
1008 198
1014 198
1020 198
1026 199
1032 200
1038 201
1044 202
1050 202
1056 203
1062 203
1068 203
1074 203
1080 203
1086 203
1092 203
1098 202
1104 202
1110 202
1116 201
1122 201
1128 200
1134 200
1140 199
1146 199
1152 198
1158 198
1164 198
1170 199
1176 199
1182 200
1188 201
