0 262
6 265
12 267
18 268
24 267
30 266
36 262
42 257
46 251
48 245
49 239
48 233
48 227
47 221
47 215
48 209
50 203
54 197
60 191
66 188
72 187
78 187
84 189
90 192
96 196
102 201
108 204
114 206
120 206
126 205
132 203
138 200
144 196
150 193
156 191
162 190
168 191
174 193
180 198
185 204
187 210
188 216
189 222
189 228
189 234
190 240
192 246
195 252
201 258
207 261
213 263
219 264
225 264
231 262
237 259
243 254
247 248
250 242
251 236
252 230
252 224
252 218
252 212
253 206
255 200
258 194
264 188
270 185
276 183
282 183
288 184
294 187
300 193
304 199
306 205
308 211
309 217
311 223
314 229
317 235
323 241
329 245
335 247
341 247
347 247
353 244
359 240
363 234
366 228
368 222
370 216
371 210
373 204
376 198
380 192
386 188
392 185
398 185
404 186
410 189
416 194
420 200
422 206
424 212
426 218
429 224
432 230
438 236
444 240
450 242
456 243
462 244
468 243
474 242
480 240
486 238
492 235
498 232
504 227
509 221
513 215
515 209
518 203
520 197
523 191
529 185
535 181
541 179
547 179
553 181
559 184
564 190
567 196
569 202
570 208
571 214
572 220
574 226
577 232
582 238
588 242
594 244
600 243
606 242
612 238
618 232
621 226
624 220
625 214
626 208
627 202
628 196
629 190
632 184
638 178
644 175
650 173
656 173
662 175
668 179
674 185
677 191
679 197
680 203
679 209
678 215
676 221
674 227
673 233
673 239
673 245
675 251
678 257
683 263
689 267
695 270
701 271
707 271
713 270
719 268
725 264
731 258
734 252
736 246
737 240
737 234
737 228
737 222
737 216
738 210
740 204
744 198
749 192
755 188
761 185
767 185
773 185
779 187
785 191
791 197
794 203
797 209
799 215
801 221
803 227
806 233
812 239
818 243
824 245
830 246
836 245
842 242
848 238
853 232
856 226
858 220
859 214
860 208
859 202
858 196
858 190
858 184
860 178
863 172
869 167
875 164
881 163
887 163
893 164
899 167
905 172
910 178
913 184
915 190
916 196
917 202
916 208
914 214
911 220
909 226
908 232
908 238
909 244
911 250
914 256
919 262
925 267
931 270
937 271
943 272
949 271
955 269
961 266
967 262
972 256
975 250
978 244
980 238
980 232
981 226
980 220
979 214
977 208
975 202
975 196
975 190
976 184
978 178
981 172
986 166
992 161
998 158
1004 156
1010 156
1016 156
1022 158
1028 161
1034 167
1039 173
1042 179
1043 185
1044 191
1044 197
1042 203
1039 209
1036 215
1035 221
1034 227
1034 233
1035 239
1037 245
1040 251
1043 257
1049 263
1055 268
1061 271
1067 272
1073 273
1079 273
1085 272
1091 270
1097 267
1103 262
1108 256
1112 250
1115 244
1117 238
1119 232
1120 226
1120 220
1120 214
1120 208
1120 202
1121 196
1122 190
1124 184
1127 178
1132 172
1138 167
1144 164
1150 162
1156 162
1162 162
1168 164
1174 167
1180 173
1184 179
1187 185
1188 191
1189 197
1188 203
1187 209
1185 215
1183 221
1183 227
1183 233
1184 239
1186 245
1189 251
