0 198
6 198
12 198
18 198
24 198
30 198
36 199
42 199
48 199
54 198
60 198
66 198
72 197
78 197
84 197
90 197
96 198
102 198
108 199
114 199
120 200
126 200
132 200
138 200
144 199
150 199
156 198
162 197
168 197
174 197
180 197
186 198
192 198
198 199
204 199
210 199
216 199
222 199
228 198
234 198
240 197
246 197
252 197
258 197
264 197
270 197
276 197
282 197
288 198
294 198
300 198
306 199
312 199
318 199
324 199
330 198
336 198
342 198
348 197
354 197
360 197
366 197
372 197
378 198
384 198
390 199
396 199
402 199
408 199
414 199
420 199
426 198
432 198
438 198
444 197
450 197
456 197
462 198
468 198
474 198
480 199
486 199
492 199
498 199
504 199
510 199
516 199
522 198
528 198
534 198
540 197
546 197
552 197
558 197
564 198
570 198
576 199
582 199
588 199
594 200
600 200
606 200
612 200
618 200
624 200
630 199
636 199
642 198
648 198
654 198
660 197
666 197
672 197
678 196
684 196
690 196
696 196
702 197
708 197
714 198
720 198
726 198
732 199
738 199
744 199
750 198
756 198
762 198
768 197
774 197
780 197
786 197
792 197
798 197
804 197
810 197
816 198
822 198
828 199
834 200
840 200
846 200
852 201
858 201
864 201
870 201
876 201
882 200
888 200
894 199
900 198
906 197
912 196
918 195
924 195
930 195
936 195
942 195
948 195
954 196
960 197
966 197
972 198
978 198
984 199
990 199
996 198
1002 198
1008 198
1014 198
1020 198
1026 198
1032 198
1038 198
1044 199
1050 199
1056 200
1062 200
1068 200
1074 200
1080 200
1086 199
1092 199
1098 199
1104 198
1110 198
1116 198
1122 198
1128 198
1134 198
1140 198
1146 198
1152 198
1158 198
1164 198
1170 198
1176 198
1182 198
1188 198
