0 178
5 184
8 190
10 196
10 202
11 208
12 214
14 220
19 226
25 230
31 232
37 231
43 230
49 226
55 221
59 215
63 209
64 203
65 197
65 191
64 185
64 179
65 173
68 167
74 162
80 159
86 159
92 160
98 163
104 169
107 175
110 181
111 187
112 193
112 199
112 205
110 211
108 217
103 223
98 229
96 235
94 241
94 247
95 253
97 259
101 265
107 271
113 275
119 277
125 278
131 277
137 275
143 272
149 267
153 261
155 255
155 249
154 243
151 237
146 231
142 225
141 219
142 213
143 207
144 201
147 195
151 189
157 183
163 180
169 180
175 181
181 185
186 191
189 197
190 203
191 209
192 215
194 221
197 227
202 233
208 237
214 239
220 239
226 238
232 234
238 228
241 222
243 216
244 210
245 204
245 198
243 192
240 186
235 180
232 174
232 168
232 162
235 156
238 150
244 145
250 142
256 140
262 140
268 141
274 143
280 146
286 152
289 158
292 164
292 170
292 176
291 182
288 188
285 194
283 200
282 206
282 212
282 218
284 224
286 230
289 236
294 242
300 246
306 249
312 249
318 248
324 245
330 240
334 234
337 228
338 222
338 216
337 210
336 204
336 198
336 192
337 186
340 180
344 174
350 168
356 165
362 164
368 165
374 168
380 173
383 179
385 185
386 191
386 197
384 203
381 209
379 215
379 221
379 227
380 233
383 239
388 245
394 250
400 252
406 252
412 251
418 248
424 242
428 236
430 230
432 224
432 218
432 212
431 206
429 200
428 194
428 188
429 182
432 176
436 170
442 165
448 163
454 162
460 163
466 166
472 171
476 177
479 183
480 189
480 195
480 201
477 207
474 213
473 219
472 225
473 231
474 237
477 243
482 249
488 253
494 255
500 256
506 255
512 253
518 249
524 243
528 237
531 231
533 225
534 219
534 213
533 207
530 201
527 195
526 189
526 183
527 177
529 171
533 165
539 160
545 158
551 157
557 157
563 159
569 162
575 167
581 173
584 179
587 185
590 191
591 197
593 203
593 209
592 215
588 221
582 225
578 231
576 237
576 243
576 249
577 255
579 261
582 267
586 273
592 278
598 281
604 284
610 285
616 285
622 284
628 283
634 280
640 276
646 270
651 264
654 258
656 252
657 246
658 240
659 234
658 228
658 222
656 216
654 210
649 204
643 202
637 196
635 190
634 184
634 178
634 172
635 166
636 160
639 154
642 148
646 142
652 137
658 133
664 130
670 129
676 129
682 129
688 131
694 133
700 137
706 143
709 149
712 155
713 161
714 167
713 173
709 179
703 183
700 189
699 195
699 201
700 207
702 213
704 219
708 225
712 231
718 237
724 241
730 243
736 244
742 244
748 243
754 241
760 237
766 232
771 226
775 220
777 214
779 208
779 202
778 196
773 190
768 184
767 178
768 172
770 166
774 160
779 154
785 150
791 148
797 148
803 148
809 150
815 153
821 157
827 163
832 169
836 175
840 181
843 187
846 193
848 199
850 205
852 211
853 217
853 223
853 229
851 235
845 239
839 236
833 233
827 235
822 241
820 247
819 253
818 259
818 265
819 271
821 277
824 283
828 289
834 295
840 299
846 302
852 304
858 306
864 306
870 306
876 305
882 303
888 301
894 297
900 292
906 286
910 280
913 274
915 268
916 262
917 256
917 250
917 244
916 238
915 232
913 226
911 220
909 214
906 208
903 202
897 196
892 202
886 203
883 197
882 191
880 185
879 179
878 173
878 167
877 161
878 155
878 149
879 143
880 137
882 131
885 125
889 119
895 113
901 108
907 105
913 102
919 101
925 100
931 100
937 100
943 101
949 103
955 107
961 111
967 117
970 123
973 129
974 135
973 141
970 147
964 151
958 149
952 145
946 143
940 144
934 149
931 155
929 161
929 167
930 173
932 179
934 185
937 191
941 197
946 203
952 208
958 212
964 214
970 215
976 215
982 212
988 208
994 203
1000 199
1006 197
1012 195
1018 195
1024 195
1030 197
1036 201
1041 207
1044 213
1045 219
1045 225
1043 231
1039 237
1036 243
1035 249
1036 255
1038 261
1042 267
1048 273
1054 276
1060 279
1066 280
1072 280
1078 279
1084 277
1090 274
1096 270
1100 264
1103 258
1105 252
1105 246
1104 240
1101 234
1098 228
1097 222
1098 216
1099 210
1103 204
1108 198
1114 194
1120 191
1126 190
1132 189
1138 188
1144 187
1150 185
1156 183
1162 180
1168 176
1174 174
1180 172
1186 172
1192 173
