0 216
6 216
12 217
18 217
24 218
30 218
36 219
42 219
48 218
54 218
60 217
66 216
72 215
78 215
84 215
90 215
96 216
102 218
108 219
114 221
120 222
126 222
132 222
138 221
144 220
150 218
156 217
162 216
168 215
174 215
180 216
186 217
192 218
198 219
204 219
210 219
216 219
222 219
228 218
234 217
240 216
246 215
252 214
258 214
264 214
270 214
276 215
282 215
288 216
294 217
300 218
306 219
312 219
318 219
324 219
330 218
336 218
342 217
348 216
354 215
360 215
366 215
372 216
378 216
384 218
390 219
396 219
402 220
408 220
414 220
420 219
426 218
432 217
438 216
444 215
450 215
456 215
462 216
468 217
474 218
480 219
486 220
492 220
498 220
504 220
510 220
516 219
522 218
528 217
534 216
540 215
546 215
552 215
558 215
564 216
570 217
576 218
582 219
588 220
594 221
600 222
606 222
612 222
618 222
624 221
630 220
636 219
642 218
648 217
654 216
660 215
666 214
672 213
678 213
684 213
690 213
696 213
702 214
708 215
714 217
720 218
726 219
732 219
738 219
744 219
750 219
756 218
762 217
768 216
774 215
780 214
786 214
792 214
798 214
804 214
810 215
816 217
822 218
828 220
834 221
840 222
846 224
852 224
858 225
864 225
870 225
876 224
882 223
888 221
894 219
900 217
906 215
912 212
918 211
924 209
930 209
936 209
942 209
948 211
954 212
960 214
966 216
972 218
978 219
984 219
990 219
996 219
1002 218
1008 217
1014 217
1020 216
1026 216
1032 217
1038 218
1044 219
1050 220
1056 221
1062 222
1068 222
1074 222
1080 221
1086 220
1092 220
1098 219
1104 218
1110 218
1116 217
1122 217
1128 217
1134 217
1140 217
1146 217
1152 217
1158 217
1164 217
1170 216
1176 216
1182 216
1188 216
