0 220
6 220
12 220
18 220
24 220
30 221
36 221
42 221
48 221
54 221
60 220
66 220
72 220
78 220
84 220
90 220
96 220
102 220
108 221
114 221
120 221
126 221
132 221
138 221
144 221
150 221
156 220
162 220
168 220
174 220
180 220
186 220
192 221
198 221
204 221
210 221
216 221
222 221
228 220
234 220
240 220
246 220
252 220
258 220
264 220
270 220
276 220
282 220
288 220
294 220
300 220
306 221
312 221
318 221
324 221
330 221
336 220
342 220
348 220
354 220
360 220
366 220
372 220
378 220
384 220
390 221
396 221
402 221
408 221
414 221
420 221
426 221
432 220
438 220
444 220
450 220
456 220
462 220
468 220
474 221
480 221
486 221
492 221
498 221
504 221
510 221
516 221
522 221
528 221
534 220
540 220
546 220
552 220
558 220
564 220
570 221
576 221
582 221
588 221
594 221
600 221
606 221
612 221
618 221
624 221
630 221
636 221
642 221
648 220
654 220
660 220
666 220
672 220
678 220
684 220
690 220
696 220
702 220
708 220
714 220
720 220
726 221
732 221
738 221
744 221
750 220
756 220
762 220
768 220
774 220
780 220
786 220
792 220
798 220
804 220
810 220
816 220
822 221
828 221
834 221
840 221
846 221
852 221
858 221
864 221
870 221
876 221
882 221
888 221
894 221
900 220
906 220
912 220
918 220
924 220
930 220
936 220
942 220
948 220
954 220
960 220
966 220
972 220
978 221
984 221
990 221
996 221
1002 220
1008 220
1014 220
1020 220
1026 220
1032 220
1038 221
1044 221
1050 221
1056 221
1062 221
1068 221
1074 221
1080 221
1086 221
1092 221
1098 221
1104 221
1110 221
1116 221
1122 221
1128 221
1134 221
1140 221
1146 221
1152 220
1158 220
1164 220
1170 220
1176 220
1182 220
1188 220
