0 155
4 158
8 162
10 166
12 170
13 174
14 178
14 182
13 186
12 190
10 194
8 198
8 202
8 206
8 210
10 214
12 218
15 222
19 225
23 227
27 229
31 229
35 229
39 229
43 228
47 226
51 224
55 221
59 218
63 214
66 210
69 206
71 202
73 198
74 194
75 190
75 186
74 182
72 178
69 174
65 170
63 166
62 162
62 158
63 154
65 150
68 146
72 142
76 140
80 139
84 139
88 139
92 139
96 141
100 143
104 146
108 150
110 154
112 158
114 162
115 166
115 170
116 174
116 178
116 182
116 186
116 190
115 194
115 198
115 202
114 206
114 210
113 214
112 218
110 222
106 225
102 225
98 228
95 232
93 236
91 240
90 244
89 248
89 252
89 256
89 260
90 264
91 268
93 272
96 276
99 280
103 283
107 286
111 288
115 290
119 290
123 291
127 291
131 291
135 290
139 288
143 286
147 284
151 280
154 276
156 272
158 268
159 264
160 260
160 256
159 252
158 248
156 244
153 240
149 238
145 238
141 239
137 238
134 234
133 230
133 226
133 222
134 218
134 214
135 210
136 206
137 202
139 198
140 194
142 190
144 186
147 182
150 178
154 174
158 171
162 170
166 169
170 169
174 169
178 171
182 173
186 176
190 180
192 184
194 188
194 192
194 196
192 200
189 204
188 208
189 212
190 216
191 220
194 224
197 228
201 232
205 234
209 236
213 237
217 238
221 238
225 237
229 236
233 233
237 229
240 225
243 221
245 217
246 213
248 209
249 205
250 201
250 197
251 193
251 189
251 185
251 181
251 177
250 173
249 169
245 165
241 164
237 164
233 164
229 161
227 157
226 153
225 149
225 145
225 141
226 137
228 133
231 129
234 125
238 121
242 119
246 117
250 116
254 115
258 114
262 114
266 114
270 115
274 116
278 118
282 121
286 124
290 128
292 132
294 136
296 140
297 144
297 148
297 152
297 156
296 160
295 164
293 168
289 171
285 172
281 175
279 179
278 183
278 187
278 191
278 195
278 199
278 203
278 207
278 211
279 215
280 219
280 223
281 227
283 231
285 235
287 239
290 243
294 247
298 249
302 251
306 252
310 253
314 252
318 251
322 249
326 247
330 243
333 239
335 235
337 231
338 227
339 223
340 219
340 215
340 211
340 207
339 203
336 199
332 195
329 191
329 187
329 183
330 179
331 175
332 171
334 167
337 163
340 159
344 155
348 152
352 150
356 148
360 147
364 147
368 148
372 149
376 151
380 154
384 158
386 162
388 166
389 170
390 174
391 178
391 182
391 186
390 190
388 194
384 198
380 200
377 204
375 208
374 212
374 216
374 220
375 224
375 228
376 232
377 236
379 240
381 244
385 248
389 252
393 254
397 255
401 256
405 256
409 256
413 254
417 252
421 249
425 245
428 241
430 237
432 233
434 229
435 225
436 221
437 217
437 213
437 209
437 205
436 201
434 197
430 194
427 190
426 186
425 182
425 178
426 174
426 170
427 166
429 162
431 158
434 154
438 150
442 147
446 146
450 145
454 144
458 145
462 146
466 147
470 150
474 153
477 157
480 161
482 165
484 169
486 173
487 177
488 181
488 185
489 189
488 193
487 197
483 200
479 201
475 203
473 207
471 211
470 215
470 219
470 223
470 227
470 231
471 235
472 239
474 243
476 247
479 251
483 255
487 258
491 259
495 260
499 261
503 260
507 259
511 258
515 256
519 253
523 250
527 246
530 242
533 238
536 234
538 230
540 226
542 222
543 218
544 214
545 210
546 206
546 202
545 198
543 194
539 192
535 191
531 191
527 189
525 185
524 181
523 177
523 173
523 169
523 165
524 161
526 157
528 153
531 149
535 145
539 142
543 141
547 140
551 140
555 140
559 141
563 142
567 144
571 146
575 149
579 153
582 157
585 161
588 165
591 169
593 173
595 177
597 181
599 185
601 189
602 193
604 197
605 201
605 205
606 209
606 213
606 217
606 221
604 225
600 228
596 226
592 222
588 221
584 223
581 227
579 231
577 235
576 239
575 243
574 247
574 251
574 255
574 259
574 263
575 267
576 271
578 275
580 279
582 283
586 287
590 291
594 293
598 296
602 297
606 298
610 299
614 299
618 299
622 299
626 298
630 297
634 295
638 293
642 291
646 288
650 284
653 280
656 276
658 272
660 268
661 264
662 260
663 256
664 252
664 248
664 244
664 240
664 236
664 232
663 228
663 224
662 220
661 216
660 212
659 208
658 204
656 200
655 196
653 192
649 190
645 194
643 198
639 199
636 195
635 191
634 187
633 183
632 179
631 175
630 171
630 167
629 163
629 159
629 155
629 151
629 147
629 143
630 139
631 135
633 131
634 127
637 123
640 119
644 115
648 112
652 109
656 107
660 106
664 105
668 104
672 104
676 104
680 104
684 105
688 107
692 108
696 110
700 113
704 117
708 121
711 125
713 129
715 133
716 137
717 141
718 145
718 149
718 153
718 157
717 161
716 165
712 169
708 169
704 166
700 163
696 162
692 164
689 168
688 172
688 176
688 180
689 184
690 188
691 192
692 196
694 200
695 204
697 208
700 212
702 216
705 220
708 224
711 228
715 232
719 235
723 238
727 240
731 241
735 242
739 242
743 242
747 242
751 241
755 240
759 238
763 236
767 234
771 231
775 227
779 223
783 219
786 215
788 211
791 207
792 203
793 199
794 195
794 191
793 187
790 183
786 181
782 181
778 182
774 183
770 185
766 184
762 180
761 176
761 172
761 168
762 164
763 160
764 156
766 152
768 148
771 144
775 141
779 138
783 135
787 134
791 133
795 133
799 133
803 133
807 134
811 136
815 138
819 141
823 144
827 147
831 151
834 155
838 159
841 163
844 167
846 171
849 175
851 179
853 183
855 187
857 191
859 195
861 199
862 203
863 207
864 211
865 215
866 219
867 223
867 227
868 231
868 235
868 239
868 243
867 247
866 251
864 255
861 259
857 260
853 258
850 254
849 250
849 246
848 242
846 238
845 234
841 230
837 230
833 231
829 235
825 239
823 243
821 247
819 251
817 255
816 259
815 263
815 267
814 271
814 275
814 279
815 283
816 287
817 291
819 295
821 299
824 303
827 307
831 310
835 314
839 316
843 318
847 320
851 321
855 322
859 323
863 323
867 324
871 323
875 323
879 322
883 321
887 320
891 318
895 316
899 313
903 310
907 306
911 302
913 298
916 294
918 290
920 286
921 282
922 278
923 274
923 270
924 266
924 262
924 258
923 254
923 250
922 246
921 242
920 238
918 234
916 230
914 226
912 222
910 218
907 214
905 210
902 206
900 202
898 198
897 194
894 190
892 194
892 198
892 202
892 206
888 208
887 204
886 200
885 196
885 192
884 188
883 184
882 180
881 176
880 172
879 168
878 164
877 160
877 156
876 152
875 148
875 144
874 140
874 136
873 132
873 128
873 124
873 120
874 116
875 112
876 108
877 104
879 100
882 96
885 92
888 88
892 85
896 82
900 80
904 78
908 76
912 75
916 74
920 73
924 73
928 72
932 72
936 73
940 73
944 74
948 75
952 77
956 79
960 81
964 84
968 87
972 91
975 95
978 99
980 103
982 107
983 111
983 115
983 119
983 123
981 127
979 131
976 135
972 137
968 139
964 139
960 137
956 134
955 130
953 126
952 122
948 118
944 115
940 114
936 114
932 114
928 116
924 118
920 122
918 126
916 130
914 134
914 138
913 142
913 146
914 150
914 154
915 158
917 162
918 166
921 170
923 174
926 178
930 182
934 186
938 189
942 191
946 193
950 195
954 196
958 197
962 197
966 196
970 195
974 193
978 191
982 188
986 186
990 185
994 184
998 183
1002 183
1006 183
1010 183
1014 183
1018 184
1022 185
1026 187
1030 189
1034 191
1038 195
1041 199
1044 203
1046 207
1047 211
1048 215
1049 219
1050 223
1050 227
1049 231
1048 235
1044 238
1040 239
1036 239
1032 240
1028 244
1027 248
1026 252
1027 256
1027 260
1028 264
1030 268
1032 272
1035 276
1038 280
1042 284
1046 287
1050 290
1054 292
1058 293
1062 294
1066 295
1070 295
1074 295
1078 295
1082 294
1086 293
1090 291
1094 289
1098 286
1102 283
1105 279
1108 275
1111 271
1112 267
1113 263
1114 259
1115 255
1114 251
1114 247
1112 243
1108 239
1104 238
1100 237
1096 235
1093 231
1092 227
1091 223
1091 219
1091 215
1092 211
1093 207
1094 203
1095 199
1097 195
1100 191
1103 187
1107 184
1111 181
1115 179
1119 177
1123 175
1127 174
1131 172
1135 171
1139 169
1143 168
1147 166
1151 164
1155 161
1159 159
1163 156
1167 154
1171 152
1175 151
1179 150
1183 150
1187 150
1191 151
1195 152
