0 218
6 219
12 219
18 220
24 221
30 221
36 222
42 222
48 221
54 220
60 219
66 218
72 217
78 216
84 216
90 217
96 219
102 221
108 223
114 224
120 226
126 226
132 226
138 225
144 223
150 222
156 220
162 218
168 217
174 217
180 218
186 219
192 220
198 222
204 222
210 223
216 223
222 222
228 221
234 219
240 218
246 217
252 216
258 215
264 215
270 216
276 216
282 217
288 219
294 220
300 221
306 222
312 223
318 223
324 222
330 222
336 220
342 219
348 218
354 217
360 217
366 217
372 218
378 219
384 220
390 222
396 223
402 223
408 224
414 223
420 222
426 221
432 219
438 218
444 217
450 217
456 217
462 218
468 219
474 220
480 222
486 223
492 224
498 224
504 224
510 223
516 222
522 221
528 219
534 218
540 217
546 217
552 217
558 217
564 218
570 219
576 221
582 222
588 224
594 225
600 226
606 226
612 226
618 226
624 225
630 224
636 223
642 221
648 220
654 218
660 217
666 215
672 214
678 214
684 214
690 214
696 215
702 216
708 218
714 219
720 221
726 222
732 223
738 223
744 223
750 222
756 221
762 219
768 218
774 217
780 216
786 215
792 215
798 215
804 216
810 217
816 219
822 221
828 223
834 225
840 227
846 228
852 230
858 230
864 230
870 230
876 229
882 228
888 225
894 223
900 220
906 216
912 213
918 211
924 209
930 208
936 208
942 209
948 211
954 213
960 216
966 218
972 220
978 222
984 222
990 222
996 222
1002 221
1008 220
1014 219
1020 219
1026 219
1032 220
1038 221
1044 222
1050 224
1056 225
1062 225
1068 226
1074 226
1080 225
1086 224
1092 223
1098 222
1104 221
1110 220
1116 220
1122 220
1128 220
1134 220
1140 220
1146 220
1152 219
1158 219
1164 219
1170 219
1176 218
1182 218
1188 218
