0 217
6 217
12 217
18 217
24 218
30 218
36 218
42 218
48 218
54 218
60 218
66 217
72 217
78 217
84 217
90 217
96 217
102 218
108 218
114 218
120 218
126 218
132 218
138 218
144 218
150 218
156 217
162 217
168 217
174 217
180 217
186 217
192 218
198 218
204 218
210 218
216 218
222 218
228 217
234 217
240 217
246 217
252 217
258 217
264 217
270 217
276 217
282 217
288 217
294 217
300 217
306 218
312 218
318 218
324 218
330 218
336 217
342 217
348 217
354 217
360 217
366 217
372 217
378 217
384 217
390 218
396 218
402 218
408 218
414 218
420 218
426 218
432 217
438 217
444 217
450 217
456 217
462 217
468 218
474 218
480 218
486 218
492 218
498 218
504 218
510 218
516 218
522 218
528 218
534 217
540 217
546 217
552 217
558 217
564 217
570 218
576 218
582 218
588 218
594 218
600 218
606 218
612 218
618 218
624 218
630 218
636 218
642 218
648 217
654 217
660 217
666 217
672 217
678 217
684 217
690 217
696 217
702 217
708 217
714 217
720 217
726 218
732 218
738 218
744 218
750 218
756 217
762 217
768 217
774 217
780 217
786 217
792 217
798 217
804 217
810 217
816 217
822 218
828 218
834 218
840 218
846 218
852 218
858 218
864 218
870 218
876 218
882 218
888 218
894 218
900 217
906 217
912 217
918 217
924 217
930 217
936 217
942 217
948 217
954 217
960 217
966 217
972 217
978 218
984 218
990 218
996 218
1002 217
1008 217
1014 217
1020 217
1026 217
1032 217
1038 218
1044 218
1050 218
1056 218
1062 218
1068 218
1074 218
1080 218
1086 218
1092 218
1098 218
1104 218
1110 218
1116 218
1122 218
1128 218
1134 218
1140 218
1146 218
1152 218
1158 218
1164 217
1170 217
1176 217
1182 217
1188 217
