0 193
5 199
8 205
10 211
13 217
16 223
21 229
27 232
33 233
39 233
45 231
51 226
56 220
59 214
61 208
62 202
63 196
64 190
67 184
73 178
79 176
85 175
91 177
97 180
103 186
106 192
108 198
108 204
108 210
107 216
104 222
101 228
99 234
98 240
98 246
100 252
103 258
108 264
114 268
120 270
126 270
132 270
138 268
144 264
149 258
151 252
152 246
152 240
150 234
147 228
146 222
146 216
147 210
149 204
153 198
159 193
165 190
171 190
177 192
183 197
187 203
189 209
191 215
193 221
196 227
200 233
206 238
212 240
218 241
224 239
230 236
236 230
239 224
240 218
241 212
240 206
239 200
237 194
236 188
236 182
237 176
241 170
247 165
253 162
259 161
265 161
271 162
277 165
283 170
287 176
289 182
289 188
289 194
288 200
286 206
285 212
285 218
286 224
288 230
291 236
297 242
303 246
309 247
315 247
321 246
327 242
332 236
335 230
337 224
338 218
338 212
338 206
339 200
341 194
345 188
351 182
357 180
363 179
369 181
375 184
380 190
382 196
383 202
383 208
382 214
381 220
381 226
382 232
385 238
390 244
396 248
402 250
408 250
414 248
420 244
425 238
428 232
430 226
430 220
430 214
430 208
430 202
431 196
433 190
438 184
444 180
450 178
456 178
462 180
468 184
473 190
475 196
477 202
476 208
476 214
474 220
474 226
475 232
476 238
480 244
486 250
492 252
498 254
504 253
510 251
516 247
522 241
525 235
528 229
529 223
529 217
528 211
527 205
527 199
528 193
530 187
534 181
540 176
546 173
552 172
558 173
564 175
570 178
576 184
580 190
583 196
585 202
586 208
586 214
584 220
582 226
579 232
578 238
578 244
579 250
581 256
584 262
589 268
595 272
601 275
607 277
613 277
619 277
625 275
631 273
637 269
643 264
647 258
650 252
652 246
654 240
654 234
654 228
653 222
650 216
646 210
642 204
640 198
639 192
639 186
640 180
642 174
645 168
649 162
655 157
661 153
667 151
673 150
679 150
685 151
691 153
697 156
703 161
707 167
709 173
711 179
710 185
709 191
706 197
705 203
704 209
705 215
707 221
709 227
713 233
719 239
725 242
731 245
737 245
743 245
749 243
755 240
761 235
766 229
769 223
771 217
772 211
772 205
771 199
770 193
770 187
772 181
775 175
780 169
786 166
792 164
798 163
804 164
810 166
816 169
822 173
827 179
832 185
835 191
838 197
840 203
842 209
843 215
843 221
842 227
836 233
830 235
824 241
822 247
821 253
821 259
822 265
824 271
828 277
833 283
839 288
845 292
851 294
857 295
863 296
869 296
875 295
881 293
887 291
893 287
899 281
904 275
908 269
910 263
912 257
913 251
913 245
913 239
912 233
911 227
909 221
906 215
903 209
897 205
891 206
885 200
883 194
882 188
882 182
881 176
882 170
883 164
884 158
886 152
889 146
894 140
900 134
906 130
912 128
918 126
924 125
930 124
936 125
942 126
948 128
954 132
960 137
965 143
967 149
967 155
965 161
959 165
953 166
947 167
942 173
940 179
940 185
941 191
943 197
946 203
949 209
954 215
960 220
966 224
972 225
978 225
984 224
990 220
996 215
1002 210
1008 207
1014 204
1020 203
1026 204
1032 206
1038 210
1041 216
1043 222
1043 228
1042 234
1040 240
1040 246
1041 252
1044 258
1049 264
1055 268
1061 271
1067 272
1073 272
1079 270
1085 268
1091 264
1096 258
1099 252
1101 246
1101 240
1100 234
1100 228
1101 222
1103 216
1107 210
1113 205
1119 202
1125 201
1131 200
1137 200
1143 200
1149 199
1155 197
1161 195
1167 192
1173 190
1179 188
1185 188
1191 188
