0 213
6 213
12 213
18 214
24 214
30 215
36 215
42 215
48 215
54 214
60 213
66 213
72 212
78 212
84 212
90 212
96 213
102 214
108 215
114 217
120 217
126 218
132 218
138 217
144 216
150 215
156 214
162 213
168 212
174 212
180 213
186 213
192 214
198 215
204 215
210 216
216 215
222 215
228 214
234 213
240 213
246 212
252 211
258 211
264 211
270 211
276 212
282 212
288 213
294 214
300 215
306 215
312 215
318 216
324 215
330 215
336 214
342 213
348 213
354 212
360 212
366 212
372 212
378 213
384 214
390 215
396 216
402 216
408 216
414 216
420 215
426 214
432 213
438 213
444 212
450 212
456 212
462 213
468 213
474 214
480 215
486 216
492 216
498 216
504 216
510 216
516 215
522 214
528 214
534 213
540 212
546 212
552 212
558 212
564 213
570 214
576 215
582 215
588 216
594 217
600 218
606 218
612 218
618 217
624 217
630 216
636 216
642 215
648 214
654 213
660 212
666 211
672 211
678 210
684 210
690 210
696 211
702 211
708 212
714 213
720 214
726 215
732 215
738 215
744 215
750 215
756 214
762 213
768 213
774 212
780 211
786 211
792 211
798 211
804 211
810 212
816 213
822 215
828 216
834 217
840 218
846 219
852 220
858 220
864 220
870 220
876 219
882 218
888 217
894 215
900 214
906 212
912 210
918 208
924 207
930 207
936 207
942 207
948 208
954 210
960 211
966 213
972 214
978 215
984 215
990 215
996 215
1002 214
1008 214
1014 213
1020 213
1026 213
1032 214
1038 214
1044 215
1050 216
1056 217
1062 217
1068 218
1074 217
1080 217
1086 216
1092 216
1098 215
1104 215
1110 214
1116 214
1122 214
1128 214
1134 214
1140 214
1146 214
1152 214
1158 214
1164 213
1170 213
1176 213
1182 213
1188 213
