0 212
0 208
1 204
4 200
8 198
12 197
16 197
20 194
22 190
23 186
22 182
22 178
21 174
19 170
18 166
15 162
13 158
10 154
6 150
2 147
1198 145
1194 143
1190 142
1186 141
1182 141
1178 141
1174 142
1170 143
1166 144
1162 146
1158 149
1154 152
1150 155
1146 159
1142 162
1138 165
1134 168
1130 170
1126 173
1122 175
1118 178
1114 181
1110 184
1106 188
1102 192
1099 196
1096 200
1094 204
1092 208
1090 212
1089 216
1088 220
1087 224
1087 228
1087 232
1086 236
1086 240
1087 244
1087 248
1088 252
1089 256
1090 260
1094 264
1098 265
1102 262
1104 258
1107 254
1111 250
1115 249
1119 252
1122 256
1124 260
1125 264
1126 268
1126 272
1126 276
1126 280
1125 284
1123 288
1122 292
1120 296
1117 300
1114 304
1110 308
1106 311
1102 313
1098 316
1094 317
1090 319
1086 320
1082 320
1078 321
1074 321
1070 321
1066 320
1062 320
1058 319
1054 317
1050 316
1046 314
1042 311
1038 308
1034 305
1031 301
1027 297
1025 293
1023 289
1021 285
1020 281
1019 277
1018 273
1017 269
1017 265
1018 261
1019 257
1021 253
1025 251
1029 252
1033 256
1036 260
1039 264
1043 268
1047 269
1051 267
1053 263
1053 259
1053 255
1053 251
1053 247
1052 243
1052 239
1051 235
1049 231
1048 227
1046 223
1044 219
1042 215
1040 211
1036 207
1033 203
1029 200
1025 197
1021 194
1017 192
1013 190
1009 189
1005 188
1001 187
997 186
993 185
989 184
985 184
981 183
977 183
973 183
969 183
965 184
961 185
957 187
953 188
949 189
945 190
941 190
937 190
933 189
929 188
925 186
921 184
917 181
913 177
910 173
908 169
906 165
904 161
903 157
902 153
902 149
901 145
901 141
901 137
901 133
901 129
902 125
902 121
903 117
905 113
906 109
908 105
911 101
915 98
919 95
923 93
927 92
931 92
935 92
939 93
943 94
947 97
951 101
953 105
955 109
956 113
956 117
955 121
954 125
954 129
957 133
961 136
965 137
969 138
973 138
977 137
981 135
985 131
988 127
990 123
992 119
993 115
993 111
993 107
993 103
992 99
991 95
990 91
988 87
986 83
983 79
980 75
976 71
972 68
968 65
964 62
960 60
956 59
952 57
948 56
944 55
940 54
936 54
932 54
928 53
924 54
920 54
916 55
912 55
908 56
904 58
900 60
896 61
892 64
888 67
884 70
880 74
877 78
875 82
873 86
871 90
870 94
869 98
869 102
869 106
869 110
870 114
871 118
872 122
873 126
874 130
875 134
876 138
877 142
878 146
878 150
879 154
879 158
880 162
880 166
881 170
882 174
882 178
883 182
884 186
884 190
885 194
886 198
887 202
888 206
889 210
890 214
891 218
892 222
893 226
897 229
900 233
904 237
908 238
912 240
916 243
920 247
923 251
925 255
927 259
929 263
930 267
931 271
932 275
932 279
932 283
932 287
932 291
931 295
931 299
930 303
928 307
927 311
925 315
922 319
920 323
916 327
912 331
908 334
904 337
900 339
896 341
892 343
888 344
884 345
880 346
876 347
872 347
868 347
864 347
860 347
856 346
852 345
848 344
844 343
840 341
836 339
832 337
828 334
824 330
820 326
817 322
815 318
813 314
811 310
810 306
810 302
809 298
809 294
810 290
810 286
811 282
813 278
815 274
817 270
819 266
822 262
825 258
829 254
833 250
837 247
841 244
845 243
849 244
853 248
854 252
855 256
856 260
856 264
856 268
855 272
855 276
854 280
854 284
853 288
854 292
856 296
860 298
864 299
868 298
872 294
875 290
876 286
877 282
878 278
878 274
879 270
879 266
879 262
879 258
878 254
878 250
878 246
877 242
877 238
876 234
876 230
875 226
874 222
873 218
871 214
870 210
869 206
867 202
865 198
863 194
861 190
859 186
857 182
854 178
851 174
848 170
845 166
841 162
837 158
833 155
829 151
825 148
821 145
817 142
813 140
809 138
805 137
801 135
797 135
793 135
789 135
785 136
781 137
777 139
773 142
769 146
765 150
763 154
760 158
758 162
757 166
755 170
754 174
753 178
753 182
752 186
752 190
753 194
754 198
756 202
760 205
764 206
768 205
772 203
776 199
778 195
780 191
783 187
787 184
791 182
795 182
799 182
803 184
807 187
810 191
812 195
813 199
812 203
812 207
810 211
808 215
805 219
802 223
798 227
794 231
790 235
786 238
782 241
778 243
774 246
770 248
766 249
762 251
758 252
754 253
750 253
746 254
742 254
738 253
734 252
730 251
726 250
722 248
718 246
714 243
710 240
706 236
702 232
699 228
696 224
693 220
690 216
688 212
686 208
684 204
682 200
681 196
680 192
679 188
678 184
677 180
677 176
676 172
676 168
677 164
677 160
678 156
680 152
684 149
688 148
692 150
695 154
697 158
698 162
699 166
700 170
701 174
703 178
707 182
711 181
714 177
715 173
716 169
717 165
718 161
719 157
719 153
719 149
719 145
719 141
719 137
719 133
718 129
717 125
715 121
714 117
712 113
709 109
706 105
702 101
698 98
694 95
690 93
686 91
682 90
678 89
674 89
670 89
666 89
662 89
658 90
654 91
650 93
646 95
642 98
638 101
634 105
631 109
629 113
627 117
626 121
625 125
624 129
624 133
623 137
624 141
624 145
625 149
625 153
626 157
627 161
628 165
629 169
631 173
632 177
633 181
634 185
635 189
637 193
638 197
639 201
640 205
640 209
641 213
642 217
646 213
646 209
646 205
646 201
646 197
646 193
647 189
651 191
652 195
653 199
654 203
654 207
655 211
656 215
658 219
659 223
660 227
661 231
663 235
664 239
665 243
666 247
667 251
668 255
669 259
669 263
670 267
670 271
670 275
669 279
669 283
668 287
666 291
664 295
662 299
659 303
656 307
652 311
648 314
644 316
640 319
636 320
632 322
628 323
624 323
620 324
616 324
612 324
608 323
604 322
600 321
596 319
592 317
588 315
584 312
580 308
577 304
575 300
573 296
572 292
571 288
571 284
571 280
571 276
572 272
573 268
574 264
576 260
577 256
579 252
581 248
584 244
586 240
589 236
593 233
597 232
601 236
603 240
604 244
604 248
605 252
605 256
606 260
610 263
614 262
617 258
618 254
619 250
620 246
620 242
620 238
620 234
620 230
619 226
618 222
618 218
617 214
615 210
614 206
612 202
610 198
608 194
606 190
603 186
601 182
598 178
595 174
592 170
588 166
585 162
581 158
578 154
574 151
570 147
566 145
562 142
558 141
554 140
550 139
546 139
542 140
538 141
534 144
530 147
527 151
525 155
523 159
522 163
522 167
521 171
521 175
521 179
521 183
522 187
522 191
523 195
524 199
525 203
527 207
531 211
535 211
539 208
541 204
543 200
546 196
550 194
554 194
558 197
561 201
562 205
563 209
563 213
562 217
561 221
559 225
557 229
555 233
552 237
550 241
547 245
544 249
540 253
536 257
532 261
528 265
524 268
520 270
516 273
512 274
508 276
504 277
500 277
496 277
492 276
488 275
484 273
480 270
476 266
473 262
471 258
470 254
469 250
468 246
468 242
468 238
468 234
468 230
469 226
470 222
470 218
472 214
473 210
477 207
481 208
485 212
487 216
491 220
495 220
498 216
498 212
498 208
498 204
497 200
496 196
495 192
494 188
493 184
492 180
490 176
488 172
487 168
484 164
482 160
479 156
476 152
472 149
468 146
464 144
460 143
456 142
452 142
448 142
444 144
440 146
436 149
432 153
430 157
428 161
427 165
425 169
425 173
424 177
423 181
423 185
423 189
423 193
423 197
424 201
426 205
430 206
434 202
438 200
442 201
444 205
444 209
444 213
443 217
443 221
442 225
441 229
440 233
439 237
437 241
436 245
434 249
432 253
430 257
427 261
423 265
419 268
415 271
411 272
407 273
403 274
399 274
395 273
391 271
387 269
383 266
379 262
377 258
375 254
373 250
372 246
371 242
371 238
370 234
370 230
370 226
370 222
370 218
370 214
371 210
373 206
377 203
381 205
385 209
389 212
393 211
395 207
396 203
396 199
396 195
396 191
396 187
395 183
394 179
393 175
392 171
391 167
389 163
387 159
384 155
380 151
376 149
372 147
368 146
364 145
360 146
356 147
352 148
348 150
344 153
340 156
336 160
333 164
330 168
327 172
325 176
323 180
321 184
320 188
319 192
319 196
319 200
320 204
324 208
328 207
332 204
336 202
340 204
342 208
343 212
343 216
343 220
343 224
342 228
342 232
341 236
340 240
339 244
337 248
335 252
333 256
330 260
326 264
322 266
318 268
314 269
310 270
306 269
302 269
298 267
294 265
290 262
286 258
284 254
282 250
280 246
279 242
279 238
278 234
278 230
277 226
277 222
277 218
277 214
277 210
277 206
276 202
276 198
276 194
276 190
276 186
276 182
276 178
276 174
277 170
277 166
278 162
282 159
285 163
287 167
291 169
294 165
296 161
297 157
298 153
299 149
300 145
300 141
300 137
300 133
299 129
298 125
297 121
294 117
291 113
288 109
284 106
280 104
276 102
272 100
268 99
264 99
260 98
256 99
252 99
248 100
244 101
240 103
236 106
232 109
228 113
225 117
222 121
221 125
219 129
219 133
218 137
218 141
219 145
220 149
221 153
223 157
226 161
230 164
234 165
238 161
239 157
241 153
244 149
248 147
252 150
255 154
256 158
257 162
257 166
258 170
258 174
258 178
258 182
258 186
257 190
257 194
256 198
255 202
254 206
253 210
252 214
251 218
250 222
248 226
246 230
244 234
241 238
237 242
233 245
229 248
225 249
221 250
217 250
213 250
209 249
205 248
201 246
197 244
193 241
189 237
185 233
182 229
181 225
180 221
181 217
184 213
188 211
192 211
196 211
200 211
204 207
205 203
205 199
203 195
200 191
196 187
192 183
188 181
184 179
180 177
176 177
172 176
168 177
164 178
160 179
156 182
152 185
148 189
145 193
142 197
140 201
137 205
136 209
134 213
133 217
132 221
130 225
129 229
129 233
128 237
127 241
127 245
126 249
126 253
126 257
126 261
127 265
128 269
131 273
135 273
139 269
141 265
143 261
146 257
150 255
154 256
158 260
161 264
162 268
164 272
164 276
165 280
164 284
163 288
162 292
160 296
157 300
154 304
150 307
146 310
142 312
138 313
134 314
130 315
126 315
122 315
118 315
114 314
110 313
106 311
102 309
98 307
94 304
90 300
87 296
85 292
84 288
82 284
82 280
82 276
82 272
83 268
85 264
87 260
90 256
94 252
98 250
102 250
104 254
108 258
110 254
111 250
112 246
113 242
114 238
114 234
114 230
115 226
115 222
115 218
115 214
115 210
116 206
116 202
116 198
116 194
116 190
117 186
117 182
117 178
118 174
118 170
118 166
118 162
117 158
116 154
114 150
112 146
109 142
105 138
101 135
97 133
93 132
89 132
85 131
81 132
77 133
73 135
69 138
66 142
63 146
61 150
60 154
59 158
59 162
59 166
60 170
62 174
65 178
69 179
73 177
77 177
81 178
85 182
86 186
87 190
88 194
88 198
87 202
86 206
85 210
82 214
80 218
76 222
72 226
68 229
64 231
60 234
56 236
52 237
48 239
44 240
40 241
36 241
32 241
28 241
24 240
20 239
16 237
12 234
8 230
5 226
2 222
1 218
0 214
2 210
2 214
1198 216
