0 209
6 209
12 209
18 209
24 209
30 210
36 210
42 210
48 210
54 210
60 209
66 209
72 209
78 209
84 209
90 209
96 209
102 209
108 210
114 210
120 210
126 210
132 210
138 210
144 210
150 210
156 209
162 209
168 209
174 209
180 209
186 209
192 210
198 210
204 210
210 210
216 210
222 210
228 209
234 209
240 209
246 209
252 209
258 209
264 209
270 209
276 209
282 209
288 209
294 209
300 209
306 210
312 210
318 210
324 210
330 210
336 209
342 209
348 209
354 209
360 209
366 209
372 209
378 209
384 209
390 210
396 210
402 210
408 210
414 210
420 210
426 209
432 209
438 209
444 209
450 209
456 209
462 209
468 209
474 210
480 210
486 210
492 210
498 210
504 210
510 210
516 210
522 210
528 209
534 209
540 209
546 209
552 209
558 209
564 209
570 209
576 210
582 210
588 210
594 210
600 210
606 210
612 210
618 210
624 210
630 210
636 210
642 210
648 209
654 209
660 209
666 209
672 209
678 209
684 209
690 209
696 209
702 209
708 209
714 209
720 209
726 210
732 210
738 210
744 210
750 210
756 209
762 209
768 209
774 209
780 209
786 209
792 209
798 209
804 209
810 209
816 209
822 210
828 210
834 210
840 210
846 210
852 211
858 211
864 211
870 211
876 210
882 210
888 210
894 210
900 209
906 209
912 209
918 208
924 208
930 208
936 208
942 208
948 208
954 208
960 209
966 209
972 209
978 210
984 210
990 210
996 210
1002 209
1008 209
1014 209
1020 209
1026 209
1032 209
1038 210
1044 210
1050 210
1056 210
1062 210
1068 210
1074 210
1080 210
1086 210
1092 210
1098 210
1104 210
1110 210
1116 209
1122 209
1128 209
1134 209
1140 209
1146 209
1152 209
1158 209
1164 209
1170 209
1176 209
1182 209
1188 209
