0 206
6 207
12 208
18 209
24 210
30 211
36 212
42 211
48 211
54 209
60 207
66 205
72 203
78 202
84 202
90 203
96 206
102 210
108 214
114 217
120 219
126 220
132 219
138 218
144 215
150 211
156 208
162 205
168 204
174 204
180 205
186 207
192 209
198 211
204 213
210 214
216 213
222 212
228 210
234 208
240 205
246 203
252 201
258 200
264 200
270 200
276 202
282 204
288 207
294 209
300 211
306 213
312 214
318 214
324 213
330 212
336 209
342 207
348 205
354 203
360 203
366 203
372 204
378 207
384 209
390 212
396 214
402 215
408 215
414 214
420 212
426 210
432 207
438 205
444 203
450 203
456 203
462 204
468 206
474 209
480 212
486 214
492 215
498 216
504 216
510 214
516 213
522 210
528 207
534 205
540 203
546 202
552 202
558 203
564 204
570 207
576 210
582 213
588 216
594 218
600 220
606 220
612 220
618 220
624 219
630 217
636 214
642 211
648 208
654 205
660 202
666 200
672 198
678 197
684 197
690 198
696 199
702 202
708 204
714 208
720 210
726 212
732 214
738 214
744 214
750 212
756 211
762 208
768 205
774 203
780 200
786 199
792 199
798 199
804 200
810 203
816 206
822 210
828 214
834 218
840 221
846 224
852 226
858 227
864 227
870 227
876 225
882 223
888 219
894 214
900 208
905 202
911 196
917 192
923 189
929 188
935 188
941 189
947 192
953 196
959 201
965 206
971 209
977 212
983 213
989 213
995 212
1001 210
1007 209
1013 207
1019 206
1025 206
1031 207
1037 209
1043 212
1049 214
1055 217
1061 218
1067 219
1073 219
1079 218
1085 216
1091 214
1097 212
1103 211
1109 209
1115 208
1121 208
1127 208
1133 208
1139 208
1145 208
1151 208
1157 207
1163 207
1169 206
1175 206
1181 205
1187 205
1193 205
