0 198
6 200
12 201
18 203
24 205
30 206
36 207
42 206
48 205
54 203
60 199
66 196
72 194
78 193
84 193
90 195
96 198
102 204
108 210
114 214
120 217
126 218
132 217
138 215
144 212
150 207
156 201
162 198
168 196
174 196
180 197
186 200
192 203
198 206
204 208
210 209
216 209
222 208
228 205
234 201
240 197
246 194
252 191
258 190
264 189
270 190
276 192
282 196
288 200
294 203
300 207
306 209
312 210
318 210
324 209
330 207
336 204
342 200
348 197
354 194
360 194
366 194
372 196
378 199
384 203
390 207
396 210
402 211
408 212
414 210
420 208
426 204
432 200
438 197
444 195
450 194
456 194
462 196
468 199
474 203
480 207
486 210
492 212
498 213
504 212
510 211
516 208
522 204
528 200
534 197
540 194
546 193
552 192
558 193
564 196
570 199
576 204
582 209
588 213
594 216
600 218
606 219
612 219
618 219
624 217
630 214
636 211
642 207
648 202
654 197
660 192
666 189
672 186
678 185
684 185
690 186
696 189
702 192
708 197
714 201
720 205
726 208
732 210
738 211
744 210
750 208
756 206
762 202
768 197
774 193
780 190
786 188
792 187
798 188
804 190
810 193
816 197
821 203
827 209
832 215
838 220
844 224
850 226
856 228
862 229
868 229
874 227
880 225
886 221
892 215
896 209
899 203
902 197
905 191
909 185
914 179
920 175
926 173
932 172
938 173
944 176
950 180
955 186
959 192
964 198
970 204
976 207
982 208
988 209
994 207
1000 205
1006 203
1012 201
1018 199
1024 199
1030 200
1036 203
1042 206
1048 210
1054 214
1060 216
1066 217
1072 217
1078 216
1084 214
1090 211
1096 208
1102 206
1108 203
1114 202
1120 201
1126 200
1132 200
1138 200
1144 201
1150 201
1156 200
1162 200
1168 199
1174 198
1180 198
1186 197
1192 197
