0 209
6 209
12 209
18 210
24 210
30 210
36 211
42 211
48 210
54 210
60 210
66 209
72 208
78 208
84 208
90 208
96 209
102 210
108 211
114 212
120 213
126 213
132 213
138 212
144 212
150 211
156 210
162 209
168 208
174 208
180 209
186 209
192 210
198 211
204 211
210 211
216 211
222 211
228 210
234 209
240 209
246 208
252 208
258 207
264 207
270 208
276 208
282 208
288 209
294 210
300 210
306 211
312 211
318 211
324 211
330 211
336 210
342 209
348 209
354 208
360 208
366 208
372 209
378 209
384 210
390 211
396 211
402 212
408 212
414 211
420 211
426 210
432 209
438 209
444 208
450 208
456 208
462 209
468 209
474 210
480 211
486 211
492 212
498 212
504 212
510 211
516 211
522 210
528 210
534 209
540 209
546 208
552 208
558 209
564 209
570 210
576 210
582 211
588 212
594 212
600 213
606 213
612 213
618 213
624 212
630 212
636 211
642 210
648 210
654 209
660 208
666 208
672 207
678 207
684 207
690 207
696 207
702 208
708 208
714 209
720 210
726 211
732 211
738 211
744 211
750 211
756 210
762 210
768 209
774 208
780 208
786 207
792 207
798 207
804 208
810 209
816 209
822 210
828 211
834 212
840 213
846 214
852 214
858 215
864 215
870 215
876 214
882 213
888 212
894 211
900 210
906 208
912 207
918 205
924 204
930 204
936 204
942 204
948 205
954 206
960 208
966 209
972 210
978 211
984 211
990 211
996 211
1002 210
1008 210
1014 209
1020 209
1026 209
1032 210
1038 210
1044 211
1050 212
1056 212
1062 213
1068 213
1074 213
1080 212
1086 212
1092 211
1098 211
1104 210
1110 210
1116 210
1122 210
1128 210
1134 210
1140 210
1146 210
1152 210
1158 210
1164 209
1170 209
1176 209
1182 209
1188 209
