0 200
6 206
9 212
12 218
16 224
22 230
28 233
34 234
40 233
46 231
52 226
56 220
59 214
60 208
62 202
64 196
68 190
74 185
80 183
86 183
92 185
98 189
102 195
105 201
106 207
106 213
105 219
103 225
101 231
100 237
100 243
101 249
104 255
109 261
115 265
121 267
127 267
133 266
139 264
145 259
149 253
151 247
151 241
150 235
149 229
148 223
148 217
149 211
152 205
158 199
164 196
170 196
176 197
182 201
187 207
190 213
192 219
194 225
198 231
204 237
210 240
216 241
222 240
228 237
234 231
237 225
239 219
239 213
238 207
237 201
237 195
237 189
240 183
244 177
250 173
256 171
262 170
268 171
274 173
280 177
284 183
287 189
288 195
288 201
288 207
287 213
287 219
288 225
290 231
293 237
299 243
305 246
311 247
317 246
323 244
329 240
333 234
336 228
337 222
338 216
339 210
340 204
343 198
348 192
354 188
360 187
366 187
372 190
378 195
381 201
382 207
383 213
382 219
382 225
383 231
386 237
390 243
396 247
402 249
408 249
414 247
420 243
425 237
427 231
429 225
429 219
430 213
430 207
432 201
435 195
441 189
447 186
453 185
459 186
465 189
471 195
474 201
475 207
475 213
475 219
475 225
475 231
477 237
480 243
486 248
492 251
498 252
504 252
510 250
516 246
521 240
524 234
526 228
527 222
527 216
527 210
527 204
529 198
531 192
536 186
542 183
548 181
554 180
560 181
566 184
572 188
577 194
580 200
582 206
583 212
583 218
582 224
580 230
579 236
579 242
580 248
582 254
585 260
591 266
597 270
603 272
609 273
615 273
621 272
627 271
633 268
639 263
644 257
648 251
650 245
651 239
652 233
651 227
650 221
647 215
644 209
642 203
642 197
642 191
644 185
646 179
650 173
656 167
662 163
668 161
674 160
680 160
686 161
692 163
698 167
704 173
707 179
709 185
709 191
709 197
707 203
707 209
707 215
708 221
710 227
714 233
719 239
725 243
731 245
737 246
743 245
749 243
755 240
761 234
765 228
768 222
770 216
770 210
770 204
770 198
771 192
773 186
777 180
783 175
789 172
795 171
801 171
807 173
813 175
819 179
825 185
829 191
833 197
835 203
837 209
838 215
838 221
837 227
833 233
827 239
824 245
823 251
823 257
824 263
827 269
830 275
836 281
842 285
848 288
854 290
860 291
866 291
872 291
878 289
884 287
890 283
896 279
901 273
905 267
908 261
909 255
910 249
911 243
910 237
910 231
908 225
906 219
902 213
896 209
890 207
886 201
885 195
884 189
884 183
885 177
886 171
888 165
891 159
894 153
899 147
905 142
911 139
917 136
923 135
929 134
935 135
941 136
947 138
953 142
959 148
962 154
964 160
964 166
960 172
954 175
948 180
945 186
945 192
946 198
947 204
950 210
954 216
959 222
965 226
971 228
977 229
983 228
989 226
995 222
1001 216
1007 212
1013 209
1019 208
1025 208
1031 209
1037 214
1041 220
1042 226
1042 232
1042 238
1041 244
1043 250
1046 256
1052 262
1058 266
1064 267
1070 268
1076 267
1082 265
1088 262
1094 256
1097 250
1099 244
1100 238
1100 232
1101 226
1103 220
1108 214
1114 209
1120 207
1126 206
1132 205
1138 205
1144 205
1150 205
1156 204
1162 202
1168 199
1174 197
1180 195
1186 195
1192 196
