0 194
6 195
12 198
18 200
24 203
30 204
36 205
42 204
48 202
54 199
60 195
66 191
72 188
78 186
84 186
90 188
96 193
101 199
105 205
109 211
115 216
121 218
127 219
133 218
139 216
145 211
150 205
154 199
160 194
166 191
172 190
178 191
184 194
190 198
196 202
202 206
208 208
214 208
220 207
226 205
232 200
238 194
244 189
250 185
256 183
262 182
268 182
274 184
280 188
286 193
292 199
298 204
304 208
310 209
316 210
322 209
328 206
334 202
340 197
346 193
352 189
358 188
364 188
370 189
376 193
382 198
388 204
394 208
400 210
406 211
412 210
418 208
424 203
430 198
436 193
442 189
448 188
454 187
460 189
466 192
472 197
478 203
484 208
490 211
496 212
502 212
508 211
514 208
520 204
526 198
532 192
538 188
544 186
550 185
556 186
562 188
568 192
574 198
579 204
585 210
591 215
597 219
603 221
609 222
615 221
621 220
627 218
633 214
639 209
644 203
648 197
653 191
659 185
665 181
671 178
677 176
683 176
689 177
695 180
701 184
707 190
712 196
718 202
724 206
730 209
736 210
742 210
748 208
754 205
760 201
766 195
772 189
778 184
784 181
790 180
796 179
802 181
808 183
814 188
819 194
823 200
826 206
829 212
833 218
839 224
845 228
851 231
857 233
863 233
869 233
875 231
881 229
887 224
893 218
896 212
899 206
900 200
901 194
902 188
903 182
906 176
910 170
916 165
922 163
928 161
934 162
940 163
946 166
952 172
956 178
958 184
961 190
964 196
970 202
976 205
982 207
988 207
994 205
1000 203
1006 200
1012 197
1018 195
1024 195
1030 196
1036 199
1042 204
1048 210
1054 214
1060 217
1066 218
1072 218
1078 217
1084 215
1090 211
1096 207
1102 203
1108 200
1114 198
1120 197
1126 196
1132 196
1138 196
1144 196
1150 196
1156 196
1162 195
1168 194
1174 193
1180 192
1186 192
1192 192
