0 185
5 191
8 197
9 203
11 209
12 215
15 221
19 227
25 231
31 232
37 232
43 231
49 227
55 221
59 215
61 209
63 203
63 197
63 191
64 185
65 179
70 173
76 169
82 167
88 168
94 170
100 174
105 180
108 186
109 192
110 198
110 204
109 210
108 216
104 222
100 228
97 234
96 240
96 246
97 252
100 258
104 264
110 269
116 272
122 274
128 274
134 273
140 270
146 266
150 260
153 254
154 248
153 242
151 236
147 230
144 224
144 218
144 212
145 206
148 200
151 194
157 188
163 185
169 185
175 186
181 190
186 196
189 202
190 208
191 214
193 220
196 226
200 232
206 237
212 239
218 240
224 239
230 236
236 230
239 224
242 218
243 212
243 206
242 200
240 194
237 188
234 182
234 176
234 170
237 164
242 158
248 154
254 151
260 150
266 151
272 152
278 155
284 161
288 167
290 173
291 179
290 185
289 191
287 197
285 203
284 209
284 215
284 221
286 227
288 233
292 239
298 244
304 247
310 248
316 248
322 246
328 242
333 236
336 230
337 224
338 218
337 212
337 206
337 200
338 194
340 188
343 182
349 176
355 173
361 172
367 172
373 175
379 180
382 186
384 192
385 198
384 204
382 210
381 216
380 222
380 228
382 234
385 240
390 246
396 249
402 251
408 251
414 249
420 245
425 239
428 233
430 227
431 221
431 215
430 209
429 203
429 197
430 191
432 185
435 179
441 174
447 171
453 170
459 171
465 174
471 179
475 185
477 191
478 197
478 203
477 209
475 215
473 221
473 227
474 233
476 239
479 245
485 250
491 253
497 255
503 254
509 253
515 249
521 244
525 238
528 232
530 226
531 220
531 214
530 208
528 202
527 196
526 190
527 184
530 178
534 172
540 168
546 165
552 164
558 165
564 167
570 170
576 176
581 182
584 188
587 194
588 200
589 206
589 212
587 218
583 224
579 230
577 236
577 242
577 248
578 254
580 260
584 266
590 272
596 276
602 279
608 281
614 281
620 280
626 279
632 277
638 273
644 267
649 261
652 255
654 249
656 243
656 237
656 231
656 225
654 219
652 213
647 207
641 202
638 196
637 190
636 184
637 178
638 172
639 166
642 160
646 154
652 148
658 144
664 141
670 140
676 139
682 140
688 141
694 144
700 148
706 154
709 160
711 166
712 172
712 178
709 184
705 190
702 196
702 202
702 208
703 214
705 220
708 226
713 232
719 238
725 242
731 244
737 245
743 245
749 243
755 240
761 236
766 230
770 224
773 218
775 212
776 206
775 200
772 194
769 188
769 182
770 176
772 170
777 164
783 159
789 156
795 155
801 155
807 157
813 159
819 163
825 168
830 174
834 180
838 186
841 192
843 198
845 204
847 210
848 216
848 222
847 228
843 234
837 235
831 234
825 238
822 244
820 250
819 256
820 262
821 268
823 274
826 280
831 286
837 292
843 296
849 298
855 300
861 301
867 301
873 300
879 299
885 297
891 294
897 289
903 283
907 277
910 271
912 265
914 259
915 253
915 247
915 241
914 235
913 229
911 223
909 217
906 211
903 205
897 201
891 206
885 201
883 195
881 189
880 183
880 177
879 171
879 165
880 159
881 153
882 147
885 141
888 135
892 129
898 123
904 119
910 116
916 114
922 112
928 112
934 112
940 113
946 115
952 118
958 122
964 128
968 134
970 140
971 146
969 152
963 157
957 157
951 155
945 155
939 160
936 166
935 172
935 178
936 184
938 190
941 196
945 202
949 208
955 213
961 218
967 220
973 221
979 220
985 217
991 213
997 208
1003 204
1009 201
1015 199
1021 199
1027 200
1033 202
1039 208
1043 214
1044 220
1044 226
1042 232
1039 238
1038 244
1038 250
1039 256
1042 262
1048 268
1054 272
1060 274
1066 276
1072 276
1078 275
1084 273
1090 269
1096 264
1100 258
1102 252
1103 246
1102 240
1101 234
1099 228
1099 222
1100 216
1103 210
1107 204
1113 199
1119 197
1125 195
1131 194
1137 194
1143 193
1149 192
1155 191
1161 188
1167 185
1173 182
1179 180
1185 180
1191 181
