0 199
6 199
12 199
18 198
24 198
30 199
36 199
42 200
48 200
54 201
60 202
66 203
72 204
78 205
84 206
90 206
96 207
102 207
108 207
114 206
120 206
126 205
132 204
138 202
144 201
150 199
156 197
162 196
168 195
174 194
180 193
186 193
192 193
198 194
204 194
210 195
216 197
222 198
228 199
234 200
240 201
246 202
252 202
258 202
264 202
270 201
276 200
282 199
288 198
294 197
300 196
306 195
312 195
318 194
324 194
330 195
336 196
342 197
348 199
354 201
360 203
366 205
372 207
378 209
384 210
390 212
396 212
402 213
408 213
414 212
420 211
426 210
432 209
438 207
444 205
450 203
456 201
462 199
468 197
474 196
480 195
486 194
492 193
498 192
504 192
510 193
516 193
522 194
528 195
534 196
540 197
546 198
552 200
558 201
564 202
570 204
576 205
582 206
588 206
594 207
600 207
606 207
612 207
618 207
624 206
630 206
636 205
642 204
648 204
654 203
660 202
666 201
672 200
678 200
684 199
690 199
696 199
702 199
708 199
714 199
720 199
726 200
732 200
738 201
744 201
750 202
756 203
762 203
768 204
774 204
780 204
786 203
792 203
798 202
804 201
810 200
816 198
822 197
828 196
834 195
840 194
846 193
852 192
858 192
864 193
870 193
876 194
882 195
888 197
894 198
900 200
906 202
912 204
918 205
924 207
930 208
936 208
942 209
948 209
954 209
960 208
966 207
972 207
978 205
984 204
990 203
996 202
1002 201
1008 200
1014 199
1020 199
1026 198
1032 198
1038 198
1044 198
1050 198
1056 199
1062 199
1068 200
1074 200
1080 201
1086 201
1092 201
1098 202
1104 202
1110 202
1116 203
1122 203
1128 203
1134 203
1140 203
1146 202
1152 202
1158 202
1164 202
1170 201
1176 201
1182 200
1188 200
