0 187
6 185
12 184
18 184
24 184
30 186
36 188
42 192
48 198
53 204
56 210
59 216
61 222
64 228
66 234
69 240
74 246
80 251
86 255
92 258
98 259
104 259
110 259
116 258
122 255
128 251
134 245
138 239
141 233
142 227
143 221
143 215
142 209
142 203
142 197
143 191
145 185
147 179
151 173
157 167
163 163
169 161
175 159
181 158
187 159
193 160
199 163
205 167
211 173
215 179
218 185
220 191
222 197
225 203
228 209
232 215
238 220
244 223
250 224
256 224
262 223
268 221
274 217
280 211
284 205
287 199
290 193
294 187
297 181
303 175
309 170
315 168
321 166
327 165
333 166
339 167
345 170
351 174
357 180
362 186
365 192
367 198
368 204
368 210
368 216
367 222
365 228
363 234
362 240
361 246
362 252
363 258
365 264
369 270
375 276
381 280
387 283
393 285
399 286
405 287
411 286
417 285
423 284
429 281
435 277
441 272
446 266
450 260
453 254
454 248
455 242
455 236
454 230
452 224
451 218
449 212
448 206
448 200
448 194
449 188
451 182
454 176
457 170
462 164
468 158
474 154
480 151
486 149
492 147
498 146
504 146
510 147
516 148
522 150
528 153
534 157
540 162
545 168
549 174
551 180
553 186
554 192
555 198
555 204
555 210
556 216
557 222
559 228
561 234
565 240
570 246
576 251
582 254
588 257
594 259
600 260
606 260
612 259
618 258
624 255
630 252
636 247
641 241
645 235
648 229
651 223
653 217
656 211
660 205
665 199
671 193
677 189
683 187
689 185
695 185
701 185
707 186
713 188
719 192
725 197
731 203
735 209
740 215
744 221
750 227
756 232
762 235
768 237
774 238
780 238
786 236
792 234
798 230
804 224
808 218
811 212
813 206
814 200
815 194
816 188
817 182
819 176
823 170
827 164
833 159
839 155
845 152
851 151
857 150
863 150
869 151
875 152
881 155
887 159
893 164
898 170
901 176
904 182
905 188
906 194
906 200
905 206
904 212
903 218
903 224
903 230
904 236
906 242
908 248
913 254
919 260
925 264
931 266
937 268
943 269
949 269
955 268
961 266
967 263
973 259
979 253
983 247
986 241
988 235
989 229
991 223
992 217
994 211
996 205
1000 199
1004 193
1010 188
1016 184
1022 181
1028 180
1034 179
1040 179
1046 180
1052 181
1058 184
1064 187
1070 192
1076 197
1081 203
1087 209
1093 215
1099 220
1105 224
1111 226
1117 228
1123 229
1129 230
1135 229
1141 228
1147 226
1153 223
1159 219
1165 215
1171 209
1177 203
1183 198
1189 193
