0 185
6 183
12 182
18 181
24 182
30 183
36 186
42 190
48 195
53 201
56 207
58 213
60 219
61 225
62 231
63 237
64 243
66 249
69 255
74 261
80 267
86 270
92 273
98 274
104 274
110 274
116 273
122 271
128 268
134 263
139 257
142 251
145 245
146 239
146 233
145 227
144 221
142 215
140 209
139 203
138 197
138 191
139 185
141 179
144 173
149 167
155 161
161 157
167 154
173 153
179 152
185 152
191 153
197 156
203 159
209 165
213 171
216 177
218 183
219 189
220 195
221 201
222 207
225 213
228 219
233 225
239 229
245 232
251 233
257 233
263 232
269 229
275 226
281 220
285 214
288 208
290 202
292 196
294 190
296 184
299 178
304 172
310 167
316 164
322 162
328 162
334 162
340 163
346 165
352 169
358 174
363 180
367 186
370 192
372 198
374 204
375 210
375 216
374 222
372 228
369 234
365 240
361 246
359 252
357 258
357 264
358 270
360 276
363 282
368 288
374 293
380 297
386 300
392 302
398 303
404 303
410 303
416 302
422 301
428 299
434 295
440 291
446 286
451 280
454 274
457 268
459 262
460 256
460 250
459 244
457 238
454 232
450 226
447 220
444 214
443 208
443 202
443 196
444 190
445 184
447 178
450 172
453 166
457 160
463 154
469 149
475 145
481 142
487 140
493 139
499 138
505 138
511 139
517 140
523 142
529 145
535 149
541 154
547 160
550 166
553 172
555 178
556 184
557 190
556 196
555 202
554 208
553 214
552 220
552 226
553 232
554 238
556 244
560 250
564 256
570 262
576 266
582 270
588 272
594 274
600 274
606 275
612 274
618 272
624 270
630 267
636 262
641 256
644 250
647 244
648 238
650 232
651 226
652 220
654 214
656 208
660 202
664 196
670 191
676 187
682 185
688 183
694 183
700 183
706 184
712 187
718 190
724 196
729 202
733 208
736 214
739 220
742 226
745 232
750 238
756 243
762 246
768 248
774 249
780 249
786 248
792 246
798 243
804 238
809 232
812 226
814 220
815 214
816 208
816 202
815 196
815 190
815 184
815 178
817 172
819 166
823 160
828 154
834 150
840 146
846 144
852 143
858 142
864 142
870 143
876 144
882 147
888 150
894 155
900 161
904 167
907 173
909 179
910 185
911 191
911 197
910 203
908 209
905 215
903 221
901 227
899 233
898 239
899 245
900 251
902 257
905 263
910 269
916 275
922 279
928 281
934 283
940 284
946 285
952 284
958 283
964 281
970 278
976 273
981 267
985 261
987 255
989 249
989 243
989 237
989 231
989 225
990 219
991 213
993 207
995 201
999 195
1004 189
1010 184
1016 180
1022 178
1028 176
1034 176
1040 176
1046 177
1052 178
1058 181
1064 185
1070 190
1075 196
1079 202
1083 208
1086 214
1090 220
1095 226
1101 231
1107 235
1113 238
1119 240
1125 241
1131 241
1137 240
1143 238
1149 236
1155 232
1161 227
1166 221
1170 215
1174 209
1179 203
1184 197
1190 191
