0 212
6 212
12 212
18 212
24 212
30 212
36 212
42 212
48 212
54 213
60 213
66 213
72 213
78 214
84 214
90 214
96 214
102 214
108 214
114 214
120 214
126 214
132 213
138 213
144 212
150 212
156 211
162 211
168 210
174 210
180 210
186 210
192 210
198 210
204 210
210 210
216 211
222 211
228 212
234 212
240 212
246 213
252 213
258 213
264 213
270 213
276 212
282 212
288 212
294 211
300 211
306 211
312 210
318 210
324 210
330 211
336 211
342 211
348 212
354 213
360 213
366 214
372 215
378 215
384 216
390 216
396 216
402 216
408 216
414 216
420 216
426 216
432 215
438 215
444 214
450 213
456 213
462 212
468 212
474 211
480 211
486 210
492 210
498 210
504 210
510 210
516 210
522 210
528 211
534 211
540 212
546 212
552 212
558 213
564 213
570 214
576 214
582 214
588 214
594 214
600 215
606 215
612 215
618 214
624 214
630 214
636 214
642 214
648 214
654 213
660 213
666 213
672 213
678 212
684 212
690 212
696 212
702 212
708 212
714 212
720 212
726 212
732 212
738 212
744 213
750 213
756 213
762 213
768 213
774 213
780 213
786 213
792 213
798 213
804 213
810 212
816 212
822 211
828 211
834 210
840 210
846 210
852 210
858 210
864 210
870 210
876 210
882 211
888 211
894 212
900 212
906 213
912 213
918 214
924 214
930 215
936 215
942 215
948 215
954 215
960 215
966 215
972 214
978 214
984 214
990 213
996 213
1002 213
1008 212
1014 212
1020 212
1026 212
1032 212
1038 212
1044 212
1050 212
1056 212
1062 212
1068 212
1074 212
1080 213
1086 213
1092 213
1098 213
1104 213
1110 213
1116 213
1122 213
1128 213
1134 213
1140 213
1146 213
1152 213
1158 213
1164 213
1170 213
1176 213
1182 213
1188 212
