0 215
6 215
12 215
18 215
24 215
30 215
36 215
42 215
48 215
54 215
60 215
66 215
72 215
78 215
84 215
90 215
96 215
102 215
108 215
114 215
120 215
126 215
132 215
138 215
144 215
150 215
156 215
162 214
168 214
174 214
180 214
186 214
192 214
198 214
204 214
210 214
216 214
222 214
228 215
234 215
240 215
246 215
252 215
258 215
264 215
270 215
276 215
282 215
288 215
294 214
300 214
306 214
312 214
318 214
324 214
330 214
336 214
342 215
348 215
354 215
360 215
366 215
372 215
378 215
384 216
390 216
396 216
402 216
408 216
414 216
420 216
426 215
432 215
438 215
444 215
450 215
456 215
462 215
468 215
474 215
480 215
486 215
492 214
498 214
504 214
510 214
516 214
522 214
528 215
534 215
540 215
546 215
552 215
558 215
564 215
570 215
576 215
582 215
588 215
594 215
600 215
606 215
612 215
618 215
624 215
630 215
636 215
642 215
648 215
654 215
660 215
666 215
672 215
678 215
684 215
690 215
696 215
702 215
708 215
714 215
720 215
726 215
732 215
738 215
744 215
750 215
756 215
762 215
768 215
774 215
780 215
786 215
792 215
798 215
804 215
810 215
816 215
822 215
828 214
834 214
840 214
846 214
852 214
858 214
864 214
870 214
876 214
882 214
888 215
894 215
900 215
906 215
912 215
918 215
924 215
930 215
936 215
942 215
948 215
954 215
960 215
966 215
972 215
978 215
984 215
990 215
996 215
1002 215
1008 215
1014 215
1020 215
1026 215
1032 215
1038 215
1044 215
1050 215
1056 215
1062 215
1068 215
1074 215
1080 215
1086 215
1092 215
1098 215
1104 215
1110 215
1116 215
1122 215
1128 215
1134 215
1140 215
1146 215
1152 215
1158 215
1164 215
1170 215
1176 215
1182 215
1188 215
