0 206
6 205
12 204
18 204
24 205
30 205
36 206
42 208
48 210
54 213
60 216
66 218
72 221
78 224
84 226
90 228
96 229
102 229
108 229
114 228
120 226
126 224
132 220
138 216
144 211
150 206
156 202
162 198
168 196
174 194
180 193
186 193
192 193
198 194
204 196
210 199
216 202
222 205
228 209
234 212
240 214
246 215
252 216
258 216
264 215
270 214
276 211
282 208
288 205
294 202
300 199
306 197
312 196
318 195
324 195
330 196
336 197
342 200
348 204
354 209
360 215
365 221
370 227
376 233
382 237
388 240
394 242
400 243
406 243
412 243
418 242
424 239
430 236
436 232
442 227
447 221
452 215
457 209
463 203
469 199
475 195
481 192
487 190
493 189
499 188
505 188
511 188
517 190
523 191
529 194
535 197
541 200
547 204
553 209
559 213
565 217
571 220
577 223
583 226
589 228
595 229
601 229
607 229
613 229
619 228
625 227
631 225
637 223
643 221
649 218
655 216
661 213
667 211
673 209
679 207
685 206
691 205
697 205
703 205
709 205
715 206
721 207
727 209
733 211
739 213
745 215
751 217
757 219
763 220
769 221
775 221
781 221
787 220
793 218
799 215
805 212
811 209
817 205
823 201
829 197
835 194
841 192
847 191
853 190
859 189
865 190
871 191
877 193
883 196
889 200
895 205
901 210
907 216
913 221
919 225
925 229
931 231
937 233
943 234
949 234
955 233
961 232
967 230
973 228
979 225
985 221
991 217
997 214
1003 211
1009 208
1015 206
1021 204
1027 203
1033 203
1039 203
1045 203
1051 204
1057 205
1063 206
1069 207
1075 209
1081 210
1087 212
1093 213
1099 215
1105 216
1111 217
1117 217
1123 218
1129 218
1135 218
1141 217
1147 217
1153 216
1159 215
1165 214
1171 212
1177 211
1183 209
1189 208
