0 198
6 197
12 196
18 196
24 196
30 197
36 199
42 201
48 204
54 208
60 212
66 216
72 220
78 224
84 226
90 229
96 230
102 230
108 230
114 229
120 227
126 223
132 219
138 213
143 207
148 201
153 195
159 190
165 186
171 183
177 182
183 181
189 181
195 182
201 184
207 187
213 191
219 196
225 201
231 205
237 209
243 211
249 213
255 213
261 212
267 211
273 208
279 205
285 200
291 196
297 192
303 189
309 186
315 185
321 184
327 184
333 185
339 188
345 191
351 197
356 203
360 209
363 215
366 221
369 227
374 233
380 239
386 243
392 246
398 248
404 248
410 248
416 247
422 245
428 242
434 237
440 231
444 225
448 219
451 213
454 207
457 201
461 195
467 189
473 184
479 180
485 177
491 176
497 175
503 174
509 175
515 176
521 178
527 180
533 184
539 188
545 193
550 199
556 205
562 211
568 217
574 221
580 225
586 227
592 229
598 230
604 231
610 230
616 230
622 228
628 226
634 224
640 221
646 217
652 213
658 210
664 206
670 203
676 201
682 199
688 197
694 197
700 196
706 197
712 198
718 199
724 201
730 204
736 207
742 210
748 213
754 215
760 217
766 218
772 219
778 219
784 218
790 216
796 214
802 210
808 205
814 200
820 194
826 189
832 185
838 181
844 179
850 178
856 177
862 177
868 178
874 180
880 182
886 186
892 192
897 198
902 204
906 210
910 216
915 222
921 228
927 231
933 234
939 236
945 236
951 236
957 235
963 233
969 231
975 227
981 223
987 217
993 212
999 207
1005 203
1011 200
1017 197
1023 195
1029 194
1035 194
1041 194
1047 194
1053 195
1059 197
1065 199
1071 201
1077 203
1083 205
1089 207
1095 209
1101 211
1107 213
1113 214
1119 214
1125 215
1131 215
1137 215
1143 214
1149 213
1155 212
1161 210
1167 208
1173 206
1179 204
1185 202
1191 200
