0 202
6 202
12 202
18 202
24 202
30 202
36 202
42 202
48 202
54 203
60 203
66 203
72 203
78 203
84 203
90 204
96 204
102 204
108 204
114 204
120 204
126 203
132 203
138 203
144 202
150 202
156 202
162 201
168 201
174 201
180 201
186 201
192 201
198 201
204 201
210 201
216 201
222 202
228 202
234 202
240 203
246 203
252 203
258 203
264 203
270 203
276 202
282 202
288 202
294 202
300 201
306 201
312 201
318 201
324 201
330 201
336 202
342 202
348 202
354 203
360 203
366 204
372 204
378 204
384 205
390 205
396 205
402 205
408 205
414 205
420 205
426 204
432 204
438 204
444 203
450 203
456 203
462 202
468 202
474 202
480 202
486 201
492 201
498 201
504 201
510 201
516 201
522 201
528 202
534 202
540 202
546 202
552 202
558 203
564 203
570 203
576 203
582 204
588 204
594 204
600 204
606 204
612 204
618 204
624 204
630 204
636 203
642 203
648 203
654 203
660 203
666 203
672 203
678 203
684 202
690 202
696 202
702 202
708 202
714 202
720 202
726 202
732 202
738 202
744 203
750 203
756 203
762 203
768 203
774 203
780 203
786 203
792 203
798 203
804 203
810 202
816 202
822 202
828 202
834 201
840 201
846 201
852 201
858 201
864 201
870 201
876 201
882 201
888 202
894 202
900 202
906 203
912 203
918 204
924 204
930 204
936 204
942 204
948 204
954 204
960 204
966 204
972 204
978 204
984 203
990 203
996 203
1002 203
1008 203
1014 202
1020 202
1026 202
1032 202
1038 202
1044 202
1050 202
1056 202
1062 202
1068 203
1074 203
1080 203
1086 203
1092 203
1098 203
1104 203
1110 203
1116 203
1122 203
1128 203
1134 203
1140 203
1146 203
1152 203
1158 203
1164 203
1170 203
1176 203
1182 203
1188 203
