0 206
6 206
12 206
18 206
24 206
30 206
36 206
42 206
48 206
54 206
60 206
66 207
72 207
78 207
84 207
90 207
96 207
102 207
108 207
114 207
120 207
126 207
132 207
138 206
144 206
150 206
156 205
162 205
168 204
174 204
180 204
186 204
192 204
198 204
204 204
210 205
216 205
222 205
228 205
234 206
240 206
246 206
252 206
258 206
264 206
270 206
276 206
282 206
288 205
294 205
300 205
306 205
312 204
318 204
324 204
330 205
336 205
342 205
348 206
354 206
360 207
366 207
372 208
378 208
384 209
390 209
396 209
402 209
408 209
414 209
420 209
426 208
432 208
438 208
444 207
450 207
456 206
462 206
468 205
474 205
480 205
486 205
492 204
498 204
504 204
510 204
516 205
522 205
528 205
534 205
540 205
546 206
552 206
558 206
564 207
570 207
576 207
582 207
588 207
594 208
600 208
606 208
612 208
618 207
624 207
630 207
636 207
642 207
648 207
654 207
660 207
666 206
672 206
678 206
684 206
690 206
696 206
702 206
708 206
714 206
720 206
726 206
732 206
738 206
744 206
750 206
756 206
762 207
768 207
774 207
780 207
786 207
792 207
798 206
804 206
810 206
816 206
822 205
828 205
834 205
840 204
846 204
852 204
858 204
864 204
870 204
876 204
882 205
888 205
894 206
900 206
906 206
912 207
918 207
924 207
930 208
936 208
942 208
948 208
954 208
960 208
966 208
972 207
978 207
984 207
990 207
996 206
1002 206
1008 206
1014 206
1020 206
1026 206
1032 206
1038 206
1044 206
1050 206
1056 206
1062 206
1068 206
1074 206
1080 206
1086 206
1092 206
1098 206
1104 206
1110 207
1116 207
1122 207
1128 207
1134 207
1140 207
1146 206
1152 206
1158 206
1164 206
1170 206
1176 206
1182 206
1188 206
