0 188
6 186
12 186
18 185
24 186
30 187
36 189
42 192
48 197
54 202
59 208
64 214
69 220
75 226
81 230
87 233
93 235
99 236
105 236
111 236
117 234
123 231
129 226
134 220
138 214
141 208
143 202
145 196
147 190
151 184
156 178
162 173
168 169
174 167
180 166
186 166
192 167
198 169
204 172
210 177
216 183
221 189
225 195
230 201
236 206
242 209
248 211
254 212
260 211
266 209
272 206
278 202
284 196
289 190
294 184
300 179
306 175
312 172
318 171
324 170
330 171
336 172
342 175
348 179
354 185
358 191
360 197
362 203
363 209
364 215
365 221
366 227
367 233
370 239
374 245
380 251
386 255
392 258
398 259
404 260
410 260
416 259
422 257
428 254
434 249
440 243
444 237
447 231
449 225
450 219
451 213
451 207
452 201
453 195
455 189
458 183
462 177
467 171
473 166
479 162
485 160
491 158
497 157
503 157
509 157
515 158
521 160
527 163
533 167
539 172
544 178
548 184
552 190
554 196
557 202
560 208
564 214
568 220
574 226
580 230
586 233
592 235
598 236
604 237
610 237
616 235
622 234
628 231
634 227
640 223
646 217
652 211
658 205
664 199
670 195
676 191
682 189
688 187
694 186
700 186
706 187
712 188
718 190
724 194
730 198
736 202
742 207
748 211
754 215
760 218
766 220
772 221
778 221
784 220
790 218
796 214
802 209
807 203
811 197
815 191
818 185
822 179
827 173
833 168
839 165
845 162
851 161
857 160
863 160
869 161
875 163
881 166
887 170
893 176
897 182
900 188
902 194
904 200
905 206
906 212
909 218
911 224
916 230
922 236
928 240
934 242
940 244
946 244
952 244
958 243
964 240
970 237
976 232
982 226
986 220
990 214
993 208
998 202
1003 196
1009 191
1015 187
1021 185
1027 183
1033 182
1039 182
1045 182
1051 184
1057 185
1063 188
1069 191
1075 194
1081 198
1087 201
1093 205
1099 208
1105 210
1111 212
1117 214
1123 214
1129 215
1135 214
1141 213
1147 212
1153 210
1159 208
1165 205
1171 202
1177 198
1183 195
1189 192
