0 143
6 141
12 141
18 141
24 141
30 143
36 145
42 148
48 152
54 157
60 163
65 169
69 175
73 181
76 187
79 193
82 199
84 205
86 211
88 217
88 223
88 229
86 235
81 241
75 244
69 245
63 247
57 253
54 259
53 265
53 271
54 277
55 283
58 289
62 295
67 301
73 306
79 310
85 313
91 315
97 316
103 317
109 317
115 317
121 316
127 314
133 312
139 309
145 305
151 299
157 293
161 287
164 281
166 275
168 269
169 263
170 257
170 251
169 245
169 239
167 233
165 227
162 221
157 215
151 213
145 214
139 216
133 216
127 211
124 205
121 199
120 193
119 187
118 181
117 175
117 169
117 163
117 157
118 151
119 145
121 139
123 133
126 127
129 121
134 115
140 110
146 106
152 102
158 100
164 99
170 98
176 97
182 98
188 99
194 100
200 103
206 106
212 111
218 117
222 123
225 129
227 135
228 141
229 147
228 153
226 159
220 165
214 167
208 169
202 173
198 179
198 185
199 191
201 197
204 203
208 209
213 215
219 221
225 225
231 229
237 232
243 235
249 236
255 237
261 237
267 237
273 236
279 234
285 232
291 230
297 227
303 223
309 218
314 212
318 206
319 200
319 194
315 188
309 183
303 180
297 176
293 170
291 164
291 158
292 152
295 146
298 140
303 134
309 130
315 126
321 124
327 123
333 122
339 123
345 124
351 127
357 130
363 134
369 140
374 146
378 152
382 158
385 164
388 170
391 176
394 182
396 188
398 194
401 200
403 206
404 212
406 218
408 224
409 230
411 236
412 242
412 248
413 254
412 260
410 266
405 272
399 274
393 274
387 270
381 265
375 259
369 253
363 249
357 248
351 251
345 256
341 262
338 268
335 274
334 280
333 286
333 292
334 298
335 304
337 310
340 316
344 322
349 328
355 334
361 338
367 341
373 344
379 345
385 347
391 348
397 348
403 348
409 348
415 347
421 346
427 345
433 342
439 340
445 336
451 332
457 326
462 320
466 314
469 308
472 302
474 296
476 290
477 284
478 278
479 272
479 266
479 260
479 254
478 248
477 242
476 236
474 230
473 224
467 219
461 222
458 228
455 234
453 240
450 246
445 252
439 254
436 248
435 242
434 236
433 230
433 224
432 218
432 212
431 206
431 200
431 194
431 188
431 182
431 176
431 170
432 164
432 158
433 152
434 146
435 140
436 134
438 128
440 122
443 116
447 110
452 104
458 98
464 93
470 90
476 87
482 84
488 83
494 82
500 81
506 81
512 81
518 82
524 83
530 85
536 87
542 90
548 94
554 99
560 105
564 111
568 117
571 123
573 129
575 135
576 141
576 147
576 153
576 159
575 165
574 171
572 177
570 183
566 189
560 195
554 197
548 195
542 190
536 186
530 183
524 184
518 189
516 195
515 201
514 207
515 213
516 219
518 225
520 231
522 237
525 243
528 249
531 255
535 261
539 267
543 273
547 279
552 285
557 291
563 296
569 301
575 305
581 308
587 310
593 312
599 313
605 313
611 313
617 313
623 311
629 309
635 306
641 302
647 297
652 291
655 285
658 279
660 273
661 267
661 261
660 255
657 249
652 243
646 240
640 239
634 238
628 235
623 229
621 223
620 217
621 211
622 205
624 199
627 193
630 187
634 181
639 175
644 169
650 163
656 158
662 154
668 151
674 149
680 147
686 147
692 146
698 147
704 148
710 150
716 153
722 156
728 161
734 166
739 172
743 178
745 184
747 190
748 196
747 202
744 208
740 214
736 220
735 226
735 232
736 238
739 244
742 250
748 256
754 261
760 264
766 266
772 268
778 268
784 268
790 267
796 265
802 262
808 258
814 254
820 248
825 242
830 236
834 230
837 224
841 218
844 212
846 206
849 200
850 194
851 188
851 182
849 176
845 170
839 168
833 168
827 169
821 171
815 171
809 168
804 162
801 156
799 150
798 144
798 138
799 132
800 126
802 120
805 114
808 108
813 102
819 97
825 93
831 89
837 87
843 85
849 84
855 83
861 83
867 83
873 84
879 85
885 87
891 89
897 93
903 97
909 102
915 108
919 114
922 120
925 126
927 132
928 138
929 144
930 150
930 156
930 162
930 168
930 174
929 180
928 186
927 192
926 198
924 204
922 210
919 216
913 219
907 216
901 210
895 206
889 207
885 213
882 219
881 225
879 231
878 237
878 243
877 249
877 255
877 261
878 267
879 273
880 279
882 285
885 291
888 297
892 303
897 309
903 315
909 319
915 322
921 325
927 327
933 328
939 329
945 329
951 329
957 328
963 327
969 325
975 322
981 319
987 314
993 308
997 302
1001 296
1003 290
1004 284
1005 278
1005 272
1004 266
1002 260
999 254
993 250
987 248
981 249
975 250
969 250
963 248
957 242
955 236
955 230
955 224
957 218
959 212
961 206
963 200
966 194
969 188
973 182
976 176
980 170
984 164
989 158
995 152
1001 146
1007 142
1013 138
1019 136
1025 134
1031 133
1037 132
1043 132
1049 133
1055 135
1061 138
1067 142
1073 147
1078 153
1081 159
1084 165
1085 171
1085 177
1085 183
1083 189
1080 195
1076 201
1073 207
1072 213
1072 219
1073 225
1075 231
1078 237
1082 243
1088 249
1094 254
1100 258
1106 261
1112 263
1118 265
1124 266
1130 266
1136 265
1142 264
1148 262
1154 259
1160 255
1166 249
1171 243
1175 237
1177 231
1179 225
1179 219
1178 213
1176 207
1173 201
1171 195
1170 189
1169 183
1170 177
1172 171
1175 165
1179 159
1184 153
1190 148
