0 135
6 134
12 134
18 134
24 135
30 137
36 140
42 144
48 148
54 154
59 160
64 166
68 172
73 178
76 184
80 190
84 196
87 202
91 208
94 214
97 220
100 226
103 232
106 238
108 244
110 250
112 256
114 262
114 268
113 274
108 280
102 282
96 281
90 277
84 272
78 267
72 262
66 259
60 259
54 264
50 270
48 276
46 282
46 288
45 294
46 300
47 306
49 312
52 318
55 324
60 330
66 335
72 339
78 342
84 344
90 346
96 347
102 348
108 348
114 348
120 347
126 346
132 345
138 342
144 340
150 336
156 332
162 326
167 320
171 314
174 308
176 302
178 296
179 290
179 284
179 278
179 272
178 266
176 260
174 254
171 248
169 242
165 236
162 230
159 224
155 218
149 219
146 225
145 231
143 237
142 243
140 249
134 254
130 248
128 242
127 236
125 230
124 224
122 218
120 212
119 206
118 200
116 194
115 188
114 182
114 176
113 170
112 164
112 158
112 152
112 146
112 140
112 134
113 128
115 122
117 116
120 110
124 104
128 98
134 93
140 88
146 85
152 83
158 81
164 80
170 79
176 79
182 80
188 81
194 83
200 86
206 89
212 94
218 99
222 105
226 111
229 117
231 123
233 129
234 135
235 141
235 147
235 153
234 159
232 165
228 171
222 174
216 173
210 169
204 165
198 162
192 158
186 157
180 158
174 164
172 170
171 176
172 182
174 188
177 194
182 200
187 206
192 212
198 217
204 222
210 227
216 231
222 235
228 238
234 241
240 243
246 245
252 246
258 247
264 248
270 248
276 248
282 247
288 246
294 245
300 243
306 241
312 239
318 237
324 235
330 232
336 229
342 225
348 219
351 213
352 207
350 201
346 195
340 190
334 188
328 188
322 188
316 189
310 191
304 192
298 193
292 192
286 189
282 183
280 177
280 171
281 165
282 159
285 153
287 147
291 141
296 135
302 129
308 124
314 122
320 120
326 119
332 119
338 120
344 121
350 124
356 128
362 133
368 139
373 145
378 151
382 157
386 163
389 169
393 175
396 181
399 187
403 193
406 199
408 205
411 211
413 217
415 223
417 229
419 235
420 241
422 247
423 253
423 259
424 265
424 271
424 277
424 283
424 289
424 295
423 301
423 307
423 313
421 319
415 324
409 324
403 322
397 317
393 311
391 305
389 299
386 293
383 287
381 281
378 275
377 269
374 263
368 259
362 260
356 263
350 267
344 272
338 277
333 283
329 289
326 295
324 301
322 307
321 313
321 319
322 325
323 331
326 337
329 343
334 349
340 355
346 359
352 362
358 364
364 366
370 368
376 369
382 370
388 370
394 371
400 371
406 371
412 371
418 371
424 370
430 369
436 367
442 365
448 363
454 359
460 355
466 349
470 343
473 337
476 331
478 325
479 319
479 313
480 307
479 301
479 295
478 289
478 283
477 277
476 271
475 265
474 259
473 253
472 247
471 241
470 235
470 229
470 223
470 217
471 211
465 208
462 214
460 220
459 226
458 232
458 238
457 244
457 250
456 256
456 262
455 268
454 274
453 280
451 286
449 292
446 298
440 303
437 297
439 291
441 285
442 279
442 273
442 267
442 261
442 255
442 249
441 243
441 237
441 231
440 225
439 219
439 213
438 207
437 201
436 195
436 189
435 183
434 177
434 171
433 165
433 159
433 153
432 147
432 141
432 135
432 129
432 123
433 117
435 111
437 105
439 99
442 93
447 87
452 81
458 76
464 72
470 69
476 66
482 64
488 62
494 61
500 61
506 60
512 60
518 61
524 62
530 63
536 65
542 68
548 71
554 75
560 79
566 85
570 91
574 97
577 103
580 109
581 115
583 121
583 127
584 133
584 139
583 145
582 151
581 157
580 163
578 169
576 175
574 181
572 187
569 193
566 199
563 205
559 211
554 217
548 219
542 217
539 211
537 205
535 199
533 193
531 187
529 181
528 175
526 169
522 163
516 159
510 159
504 162
499 168
496 174
495 180
494 186
494 192
495 198
496 204
498 210
499 216
501 222
503 228
505 234
507 240
510 246
513 252
516 258
519 264
523 270
527 276
531 282
535 288
540 294
544 300
549 306
555 312
560 318
566 323
572 327
578 331
584 334
590 337
596 338
602 340
608 340
614 341
620 340
626 339
632 338
638 335
644 332
650 328
656 323
660 317
664 311
667 305
669 299
670 293
671 287
671 281
670 275
669 269
668 263
665 257
661 251
655 246
649 245
643 247
637 251
631 256
625 261
619 264
613 266
607 266
601 263
595 258
592 252
590 246
590 240
592 234
594 228
597 222
600 216
604 210
608 204
613 198
618 192
623 186
628 180
634 174
640 168
646 163
652 159
658 155
664 151
670 149
676 147
682 146
688 145
694 145
700 145
706 147
712 148
718 151
724 154
730 158
736 162
742 167
748 173
754 179
758 185
763 191
766 197
768 203
769 209
768 215
762 221
756 223
750 222
744 221
738 220
732 220
726 222
721 228
720 234
721 240
722 246
725 252
729 258
733 264
738 270
744 275
750 279
756 282
762 285
768 286
774 287
780 287
786 286
792 284
798 282
804 279
810 275
816 270
822 265
828 259
833 253
838 247
843 241
848 235
852 229
856 223
859 217
863 211
866 205
868 199
871 193
873 187
875 181
877 175
877 169
877 163
875 157
872 151
866 146
860 144
854 145
848 150
843 156
839 162
835 168
831 174
826 180
820 183
814 182
808 177
804 171
800 165
798 159
795 153
794 147
792 141
792 135
791 129
791 123
792 117
793 111
795 105
798 99
801 93
806 87
812 81
818 76
824 72
830 69
836 67
842 65
848 64
854 63
860 63
866 63
872 63
878 64
884 66
890 68
896 70
902 74
908 78
914 83
919 89
924 95
927 101
929 107
931 113
933 119
934 125
934 131
934 137
934 143
934 149
933 155
933 161
932 167
931 173
930 179
929 185
927 191
926 197
924 203
923 209
921 215
920 221
918 227
917 233
916 239
916 245
915 251
909 256
906 250
905 244
904 238
904 232
904 226
903 220
903 214
902 208
901 202
896 196
892 202
892 208
891 214
889 220
888 226
886 232
884 238
882 244
880 250
879 256
877 262
876 268
874 274
873 280
873 286
872 292
872 298
873 304
874 310
876 316
878 322
881 328
885 334
891 340
897 345
903 349
909 352
915 354
921 356
927 357
933 358
939 358
945 358
951 358
957 358
963 357
969 355
975 353
981 351
987 348
993 344
999 339
1004 333
1008 327
1010 321
1012 315
1013 309
1014 303
1014 297
1013 291
1012 285
1010 279
1007 273
1004 267
999 261
993 257
987 256
981 260
975 266
970 272
966 278
961 284
955 290
949 292
943 292
937 289
932 283
931 277
931 271
932 265
933 259
935 253
937 247
939 241
941 235
943 229
946 223
949 217
952 211
955 205
959 199
962 193
966 187
970 181
974 175
978 169
982 163
987 157
992 151
997 145
1003 140
1009 135
1015 131
1021 128
1027 126
1033 125
1039 124
1045 124
1051 124
1057 126
1063 128
1069 132
1075 136
1081 142
1085 148
1088 154
1091 160
1093 166
1094 172
1095 178
1095 184
1095 190
1093 196
1091 202
1085 207
1079 209
1073 209
1067 208
1061 208
1055 210
1050 216
1049 222
1049 228
1050 234
1052 240
1056 246
1060 252
1064 258
1070 264
1076 270
1082 275
1088 279
1094 283
1100 286
1106 288
1112 290
1118 291
1124 292
1130 292
1136 292
1142 291
1148 289
1154 287
1160 284
1166 280
1172 275
1178 270
1183 264
1188 258
1191 252
1194 246
1196 240
1197 234
1196 228
1194 222
1188 218
1182 216
1176 216
1170 215
1164 211
1160 205
1158 199
1158 193
1158 187
1160 181
1161 175
1164 169
1166 163
1170 157
1175 151
1181 145
1187 141
1193 138
