0 176
6 174
12 172
18 172
24 173
30 174
36 176
42 180
48 184
53 190
57 196
60 202
62 208
64 214
64 220
64 226
63 232
63 238
63 244
63 250
64 256
67 262
70 268
76 274
82 278
88 281
94 283
100 285
106 285
112 284
118 283
124 281
130 278
136 274
141 268
145 262
148 256
150 250
151 244
151 238
150 232
148 226
145 220
141 214
137 208
134 202
133 196
132 190
132 184
133 178
135 172
137 166
141 160
146 154
152 149
158 145
164 143
170 141
176 140
182 140
188 141
194 143
200 145
206 150
212 156
216 162
218 168
219 174
220 180
219 186
219 192
219 198
220 204
221 210
224 216
228 222
234 228
240 231
246 234
252 235
258 235
264 234
270 231
276 228
282 223
287 217
290 211
292 205
293 199
294 193
295 187
296 181
297 175
300 169
305 163
311 158
317 155
323 153
329 153
335 153
341 154
347 156
353 159
359 163
365 169
370 175
374 181
377 187
379 193
381 199
382 205
383 211
383 217
383 223
381 229
378 235
372 241
366 244
360 249
355 255
352 261
351 267
351 273
352 279
354 285
358 291
362 297
368 303
374 307
380 310
386 313
392 314
398 315
404 316
410 315
416 315
422 313
428 311
434 309
440 305
446 300
452 294
456 288
460 282
462 276
464 270
465 264
466 258
465 252
464 246
462 240
457 234
451 229
445 225
441 219
439 213
437 207
437 201
437 195
437 189
438 183
440 177
442 171
444 165
447 159
451 153
456 147
462 141
468 136
474 133
480 130
486 128
492 127
498 126
504 126
510 126
516 127
522 129
528 131
534 134
540 138
546 144
551 150
555 156
558 162
560 168
561 174
562 180
561 186
560 192
557 198
554 204
550 210
547 216
546 222
546 228
546 234
547 240
550 246
552 252
556 258
560 264
566 270
572 275
578 278
584 281
590 283
596 284
602 285
608 285
614 284
620 282
626 279
632 276
638 270
643 264
646 258
648 252
649 246
649 240
648 234
648 228
647 222
648 216
649 210
651 204
653 198
657 192
663 186
669 181
675 178
681 176
687 175
693 174
699 174
705 176
711 178
717 181
723 186
728 192
732 198
734 204
736 210
738 216
740 222
742 228
744 234
748 240
754 246
760 250
766 253
772 254
778 255
784 254
790 253
796 250
802 246
808 241
813 235
816 229
819 223
820 217
821 211
820 205
819 199
817 193
814 187
813 181
812 175
812 169
813 163
815 157
818 151
823 145
829 139
835 136
841 133
847 131
853 130
859 129
865 129
871 130
877 132
883 134
889 137
895 141
901 146
906 152
910 158
913 164
915 170
916 176
917 182
917 188
916 194
915 200
912 206
909 212
903 218
899 224
895 230
894 236
893 242
893 248
894 254
895 260
898 266
901 272
905 278
911 284
917 288
923 291
929 293
935 295
941 296
947 296
953 295
959 294
965 292
971 289
977 284
983 278
987 272
989 266
991 260
991 254
991 248
989 242
987 236
986 230
984 224
984 218
984 212
986 206
988 200
991 194
994 188
999 182
1005 177
1011 173
1017 170
1023 168
1029 166
1035 166
1041 166
1047 167
1053 169
1059 172
1065 176
1071 182
1075 188
1078 194
1081 200
1083 206
1085 212
1088 218
1091 224
1095 230
1101 236
1107 240
1113 243
1119 245
1125 246
1131 246
1137 245
1143 243
1149 241
1155 236
1161 230
1165 224
1168 218
1171 212
1174 206
1176 200
1179 194
1184 188
1190 182
