0 194
6 193
12 192
18 192
24 192
30 193
36 195
42 197
48 201
54 205
60 210
66 215
72 220
78 224
84 227
90 230
96 231
102 232
108 231
114 230
120 228
126 224
132 219
137 213
141 207
145 201
149 195
154 189
160 183
166 180
172 177
178 176
184 175
190 175
196 177
202 179
208 183
214 187
220 193
226 199
232 204
238 207
244 210
250 211
256 212
262 211
268 209
274 206
280 201
286 196
292 191
298 187
304 183
310 180
316 179
322 178
328 179
334 180
340 182
346 186
352 192
356 198
359 204
362 210
364 216
366 222
369 228
373 234
378 240
384 245
390 248
396 250
402 251
408 251
414 251
420 249
426 246
432 242
438 236
442 230
446 224
448 218
450 212
453 206
455 200
458 194
462 188
467 182
473 177
479 173
485 170
491 169
497 168
503 167
509 168
515 169
521 171
527 174
533 177
539 182
545 188
550 194
554 200
559 206
564 212
570 218
576 223
582 226
588 229
594 231
600 232
606 232
612 231
618 230
624 228
630 226
636 223
642 219
648 215
654 210
660 206
666 202
672 199
678 196
684 194
690 193
696 192
702 192
708 193
714 194
720 196
726 199
732 202
738 205
744 209
750 212
756 215
762 217
768 218
774 219
780 218
786 217
792 215
798 211
804 207
810 201
815 195
820 189
826 183
832 178
838 175
844 172
850 171
856 170
862 170
868 171
874 173
880 176
886 180
892 185
896 191
900 197
903 203
906 209
909 215
913 221
919 227
925 232
931 235
937 237
943 238
949 238
955 237
961 236
967 233
973 229
979 225
985 219
990 213
996 207
1002 202
1008 197
1014 194
1020 192
1026 190
1032 189
1038 189
1044 189
1050 190
1056 191
1062 193
1068 196
1074 198
1080 201
1086 203
1092 206
1098 208
1104 210
1110 212
1116 213
1122 213
1128 214
1134 214
1140 213
1146 212
1152 211
1158 209
1164 207
1170 205
1176 202
1182 200
1188 197
