0 202
6 202
12 202
18 201
24 201
30 200
36 200
42 199
48 198
54 198
60 197
66 197
72 197
78 196
84 196
90 196
96 196
102 196
108 196
114 196
120 197
126 197
132 198
138 199
144 200
150 201
156 203
162 204
168 205
174 206
180 207
186 208
192 208
198 209
204 209
210 208
216 208
222 207
228 206
234 205
240 204
246 203
252 202
258 201
264 199
270 199
276 198
282 197
288 197
294 197
300 196
306 197
312 197
318 197
324 198
330 198
336 199
342 200
348 200
354 201
360 201
366 202
372 202
378 203
384 203
390 203
396 203
402 203
408 203
414 203
420 203
426 202
432 202
438 202
444 201
450 201
456 201
462 201
468 201
474 201
480 201
486 201
492 202
498 202
504 203
510 203
516 203
522 204
528 204
534 204
540 204
546 203
552 203
558 202
564 202
570 201
576 200
582 199
588 198
594 197
600 196
606 196
612 195
618 195
624 196
630 196
636 197
642 198
648 199
654 201
660 202
666 204
672 205
678 206
684 207
690 208
696 208
702 209
708 209
714 208
720 208
726 207
732 206
738 205
744 203
750 202
756 201
762 200
768 198
774 197
780 197
786 196
792 195
798 195
804 195
810 195
816 195
822 195
828 196
834 196
840 197
846 197
852 198
858 199
864 200
870 200
876 201
882 202
888 203
894 204
900 204
906 205
912 205
918 206
924 206
930 206
936 206
942 205
948 205
954 204
960 204
966 203
972 202
978 202
984 201
990 201
996 200
1002 200
1008 200
1014 200
1020 200
1026 200
1032 200
1038 201
1044 201
1050 201
1056 201
1062 201
1068 202
1074 202
1080 202
1086 202
1092 201
1098 201
1104 201
1110 201
1116 201
1122 201
1128 201
1134 201
1140 202
1146 202
1152 202
1158 202
1164 202
1170 203
1176 203
1182 203
1188 203
