0 218
6 217
12 217
18 216
24 214
30 213
36 212
42 211
48 209
54 208
60 206
66 205
72 204
78 203
84 202
90 202
96 202
102 202
108 202
114 203
120 204
126 206
132 208
138 210
144 212
150 215
156 218
162 221
168 224
174 227
180 229
186 231
192 232
198 232
204 232
210 232
216 231
222 229
228 227
234 225
240 222
246 219
252 216
258 213
264 210
270 208
276 206
282 205
288 204
294 203
300 203
306 203
312 204
318 205
324 206
330 208
336 209
342 211
348 212
354 214
360 216
366 217
372 218
378 219
384 220
390 220
396 220
402 220
408 220
414 219
420 218
426 218
432 217
438 216
444 215
450 215
456 214
462 214
468 214
474 214
480 215
486 215
492 216
498 217
504 218
510 219
516 220
522 221
528 221
534 221
540 221
546 220
552 219
558 217
564 215
570 213
576 211
582 208
588 206
594 204
600 203
606 202
612 201
618 201
624 202
630 203
636 204
642 207
648 210
654 213
660 217
666 220
672 224
678 227
684 229
690 231
696 232
702 233
708 233
714 232
720 231
726 229
732 227
738 224
744 221
750 218
756 214
762 211
768 208
774 206
780 204
786 202
792 201
798 200
804 200
810 200
816 200
822 200
828 201
834 202
840 204
846 205
852 207
858 209
864 211
870 213
876 216
882 218
888 220
894 221
900 223
906 224
912 225
918 226
924 226
930 226
936 225
942 224
948 223
954 222
960 221
966 219
972 217
978 216
984 215
990 214
996 213
1002 212
1008 212
1014 212
1020 212
1026 212
1032 212
1038 213
1044 213
1050 214
1056 214
1062 215
1068 215
1074 215
1080 215
1086 215
1092 215
1098 215
1104 215
1110 215
1116 215
1122 215
1128 216
1134 216
1140 216
1146 217
1152 217
1158 218
1164 218
1170 219
1176 219
1182 219
1188 219
