0 213
6 213
12 213
18 212
24 212
30 212
36 212
42 212
48 211
54 211
60 211
66 211
72 211
78 211
84 211
90 211
96 211
102 211
108 211
114 211
120 211
126 211
132 211
138 212
144 212
150 213
156 213
162 213
168 214
174 214
180 215
186 215
192 215
198 215
204 215
210 215
216 215
222 215
228 214
234 214
240 214
246 213
252 213
258 212
264 212
270 212
276 211
282 211
288 211
294 211
300 211
306 211
312 211
318 211
324 211
330 212
336 212
342 212
348 212
354 212
360 213
366 213
372 213
378 213
384 213
390 213
396 213
402 213
408 213
414 213
420 213
426 213
432 213
438 213
444 213
450 213
456 213
462 213
468 212
474 212
480 213
486 213
492 213
498 213
504 213
510 213
516 213
522 213
528 213
534 214
540 214
546 213
552 213
558 213
564 213
570 213
576 212
582 212
588 211
594 211
600 211
606 211
612 211
618 211
624 211
630 211
636 211
642 212
648 212
654 212
660 213
666 213
672 214
678 214
684 215
690 215
696 215
702 215
708 215
714 215
720 215
726 215
732 214
738 214
744 213
750 213
756 212
762 212
768 212
774 211
780 211
786 211
792 211
798 210
804 210
810 210
816 210
822 211
828 211
834 211
840 211
846 211
852 211
858 212
864 212
870 212
876 213
882 213
888 213
894 213
900 214
906 214
912 214
918 214
924 214
930 214
936 214
942 214
948 214
954 214
960 214
966 213
972 213
978 213
984 213
990 212
996 212
1002 212
1008 212
1014 212
1020 212
1026 212
1032 212
1038 213
1044 213
1050 213
1056 213
1062 213
1068 213
1074 213
1080 213
1086 213
1092 213
1098 213
1104 213
1110 213
1116 213
1122 213
1128 213
1134 213
1140 213
1146 213
1152 213
1158 213
1164 213
1170 213
1176 213
1182 213
1188 213
