0 228
6 226
12 224
18 220
24 216
30 210
35 204
40 198
44 192
49 186
55 180
61 175
67 170
73 167
79 165
85 163
91 162
97 161
103 161
109 162
115 163
121 165
127 168
133 173
139 178
144 184
147 190
150 196
151 202
152 208
153 214
153 220
153 226
154 232
155 238
157 244
160 250
165 256
171 262
177 266
183 269
189 270
195 271
201 272
207 271
213 270
219 268
225 265
231 261
237 255
241 249
244 243
245 237
247 231
247 225
248 219
248 213
249 207
250 201
252 195
255 189
259 183
265 177
271 172
277 169
283 167
289 165
295 164
301 164
307 165
313 167
319 169
325 173
331 177
337 183
341 189
345 195
348 201
352 207
356 213
361 219
367 224
373 228
379 230
385 232
391 232
397 232
403 231
409 229
415 226
421 223
427 219
433 215
439 211
445 208
451 206
457 205
463 204
469 205
475 206
481 208
487 212
493 216
499 221
505 225
511 229
517 232
523 234
529 235
535 235
541 234
547 232
553 229
559 224
564 218
567 212
570 206
572 200
574 194
576 188
579 182
583 176
589 170
595 166
601 163
607 161
613 160
619 160
625 161
631 162
637 165
643 169
649 174
654 180
658 186
660 192
662 198
662 204
663 210
662 216
662 222
662 228
662 234
663 240
665 246
668 252
673 258
679 263
685 267
691 270
697 271
703 272
709 272
715 271
721 270
727 268
733 264
739 259
744 253
748 247
750 241
752 235
753 229
753 223
753 217
753 211
753 205
754 199
755 193
757 187
760 181
764 175
770 169
776 164
782 160
788 158
794 156
800 155
806 154
812 154
818 155
824 156
830 158
836 160
842 164
848 168
854 174
859 180
862 186
865 192
867 198
869 204
871 210
873 216
875 222
878 228
882 234
888 240
894 245
900 248
906 251
912 252
918 253
924 253
930 252
936 250
942 248
948 244
954 239
960 233
964 227
969 221
973 215
978 209
984 203
990 199
996 196
1002 195
1008 193
1014 193
1020 193
1026 194
1032 196
1038 197
1044 200
1050 202
1056 204
1062 206
1068 208
1074 209
1080 210
1086 210
1092 211
1098 211
1104 211
1110 212
1116 212
1122 213
1128 214
1134 216
1140 218
1146 220
1152 222
1158 224
1164 226
1170 227
1176 228
1182 229
1188 229
