0 213
6 212
12 211
18 209
24 207
30 205
36 202
42 200
48 197
54 194
60 192
66 190
72 188
78 186
84 185
90 184
96 184
102 184
108 185
114 186
120 187
126 190
132 193
138 197
144 202
150 207
156 213
161 219
167 224
173 229
179 232
185 235
191 236
197 237
203 237
209 237
215 235
221 233
227 230
233 226
239 221
245 215
251 209
257 203
263 198
269 194
275 191
281 189
287 187
293 186
299 186
305 186
311 187
317 188
323 190
329 193
335 196
341 199
347 202
353 205
359 208
365 211
371 213
377 214
383 216
389 216
395 216
401 216
407 216
413 215
419 213
425 212
431 210
437 209
443 207
449 206
455 205
461 205
467 205
473 205
479 206
485 208
491 209
497 211
503 213
509 215
515 216
521 217
527 218
533 218
539 218
545 217
551 215
557 212
563 209
569 204
575 200
581 196
587 192
593 188
599 186
605 184
611 183
617 183
623 183
629 185
635 187
641 190
647 195
653 201
658 207
663 213
668 219
673 225
679 230
685 233
691 236
697 238
703 238
709 238
715 237
721 235
727 233
733 229
739 224
745 218
750 212
755 206
761 200
767 195
773 190
779 187
785 184
791 182
797 181
803 180
809 180
815 180
821 181
827 182
833 184
839 186
845 189
851 192
857 196
863 200
869 204
875 208
881 212
887 216
893 219
899 222
905 224
911 225
917 226
923 227
929 226
935 225
941 224
947 222
953 220
959 217
965 214
971 211
977 209
983 206
989 204
995 203
1001 201
1007 201
1013 200
1019 200
1025 201
1031 202
1037 202
1043 203
1049 204
1055 205
1061 206
1067 207
1073 207
1079 207
1085 208
1091 208
1097 208
1103 208
1109 208
1115 208
1121 208
1127 208
1133 209
1139 210
1145 210
1151 211
1157 212
1163 213
1169 214
1175 214
1181 215
1187 215
1193 214
