0 212
6 211
12 209
18 207
24 205
30 202
36 199
42 196
48 193
54 190
60 187
66 185
72 182
78 181
84 179
90 178
96 178
102 178
108 179
114 180
120 182
126 184
132 188
138 192
144 198
150 204
154 210
159 216
164 222
170 228
176 232
182 235
188 238
194 239
200 239
206 239
212 238
218 236
224 233
230 229
236 224
242 218
246 212
251 206
256 200
262 194
268 189
274 186
280 183
286 181
292 180
298 180
304 180
310 181
316 183
322 185
328 187
334 190
340 194
346 198
352 202
358 205
364 208
370 211
376 213
382 214
388 215
394 216
400 215
406 215
412 213
418 212
424 210
430 208
436 207
442 205
448 204
454 203
460 202
466 202
472 202
478 203
484 205
490 207
496 209
502 211
508 213
514 215
520 216
526 217
532 218
538 217
544 216
550 214
556 211
562 207
568 202
574 197
580 192
586 187
592 183
598 180
604 178
610 177
616 177
622 177
628 178
634 181
640 184
646 188
651 194
656 200
660 206
663 212
667 218
672 224
678 230
684 235
690 238
696 239
702 240
708 240
714 240
720 238
726 235
732 231
738 226
744 220
748 214
752 208
756 202
761 196
767 190
773 185
779 181
785 178
791 176
797 175
803 174
809 173
815 174
821 175
827 176
833 178
839 180
845 183
851 187
857 191
863 196
869 201
875 206
881 211
887 215
893 219
899 222
905 224
911 226
917 227
923 227
929 227
935 226
941 224
947 222
953 219
959 216
965 213
971 209
977 206
983 203
989 201
995 199
1001 198
1007 197
1013 197
1019 197
1025 197
1031 198
1037 199
1043 200
1049 201
1055 202
1061 203
1067 204
1073 205
1079 205
1085 205
1091 205
1097 205
1103 205
1109 205
1115 205
1121 206
1127 206
1133 207
1139 208
1145 209
1151 210
1157 211
1163 212
1169 212
1175 213
1181 213
1187 213
1193 213
