0 293
6 292
12 290
18 288
24 285
30 281
36 277
42 272
48 267
54 261
59 255
64 249
69 243
73 237
77 231
80 225
83 219
85 213
87 207
88 201
88 195
87 189
85 183
81 177
75 172
69 171
63 172
57 175
51 179
45 182
39 183
33 180
27 175
23 169
20 163
19 157
17 151
17 145
17 139
18 133
19 127
21 121
24 115
27 109
31 103
36 97
42 92
48 87
54 84
60 81
66 79
72 77
78 76
84 75
90 75
96 75
102 75
108 76
114 78
120 80
126 82
132 86
138 89
144 94
150 100
155 106
159 112
163 118
166 124
168 130
170 136
172 142
174 148
175 154
177 160
178 166
179 172
180 178
181 184
182 190
183 196
183 202
184 208
184 214
185 220
185 226
185 232
186 238
186 244
186 250
186 256
186 262
185 268
185 274
185 280
183 286
177 291
171 289
166 283
164 277
162 271
159 265
157 259
155 253
154 247
152 241
148 235
142 232
136 237
132 243
129 249
126 255
124 261
122 267
120 273
119 279
118 285
117 291
117 297
118 303
118 309
120 315
122 321
124 327
127 333
132 339
138 345
144 350
150 353
156 356
162 358
168 360
174 362
180 363
186 363
192 364
198 364
204 364
210 363
216 363
222 362
228 360
234 358
240 356
246 353
252 349
258 344
264 338
268 332
271 326
273 320
275 314
276 308
276 302
276 296
275 290
274 284
273 278
271 272
269 266
266 260
263 254
259 248
254 242
248 240
242 246
240 252
237 258
235 264
233 270
230 276
227 282
224 288
218 293
212 294
207 288
206 282
206 276
206 270
206 264
207 258
207 252
208 246
209 240
209 234
210 228
211 222
212 216
214 210
215 204
217 198
218 192
220 186
222 180
223 174
225 168
227 162
229 156
232 150
234 144
237 138
240 132
243 126
247 120
251 114
256 108
262 103
268 98
274 94
280 91
286 89
292 87
298 86
304 86
310 86
316 86
322 87
328 89
334 92
340 95
346 99
352 104
358 110
362 116
365 122
368 128
369 134
370 140
371 146
371 152
370 158
368 164
366 170
363 176
359 182
353 187
347 189
341 189
335 187
329 183
323 179
317 177
311 177
305 180
299 186
296 192
294 198
293 204
294 210
295 216
297 222
300 228
304 234
308 240
313 246
318 252
323 258
329 264
335 269
341 275
347 279
353 283
359 286
365 288
371 290
377 291
383 291
389 291
395 289
401 287
407 283
413 278
417 272
419 266
419 260
418 254
415 248
411 242
408 236
408 230
409 224
412 218
416 212
422 207
428 202
434 199
440 196
446 194
452 192
458 191
464 191
470 191
476 192
482 193
488 195
494 197
500 200
506 204
512 208
518 214
523 220
526 226
526 232
524 238
520 244
514 249
510 255
508 261
508 267
509 273
513 279
519 285
525 288
531 290
537 291
543 291
549 290
555 289
561 287
567 284
573 281
579 276
585 272
591 266
597 260
603 254
609 248
614 242
619 236
624 230
628 224
632 218
635 212
637 206
637 200
637 194
635 188
632 182
627 176
621 171
615 170
609 170
603 173
597 177
591 182
585 187
579 189
573 188
567 186
561 180
556 174
552 168
550 162
548 156
547 150
546 144
546 138
547 132
549 126
551 120
554 114
558 108
563 102
569 96
575 92
581 89
587 87
593 86
599 85
605 84
611 85
617 86
623 87
629 89
635 92
641 95
647 100
653 105
658 111
663 117
667 123
670 129
674 135
677 141
679 147
682 153
685 159
687 165
690 171
692 177
694 183
696 189
698 195
700 201
702 207
703 213
705 219
706 225
707 231
708 237
708 243
709 249
709 255
710 261
710 267
710 273
710 279
709 285
703 291
697 289
691 283
688 277
686 271
684 265
682 259
680 253
678 247
676 241
672 235
666 233
661 239
657 245
653 251
650 257
647 263
644 269
642 275
640 281
639 287
637 293
637 299
636 305
637 311
638 317
639 323
642 329
646 335
651 341
657 347
663 351
669 354
675 356
681 358
687 359
693 360
699 360
705 360
711 360
717 360
723 359
729 358
735 356
741 353
747 351
753 347
759 342
765 336
769 330
773 324
776 318
778 312
780 306
781 300
782 294
782 288
783 282
783 276
783 270
783 264
782 258
782 252
781 246
780 240
779 234
778 228
777 222
775 216
772 210
766 210
762 216
760 222
758 228
757 234
755 240
753 246
751 252
749 258
747 264
745 270
743 276
737 282
731 281
730 275
730 269
730 263
730 257
730 251
730 245
730 239
730 233
730 227
730 221
730 215
730 209
730 203
730 197
730 191
730 185
731 179
731 173
732 167
732 161
733 155
734 149
735 143
736 137
737 131
739 125
741 119
744 113
747 107
750 101
755 95
760 89
766 84
772 80
778 76
784 73
790 71
796 69
802 68
808 67
814 67
820 67
826 67
832 68
838 69
844 71
850 73
856 75
862 79
868 83
874 88
879 94
884 100
887 106
890 112
892 118
894 124
895 130
896 136
896 142
896 148
896 154
895 160
894 166
893 172
891 178
889 184
887 190
884 196
881 202
877 208
871 214
865 216
859 214
855 208
852 202
850 196
847 190
844 184
839 178
833 176
827 178
821 184
818 190
816 196
815 202
815 208
816 214
817 220
818 226
820 232
822 238
824 244
827 250
830 256
832 262
835 268
839 274
842 280
846 286
849 292
854 298
858 304
863 310
869 316
875 321
881 326
887 330
893 333
899 335
905 337
911 338
917 339
923 339
929 339
935 339
941 338
947 336
953 333
959 330
965 326
971 320
976 314
979 308
981 302
983 296
983 290
983 284
982 278
980 272
977 266
971 261
965 259
959 260
953 262
947 264
941 266
935 266
929 264
923 260
920 254
918 248
917 242
918 236
920 230
922 224
925 218
929 212
932 206
937 200
941 194
946 188
951 182
957 176
963 170
969 165
975 160
981 157
987 154
993 151
999 149
1005 148
1011 148
1017 148
1023 149
1029 150
1035 153
1041 156
1047 162
1052 168
1056 174
1059 180
1062 186
1065 192
1069 198
1074 204
1080 209
1086 213
1092 216
1098 219
1104 222
1110 225
1116 228
1122 232
1128 236
1134 241
1139 247
1143 253
1146 259
1149 265
1152 271
1156 277
1162 283
1168 287
1174 290
1180 292
1186 293
1192 294
