0 215
6 215
12 215
18 215
24 214
30 214
36 214
42 214
48 213
54 213
60 213
66 213
72 213
78 213
84 212
90 212
96 212
102 212
108 212
114 212
120 213
126 213
132 213
138 214
144 214
150 215
156 215
162 216
168 216
174 217
180 217
186 218
192 218
198 218
204 218
210 218
216 218
222 218
228 217
234 217
240 216
246 216
252 215
258 215
264 214
270 214
276 213
282 213
288 213
294 213
300 213
306 213
312 213
318 213
324 213
330 214
336 214
342 214
348 214
354 215
360 215
366 215
372 215
378 215
384 216
390 216
396 216
402 216
408 216
414 216
420 216
426 215
432 215
438 215
444 215
450 215
456 215
462 215
468 215
474 215
480 215
486 215
492 215
498 215
504 215
510 216
516 216
522 216
528 216
534 216
540 216
546 216
552 216
558 215
564 215
570 215
576 214
582 214
588 213
594 213
600 213
606 212
612 212
618 212
624 212
630 212
636 213
642 213
648 214
654 215
660 215
666 216
672 216
678 217
684 218
690 218
696 218
702 218
708 218
714 218
720 218
726 217
732 217
738 216
744 216
750 215
756 214
762 214
768 213
774 213
780 213
786 212
792 212
798 212
804 212
810 212
816 212
822 212
828 212
834 212
840 213
846 213
852 213
858 214
864 214
870 214
876 215
882 215
888 215
894 216
900 216
906 216
912 217
918 217
924 217
930 217
936 217
942 217
948 217
954 216
960 216
966 216
972 215
978 215
984 215
990 215
996 214
1002 214
1008 214
1014 214
1020 214
1026 214
1032 214
1038 215
1044 215
1050 215
1056 215
1062 215
1068 215
1074 215
1080 215
1086 215
1092 215
1098 215
1104 215
1110 215
1116 215
1122 215
1128 215
1134 215
1140 215
1146 215
1152 215
1158 215
1164 215
1170 215
1176 215
1182 215
1188 215
