0 205
6 205
12 204
18 204
24 203
30 202
36 202
42 201
48 200
54 200
60 199
66 198
72 198
78 197
84 197
90 197
96 196
102 197
108 197
114 197
120 198
126 199
132 200
138 201
144 202
150 204
156 205
162 207
168 209
174 210
180 211
186 212
192 213
198 213
204 213
210 213
216 212
222 211
228 210
234 209
240 207
246 206
252 204
258 203
264 201
270 200
276 199
282 198
288 198
294 197
300 197
306 198
312 198
318 198
324 199
330 200
336 201
342 201
348 202
354 203
360 204
366 205
372 205
378 206
384 206
390 206
396 206
402 206
408 206
414 206
420 206
426 205
432 205
438 204
444 204
450 204
456 203
462 203
468 203
474 203
480 204
486 204
492 204
498 205
504 205
510 206
516 206
522 207
528 207
534 207
540 207
546 207
552 206
558 205
564 204
570 203
576 202
582 200
588 199
594 198
600 197
606 197
612 196
618 196
624 197
630 197
636 198
642 200
648 201
654 203
660 205
666 207
672 209
678 210
684 211
690 212
696 213
702 213
708 213
714 213
720 212
726 211
732 210
738 208
744 207
750 205
756 203
762 202
768 200
774 199
780 198
786 197
792 196
798 196
804 195
810 195
816 196
822 196
828 196
834 197
840 198
846 199
852 200
858 201
864 202
870 203
876 204
882 205
888 206
894 207
900 208
906 209
912 209
918 210
924 210
930 210
936 209
942 209
948 208
954 208
960 207
966 206
972 205
978 204
984 204
990 203
996 203
1002 202
1008 202
1014 202
1020 202
1026 202
1032 203
1038 203
1044 203
1050 203
1056 204
1062 204
1068 204
1074 204
1080 204
1086 204
1092 204
1098 204
1104 204
1110 204
1116 204
1122 204
1128 204
1134 204
1140 204
1146 205
1152 205
1158 205
1164 205
1170 206
1176 206
1182 206
1188 206
