95 97
69 74
63 67
60 86
60 63
61 63
96 98
95 102
90 94
72 81
101 102
67 71
92 94
92 100
72 85
92 98
98 100
93 102
72 75
67 68
94 102
60 66
98 102
71 98
68 74
91 100
89 94
75 77
66 73
64 65
66 74
68 69
66 91
88 99
68 102
68 77
91 92
66 102
79 80
68 71
54 55
89 99
70 71
87 95
88 92
77 78
79 86
65 69
72 76
67 73
93 95
74 75
65 91
74 76
78 79
70 72
89 90
91 93
82 83
87 89
71 75
88 91
98 101
94 96
90 93
86 87
67 92
99 100
68 76
95 98
97 101
96 101
77 80
57 58
72 78
89 97
63 71
65 67
65 70
96 100
72 74
97 98
68 80
88 94
66 99
73 75
58 59
98 99
93 99
90 91
65 95
69 73
92 99
97 99
94 99
65 66
65 68
100 101
65 72
69 70
85 86
63 102
85 98
93 94
71 74
92 93
94 98
66 70
63 91
71 72
86 93
91 101
85 91
91 94
86 102
84 86
97 102
55 56
63 66
60 61
92 102
88 96
93 101
52 53
59 60
96 97
87 91
72 73
62 63
63 64
89 92
92 95
69 72
66 72
94 97
73 74
95 96
71 86
95 99
94 100
65 71
71 99
88 89
94 101
63 65
95 100
87 98
95 101
60 68
70 91
66 78
66 68
87 94
99 101
87 92
96 102
84 90
94 95
100 102
75 76
97 100
84 87
76 77
66 67
99 102
88 102
61 62
60 62
69 71
63 72
79 82
65 102
56 57
93 100
68 75
91 102
72 77
68 88
