72 102
95 97
86 88
96 98
95 102
101 102
73 78
92 94
98 100
66 69
93 102
72 75
67 68
94 102
98 102
93 96
68 74
70 76
65 74
75 79
66 73
64 65
91 99
68 69
88 99
70 78
91 92
66 102
79 80
68 71
90 100
70 71
90 101
77 78
72 76
93 95
66 98
74 75
65 91
81 83
92 97
71 75
98 101
94 96
73 76
67 102
88 90
65 87
86 87
99 100
69 84
95 98
96 101
97 101
87 88
57 58
72 78
89 97
91 98
65 67
97 98
88 94
73 75
98 99
67 74
65 73
93 99
90 91
68 73
70 74
93 97
97 99
65 66
65 68
90 97
100 101
65 92
65 76
69 70
85 86
65 79
93 94
71 74
92 93
94 98
66 70
77 79
65 78
60 67
71 73
91 94
70 99
68 72
90 102
65 75
89 98
86 102
70 77
76 78
97 102
70 86
60 61
92 102
88 96
93 101
60 65
70 80
78 80
59 60
96 97
89 93
87 91
72 73
91 95
66 71
62 63
70 94
92 95
51 52
66 72
70 102
73 74
95 96
95 99
94 100
87 93
88 89
63 65
95 100
67 91
96 99
73 77
70 91
90 99
95 101
66 68
99 101
66 77
87 92
96 102
94 95
100 102
70 75
75 76
62 65
97 100
88 102
76 77
66 67
99 102
89 91
61 62
60 62
84 85
65 102
92 96
89 95
75 80
81 82
68 70
91 102
73 91
