67 70
87 102
95 97
71 79
62 91
60 63
86 88
96 98
95 102
90 94
101 102
59 85
92 94
98 100
66 69
83 84
67 68
94 102
68 84
98 102
93 96
65 74
55 57
85 94
64 65
68 69
91 92
66 102
79 80
68 71
54 55
63 68
90 100
70 71
62 64
78 101
77 78
93 95
74 75
65 91
81 83
78 79
70 72
81 89
89 90
91 93
87 97
98 101
90 92
94 96
73 76
87 90
86 87
99 100
65 99
97 101
96 101
63 74
87 88
65 98
62 69
77 80
84 88
57 58
91 96
80 84
65 67
65 70
60 91
86 96
91 98
96 100
72 74
97 98
58 59
98 99
65 73
93 99
81 91
60 80
90 98
90 91
68 73
60 64
70 73
83 92
69 73
83 96
94 99
97 99
65 66
59 66
63 73
100 101
65 72
77 84
85 86
63 102
85 98
93 94
71 74
92 93
90 96
66 70
94 98
71 72
77 79
73 102
80 81
60 67
71 73
91 94
90 102
68 72
69 77
86 99
83 86
63 87
65 77
83 93
76 78
84 86
97 102
55 56
63 66
60 61
92 102
90 95
88 96
60 65
71 96
52 53
59 60
96 97
87 91
72 73
91 95
62 63
63 64
66 79
92 95
74 99
84 96
94 97
73 74
95 96
95 99
78 102
94 100
65 71
87 93
78 81
88 89
94 101
78 84
63 65
65 94
87 96
95 100
85 96
84 94
72 95
60 68
96 99
90 99
95 101
66 78
66 68
99 101
96 102
94 95
100 102
75 76
63 96
88 97
69 102
97 100
84 87
76 77
66 67
99 102
88 102
87 99
89 91
93 98
61 62
60 62
69 71
84 85
65 102
92 96
56 57
93 100
77 102
60 102
