42 43
40 49
39 40
14 19
50 51
49 50
35 45
21 23
43 44
44 48
17 22
36 42
34 35
15 21
26 27
18 42
17 27
42 48
22 23
36 48
15 48
29 48
21 24
41 46
10 11
43 48
39 44
48 49
15 17
43 49
9 19
40 48
14 40
47 49
44 49
24 48
8 40
17 48
14 22
17 18
18 19
38 47
15 16
16 18
18 29
38 48
37 38
24 25
13 14
39 41
19 45
25 26
17 20
40 41
14 34
39 49
16 17
9 12
49 51
44 51
45 46
18 24
14 48
19 27
15 47
46 48
19 28
14 15
19 41
12 14
42 44
27 28
19 23
11 12
36 40
37 48
18 23
23 25
45 48
41 48
46 47
37 47
48 50
18 21
21 25
38 46
36 47
9 10
14 26
44 45
20 23
21 22
47 48
20 22
14 23
28 48
35 37
36 37
12 13
37 44
9 11
15 23
40 42
15 18
44 46
28 29
25 31
40 46
17 23
34 42
8 14
15 36
41 43
20 48
15 20
45 47
16 23
41 49
8 9
40 44
41 42
42 46
11 14
19 20
48 51
43 45
42 49
39 48
23 24
37 40
22 26
20 21
40 43
15 19
40 47
15 51
14 21
35 36
16 19
6 7
41 51
9 13
44 47
14 20
30 31
43 50
14 17
0 1
7 8
8 13
19 48
9 14
46 49
