67 70
87 102
95 97
63 67
60 86
60 63
88 95
96 98
95 102
101 102
64 71
92 94
92 100
98 100
92 98
66 69
93 102
67 68
94 102
60 66
98 102
93 96
63 101
55 57
75 77
63 69
64 65
60 69
68 69
66 74
88 99
68 102
68 77
91 92
66 102
79 80
68 71
69 99
63 68
70 71
87 95
77 78
93 95
66 85
74 75
65 100
74 76
89 90
70 72
66 75
98 101
90 92
94 96
87 90
86 87
99 100
65 99
68 76
91 97
95 98
97 101
69 80
87 88
63 71
91 98
65 67
60 91
63 70
69 92
97 98
66 99
67 85
58 59
98 99
65 73
86 98
90 98
90 91
70 73
86 89
69 73
97 99
94 99
65 66
65 68
100 101
65 92
65 72
69 70
85 86
63 102
85 98
93 94
71 74
92 93
63 91
71 72
86 93
80 81
85 91
71 73
85 87
90 102
69 77
76 78
97 102
55 56
63 66
60 61
92 102
63 100
52 53
59 60
89 93
72 73
91 95
62 63
63 64
89 92
66 79
69 72
92 95
74 78
66 72
94 97
86 100
73 74
95 96
95 99
94 100
94 101
63 65
72 97
95 100
85 92
67 91
96 99
60 68
69 97
90 99
66 68
87 94
99 101
66 77
96 102
94 95
100 102
70 75
75 76
88 97
97 100
66 67
67 72
99 102
67 69
93 98
61 62
60 62
69 71
86 95
84 85
65 102
88 98
56 57
93 100
89 96
66 84
66 71
91 102
85 99
