67 70
95 97
71 79
66 100
60 63
61 63
88 95
96 98
95 102
101 102
92 94
98 100
92 98
93 102
72 75
67 68
94 102
98 102
71 98
68 74
91 100
65 74
75 77
77 85
64 65
66 74
68 69
68 102
68 77
91 92
66 102
68 71
54 55
89 99
70 71
87 95
88 92
78 101
77 78
72 76
93 95
63 99
74 75
65 91
65 100
78 79
89 90
91 93
87 89
71 75
98 101
94 96
73 76
86 87
99 100
68 76
96 101
97 101
87 88
89 97
63 71
91 98
96 100
63 70
72 74
97 98
73 75
58 59
98 99
67 74
65 73
86 98
90 91
68 73
70 73
75 102
92 99
97 99
94 99
65 66
65 68
90 97
100 101
75 78
65 72
69 70
63 75
93 94
92 93
90 96
94 98
66 70
63 91
71 72
86 93
91 101
90 102
71 73
91 94
68 72
77 86
65 75
89 98
76 78
97 102
55 56
63 66
92 102
90 95
52 53
71 76
71 78
59 60
96 97
91 95
62 63
63 64
66 72
73 74
95 96
77 82
94 100
65 71
87 93
71 99
88 89
94 101
63 65
87 96
95 100
96 99
90 99
75 99
66 78
66 68
99 101
96 102
94 95
100 102
75 76
69 102
97 100
76 77
66 67
99 102
89 91
61 62
60 62
69 71
89 102
65 102
56 57
93 100
89 96
76 102
66 71
68 75
91 102
73 91
