63 67
66 100
60 63
86 88
88 95
96 98
95 102
101 102
67 71
92 94
92 100
98 100
92 98
74 88
72 75
93 102
67 68
94 102
71 102
98 102
93 96
85 89
91 100
65 74
55 57
66 73
85 93
75 98
66 74
64 65
60 69
68 69
66 91
91 92
66 102
67 86
63 68
90 100
70 71
90 101
88 92
93 95
66 98
74 75
65 91
78 79
89 90
91 93
87 89
71 75
88 91
90 92
94 96
86 87
99 100
68 76
95 98
97 101
96 101
63 74
87 88
85 88
63 71
91 98
65 67
65 70
86 96
96 100
63 70
97 98
68 80
88 94
66 99
58 59
98 99
93 99
90 91
68 73
70 74
70 73
93 97
63 84
86 89
75 102
97 99
63 80
65 66
63 73
100 101
92 101
65 92
65 72
69 70
77 84
85 86
93 94
71 77
92 93
94 98
63 91
71 72
77 79
74 81
80 81
90 102
71 73
84 98
89 98
86 102
80 89
81 102
60 99
97 102
55 56
63 66
60 61
74 83
92 102
85 102
93 101
52 53
71 78
59 60
96 97
89 93
74 79
72 73
91 95
60 88
62 63
63 64
92 95
69 72
77 81
66 72
94 97
73 74
64 66
95 99
94 100
60 71
65 71
68 78
88 89
63 65
87 96
95 100
78 83
85 96
87 98
96 99
60 68
95 101
66 68
87 94
99 101
87 92
96 102
94 95
100 102
75 76
97 100
76 77
66 67
67 72
99 102
67 69
87 99
89 91
86 94
93 98
61 62
60 62
69 71
84 85
89 102
88 98
56 57
93 100
75 80
66 84
76 102
66 71
91 102
