80 86
130 132
101 108
102 113
96 98
90 94
101 102
80 85
98 100
125 126
83 84
126 134
98 102
97 105
89 133
129 132
126 131
89 94
129 130
120 127
124 125
109 119
81 84
95 134
79 80
117 119
99 108
118 120
121 134
87 95
99 134
118 119
125 127
89 101
93 95
122 123
116 133
133 134
119 120
81 83
93 103
123 125
116 128
89 90
91 93
87 97
87 89
115 121
120 121
118 133
90 92
94 96
117 120
90 93
118 130
131 134
87 90
86 87
126 133
117 126
99 100
81 85
97 101
101 103
95 103
104 105
131 133
103 105
128 134
118 132
116 127
80 84
129 134
90 127
119 130
122 134
97 98
103 104
124 134
98 99
87 134
90 98
127 134
121 131
99 105
92 99
97 99
127 131
120 128
89 134
90 97
100 101
99 106
132 133
80 83
69 70
85 86
118 134
116 117
117 131
92 93
130 134
125 134
118 131
71 72
132 134
80 81
90 102
128 130
80 87
116 125
116 129
124 126
119 134
90 95
102 103
93 101
116 131
96 97
89 93
89 111
128 131
124 132
103 134
119 133
126 129
92 95
117 118
105 106
73 74
95 96
95 99
102 118
106 107
93 134
129 131
88 89
127 128
124 133
87 96
127 129
93 104
125 128
90 134
87 131
96 99
98 103
90 99
90 132
99 101
130 131
112 113
120 131
94 95
117 125
81 87
117 128
97 100
119 126
87 99
93 98
102 110
107 109
89 119
84 85
116 130
89 95
93 100
89 96
129 133
81 82
131 132
120 134
87 132
87 126
