565 7
1012 7
166 8
313 8
486 8
543 8
724 8
975 8
508 9
525 9
599 9
774 9
853 9
1188 9
302 10
742 10
956 10
70 11
106 11
179 11
237 11
575 11
891 11
1151 11
50 12
1001 12
1049 12
204 13
222 13
614 13
679 13
1040 13
1154 13
167 14
340 14
797 14
970 14
1103 14
187 15
1023 15
1150 15
1167 15
159 16
422 16
430 16
846 16
1038 16
1046 16
539 17
737 18
81 19
550 19
1089 19
69 20
189 20
313 20
804 20
535 22
1018 23
129 24
861 28
663 29
620 30
664 30
675 30
676 30
51 31
264 31
344 31
911 31
932 31
1066 31
422 32
841 32
31 33
105 33
168 33
503 33
515 33
607 33
700 33
924 33
1192 33
90 34
105 34
205 34
637 34
656 34
791 34
797 34
994 34
1037 34
1095 34
500 35
524 35
557 35
857 35
905 35
1079 35
1108 35
1165 35
642 36
661 36
958 36
1106 36
42 37
84 37
573 37
815 37
896 37
937 37
1126 37
1 38
25 38
447 38
453 38
566 38
594 38
1030 38
1051 38
470 39
484 39
895 39
1071 39
113 40
274 40
866 40
892 40
1041 40
142 41
296 41
991 41
21 42
237 42
473 42
563 42
725 42
301 43
753 43
768 43
1197 43
198 44
1183 44
1189 44
364 45
470 45
89 47
98 47
179 47
557 47
677 47
729 47
608 49
830 49
1182 49
192 50
317 50
343 50
511 50
617 50
658 50
699 50
981 50
16 51
494 51
914 51
1095 51
766 52
794 52
521 53
603 53
634 53
997 53
66 54
112 54
988 54
313 55
632 56
986 56
396 59
65 60
115 61
1048 61
63 62
720 62
1135 62
1060 115
302 117
738 117
939 118
1142 118
486 119
491 119
1096 119
997 120
33 122
420 122
856 122
120 123
467 123
670 123
966 123
480 125
865 125
317 126
601 127
853 127
944 127
641 128
38 129
729 129
85 130
858 131
1106 131
288 132
315 132
357 132
1 133
59 133
337 133
462 133
476 133
765 133
784 133
74 134
222 134
307 134
310 134
314 134
321 134
564 134
626 134
820 134
92 135
155 135
177 135
266 135
305 135
321 135
614 135
700 135
61 136
135 136
312 136
313 136
646 136
660 136
689 136
831 136
1101 136
1120 136
286 137
300 137
303 137
304 137
307 137
318 137
444 137
464 137
606 137
632 137
782 137
903 137
995 137
1046 137
1137 137
288 138
296 138
299 138
312 138
313 138
320 138
324 138
325 138
326 138
328 138
430 138
695 138
871 138
7 139
316 139
478 139
533 139
587 139
864 139
271 140
287 140
289 140
318 140
390 140
523 140
671 140
860 140
909 140
1028 140
256 141
291 141
294 141
304 141
348 141
468 141
470 141
476 141
703 141
891 141
916 141
936 141
289 142
292 142
323 142
326 142
327 142
328 142
456 142
497 142
886 142
888 142
997 142
211 143
287 143
330 143
454 143
461 143
476 143
850 143
882 143
1174 143
288 144
309 144
400 144
455 144
458 144
466 144
482 144
484 144
513 144
972 144
325 145
453 145
454 145
459 145
462 145
463 145
469 145
477 145
627 145
741 145
882 145
904 145
1147 145
281 146
284 146
285 146
320 146
336 146
453 146
471 146
898 146
909 146
912 146
914 146
943 146
979 146
283 147
285 147
332 147
338 147
449 147
480 147
482 147
498 147
575 147
975 147
982 147
1166 147
145 148
320 148
335 148
435 148
485 148
900 148
917 148
57 149
451 149
490 149
491 149
514 149
736 149
829 149
897 149
905 149
910 149
280 150
730 150
891 150
893 150
899 150
902 150
911 150
913 150
918 150
1155 150
136 151
164 151
476 151
662 151
897 151
898 151
919 151
1092 151
1094 151
42 152
140 152
162 152
280 152
291 152
310 152
337 152
444 152
891 152
902 152
908 152
911 152
921 152
934 152
1001 152
1118 152
1182 152
1183 152
62 153
73 153
276 153
279 153
294 153
336 153
338 153
442 153
460 153
491 153
497 153
506 153
566 153
1117 153
88 154
381 154
446 154
490 154
495 154
717 154
867 154
887 154
891 154
926 154
1013 154
1036 154
1054 154
1118 154
1174 154
274 155
276 155
504 155
713 155
802 155
844 155
879 155
890 155
927 155
930 155
89 156
272 156
341 156
433 156
447 156
601 156
664 156
891 156
935 156
1114 156
326 157
339 157
439 157
674 157
686 157
688 157
885 157
929 157
981 157
1158 157
1163 157
127 158
335 158
341 158
579 158
745 158
862 158
932 158
123 159
276 159
340 159
343 159
439 159
440 159
442 159
495 159
546 159
619 159
665 159
699 159
740 159
807 159
931 159
932 159
937 159
1055 159
1122 159
1160 159
1164 159
86 160
127 160
128 160
138 160
305 160
341 160
343 160
346 160
615 160
672 160
688 160
737 160
746 160
880 160
933 160
942 160
1038 160
1055 160
1062 160
1130 160
115 161
179 161
188 161
284 161
340 161
342 161
345 161
556 161
557 161
562 161
686 161
742 161
751 161
831 161
897 161
933 161
964 161
76 162
116 162
124 162
276 162
373 162
438 162
497 162
525 162
546 162
731 162
745 162
747 162
755 162
759 162
883 162
11 163
118 163
129 163
184 163
274 163
276 163
285 163
345 163
547 163
607 163
729 163
754 163
756 163
830 163
1139 163
116 164
132 164
144 164
166 164
179 164
199 164
276 164
343 164
362 164
475 164
497 164
498 164
501 164
647 164
667 164
712 164
933 164
936 164
1063 164
1157 164
112 165
196 165
276 165
295 165
308 165
345 165
410 165
440 165
441 165
692 165
762 165
938 165
1014 165
111 166
113 166
339 166
345 166
437 166
438 166
729 166
762 166
764 166
933 166
944 166
985 166
1057 166
1100 166
1102 166
1147 166
1155 166
112 167
136 167
187 167
342 167
499 167
763 167
765 167
800 167
993 167
1056 167
1090 167
1098 167
87 168
138 168
142 168
276 168
277 168
289 168
501 168
690 168
706 168
725 168
727 168
783 168
848 168
879 168
936 168
937 168
1025 168
1100 168
1101 168
1104 168
1110 168
1114 168
1115 168
55 169
107 169
108 169
188 169
499 169
601 169
709 169
723 169
768 169
779 169
933 169
1030 169
1086 169
1088 169
1106 169
1172 169
34 170
49 170
50 170
52 170
109 170
139 170
140 170
257 170
278 170
281 170
290 170
296 170
362 170
597 170
703 170
723 170
752 170
769 170
875 170
881 170
893 170
909 170
939 170
1038 170
1091 170
1103 170
1114 170
1115 170
49 171
103 171
107 171
125 171
143 171
296 171
343 171
366 171
422 171
438 171
725 171
726 171
729 171
755 171
939 171
940 171
958 171
1090 171
1111 171
1112 171
1119 171
44 172
45 172
46 172
51 172
53 172
54 172
59 172
86 172
280 172
288 172
296 172
332 172
343 172
413 172
499 172
724 172
745 172
775 172
877 172
881 172
942 172
1084 172
1089 172
1090 172
1091 172
1112 172
1116 172
43 173
56 173
57 173
62 173
65 173
102 173
105 173
109 173
403 173
498 173
499 173
928 173
1114 173
1115 173
61 174
64 174
78 174
343 174
348 174
388 174
389 174
393 174
394 174
396 174
427 174
439 174
460 174
538 174
581 174
660 174
788 174
931 174
1069 174
1085 174
1119 174
1169 174
35 175
39 175
50 175
59 175
101 175
144 175
236 175
285 175
395 175
499 175
502 175
668 175
713 175
829 175
1018 175
1081 175
1179 175
4 176
62 176
158 176
293 176
294 176
311 176
380 176
386 176
388 176
391 176
392 176
393 176
438 176
499 176
559 176
732 176
940 176
989 176
1035 176
1121 176
36 177
37 177
67 177
142 177
297 177
343 177
345 177
375 177
395 177
397 177
402 177
556 177
578 177
662 177
667 177
721 177
793 177
822 177
830 177
835 177
839 177
878 177
880 177
1045 177
1060 177
1079 177
1080 177
1084 177
1114 177
1133 177
66 178
69 178
70 178
145 178
249 178
278 178
340 178
345 178
375 178
383 178
397 178
398 178
402 178
444 178
641 178
664 178
695 178
778 178
816 178
819 178
832 178
866 178
1016 178
1020 178
1025 178
1027 178
1082 178
35 179
63 179
98 179
297 179
345 179
653 179
668 179
773 179
818 179
827 179
833 179
880 179
940 179
1006 179
1081 179
1124 179
1179 179
13 180
36 180
66 180
67 180
72 180
111 180
248 180
249 180
372 180
383 180
407 180
481 180
560 180
674 180
677 180
729 180
816 180
819 180
823 180
829 180
833 180
834 180
1005 180
1017 180
1030 180
1077 180
1174 180
1175 180
1177 180
1188 180
13 181
31 181
33 181
66 181
68 181
72 181
102 181
144 181
145 181
296 181
371 181
406 181
438 181
439 181
501 181
723 181
825 181
834 181
837 181
1009 181
1013 181
1014 181
1019 181
1028 181
1083 181
1121 181
1172 181
1173 181
1174 181
1177 181
1181 181
1189 181
30 182
65 182
81 182
98 182
106 182
190 182
374 182
405 182
436 182
497 182
654 182
682 182
720 182
812 182
819 182
835 182
1008 182
1011 182
1023 182
1079 182
1080 182
1117 182
1121 182
1125 182
1133 182
1165 182
1172 182
1178 182
12 183
33 183
51 183
72 183
100 183
186 183
191 183
196 183
198 183
344 183
409 183
439 183
510 183
645 183
675 183
680 183
718 183
771 183
773 183
821 183
878 183
899 183
939 183
1004 183
1031 183
1032 183
1079 183
1080 183
1164 183
1183 183
1188 183
1190 183
109 184
204 184
224 184
295 184
368 184
372 184
408 184
497 184
568 184
602 184
607 184
635 184
649 184
650 184
655 184
695 184
745 184
766 184
813 184
840 184
903 184
958 184
1004 184
1036 184
1062 184
1194 184
70 185
97 185
100 185
104 185
110 185
182 185
183 185
188 185
189 185
192 185
203 185
344 185
366 185
373 185
438 185
439 185
499 185
501 185
634 185
648 185
678 185
680 185
719 185
800 185
848 185
881 185
994 185
996 185
1019 185
1033 185
1121 185
1123 185
1166 185
1168 185
71 186
86 186
97 186
99 186
147 186
148 186
186 186
189 186
196 186
225 186
342 186
370 186
372 186
386 186
410 186
438 186
629 186
647 186
668 186
678 186
683 186
718 186
809 186
811 186
842 186
878 186
1035 186
1036 186
1106 186
1117 186
1163 186
28 187
71 187
100 187
148 187
149 187
180 187
188 187
292 187
294 187
320 187
332 187
371 187
406 187
515 187
683 187
694 187
772 187
812 187
843 187
999 187
1061 187
1128 187
1166 187
1189 187
1194 187
32 188
79 188
97 188
135 188
145 188
182 188
185 188
208 188
367 188
369 188
373 188
453 188
494 188
496 188
646 188
682 188
807 188
848 188
852 188
996 188
1032 188
1033 188
1037 188
1049 188
1163 188
175 189
181 189
206 189
244 189
293 189
295 189
355 189
441 189
494 189
496 189
586 189
631 189
852 189
884 189
893 189
1033 189
1157 189
1199 189
30 190
73 190
76 190
114 190
144 190
179 190
208 190
210 190
212 190
240 190
341 190
368 190
389 190
396 190
441 190
479 190
486 190
644 190
682 190
788 190
848 190
850 190
859 190
995 190
1031 190
1108 190
1158 190
1160 190
1161 190
1162 190
1199 190
31 191
75 191
142 191
146 191
212 191
291 191
314 191
339 191
367 191
454 191
481 191
574 191
588 191
589 191
686 191
718 191
733 191
805 191
881 191
885 191
908 191
951 191
1160 191
52 192
58 192
77 192
147 192
344 192
368 192
417 192
477 192
497 192
595 192
675 192
681 192
685 192
716 192
718 192
808 192
881 192
903 192
925 192
1037 192
1074 192
1078 192
1128 192
1156 192
1158 192
1196 192
173 193
175 193
293 193
340 193
360 193
363 193
413 193
475 193
698 193
804 193
827 193
935 193
942 193
988 193
990 193
1037 193
1076 193
1097 193
1119 193
1155 193
1163 193
137 194
140 194
177 194
288 194
308 194
337 194
351 194
370 194
390 194
473 194
477 194
688 194
715 194
716 194
718 194
804 194
805 194
1034 194
1037 194
27 195
74 195
97 195
137 195
145 195
193 195
208 195
263 195
290 195
364 195
455 195
546 195
552 195
553 195
645 195
689 195
701 195
769 195
801 195
852 195
893 195
900 195
925 195
991 195
1038 195
1199 195
18 196
61 196
63 196
99 196
101 196
124 196
173 196
207 196
213 196
287 196
289 196
305 196
336 196
337 196
361 196
386 196
395 196
439 196
543 196
718 196
769 196
801 196
805 196
820 196
848 196
852 196
897 196
898 196
921 196
1174 196
22 197
37 197
75 197
134 197
137 197
223 197
253 197
339 197
475 197
537 197
538 197
548 197
551 197
688 197
768 197
920 197
937 197
987 197
1054 197
1080 197
1125 197
1155 197
1157 197
1199 197
129 198
169 198
213 198
233 198
288 198
334 198
335 198
417 198
445 198
484 198
539 198
541 198
542 198
543 198
547 198
549 198
555 198
557 198
563 198
570 198
586 198
675 198
678 198
688 198
714 198
716 198
801 198
804 198
807 198
809 198
838 198
853 198
856 198
920 198
1029 198
1038 198
1043 198
1158 198
1197 198
36 199
216 199
287 199
332 199
421 199
537 199
538 199
567 199
568 199
571 199
574 199
587 199
588 199
642 199
643 199
783 199
852 199
898 199
989 199
990 199
1022 199
1131 199
1135 199
1161 199
100 200
260 200
286 200
287 200
288 200
326 200
362 200
417 200
542 200
545 200
567 200
571 200
579 200
584 200
591 200
594 200
666 200
685 200
687 200
688 200
918 200
965 200
1038 200
1041 200
1082 200
1083 200
1153 200
40 201
51 201
79 201
97 201
171 201
217 201
235 201
287 201
415 201
418 201
420 201
472 201
540 201
559 201
567 201
569 201
577 201
585 201
590 201
595 201
735 201
898 201
987 201
1040 201
1041 201
1044 201
1083 201
1126 201
129 202
167 202
210 202
217 202
280 202
285 202
286 202
344 202
446 202
469 202
532 202
568 202
570 202
571 202
575 202
576 202
577 202
579 202
582 202
584 202
585 202
588 202
621 202
642 202
717 202
719 202
755 202
760 202
770 202
895 202
899 202
1007 202
1010 202
1042 202
1154 202
21 203
22 203
40 203
41 203
73 203
101 203
113 203
128 203
131 203
173 203
217 203
243 203
283 203
419 203
445 203
523 203
531 203
689 203
759 203
827 203
871 203
898 203
922 203
990 203
1041 203
1153 203
36 204
38 204
168 204
173 204
229 204
310 204
320 204
321 204
419 204
463 204
472 204
474 204
530 204
536 204
587 204
596 204
600 204
604 204
606 204
640 204
727 204
739 204
755 204
803 204
919 204
986 204
1121 204
1126 204
1156 204
1183 204
1196 204
1199 204
117 205
128 205
129 205
285 205
415 205
420 205
424 205
451 205
455 205
527 205
530 205
574 205
683 205
689 205
694 205
755 205
767 205
895 205
1152 205
1155 205
1164 205
40 206
67 206
101 206
129 206
173 206
237 206
280 206
423 206
431 206
451 206
472 206
474 206
527 206
755 206
919 206
988 206
996 206
1039 206
1085 206
1153 206
1196 206
41 207
56 207
99 207
101 207
129 207
149 207
279 207
422 207
452 207
474 207
526 207
605 207
606 207
689 207
692 207
720 207
735 207
800 207
852 207
860 207
895 207
899 207
928 207
942 207
1140 207
1142 207
1155 207
1199 207
34 208
41 208
128 208
356 208
422 208
452 208
454 208
455 208
612 208
634 208
675 208
757 208
777 208
803 208
832 208
896 208
901 208
920 208
1008 208
1012 208
1032 208
1155 208
36 209
49 209
169 209
217 209
241 209
299 209
318 209
424 209
608 209
620 209
634 209
731 209
915 209
942 209
1110 209
1113 209
1156 209
24 210
98 210
121 210
143 210
275 210
277 210
362 210
452 210
455 210
474 210
525 210
609 210
612 210
632 210
636 210
638 210
691 210
755 210
757 210
808 210
837 210
856 210
896 210
901 210
911 210
918 210
922 210
984 210
986 210
1124 210
1152 210
1153 210
1197 210
41 211
76 211
271 211
320 211
338 211
359 211
455 211
622 211
629 211
632 211
691 211
740 211
755 211
756 211
757 211
846 211
903 211
956 211
1024 211
1027 211
1041 211
1089 211
1116 211
1117 211
36 212
40 212
42 212
70 212
72 212
130 212
275 212
357 212
430 212
455 212
470 212
474 212
619 212
636 212
642 212
677 212
692 212
759 212
802 212
896 212
984 212
986 212
1020 212
1036 212
1120 212
1147 212
1195 212
1196 212
19 213
64 213
76 213
79 213
271 213
274 213
357 213
452 213
455 213
469 213
612 213
622 213
632 213
635 213
811 213
898 213
920 213
929 213
987 213
1086 213
1116 213
1160 213
44 214
76 214
129 214
210 214
262 214
288 214
292 214
319 214
472 214
523 214
606 214
618 214
622 214
626 214
628 214
632 214
755 214
757 214
772 214
805 214
917 214
918 214
982 214
1043 214
1044 214
1086 214
1120 214
1153 214
15 215
40 215
269 215
357 215
470 215
472 215
509 215
521 215
618 215
619 215
620 215
623 215
626 215
632 215
695 215
730 215
733 215
852 215
868 215
1084 215
1086 215
1099 215
1185 215
1192 215
1193 215
1194 215
66 216
75 216
134 216
174 216
175 216
316 216
327 216
382 216
410 216
424 216
435 216
472 216
473 216
518 216
521 216
632 216
691 216
730 216
732 216
758 216
837 216
851 216
858 216
894 216
895 216
897 216
901 216
980 216
1001 216
1039 216
1194 216
129 217
172 217
266 217
269 217
473 217
518 217
688 217
691 217
735 217
756 217
808 217
856 217
920 217
1036 217
1085 217
1196 217
39 218
77 218
129 218
177 218
218 218
315 218
316 218
455 218
456 218
520 218
594 218
689 218
732 218
733 218
756 218
757 218
843 218
844 218
881 218
1085 218
1164 218
39 219
109 219
111 219
131 219
133 219
256 219
261 219
265 219
266 219
319 219
376 219
421 219
457 219
598 219
894 219
897 219
900 219
914 219
982 219
1019 219
1030 219
1040 219
1081 219
1082 219
1083 219
1086 219
1197 219
38 220
109 220
131 220
211 220
234 220
260 220
264 220
268 220
308 220
343 220
372 220
471 220
515 220
631 220
634 220
638 220
689 220
690 220
808 220
818 220
846 220
904 220
917 220
918 220
984 220
1115 220
1116 220
1162 220
35 221
72 221
173 221
209 221
263 221
265 221
267 221
268 221
314 221
317 221
358 221
361 221
363 221
379 221
439 221
537 221
539 221
642 221
733 221
759 221
846 221
876 221
885 221
894 221
918 221
1035 221
1082 221
1124 221
8 222
107 222
112 222
221 222
259 222
293 222
316 222
320 222
365 222
456 222
464 222
471 222
475 222
477 222
516 222
561 222
692 222
734 222
758 222
814 222
817 222
861 222
893 222
896 222
897 222
1114 222
1197 222
1199 222
36 223
68 223
108 223
137 223
204 223
261 223
314 223
330 223
376 223
470 223
471 223
564 223
592 223
616 223
662 223
693 223
736 223
758 223
810 223
845 223
893 223
895 223
914 223
917 223
929 223
984 223
1083 223
1196 223
64 224
108 224
134 224
413 224
420 224
469 224
579 224
581 224
629 224
732 224
810 224
893 224
910 224
979 224
1039 224
1079 224
1082 224
1110 224
1112 224
1153 224
1155 224
1164 224
34 225
67 225
68 225
108 225
111 225
133 225
139 225
177 225
201 225
204 225
208 225
313 225
315 225
365 225
384 225
412 225
475 225
601 225
676 225
812 225
813 225
846 225
892 225
898 225
993 225
1033 225
1036 225
1039 225
1117 225
0 226
3 226
32 226
33 226
39 226
170 226
174 226
273 226
314 226
374 226
398 226
405 226
413 226
414 226
448 226
462 226
477 226
515 226
522 226
737 226
757 226
813 226
814 226
822 226
867 226
894 226
895 226
931 226
986 226
1010 226
1037 226
1043 226
1 227
30 227
31 227
32 227
136 227
139 227
173 227
200 227
208 227
265 227
310 227
374 227
401 227
474 227
477 227
617 227
730 227
746 227
845 227
881 227
919 227
1043 227
1067 227
1114 227
1 228
2 228
29 228
64 228
65 228
139 228
167 228
318 228
372 228
595 228
731 228
737 228
754 228
811 228
846 228
869 228
895 228
918 228
985 228
995 228
1037 228
1039 228
1041 228
1045 228
1079 228
1110 228
1167 228
1186 228
4 229
5 229
23 229
24 229
257 229
376 229
385 229
430 229
457 229
518 229
589 229
659 229
733 229
773 229
813 229
814 229
843 229
916 229
1114 229
1124 229
1167 229
21 230
23 230
27 230
28 230
62 230
137 230
138 230
175 230
198 230
381 230
391 230
430 230
476 230
675 230
676 230
731 230
760 230
844 230
914 230
918 230
922 230
983 230
1077 230
1078 230
1116 230
17 231
24 231
40 231
60 231
62 231
112 231
130 231
169 231
256 231
315 231
373 231
399 231
400 231
478 231
479 231
515 231
540 231
541 231
668 231
674 231
688 231
790 231
828 231
844 231
848 231
919 231
971 231
979 231
1000 231
1040 231
1078 231
1090 231
1112 231
1169 231
2 232
3 232
21 232
22 232
23 232
63 232
113 232
140 232
168 232
198 232
199 232
200 232
215 232
314 232
402 232
464 232
474 232
520 232
760 232
761 232
779 232
856 232
919 232
1042 232
1072 232
1076 232
1107 232
16 233
17 233
18 233
127 233
141 233
165 233
292 233
309 233
456 233
472 233
476 233
480 233
528 233
529 233
531 233
540 233
557 233
617 233
622 233
789 233
811 233
813 233
816 233
888 233
918 233
968 233
1006 233
1013 233
1070 233
1075 233
64 234
105 234
113 234
130 234
146 234
148 234
189 234
199 234
258 234
328 234
536 234
649 234
671 234
770 234
774 234
810 234
828 234
842 234
890 234
920 234
972 234
981 234
1145 234
1167 234
17 235
20 235
50 235
102 235
109 235
144 235
145 235
150 235
164 235
166 235
199 235
254 235
399 235
449 235
453 235
477 235
733 235
812 235
855 235
892 235
914 235
978 235
1042 235
1057 235
1063 235
1064 235
1068 235
1098 235
1169 235
15 236
64 236
87 236
147 236
148 236
155 236
164 236
254 236
388 236
394 236
401 236
457 236
468 236
478 236
480 236
520 236
565 236
617 236
763 236
849 236
850 236
884 236
888 236
899 236
979 236
1042 236
1048 236
1049 236
1092 236
1133 236
112 237
120 237
142 237
148 237
151 237
154 237
197 237
201 237
202 237
232 237
374 237
387 237
397 237
456 237
478 237
547 237
668 237
764 237
812 237
846 237
890 237
891 237
916 237
921 237
981 237
982 237
1013 237
1034 237
1044 237
1052 237
1060 237
1067 237
1100 237
1111 237
1173 237
61 238
65 238
117 238
151 238
153 238
154 238
156 238
198 238
200 238
254 238
275 238
357 238
451 238
609 238
628 238
675 238
846 238
884 238
890 238
923 238
974 238
1014 238
1054 238
1057 238
1061 238
1064 238
1066 238
1168 238
1169 238
61 239
113 239
115 239
160 239
163 239
255 239
316 239
337 239
371 239
397 239
475 239
532 239
667 239
793 239
811 239
848 239
889 239
1052 239
1055 239
1056 239
1063 239
1070 239
1072 239
1165 239
1181 239
79 240
111 240
112 240
166 240
176 240
195 240
254 240
315 240
316 240
352 240
453 240
455 240
479 240
480 240
672 240
674 240
731 240
733 240
734 240
767 240
780 240
853 240
887 240
921 240
924 240
1064 240
1068 240
1091 240
1111 240
1167 240
10 241
85 241
107 241
290 241
316 241
452 241
457 241
481 241
846 241
885 241
887 241
33 242
56 242
109 242
145 242
295 242
414 242
455 242
566 242
777 242
805 242
806 242
848 242
853 242
923 242
938 242
973 242
980 242
1114 242
1155 242
40 243
58 243
64 243
129 243
219 243
293 243
480 243
482 243
603 243
670 243
765 243
807 243
811 243
835 243
850 243
851 243
880 243
881 243
1116 243
1124 243
1136 243
1145 243
1166 243
1198 243
59 244
63 244
110 244
397 244
399 244
769 244
802 244
807 244
878 244
924 244
1161 244
1166 244
116 245
198 245
215 245
255 245
334 245
403 245
430 245
452 245
521 245
731 245
852 245
853 245
862 245
878 245
880 245
882 245
887 245
923 245
925 245
1008 245
1017 245
1093 245
1117 245
1163 245
1166 245
1189 245
63 246
201 246
251 246
368 246
400 246
474 246
617 246
729 246
732 246
771 246
778 246
804 246
831 246
834 246
835 246
852 246
854 246
858 246
861 246
879 246
928 246
930 246
977 246
1054 246
1100 246
1121 246
255 247
319 247
440 247
447 247
479 247
536 247
675 247
799 247
800 247
803 247
852 247
854 247
876 247
877 247
972 247
975 247
1009 247
1020 247
1051 247
1118 247
1160 247
79 248
108 248
177 248
185 248
220 248
319 248
396 248
407 248
449 248
483 248
536 248
555 248
778 248
794 248
856 248
863 248
865 248
928 248
975 248
1120 248
14 249
73 249
266 249
453 249
485 249
534 249
591 249
605 249
667 249
673 249
777 249
780 249
788 249
799 249
800 249
802 249
879 249
927 249
972 249
975 249
1160 249
65 250
107 250
196 250
200 250
202 250
251 250
284 250
324 250
363 250
364 250
399 250
447 250
455 250
612 250
632 250
674 250
728 250
791 250
867 250
874 250
927 250
928 250
974 250
1119 250
11 251
69 251
106 251
144 251
155 251
169 251
199 251
229 251
364 251
371 251
453 251
486 251
521 251
725 251
779 251
795 251
797 251
800 251
861 251
869 251
872 251
1119 251
1127 251
1162 251
64 252
321 252
324 252
366 252
401 252
487 252
526 252
535 252
569 252
602 252
634 252
635 252
674 252
717 252
767 252
780 252
784 252
786 252
789 252
792 252
797 252
866 252
867 252
930 252
1040 252
1125 252
1150 252
51 253
66 253
101 253
102 253
104 253
106 253
200 253
248 253
322 253
327 253
487 253
488 253
490 253
500 253
533 253
598 253
614 253
630 253
662 253
678 253
725 253
780 253
786 253
797 253
810 253
819 253
869 253
937 253
971 253
1117 253
1121 253
1127 253
66 254
98 254
101 254
199 254
260 254
322 254
360 254
365 254
533 254
728 254
774 254
782 254
787 254
818 254
858 254
871 254
948 254
975 254
1129 254
1155 254
1170 254
75 255
76 255
203 255
219 255
234 255
248 255
250 255
362 255
377 255
792 255
895 255
931 255
933 255
961 255
964 255
966 255
980 255
1155 255
1159 255
1187 255
23 256
70 256
77 256
97 256
98 256
204 256
250 256
251 256
327 256
364 256
371 256
435 256
449 256
490 256
491 256
527 256
663 256
676 256
723 256
804 256
1050 256
1127 256
1152 256
1154 256
1155 256
4 257
26 257
27 257
73 257
78 257
93 257
101 257
108 257
125 257
200 257
205 257
246 257
248 257
324 257
326 257
331 257
362 257
401 257
406 257
528 257
529 257
611 257
682 257
700 257
740 257
792 257
1000 257
1022 257
1026 257
1121 257
1126 257
72 258
73 258
92 258
93 258
141 258
210 258
247 258
355 258
419 258
453 258
484 258
495 258
596 258
643 258
650 258
677 258
774 258
939 258
953 258
1068 258
1129 258
1131 258
1137 258
1144 258
1153 258
1157 258
83 259
85 259
90 259
239 259
242 259
250 259
254 259
348 259
353 259
359 259
493 259
546 259
563 259
678 259
680 259
735 259
781 259
786 259
939 259
954 259
963 259
967 259
1030 259
1130 259
1150 259
1152 259
85 260
88 260
98 260
209 260
211 260
247 260
329 260
341 260
360 260
402 260
421 260
428 260
487 260
489 260
498 260
564 260
725 260
842 260
847 260
854 260
941 260
944 260
951 260
955 260
961 260
1040 260
1133 260
1143 260
1146 260
1147 260
57 261
80 261
82 261
206 261
209 261
245 261
330 261
331 261
335 261
340 261
486 261
503 261
515 261
523 261
570 261
680 261
685 261
719 261
724 261
755 261
943 261
948 261
1097 261
1137 261
82 262
88 262
240 262
245 262
326 262
332 262
358 262
395 262
405 262
406 262
410 262
494 262
499 262
717 262
722 262
724 262
941 262
955 262
961 262
1127 262
1131 262
87 263
211 263
241 263
354 263
359 263
453 263
499 263
507 263
524 263
683 263
689 263
718 263
721 263
722 263
870 263
943 263
960 263
1132 263
81 264
126 264
210 264
212 264
234 264
240 264
291 264
335 264
399 264
501 264
513 264
640 264
689 264
717 264
782 264
983 264
108 265
214 265
215 265
226 265
230 265
237 265
340 265
378 265
443 265
447 265
494 265
507 265
514 265
522 265
525 265
748 265
799 265
1065 265
1111 265
1150 265
35 266
213 266
223 266
235 266
310 266
495 266
694 266
704 266
705 266
719 266
802 266
1177 266
215 267
220 267
224 267
226 267
228 267
230 267
296 267
302 267
412 267
453 267
563 267
686 267
703 267
715 267
716 267
979 267
1164 267
9 268
299 268
440 268
556 268
572 268
695 268
700 268
707 268
717 268
721 268
974 268
1171 268
63 269
116 269
212 269
224 269
314 269
393 269
412 269
417 269
691 269
700 269
709 269
710 269
748 269
795 269
1056 269
213 270
442 270
534 270
694 270
695 270
704 270
710 270
714 270
726 270
747 270
876 270
893 270
944 270
952 270
1004 270
396 271
419 271
420 271
423 271
443 271
447 271
511 271
636 271
693 271
699 271
707 271
736 271
914 271
1064 271
161 272
175 272
206 272
287 272
443 272
563 272
696 272
868 272
58 273
84 273
137 273
267 273
438 273
569 273
612 273
843 273
938 273
1061 273
14 274
155 274
241 274
258 274
422 274
435 274
438 274
447 274
582 274
591 274
733 274
811 274
907 274
123 275
131 275
396 275
422 275
431 275
434 275
435 275
533 275
787 275
801 275
836 275
952 275
61 276
118 276
286 276
482 276
483 276
638 276
780 276
857 276
1042 276
786 277
859 277
928 277
125 278
134 278
138 278
277 278
824 278
1034 278
4 279
58 279
441 279
511 279
984 279
1042 279
1065 279
1153 279
33 280
46 280
294 280
311 280
569 280
703 280
815 280
843 280
900 280
307 281
558 281
591 281
630 281
727 281
846 281
881 281
1175 281
805 282
910 282
911 282
1083 282
1098 282
271 283
288 283
621 283
666 283
696 283
817 283
903 283
1095 283
1104 283
1162 283
1199 283
53 284
92 284
541 284
573 284
727 284
1065 284
1098 284
1179 284
1191 284
15 285
198 285
620 285
944 285
1073 285
1092 285
12 286
317 286
471 286
510 286
887 286
943 286
995 286
997 286
10 287
108 287
914 287
1090 287
1101 287
28 288
44 288
287 288
483 288
645 288
674 288
1055 288
1059 288
1071 288
1091 288
9 289
11 289
104 289
214 289
285 289
435 289
890 289
7 290
32 290
428 290
454 290
647 290
954 290
36 291
137 291
213 291
251 291
337 291
414 291
761 291
895 291
987 291
447 292
595 292
801 292
1053 292
76 293
240 293
262 293
404 293
602 293
747 293
989 293
1100 293
1166 293
76 294
85 294
217 294
219 294
235 294
364 294
484 294
629 294
1095 294
1097 294
82 295
157 295
436 295
648 295
832 295
1055 295
1082 295
11 296
32 296
207 296
397 296
441 296
471 296
525 296
606 296
764 296
783 296
896 296
968 296
996 296
4 297
7 297
24 297
806 297
961 297
81 298
134 298
153 298
571 298
876 298
888 298
1011 298
114 299
210 299
213 299
1018 299
1103 299
464 300
480 300
491 300
781 300
900 300
13 301
30 301
211 301
226 301
242 301
338 301
399 301
400 301
468 301
609 301
1095 301
13 302
243 302
378 302
393 302
548 302
607 302
674 302
771 302
785 302
893 302
1064 302
1098 302
93 303
582 303
998 303
102 304
163 304
337 304
556 304
566 304
584 304
778 304
795 304
889 304
1023 304
1067 304
27 305
86 305
92 305
114 305
526 305
529 305
759 305
827 305
901 305
906 305
950 305
381 306
475 306
657 306
834 306
937 306
940 306
188 307
439 307
443 307
604 307
622 307
671 307
800 307
814 307
948 307
1026 307
1070 307
109 308
261 308
347 308
356 308
644 308
787 308
793 308
824 308
829 308
947 308
954 308
1081 308
184 309
330 309
421 309
428 309
581 309
632 309
790 309
1027 309
1062 309
1080 309
530 310
591 310
776 310
908 310
937 310
960 310
1089 310
168 311
367 311
621 311
636 311
693 311
768 311
900 311
1178 311
1181 311
1198 311
419 312
442 312
1019 312
335 313
681 313
851 313
887 313
909 313
1002 313
1050 313
1063 313
249 314
391 314
456 314
464 314
871 314
933 314
1080 314
1100 314
1157 314
82 315
229 315
389 315
486 315
509 315
930 315
1105 315
319 316
423 316
448 316
467 316
754 316
765 316
871 316
887 316
1012 316
492 317
579 317
581 317
620 317
821 317
902 317
1002 317
1019 317
1062 317
1094 317
735 318
982 318
1065 318
1126 318
1151 318
17 319
177 319
452 319
462 319
507 319
829 319
921 319
941 319
1066 319
1068 319
780 320
1039 320
449 321
583 321
603 321
651 321
1030 321
1033 321
1185 321
47 322
592 322
634 322
735 322
845 322
1022 322
1078 322
1135 322
1142 322
108 323
127 323
445 323
683 323
722 323
605 324
1092 324
1097 324
35 325
431 325
526 325
534 325
610 325
940 325
1112 325
1116 325
1175 325
409 326
410 326
444 326
890 326
998 326
1000 326
1011 326
1081 326
1148 326
391 327
400 327
652 327
679 327
733 327
98 328
196 328
416 328
419 328
510 328
565 328
975 328
1030 329
1075 329
1167 329
57 330
517 330
638 330
743 330
895 330
919 330
1026 330
1032 330
1047 330
412 331
518 331
569 331
577 331
990 331
1085 331
1140 331
1192 331
11 332
151 332
230 332
724 332
738 332
1144 332
1175 332
1181 332
31 333
494 333
561 333
613 333
628 333
1119 333
202 334
227 334
644 334
649 334
656 334
983 334
1012 334
1027 334
1037 334
1071 334
1107 334
1109 334
222 335
378 335
552 335
558 335
1048 335
17 336
155 336
225 336
421 336
435 336
496 336
531 336
577 336
59 337
86 337
565 337
609 337
619 337
204 338
248 338
434 338
701 338
954 338
1087 338
1098 338
1122 338
1167 338
8 339
58 339
217 339
250 339
321 339
432 339
507 339
1009 339
1087 339
1112 339
1120 339
1148 339
44 340
422 340
599 340
1036 340
1050 340
1101 340
1156 340
181 341
189 341
331 341
336 341
517 341
557 341
575 341
587 341
628 341
1150 341
1194 341
10 342
16 342
58 342
112 342
313 342
612 342
620 342
839 342
1046 342
1194 342
427 343
592 343
647 343
964 343
1063 343
1074 343
12 344
107 344
259 344
619 344
693 344
920 344
990 344
1004 344
59 345
70 345
661 345
866 345
899 345
1032 345
1089 345
5 346
43 346
224 346
230 346
1143 346
77 347
85 347
273 347
500 347
580 347
887 347
70 348
202 348
269 348
323 348
819 348
890 348
1192 348
107 349
138 349
492 349
809 349
864 349
884 349
905 349
930 349
1081 349
1158 349
81 350
251 350
369 350
372 350
547 350
877 350
905 350
921 350
928 350
995 350
82 351
213 351
312 351
474 351
702 351
993 351
74 352
282 352
399 352
462 352
490 352
546 352
646 352
691 352
698 352
773 352
898 352
934 352
967 352
1121 352
17 353
29 353
48 353
132 353
574 353
607 353
745 353
818 353
962 353
282 354
486 354
534 354
875 354
1158 354
89 355
154 355
462 355
612 355
663 355
794 355
873 355
1143 355
1168 355
1190 355
177 356
296 356
462 356
598 356
731 356
756 356
780 356
946 356
1117 356
136 357
365 357
464 357
639 357
702 357
1197 357
453 358
588 358
610 358
621 358
629 358
818 358
889 358
122 359
150 359
352 359
423 359
516 359
914 359
31 360
526 360
602 360
728 360
737 360
874 360
946 360
956 360
108 361
174 361
400 361
414 361
461 361
570 361
679 361
767 361
818 361
838 361
922 361
102 362
190 362
433 362
659 362
770 362
846 362
849 362
929 362
159 363
438 363
533 363
644 363
664 363
764 363
871 363
43 364
175 364
538 364
570 364
621 364
689 364
764 364
846 364
40 365
202 365
551 365
582 365
603 365
808 365
844 365
864 365
1009 365
578 366
635 366
774 366
795 366
818 366
114 367
169 367
347 367
568 367
734 367
862 367
901 367
907 367
948 367
177 368
192 368
229 368
595 368
688 368
701 368
770 368
798 368
822 368
885 368
889 368
890 368
18 369
107 369
362 369
431 369
457 369
660 369
826 369
955 369
160 370
240 370
681 370
730 370
922 370
926 370
1120 370
93 371
206 371
214 371
743 371
890 371
921 371
1107 371
1161 371
155 372
242 372
769 372
850 372
21 373
115 373
154 373
432 373
552 373
628 373
754 373
811 373
851 373
1116 373
1188 373
146 374
214 374
421 374
667 374
741 374
871 374
1189 374
121 375
129 375
174 375
561 375
745 375
1025 375
1071 375
181 376
277 376
511 376
756 376
917 376
1065 376
1137 376
210 377
308 377
551 377
677 377
755 377
1170 377
140 378
212 378
485 378
710 378
877 378
960 378
1007 378
1057 378
140 379
154 379
158 379
160 379
182 379
550 379
754 379
772 379
994 379
1012 379
1050 379
1109 379
1195 379
139 380
206 380
207 380
546 380
1044 380
170 381
272 381
435 381
625 381
1072 381
1121 381
1150 381
55 382
171 382
653 382
654 382
708 382
718 382
737 382
1158 382
8 383
20 383
485 383
656 383
708 383
922 383
1010 383
1070 383
1113 383
37 384
207 384
580 384
1134 384
29 385
238 385
327 385
495 385
188 386
229 386
254 386
482 386
485 386
921 386
1052 386
1113 386
1162 386
18 387
175 387
196 387
213 387
566 387
1005 387
1049 387
250 388
593 388
693 388
926 388
1091 388
1126 388
258 389
325 389
363 389
487 389
1115 389
101 390
178 390
185 390
263 390
348 390
481 390
506 390
926 390
1181 390
1199 390
287 391
509 391
638 391
857 391
30 392
40 392
206 392
212 392
215 392
306 392
471 392
502 392
1095 392
291 393
332 393
340 393
601 393
625 393
