0 192
2 198
4 204
7 210
13 216
19 219
25 219
31 215
36 209
38 203
40 197
41 191
42 185
43 179
43 173
44 167
44 161
44 155
44 149
43 143
43 137
42 131
40 125
38 119
36 113
32 107
28 101
22 95
16 91
10 88
4 86
1198 85
1192 85
1186 86
1180 88
1174 91
1168 95
1162 100
1156 106
1150 112
1144 117
1138 122
1132 126
1126 130
1120 133
1114 137
1108 141
1102 146
1096 151
1091 157
1087 163
1085 169
1084 175
1085 181
1087 187
1090 193
1094 199
1097 205
1101 211
1104 217
1107 223
1109 229
1111 235
1112 241
1114 247
1115 253
1116 259
1116 265
1117 271
1118 277
1119 283
1119 289
1120 295
1120 301
1118 307
1116 313
1115 319
1120 325
1126 322
1130 316
1133 310
1134 304
1135 298
1135 292
1135 286
1135 280
1135 274
1134 268
1133 262
1132 256
1131 250
1130 244
1128 238
1127 232
1126 226
1125 220
1124 214
1123 208
1129 203
1131 209
1132 215
1134 221
1136 227
1138 233
1140 239
1143 245
1146 251
1149 257
1152 263
1155 269
1158 275
1162 281
1165 287
1168 293
1170 299
1173 305
1174 311
1175 317
1176 323
1175 329
1174 335
1172 341
1168 347
1164 353
1158 358
1152 361
1146 364
1140 366
1134 368
1128 369
1122 369
1116 369
1110 369
1104 368
1098 367
1092 365
1086 362
1080 357
1074 351
1070 345
1068 339
1067 333
1067 327
1068 321
1069 315
1072 309
1075 303
1080 297
1086 291
1092 285
1097 279
1103 284
1108 278
1108 272
1102 273
1101 267
1107 264
1103 258
1103 252
1102 246
1101 240
1099 234
1096 228
1092 222
1087 216
1082 210
1076 205
1070 199
1064 193
1058 187
1054 181
1050 175
1048 169
1046 163
1045 157
1044 151
1039 145
1045 139
1046 133
1049 127
1055 123
1061 124
1067 124
1073 121
1079 117
1084 111
1088 105
1090 99
1092 93
1092 87
1092 81
1090 75
1088 69
1084 63
1079 57
1073 52
1067 48
1061 45
1055 43
1049 42
1043 41
1037 41
1031 41
1025 42
1019 43
1013 44
1007 46
1001 49
995 53
989 57
984 63
979 69
976 75
973 81
972 87
971 93
970 99
970 105
971 111
972 117
973 123
974 129
976 135
978 141
980 147
982 153
984 159
986 165
988 171
990 177
992 183
994 189
996 195
998 201
1000 207
1002 213
1003 219
1006 225
1009 231
1015 232
1018 226
1018 220
1018 214
1017 208
1016 202
1014 196
1013 190
1013 184
1012 178
1012 172
1012 166
1012 160
1012 154
1013 148
1013 142
1014 136
1015 130
1015 124
1015 118
1015 112
1016 106
1018 100
1024 94
1030 94
1035 100
1036 106
1037 112
1036 118
1035 124
1034 130
1032 136
1031 142
1030 148
1029 154
1030 160
1031 166
1032 172
1034 178
1036 184
1039 190
1043 196
1046 202
1050 208
1053 214
1056 220
1059 226
1060 232
1061 238
1060 244
1059 250
1057 256
1054 262
1050 268
1046 274
1041 280
1035 286
1030 292
1024 298
1018 304
1012 310
1006 315
1000 321
994 326
988 330
982 334
976 338
970 340
964 342
958 344
952 345
946 345
940 345
934 345
928 344
922 342
916 339
910 336
904 332
898 326
893 320
890 314
887 308
885 302
883 296
882 290
882 284
882 278
882 272
883 266
884 260
886 254
888 248
891 242
895 236
901 230
907 226
913 224
919 224
925 226
931 232
933 238
934 244
934 250
934 256
935 262
939 268
945 272
951 273
957 273
963 272
969 270
975 264
979 258
980 252
981 246
980 240
979 234
977 228
975 222
973 216
971 210
968 204
965 198
962 192
958 186
955 180
951 174
947 168
943 162
938 156
934 150
929 144
925 138
920 132
915 126
910 120
904 114
898 108
892 103
886 99
880 95
874 92
868 90
862 88
856 86
850 85
844 85
838 85
832 86
826 87
820 89
814 91
808 95
802 99
796 104
791 110
786 116
783 122
780 128
777 134
776 140
774 146
774 152
773 158
774 164
775 170
778 176
784 179
790 176
796 170
801 164
807 160
813 159
819 165
820 171
819 177
818 183
815 189
812 195
807 201
802 207
796 213
790 218
784 223
778 228
772 233
766 238
761 244
758 250
757 256
762 262
767 268
767 274
765 280
762 286
758 292
752 297
746 301
740 303
734 305
728 306
722 306
716 306
710 305
704 304
698 301
692 299
686 295
680 292
674 287
668 283
662 278
656 273
650 267
644 262
638 256
632 250
626 244
620 238
614 232
609 226
604 220
600 214
596 208
593 202
591 196
591 190
592 184
596 178
602 172
608 168
614 164
620 161
626 159
632 158
638 158
644 160
648 166
650 172
651 178
653 184
654 190
656 196
662 202
668 205
674 206
680 205
686 202
692 198
697 192
700 186
702 180
704 174
705 168
706 162
706 156
705 150
704 144
703 138
702 132
699 126
696 120
693 114
688 108
682 102
676 98
670 95
664 93
658 93
652 93
646 94
640 96
634 100
628 104
623 110
619 116
616 122
613 128
609 134
604 140
598 146
592 150
586 155
580 159
574 163
568 167
562 172
556 178
550 184
546 190
542 196
540 202
538 208
537 214
537 220
537 226
538 232
539 238
540 244
542 250
544 256
546 262
548 268
550 274
552 280
554 286
556 292
557 298
558 304
560 310
566 314
572 310
574 304
575 298
574 292
574 286
574 280
573 274
573 268
572 262
570 256
569 250
568 244
566 238
566 232
567 226
573 226
578 232
582 238
587 244
592 250
596 256
601 262
606 268
610 274
614 280
618 286
621 292
624 298
626 304
627 310
628 316
628 322
627 328
625 334
622 340
617 346
611 351
605 355
599 358
593 359
587 361
581 362
575 362
569 362
563 361
557 360
551 358
545 356
539 353
533 349
527 343
522 337
518 331
516 325
514 319
512 313
511 307
511 301
510 295
510 289
509 283
509 277
509 271
508 265
507 259
506 253
505 247
504 241
503 235
501 229
500 223
499 217
498 211
497 205
496 199
495 193
494 187
494 181
493 175
493 169
493 163
492 157
492 151
491 145
497 142
500 148
501 154
502 160
502 166
502 172
503 178
503 184
504 190
504 196
505 202
506 208
507 214
508 220
510 226
511 232
513 238
515 244
517 250
523 244
521 238
520 232
518 226
517 220
517 214
516 208
517 202
517 196
519 190
521 184
524 178
527 172
531 166
535 160
539 154
543 148
546 142
549 136
551 130
552 124
552 118
553 112
552 106
550 100
548 94
545 88
541 82
535 76
529 72
523 68
517 66
511 64
505 63
499 63
493 63
487 63
481 65
475 67
469 69
463 72
457 76
451 82
445 88
440 94
436 100
433 106
430 112
427 118
425 124
422 130
421 136
419 142
417 148
416 154
415 160
414 166
413 172
412 178
411 184
410 190
409 196
409 202
408 208
408 214
407 220
407 226
407 232
407 238
407 244
408 250
412 256
418 258
424 255
427 249
429 243
430 237
430 231
431 225
433 219
434 213
437 207
439 201
441 195
444 189
446 183
447 177
449 171
450 165
451 159
452 153
454 147
458 141
464 138
468 144
469 150
469 156
469 162
469 168
469 174
469 180
469 186
469 192
469 198
469 204
469 210
470 216
470 222
470 228
470 234
470 240
469 246
469 252
468 258
467 264
466 270
464 276
462 282
460 288
457 294
454 300
451 306
446 312
441 318
435 324
429 328
423 331
417 333
411 335
405 336
399 336
393 335
387 334
381 332
375 329
369 325
363 319
358 313
354 307
351 301
348 295
346 289
344 283
342 277
341 271
340 265
339 259
339 253
338 247
338 241
338 235
338 229
338 223
339 217
339 211
339 205
339 199
339 193
339 187
339 181
338 175
338 169
337 163
337 157
336 151
335 145
335 139
334 133
333 127
332 121
331 115
331 109
337 104
341 110
344 116
345 122
346 128
347 134
349 140
350 146
351 152
353 158
354 164
356 170
357 176
358 182
359 188
361 194
362 200
363 206
364 212
365 218
366 224
367 230
368 236
370 242
375 248
380 242
380 236
380 230
379 224
379 218
379 212
379 206
379 200
379 194
379 188
379 182
379 176
379 170
379 164
379 158
379 152
380 146
380 140
380 134
380 128
380 122
379 116
379 110
378 104
377 98
375 92
373 86
370 80
367 74
362 68
356 62
350 57
344 53
338 51
332 49
326 47
320 46
314 46
308 46
302 46
296 47
290 49
284 51
278 54
272 58
266 62
261 68
257 74
254 80
252 86
251 92
250 98
251 104
251 110
253 116
255 122
257 128
260 134
264 140
267 146
271 152
275 158
279 164
283 170
287 176
291 182
294 188
296 194
297 200
298 206
298 212
304 212
305 206
305 200
305 194
305 188
305 182
304 176
304 170
303 164
302 158
302 152
301 146
301 140
300 134
300 128
300 122
301 116
302 110
305 104
311 104
312 110
312 116
312 122
312 128
313 134
313 140
314 146
314 152
315 158
315 164
315 170
315 176
315 182
315 188
315 194
314 200
314 206
313 212
311 218
310 224
308 230
307 236
305 242
303 248
302 254
301 260
299 266
297 272
295 278
294 284
292 290
290 296
289 302
287 308
286 314
284 320
282 326
278 332
274 338
268 343
262 347
256 350
250 352
244 354
238 354
232 354
226 354
220 353
214 351
208 349
202 345
196 341
191 335
186 329
183 323
181 317
180 311
179 305
178 299
178 293
179 287
179 281
180 275
181 269
183 263
184 257
186 251
188 245
190 239
192 233
194 227
197 221
202 215
208 211
214 211
220 217
222 223
223 229
223 235
224 241
225 247
226 253
228 259
228 265
228 271
228 277
228 283
230 289
236 294
242 294
248 292
254 287
259 281
262 275
264 269
266 263
267 257
268 251
269 245
269 239
270 233
269 227
269 221
268 215
266 209
264 203
261 197
258 191
254 185
250 179
245 173
239 167
234 161
228 155
222 149
216 143
210 138
204 132
198 127
192 123
186 118
180 114
174 111
168 109
162 107
156 106
150 105
144 105
138 106
132 108
126 110
120 114
114 119
108 125
103 131
99 137
96 143
93 149
90 155
87 161
85 167
83 173
82 179
80 185
79 191
77 197
76 203
76 209
76 215
76 221
78 227
84 233
90 234
96 233
102 230
107 224
111 218
114 212
117 206
121 200
124 194
127 188
132 182
138 178
144 177
150 178
156 182
159 188
161 194
161 200
160 206
158 212
156 218
153 224
150 230
148 236
145 242
141 248
138 254
134 260
130 266
125 272
120 278
115 284
109 289
103 293
97 297
91 300
85 302
79 303
73 303
67 303
61 303
55 301
49 299
43 297
37 294
31 290
25 286
19 282
13 277
7 272
1 266
1195 260
1189 254
1184 248
1179 242
1174 236
1170 230
1167 224
1163 218
1160 212
1157 206
1154 200
1152 194
1149 188
1147 182
1145 176
1144 170
1145 164
1147 158
1153 152
1159 149
1165 147
1171 146
1177 147
1183 149
1188 155
1191 161
1192 167
1193 173
1195 179
1198 185
