0 211
6 212
12 212
18 212
24 212
30 212
36 212
42 212
48 212
54 212
60 212
66 212
72 212
78 212
84 212
90 212
96 212
102 212
108 212
114 212
120 212
126 212
132 212
138 211
144 211
150 211
156 211
162 211
168 211
174 212
180 212
186 212
192 212
198 212
204 212
210 212
216 212
222 213
228 213
234 213
240 213
246 213
252 213
258 213
264 213
270 212
276 212
282 212
288 211
294 211
300 211
306 210
312 210
318 210
324 210
330 211
336 211
342 211
348 211
354 212
360 212
366 212
372 212
378 212
384 212
390 212
396 212
402 212
408 212
414 212
420 212
426 212
432 212
438 212
444 212
450 212
456 212
462 211
468 211
474 211
480 211
486 211
492 211
498 211
504 211
510 211
516 212
522 212
528 212
534 212
540 213
546 213
552 213
558 213
564 213
570 213
576 213
582 213
588 213
594 213
600 212
606 212
612 212
618 212
624 211
630 211
636 211
642 211
648 211
654 211
660 211
666 212
672 212
678 212
684 212
690 212
696 212
702 212
708 212
714 212
720 212
726 212
732 212
738 212
744 212
750 212
756 212
762 212
768 212
774 212
780 212
786 212
792 212
798 212
804 212
810 212
816 212
822 211
828 211
834 211
840 211
846 211
852 211
858 211
864 211
870 212
876 212
882 212
888 212
894 212
900 212
906 212
912 212
918 212
924 212
930 212
936 212
942 212
948 213
954 213
960 213
966 213
972 213
978 213
984 213
990 212
996 212
1002 212
1008 212
1014 211
1020 211
1026 211
1032 211
1038 210
1044 210
1050 210
1056 210
1062 211
1068 211
1074 212
1080 212
1086 213
1092 213
1098 213
1104 214
1110 214
1116 214
1122 213
1128 213
1134 213
1140 212
1146 212
1152 211
1158 211
1164 211
1170 211
1176 211
1182 211
1188 211
