0 171
6 177
10 183
13 189
16 195
18 201
20 207
23 213
27 219
33 225
39 229
45 233
51 235
57 236
63 237
69 237
75 236
81 234
87 232
93 228
99 224
105 218
110 212
114 206
119 200
125 194
131 188
137 185
143 182
149 180
155 179
161 179
167 180
173 181
179 184
185 187
191 193
196 199
199 205
202 211
203 217
204 223
206 229
207 235
210 241
213 247
219 253
225 257
231 260
237 262
243 262
249 262
255 261
261 258
267 254
273 249
277 243
280 237
282 231
282 225
282 219
281 213
279 207
277 201
276 195
276 189
277 183
279 177
282 171
287 165
293 160
299 157
305 155
311 153
317 153
323 154
329 155
335 157
341 161
347 166
352 172
355 178
357 184
358 190
358 196
358 202
358 208
358 214
359 220
360 226
363 232
367 238
373 244
379 248
385 251
391 253
397 254
403 254
409 253
415 252
421 249
427 245
433 240
438 234
441 228
443 222
444 216
445 210
446 204
447 198
449 192
451 186
454 180
459 174
465 169
471 166
477 163
483 162
489 162
495 162
501 163
507 166
513 169
519 174
524 180
527 186
529 192
530 198
530 204
530 210
529 216
528 222
527 228
528 234
530 240
532 246
537 252
543 258
549 261
555 264
561 265
567 265
573 265
579 263
585 260
591 256
596 250
600 244
602 238
603 232
603 226
602 220
602 214
602 208
603 202
604 196
607 190
611 184
617 178
623 175
629 172
635 171
641 171
647 171
653 173
659 176
665 181
669 187
673 193
675 199
677 205
679 211
682 217
687 223
693 228
699 231
705 233
711 233
717 232
723 231
729 229
735 226
741 222
747 219
753 217
759 215
765 214
771 213
777 213
783 212
789 211
795 209
801 206
807 203
813 199
819 194
825 190
831 187
837 185
843 183
849 183
855 183
861 184
867 186
873 189
879 193
885 197
891 202
897 207
903 213
909 218
915 223
921 228
927 234
933 239
939 243
945 247
951 250
957 252
963 253
969 253
975 252
981 250
987 248
993 244
999 238
1003 232
1006 226
1007 220
1008 214
1008 208
1007 202
1005 196
1004 190
1004 184
1004 178
1006 172
1009 166
1014 160
1020 156
1026 152
1032 150
1038 149
1044 149
1050 149
1056 151
1062 153
1068 157
1074 163
1079 169
1082 175
1084 181
1085 187
1085 193
1085 199
1083 205
1080 211
1077 217
1074 223
1072 229
1072 235
1072 241
1074 247
1076 253
1080 259
1085 265
1091 269
1097 272
1103 274
1109 275
1115 275
1121 273
1127 271
1133 268
1139 262
1143 256
1145 250
1147 244
1146 238
1145 232
1143 226
1140 220
1138 214
1138 208
1138 202
1139 196
1141 190
1145 184
1149 178
1155 172
1161 169
1167 166
1173 165
1179 164
1185 165
1191 167
