0 214
6 214
12 214
18 214
24 214
30 214
36 214
42 214
48 214
54 214
60 214
66 214
72 215
78 215
84 215
90 214
96 214
102 214
108 214
114 214
120 214
126 214
132 214
138 214
144 214
150 214
156 214
162 214
168 214
174 214
180 214
186 214
192 214
198 214
204 214
210 215
216 215
222 215
228 215
234 215
240 215
246 215
252 215
258 215
264 215
270 215
276 214
282 214
288 214
294 213
300 213
306 213
312 212
318 212
324 212
330 213
336 213
342 213
348 214
354 214
360 214
366 214
372 215
378 215
384 215
390 215
396 215
402 215
408 215
414 215
420 215
426 215
432 215
438 214
444 214
450 214
456 214
462 214
468 213
474 213
480 213
486 213
492 213
498 213
504 213
510 213
516 214
522 214
528 214
534 215
540 215
546 215
552 215
558 216
564 216
570 216
576 216
582 215
588 215
594 215
600 215
606 214
612 214
618 214
624 214
630 213
636 213
642 213
648 213
654 213
660 214
666 214
672 214
678 214
684 214
690 214
696 215
702 215
708 215
714 215
720 215
726 214
732 214
738 214
744 214
750 214
756 214
762 214
768 214
774 214
780 214
786 214
792 214
798 214
804 214
810 214
816 214
822 214
828 214
834 214
840 213
846 213
852 213
858 214
864 214
870 214
876 214
882 214
888 214
894 214
900 214
906 214
912 215
918 215
924 215
930 215
936 215
942 215
948 215
954 215
960 215
966 215
972 215
978 215
984 215
990 215
996 215
1002 214
1008 214
1014 214
1020 213
1026 213
1032 213
1038 212
1044 212
1050 212
1056 212
1062 213
1068 213
1074 214
1080 214
1086 215
1092 216
1098 216
1104 216
1110 216
1116 216
1122 216
1128 216
1134 215
1140 215
1146 214
1152 214
1158 213
1164 213
1170 213
1176 213
1182 213
1188 213
