0 185
6 190
12 196
17 202
23 208
29 213
35 217
41 220
47 222
53 223
59 224
65 224
71 224
77 223
83 222
89 220
95 218
101 215
107 212
113 208
119 204
125 200
131 197
137 195
143 193
149 191
155 190
161 190
167 191
173 193
179 195
185 198
191 203
197 209
202 215
207 221
211 227
217 233
223 237
229 240
235 242
241 243
247 243
253 242
259 240
265 236
271 230
274 224
277 218
279 212
280 206
281 200
283 194
286 188
290 182
296 177
302 173
308 171
314 170
320 170
326 171
332 174
338 177
344 182
349 188
352 194
355 200
358 206
361 212
364 218
369 224
375 229
381 232
387 235
393 236
399 237
405 237
411 236
417 234
423 231
429 228
435 222
441 216
445 210
449 204
453 198
458 192
464 186
470 182
476 179
482 178
488 177
494 177
500 179
506 181
512 185
518 191
522 197
525 203
527 209
530 215
532 221
535 227
539 233
545 239
551 242
557 244
563 245
569 245
575 244
581 242
587 239
593 233
598 227
601 221
603 215
606 209
609 203
613 197
619 191
625 188
631 185
637 184
643 184
649 185
655 187
661 190
667 195
673 201
679 207
685 213
691 217
697 220
703 222
709 223
715 222
721 222
727 220
733 218
739 216
745 214
751 213
757 212
763 211
769 211
775 210
781 210
787 210
793 209
799 208
805 206
811 203
817 201
823 198
829 196
835 194
841 193
847 193
853 193
859 194
865 195
871 197
877 200
883 203
889 206
895 208
901 211
907 214
913 216
919 219
925 222
931 225
937 228
943 230
949 233
955 235
961 236
967 237
973 236
979 235
985 233
991 229
997 223
1001 217
1003 211
1005 205
1007 199
1009 193
1011 187
1014 181
1020 175
1026 170
1032 168
1038 166
1044 166
1050 166
1056 168
1062 171
1068 176
1072 182
1076 188
1077 194
1078 200
1078 206
1078 212
1078 218
1078 224
1079 230
1081 236
1085 242
1091 248
1097 252
1103 254
1109 255
1115 254
1121 253
1127 250
1133 246
1138 240
1140 234
1142 228
1143 222
1144 216
1144 210
1146 204
1148 198
1152 192
1157 186
1163 182
1169 180
1175 178
1181 178
1187 179
1193 181
