0 87
3 88
6 88
9 89
12 91
15 92
18 94
21 96
24 99
27 102
29 105
31 108
33 111
35 114
36 117
38 120
39 123
40 126
40 129
41 132
42 135
42 138
43 141
43 144
43 147
43 150
43 153
43 156
43 159
43 162
43 165
43 168
43 171
42 174
42 177
42 180
41 183
40 186
40 189
39 192
38 195
37 198
35 201
34 204
31 207
28 209
25 211
22 211
19 211
16 211
13 209
10 207
7 204
5 201
3 198
2 195
1 192
0 189
1199 186
1198 183
1197 180
1196 177
1195 174
1194 171
1193 168
1192 165
1191 162
1190 159
1189 156
1186 153
1183 151
1180 150
1177 149
1174 149
1171 149
1168 149
1165 150
1162 151
1159 153
1156 155
1153 157
1151 160
1149 163
1148 166
1148 169
1147 172
1148 175
1148 178
1149 181
1150 184
1151 187
1152 190
1153 193
1155 196
1156 199
1158 202
1159 205
1161 208
1162 211
1164 214
1166 217
1168 220
1170 223
1172 226
1174 229
1176 232
1178 235
1181 238
1183 241
1186 244
1188 247
1191 250
1194 253
1197 256
0 259
3 262
6 265
9 267
12 270
15 273
18 275
21 277
24 280
27 282
30 284
33 286
36 287
39 289
42 290
45 292
48 293
51 294
54 295
57 296
60 296
63 297
66 297
69 297
72 297
75 297
78 297
81 296
84 296
87 295
90 294
93 293
96 291
99 290
102 288
105 286
108 284
111 281
114 278
117 276
119 273
122 270
125 267
127 264
129 261
131 258
133 255
135 252
137 249
139 246
141 243
142 240
144 237
145 234
147 231
148 228
150 225
151 222
152 219
153 216
154 213
155 210
155 207
156 204
156 201
156 198
156 195
155 192
154 189
153 186
150 183
147 181
144 180
141 179
138 180
135 180
132 182
129 184
126 187
124 190
123 193
121 196
119 199
118 202
116 205
114 208
112 211
111 214
109 217
106 220
103 223
100 225
97 226
94 226
91 226
88 225
85 224
82 221
81 218
79 215
79 212
78 209
78 206
78 203
78 200
79 197
79 194
80 191
80 188
81 185
81 182
82 179
83 176
84 173
85 170
86 167
87 164
88 161
89 158
91 155
92 152
93 149
95 146
96 143
98 140
100 137
102 134
104 131
107 128
109 125
112 122
115 119
118 117
121 115
124 113
127 112
130 110
133 109
136 108
139 107
142 107
145 106
148 106
151 106
154 106
157 107
160 107
163 108
166 109
169 110
172 111
175 112
178 114
181 115
184 117
187 119
190 121
193 124
196 126
199 129
202 131
205 134
208 137
211 140
214 143
217 146
220 149
223 152
226 155
229 158
232 161
234 164
237 167
240 170
242 173
244 176
247 179
249 182
251 185
253 188
255 191
256 194
258 197
260 200
261 203
262 206
263 209
264 212
265 215
265 218
266 221
266 224
267 227
267 230
267 233
267 236
267 239
267 242
267 245
267 248
266 251
266 254
265 257
265 260
264 263
263 266
262 269
260 272
258 275
256 278
253 281
250 283
247 285
244 286
241 286
238 286
235 285
232 282
230 279
228 276
228 273
228 270
228 267
228 264
227 261
227 258
227 255
226 252
225 249
225 246
224 243
223 240
223 237
222 234
222 231
221 228
221 225
220 222
219 219
217 216
214 214
211 213
208 213
205 213
202 215
199 218
197 221
195 224
193 227
192 230
191 233
189 236
188 239
187 242
186 245
186 248
185 251
184 254
183 257
183 260
182 263
181 266
181 269
180 272
180 275
180 278
179 281
179 284
179 287
179 290
179 293
180 296
180 299
181 302
181 305
182 308
183 311
184 314
185 317
187 320
189 323
191 326
193 329
196 332
199 335
202 337
205 339
208 341
211 342
214 344
217 345
220 346
223 346
226 347
229 347
232 348
235 348
238 348
241 347
244 347
247 346
250 346
253 345
256 344
259 342
262 341
265 339
268 337
271 334
274 331
277 328
279 325
281 322
283 319
284 316
286 313
287 310
288 307
289 304
290 301
291 298
291 295
292 292
293 289
294 286
295 283
296 280
296 277
297 274
298 271
299 268
300 265
301 262
301 259
302 256
303 253
303 250
304 247
304 244
305 241
305 238
306 235
307 232
307 229
308 226
308 223
309 220
309 217
310 214
310 211
311 208
311 205
312 202
312 199
312 196
312 193
313 190
313 187
313 184
313 181
313 178
313 175
313 172
313 169
313 166
313 163
313 160
313 157
313 154
312 151
312 148
312 145
312 142
312 139
312 136
312 133
312 130
312 127
312 124
312 121
312 118
311 115
310 112
307 110
304 112
303 115
301 118
301 121
300 124
300 127
300 130
300 133
300 136
300 139
300 142
300 145
300 148
300 151
300 154
300 157
301 160
301 163
301 166
301 169
301 172
301 175
302 178
302 181
302 184
302 187
302 190
302 193
302 196
301 199
301 202
301 205
301 208
300 211
300 214
299 217
298 220
298 223
297 226
296 229
294 232
292 235
290 232
290 229
291 226
292 223
292 220
293 217
293 214
293 211
293 208
293 205
293 202
292 199
292 196
291 193
290 190
289 187
288 184
286 181
285 178
283 175
281 172
279 169
278 166
276 163
274 160
272 157
270 154
268 151
267 148
265 145
263 142
262 139
260 136
259 133
258 130
257 127
255 124
255 121
254 118
253 115
253 112
252 109
252 106
252 103
252 100
252 97
253 94
253 91
254 88
255 85
256 82
258 79
260 76
262 73
264 70
267 67
270 64
273 62
276 60
279 58
282 57
285 55
288 54
291 53
294 52
297 52
300 51
303 50
306 50
309 50
312 50
315 50
318 50
321 50
324 51
327 51
330 52
333 53
336 54
339 55
342 57
345 58
348 60
351 62
354 64
357 67
360 70
363 73
365 76
367 79
369 82
371 85
372 88
373 91
375 94
376 97
376 100
377 103
378 106
378 109
379 112
379 115
379 118
380 121
380 124
380 127
380 130
380 133
380 136
380 139
380 142
380 145
380 148
380 151
380 154
380 157
380 160
380 163
379 166
379 169
379 172
379 175
379 178
379 181
379 184
379 187
379 190
379 193
379 196
379 199
379 202
379 205
379 208
379 211
379 214
379 217
379 220
379 223
379 226
379 229
379 232
377 235
374 237
371 235
369 232
367 229
367 226
366 223
365 220
365 217
364 214
363 211
363 208
362 205
362 202
361 199
361 196
360 193
359 190
359 187
358 184
357 181
357 178
356 175
355 172
355 169
354 166
353 163
352 160
352 157
351 154
350 151
349 148
349 145
348 142
347 139
347 136
346 133
346 130
345 127
344 124
343 121
342 118
341 115
339 112
336 110
333 111
332 114
331 117
331 120
331 123
332 126
332 129
332 132
333 135
333 138
333 141
334 144
334 147
334 150
334 153
335 156
335 159
335 162
336 165
336 168
336 171
336 174
336 177
336 180
337 183
337 186
337 189
337 192
337 195
337 198
337 201
337 204
337 207
337 210
337 213
337 216
337 219
337 222
337 225
337 228
337 231
337 234
338 237
338 240
338 243
338 246
339 249
339 252
340 255
340 258
341 261
341 264
342 267
343 270
344 273
345 276
346 279
347 282
348 285
349 288
350 291
352 294
353 297
355 300
357 303
359 306
362 309
364 312
367 314
370 317
373 319
376 321
379 323
382 324
385 325
388 326
391 327
394 327
397 328
400 328
403 328
406 328
409 327
412 327
415 326
418 325
421 324
424 322
427 321
430 319
433 317
436 315
439 312
442 309
444 306
447 303
449 300
451 297
453 294
454 291
456 288
457 285
459 282
460 279
461 276
462 273
463 270
464 267
465 264
466 261
467 258
467 255
468 252
468 249
469 246
469 243
469 240
470 237
470 234
470 231
470 228
471 225
471 222
471 219
471 216
471 213
471 210
471 207
471 204
471 201
471 198
471 195
471 192
471 189
471 186
471 183
471 180
471 177
471 174
471 171
471 168
471 165
471 162
471 159
470 156
470 153
469 150
468 147
465 144
462 144
459 146
457 149
455 152
454 155
453 158
452 161
451 164
451 167
450 170
449 173
449 176
448 179
447 182
446 185
445 188
444 191
442 194
441 197
440 200
439 203
437 206
436 209
435 212
434 215
434 218
433 221
433 224
432 227
431 230
431 233
430 236
429 239
427 242
425 245
422 247
419 248
416 248
413 246
411 243
409 240
409 237
408 234
408 231
408 228
408 225
408 222
408 219
408 216
408 213
408 210
409 207
409 204
409 201
410 198
410 195
410 192
411 189
411 186
411 183
412 180
412 177
413 174
413 171
414 168
414 165
415 162
416 159
416 156
417 153
418 150
418 147
419 144
420 141
421 138
422 135
423 132
424 129
425 126
426 123
427 120
429 117
430 114
432 111
433 108
435 105
437 102
439 99
441 96
443 93
446 90
449 87
452 84
455 81
458 79
461 77
464 75
467 74
470 72
473 71
476 70
479 69
482 68
485 67
488 67
491 67
494 67
497 67
500 67
503 67
506 67
509 68
512 69
515 70
518 71
521 72
524 74
527 75
530 78
533 80
536 83
539 86
541 89
543 92
545 95
546 98
547 101
548 104
549 107
549 110
550 113
550 116
550 119
550 122
550 125
549 128
549 131
548 134
547 137
546 140
545 143
544 146
543 149
542 152
540 155
539 158
537 161
536 164
534 167
533 170
531 173
530 176
529 179
527 182
526 185
525 188
524 191
523 194
523 197
522 200
522 203
522 206
522 209
522 212
522 215
522 218
522 221
522 224
523 227
523 230
524 233
525 236
525 239
526 242
527 245
527 248
528 251
529 254
530 257
531 260
532 263
533 266
534 269
535 272
536 275
538 278
539 281
540 284
541 287
539 290
536 289
533 286
531 283
530 280
528 277
527 274
526 271
525 268
524 265
523 262
522 259
521 256
520 253
519 250
518 247
517 244
517 241
516 238
515 235
514 232
513 229
513 226
512 223
511 220
511 217
510 214
510 211
509 208
509 205
508 202
508 199
507 196
507 193
507 190
506 187
506 184
506 181
505 178
505 175
505 172
505 169
504 166
504 163
503 160
503 157
502 154
500 151
497 150
495 153
494 156
494 159
495 162
495 165
495 168
495 171
496 174
496 177
496 180
497 183
497 186
497 189
497 192
498 195
498 198
498 201
499 204
499 207
500 210
500 213
501 216
501 219
501 222
502 225
502 228
503 231
503 234
504 237
504 240
505 243
505 246
505 249
506 252
506 255
506 258
507 261
507 264
507 267
507 270
508 273
508 276
508 279
508 282
508 285
509 288
509 291
509 294
510 297
510 300
511 303
511 306
512 309
513 312
514 315
515 318
517 321
518 324
520 327
522 330
524 333
527 336
530 339
533 342
536 344
539 346
542 348
545 349
548 350
551 351
554 352
557 353
560 354
563 354
566 355
569 355
572 355
575 355
578 355
581 354
584 354
587 353
590 353
593 352
596 351
599 350
602 348
605 347
608 345
611 342
614 340
617 337
619 334
621 331
623 328
624 325
625 322
626 319
626 316
627 313
627 310
626 307
626 304
626 301
625 298
624 295
623 292
622 289
621 286
619 283
618 280
616 277
614 274
613 271
611 268
609 265
607 262
605 259
602 256
600 253
598 250
596 247
594 244
591 241
589 238
587 235
584 232
582 229
580 226
577 223
574 222
571 225
570 228
570 231
570 234
571 237
571 240
571 243
572 246
572 249
573 252
573 255
573 258
574 261
574 264
574 267
574 270
574 273
574 276
574 279
574 282
574 285
574 288
574 291
573 294
573 297
571 300
568 303
565 303
562 303
559 300
557 297
556 294
556 291
555 288
555 285
554 282
554 279
553 276
552 273
551 270
550 267
549 264
549 261
548 258
547 255
546 252
545 249
544 246
544 243
543 240
543 237
542 234
542 231
542 228
541 225
541 222
542 219
542 216
542 213
543 210
543 207
544 204
545 201
547 198
548 195
549 192
551 189
553 186
555 183
558 180
560 177
563 174
566 171
569 168
572 165
575 162
578 159
581 156
584 154
587 151
590 148
593 146
595 143
598 140
601 137
603 134
605 131
607 128
609 125
611 122
613 119
615 116
617 113
619 110
622 107
625 104
628 102
631 100
634 98
637 97
640 95
643 94
646 94
649 93
652 93
655 93
658 93
661 94
664 94
667 95
670 96
673 98
676 99
679 101
682 104
685 106
687 109
690 112
692 115
694 118
696 121
697 124
698 127
699 130
700 133
701 136
702 139
703 142
703 145
703 148
704 151
704 154
704 157
704 160
703 163
703 166
702 169
701 172
701 175
699 178
698 181
696 184
694 187
692 190
689 193
686 195
683 197
680 198
677 199
674 199
671 200
668 199
665 198
662 196
659 194
657 191
655 188
654 185
653 182
652 179
652 176
651 173
650 170
649 167
647 164
645 161
642 159
639 158
636 158
633 158
630 158
627 159
624 160
621 161
618 162
615 164
612 166
609 168
606 171
603 174
601 177
599 180
598 183
597 186
597 189
597 192
598 195
598 198
600 201
601 204
603 207
605 210
607 213
609 216
611 219
613 222
616 225
618 228
621 231
624 234
627 237
629 240
632 243
635 246
638 249
641 252
644 254
647 257
650 260
653 263
656 266
659 268
662 271
665 273
668 276
671 278
674 281
677 283
680 285
683 287
686 289
689 290
692 292
695 293
698 294
701 295
704 296
707 297
710 298
713 298
716 298
719 299
722 299
725 298
728 298
731 297
734 297
737 296
740 294
743 293
746 291
749 289
752 287
755 284
757 281
759 278
761 275
762 272
763 269
763 266
762 263
761 260
760 257
758 254
757 251
757 248
758 245
759 242
761 239
764 236
767 233
770 230
773 228
776 225
779 223
782 221
785 219
788 216
791 214
794 211
797 209
800 206
803 203
805 200
808 197
810 194
812 191
814 188
815 185
816 182
817 179
818 176
818 173
818 170
817 167
816 164
813 161
810 161
807 161
804 162
801 165
798 167
795 170
792 172
789 173
786 173
783 172
780 169
779 166
778 163
778 160
777 157
777 154
777 151
778 148
778 145
779 142
780 139
780 136
781 133
783 130
784 127
786 124
787 121
789 118
791 115
794 112
796 109
799 106
802 104
805 101
808 99
811 97
814 96
817 94
820 93
823 92
826 91
829 90
832 89
835 89
838 89
841 88
844 88
847 88
850 89
853 89
856 89
859 90
862 91
865 91
868 92
871 94
874 95
877 96
880 98
883 100
886 101
889 104
892 106
895 108
898 111
901 113
904 116
907 119
910 122
912 125
915 128
918 131
920 134
922 137
925 140
927 143
929 146
932 149
934 152
936 155
938 158
940 161
943 164
945 167
947 170
949 173
951 176
953 179
954 182
956 185
958 188
960 191
961 194
963 197
964 200
966 203
967 206
969 209
970 212
971 215
972 218
973 221
974 224
974 227
975 230
975 233
976 236
976 239
975 242
975 245
973 248
972 251
970 254
967 257
964 259
961 261
958 262
955 263
952 263
949 263
946 263
943 262
940 261
937 258
934 255
933 252
933 249
932 246
932 243
932 240
931 237
930 234
929 231
927 228
924 225
921 224
918 223
915 223
912 223
909 225
906 226
903 228
900 231
897 234
895 237
893 240
891 243
890 246
889 249
888 252
887 255
886 258
886 261
885 264
885 267
885 270
885 273
885 276
885 279
885 282
885 285
886 288
887 291
887 294
888 297
890 300
891 303
892 306
894 309
896 312
898 315
901 318
903 321
906 323
909 326
912 328
915 330
918 332
921 333
924 334
927 335
930 336
933 337
936 337
939 338
942 338
945 338
948 338
951 338
954 338
957 337
960 337
963 336
966 335
969 334
972 333
975 332
978 330
981 329
984 327
987 325
990 323
993 320
996 318
999 315
1002 313
1005 310
1008 307
1011 304
1014 301
1017 298
1019 295
1022 292
1025 289
1028 286
1030 283
1033 280
1035 277
1038 274
1040 271
1042 268
1044 265
1046 262
1048 259
1050 256
1051 253
1053 250
1054 247
1055 244
1056 241
1056 238
1057 235
1057 232
1057 229
1056 226
1056 223
1056 220
1055 217
1054 214
1053 211
1052 208
1050 205
1049 202
1048 199
1046 196
1045 193
1044 190
1042 187
1041 184
1040 181
1039 178
1038 175
1037 172
1036 169
1035 166
1035 163
1035 160
1034 157
1034 154
1035 151
1035 148
1035 145
1036 142
1036 139
1036 136
1037 133
1037 130
1037 127
1038 124
1038 121
1038 118
1037 115
1037 112
1036 109
1035 106
1032 103
1029 101
1026 101
1023 101
1020 104
1018 107
1017 110
1016 113
1016 116
1016 119
1016 122
1016 125
1016 128
1016 131
1016 134
1015 137
1015 140
1015 143
1015 146
1014 149
1014 152
1014 155
1014 158
1013 161
1013 164
1013 167
1013 170
1013 173
1013 176
1014 179
1014 182
1014 185
1015 188
1015 191
1015 194
1016 197
1016 200
1017 203
1017 206
1017 209
1017 212
1017 215
1015 218
1012 221
1009 221
1006 218
1004 215
1003 212
1001 209
1000 206
999 203
998 200
997 197
996 194
995 191
994 188
993 185
991 182
990 179
989 176
988 173
987 170
986 167
985 164
984 161
983 158
982 155
981 152
980 149
979 146
978 143
977 140
976 137
975 134
974 131
974 128
973 125
973 122
972 119
972 116
971 113
971 110
971 107
971 104
971 101
972 98
972 95
973 92
973 89
974 86
975 83
976 80
978 77
980 74
981 71
984 68
986 65
989 62
992 60
995 57
998 55
1001 54
1004 52
1007 51
1010 49
1013 48
1016 48
1019 47
1022 46
1025 46
1028 45
1031 45
1034 45
1037 45
1040 45
1043 45
1046 46
1049 46
1052 47
1055 48
1058 49
1061 50
1064 51
1067 53
1070 55
1073 57
1076 59
1079 62
1082 65
1084 68
1086 71
1087 74
1089 77
1090 80
1090 83
1091 86
1091 89
1091 92
1091 95
1090 98
1090 101
1089 104
1087 107
1086 110
1084 113
1082 116
1079 119
1076 122
1073 124
1070 126
1067 127
1064 128
1061 129
1058 131
1056 134
1054 137
1053 140
1052 143
1051 146
1052 149
1052 152
1052 155
1053 158
1053 161
1053 164
1054 167
1055 170
1056 173
1058 176
1059 179
1061 182
1063 185
1065 188
1067 191
1069 194
1072 197
1074 200
1076 203
1079 206
1081 209
1083 212
1086 215
1088 218
1089 221
1091 224
1093 227
1095 230
1096 233
1098 236
1099 239
1100 242
1101 245
1102 248
1103 251
1100 254
1103 253
1104 256
1104 259
1105 262
1105 265
1105 268
1105 271
1105 274
1105 277
1105 280
1105 283
1105 286
1105 289
1106 292
1106 295
1106 298
1105 301
1104 304
1101 305
1098 303
1096 300
1096 297
1096 294
1096 291
1097 288
1098 285
1098 282
1099 279
1099 276
1100 273
1100 270
1100 267
1098 264
1095 263
1094 266
1093 269
1092 272
1090 275
1088 278
1086 281
1083 284
1081 287
1078 290
1076 293
1074 296
1073 299
1071 302
1070 305
1069 308
1068 311
1068 314
1067 317
1067 320
1067 323
1067 326
1068 329
1069 332
1070 335
1071 338
1073 341
1075 344
1077 347
1080 350
1083 352
1086 354
1089 356
1092 358
1095 359
1098 360
1101 361
1104 362
1107 362
1110 363
1113 363
1116 363
1119 363
1122 363
1125 363
1128 362
1131 362
1134 361
1137 360
1140 359
1143 358
1146 357
1149 355
1152 354
1155 352
1158 349
1161 347
1163 344
1166 341
1168 338
1169 335
1171 332
1172 329
1173 326
1173 323
1174 320
1174 317
1174 314
1174 311
1174 308
1173 305
1173 302
1172 299
1171 296
1170 293
1169 290
1168 287
1166 284
1165 281
1163 278
1162 275
1160 272
1159 269
1157 266
1156 263
1154 260
1152 257
1151 254
1149 251
1148 248
1146 245
1145 242
1143 239
1142 236
1141 233
1140 230
1138 227
1137 224
1136 221
1135 218
1134 215
1133 212
1132 209
1131 206
1128 204
1126 207
1125 210
1125 213
1126 216
1126 219
1126 222
1127 225
1127 228
1128 231
1129 234
1129 237
1130 240
1130 243
1131 246
1131 249
1132 252
1132 255
1133 258
1133 261
1133 264
1134 267
1134 270
1134 273
1134 276
1134 279
1134 282
1134 285
1134 288
1133 291
1133 294
1132 297
1132 300
1131 303
1130 306
1128 309
1126 312
1123 315
1120 316
1117 315
1114 312
1114 309
1114 306
1115 303
1116 300
1117 297
1117 294
1118 291
1118 288
1118 285
1118 282
1117 279
1117 276
1116 273
1116 270
1115 267
1115 264
1114 261
1114 258
1113 255
1113 252
1112 249
1112 246
1111 243
1110 240
1110 237
1109 234
1108 231
1107 228
1106 225
1105 222
1104 219
1102 216
1101 213
1100 210
1098 207
1097 204
1095 201
1094 198
1093 195
1092 192
1091 189
1090 186
1089 183
1089 180
1089 177
1089 174
1090 171
1091 168
1092 165
1094 162
1095 159
1098 156
1100 153
1103 150
1106 147
1109 145
1112 142
1115 140
1118 137
1121 135
1124 133
1127 130
1130 128
1133 126
1136 123
1139 121
1142 118
1145 115
1148 112
1151 109
1154 106
1157 103
1160 100
1163 98
1166 96
1169 94
1172 92
1175 91
1178 89
1181 88
1184 88
1187 87
1190 87
1193 87
1196 87
