0 208
6 210
12 211
18 212
24 214
30 215
36 215
42 216
48 216
54 217
60 217
66 217
72 217
78 217
84 217
90 216
96 216
102 215
108 214
114 213
120 213
126 212
132 211
138 210
144 210
150 210
156 209
162 210
168 210
174 210
180 211
186 212
192 213
198 214
204 216
210 217
216 219
222 220
228 222
234 223
240 223
246 223
252 223
258 222
264 220
270 218
276 215
282 212
288 210
294 207
300 205
306 204
312 203
318 203
324 203
330 204
336 205
342 207
348 209
354 212
360 214
366 216
372 217
378 218
384 219
390 220
396 220
402 220
408 220
414 220
420 219
426 218
432 217
438 216
444 214
450 213
456 211
462 209
468 208
474 207
480 206
486 205
492 205
498 206
504 207
510 208
516 210
522 212
528 215
534 217
540 219
546 221
552 222
558 223
564 224
570 224
576 223
582 222
588 221
594 219
600 217
606 215
612 213
618 211
624 209
630 208
636 208
642 207
648 208
654 208
660 209
666 210
672 212
678 213
684 215
690 216
696 216
702 217
708 217
714 217
720 217
726 216
732 216
738 215
744 215
750 214
756 214
762 214
768 214
774 214
780 214
786 214
792 214
798 214
804 213
810 213
816 212
822 211
828 210
834 210
840 210
846 209
852 210
858 210
864 210
870 211
876 212
882 213
888 213
894 214
900 215
906 215
912 216
918 216
924 217
930 217
936 218
942 219
948 220
954 220
960 221
966 221
972 221
978 221
984 220
990 218
996 217
1002 214
1008 212
1014 209
1020 206
1026 204
1032 202
1038 201
1044 201
1050 201
1056 202
1062 205
1068 208
1074 211
1080 216
1086 220
1092 223
1098 226
1104 227
1110 228
1116 228
1122 226
1128 224
1134 222
1140 218
1146 215
1152 211
1158 209
1164 207
1170 206
1176 205
1182 205
1188 206
