0 199
6 199
12 199
18 199
24 199
30 199
36 199
42 199
48 199
54 199
60 199
66 200
72 200
78 200
84 200
90 200
96 200
102 199
108 199
114 199
120 199
126 199
132 199
138 199
144 199
150 199
156 199
162 199
168 199
174 199
180 199
186 199
192 199
198 199
204 200
210 200
216 200
222 200
228 200
234 200
240 200
246 200
252 200
258 200
264 200
270 200
276 200
282 199
288 199
294 199
300 199
306 199
312 199
318 199
324 199
330 199
336 199
342 199
348 199
354 199
360 199
366 200
372 200
378 200
384 200
390 200
396 200
402 200
408 200
414 200
420 200
426 200
432 200
438 200
444 199
450 199
456 199
462 199
468 199
474 199
480 199
486 199
492 199
498 199
504 199
510 199
516 199
522 199
528 200
534 200
540 200
546 200
552 200
558 200
564 200
570 200
576 200
582 200
588 200
594 200
600 200
606 200
612 199
618 199
624 199
630 199
636 199
642 199
648 199
654 199
660 199
666 199
672 199
678 199
684 200
690 200
696 200
702 200
708 200
714 200
720 200
726 200
732 200
738 199
744 199
750 199
756 199
762 199
768 199
774 199
780 199
786 199
792 199
798 199
804 199
810 199
816 199
822 199
828 199
834 199
840 199
846 199
852 199
858 199
864 199
870 199
876 199
882 199
888 200
894 200
900 200
906 200
912 200
918 200
924 200
930 200
936 200
942 200
948 200
954 200
960 200
966 200
972 200
978 200
984 200
990 200
996 200
1002 200
1008 199
1014 199
1020 199
1026 199
1032 199
1038 199
1044 199
1050 199
1056 199
1062 199
1068 199
1074 199
1080 200
1086 200
1092 200
1098 200
1104 200
1110 200
1116 200
1122 200
1128 200
1134 200
1140 200
1146 199
1152 199
1158 199
1164 199
1170 199
1176 199
1182 199
1188 199
