0 214
6 214
12 214
18 215
24 215
30 215
36 215
42 215
48 215
54 215
60 215
66 215
72 215
78 215
84 215
90 215
96 215
102 215
108 215
114 215
120 214
126 214
132 214
138 214
144 214
150 214
156 214
162 214
168 214
174 214
180 214
186 215
192 215
198 215
204 215
210 215
216 215
222 216
228 216
234 216
240 216
246 216
252 216
258 216
264 216
270 215
276 215
282 215
288 214
294 214
300 213
306 213
312 213
318 213
324 213
330 213
336 213
342 214
348 214
354 214
360 215
366 215
372 215
378 215
384 215
390 215
396 215
402 216
408 215
414 215
420 215
426 215
432 215
438 215
444 215
450 215
456 214
462 214
468 214
474 214
480 213
486 213
492 213
498 213
504 214
510 214
516 214
522 215
528 215
534 215
540 216
546 216
552 216
558 216
564 216
570 216
576 216
582 216
588 216
594 216
600 215
606 215
612 215
618 214
624 214
630 214
636 214
642 214
648 214
654 214
660 214
666 214
672 214
678 215
684 215
690 215
696 215
702 215
708 215
714 215
720 215
726 215
732 215
738 215
744 215
750 215
756 215
762 215
768 215
774 215
780 215
786 215
792 215
798 215
804 215
810 215
816 214
822 214
828 214
834 214
840 214
846 214
852 214
858 214
864 214
870 214
876 215
882 215
888 215
894 215
900 215
906 215
912 215
918 215
924 215
930 215
936 215
942 215
948 216
954 216
960 216
966 216
972 216
978 216
984 216
990 216
996 215
1002 215
1008 215
1014 214
1020 214
1026 213
1032 213
1038 213
1044 213
1050 213
1056 213
1062 213
1068 214
1074 214
1080 215
1086 216
1092 216
1098 217
1104 217
1110 217
1116 217
1122 217
1128 216
1134 216
1140 215
1146 215
1152 214
1158 214
1164 213
1170 213
1176 213
1182 213
1188 214
