0 185
6 190
11 196
16 202
21 208
26 214
32 219
38 223
44 226
50 228
56 229
62 230
68 230
74 229
80 228
86 226
92 224
98 221
104 217
110 213
116 208
122 204
128 200
134 196
140 194
146 192
152 191
158 190
164 191
170 192
176 194
182 197
188 201
194 207
199 213
203 219
206 225
210 231
214 237
220 242
226 246
232 249
238 250
244 251
250 250
256 248
262 245
268 241
273 235
276 229
278 223
279 217
279 211
280 205
281 199
282 193
285 187
289 181
295 176
301 172
307 170
313 168
319 168
325 169
331 171
337 174
343 179
348 185
352 191
354 197
356 203
358 209
360 215
363 221
367 227
372 233
378 237
384 241
390 243
396 244
402 244
408 243
414 242
420 240
426 236
432 231
438 225
442 219
445 213
448 207
451 201
455 195
460 189
466 183
472 180
478 177
484 176
490 176
496 176
502 178
508 181
514 185
519 191
523 197
525 203
527 209
528 215
530 221
532 227
534 233
538 239
543 245
549 249
555 251
561 253
567 253
573 252
579 251
585 248
591 243
596 237
599 231
601 225
603 219
605 213
607 207
610 201
614 195
620 190
626 186
632 184
638 183
644 183
650 185
656 187
662 191
668 196
673 202
677 208
682 214
688 220
694 224
700 226
706 227
712 228
718 227
724 226
730 224
736 221
742 219
748 217
754 216
760 215
766 214
772 214
778 213
784 213
790 212
796 211
802 209
808 207
814 204
820 201
826 198
832 196
838 194
844 193
850 193
856 194
862 195
868 197
874 199
880 202
886 206
892 209
898 212
904 215
910 219
916 222
922 225
928 228
934 232
940 235
946 238
952 241
958 242
964 243
970 243
976 242
982 241
988 237
994 233
999 227
1002 221
1004 215
1005 209
1006 203
1007 197
1008 191
1011 185
1014 179
1019 173
1025 169
1031 166
1037 164
1043 164
1049 164
1055 166
1061 169
1067 173
1072 179
1076 185
1078 191
1079 197
1080 203
1079 209
1078 215
1077 221
1077 227
1077 233
1079 239
1081 245
1085 251
1091 256
1097 260
1103 262
1109 263
1115 262
1121 261
1127 258
1133 254
1138 248
1141 242
1143 236
1143 230
1143 224
1143 218
1143 212
1144 206
1146 200
1149 194
1154 188
1160 183
1166 179
1172 178
1178 177
1184 178
1190 179
