0 209
6 211
12 212
18 213
24 214
30 215
36 216
42 216
48 216
54 217
60 217
66 217
72 217
78 217
84 217
90 216
96 216
102 215
108 215
114 214
120 213
126 212
132 212
138 211
144 211
150 211
156 210
162 211
168 211
174 211
180 212
186 213
192 214
198 215
204 216
210 218
216 219
222 220
228 221
234 222
240 223
246 223
252 222
258 221
264 220
270 218
276 216
282 213
288 211
294 208
300 206
306 205
312 204
318 204
324 205
330 205
336 207
342 208
348 210
354 212
360 214
366 216
372 217
378 218
384 219
390 220
396 220
402 220
408 220
414 220
420 219
426 218
432 217
438 216
444 215
450 213
456 212
462 210
468 209
474 208
480 207
486 207
492 207
498 207
504 208
510 209
516 211
522 213
528 215
534 217
540 219
546 221
552 222
558 223
564 223
570 223
576 223
582 222
588 221
594 219
600 217
606 215
612 213
618 212
624 210
630 209
636 209
642 209
648 209
654 209
660 210
666 211
672 213
678 214
684 215
690 216
696 217
702 217
708 217
714 217
720 217
726 216
732 216
738 215
744 215
750 215
756 214
762 214
768 214
774 214
780 214
786 214
792 214
798 214
804 214
810 213
816 212
822 212
828 211
834 211
840 210
846 210
852 210
858 211
864 211
870 212
876 213
882 213
888 214
894 215
900 215
906 216
912 216
918 217
924 217
930 218
936 218
942 219
948 219
954 220
960 220
966 221
972 221
978 220
984 220
990 218
996 217
1002 215
1008 212
1014 210
1020 207
1026 205
1032 204
1038 203
1044 202
1050 203
1056 204
1062 206
1068 209
1074 212
1080 216
1086 220
1092 223
1098 225
1104 226
1110 227
1116 227
1122 226
1128 224
1134 221
1140 218
1146 215
1152 212
1158 210
1164 208
1170 207
1176 207
1182 207
1188 207
