0 280
6 277
12 273
18 267
23 261
26 255
29 249
31 243
33 237
34 231
34 225
34 219
32 213
30 207
24 202
18 201
12 198
8 192
6 186
5 180
5 174
5 168
7 162
9 156
11 150
15 144
20 138
26 132
32 127
38 124
44 121
50 119
56 118
62 118
68 118
74 118
80 119
86 121
92 124
98 127
104 131
110 137
115 143
119 149
122 155
124 161
125 167
126 173
125 179
124 185
120 191
114 195
108 197
102 201
99 207
98 213
97 219
98 225
99 231
100 237
103 243
105 249
109 255
114 261
120 266
126 270
132 274
138 276
144 277
150 278
156 278
162 277
168 275
174 273
180 271
186 267
192 263
198 258
204 253
210 247
216 242
222 236
227 230
232 224
236 218
240 212
242 206
244 200
244 194
242 188
239 182
237 176
237 170
237 164
240 158
243 152
248 146
254 140
260 137
266 134
272 132
278 131
284 131
290 132
296 133
302 135
308 138
314 142
320 148
324 154
328 160
330 166
332 172
333 178
333 184
333 190
332 196
331 202
330 208
328 214
325 220
319 224
313 224
307 224
301 229
298 235
296 241
295 247
295 253
296 259
297 265
299 271
302 277
306 283
311 289
317 293
323 297
329 299
335 300
341 301
347 301
353 299
359 297
365 294
371 290
376 284
379 278
382 272
383 266
382 260
381 254
375 249
369 247
363 245
357 239
356 233
356 227
358 221
360 215
363 209
367 203
371 197
377 191
383 186
389 182
395 180
401 179
407 178
413 179
419 180
425 183
431 186
437 190
443 196
447 202
449 208
448 214
445 220
440 226
438 232
439 238
441 244
445 250
451 254
457 258
463 259
469 260
475 259
481 258
487 255
493 252
499 248
505 242
511 236
517 230
521 224
525 218
529 212
531 206
534 200
535 194
535 188
535 182
533 176
529 170
523 166
517 166
511 169
505 174
499 176
493 175
487 170
482 164
480 158
478 152
478 146
478 140
480 134
482 128
485 122
490 116
496 110
502 106
508 102
514 100
520 99
526 98
532 98
538 98
544 100
550 101
556 104
562 108
568 113
574 119
578 125
581 131
583 137
584 143
585 149
586 155
586 161
585 167
585 173
584 179
584 185
583 191
582 197
581 203
580 209
579 215
578 221
577 227
576 233
575 239
574 245
568 245
566 239
564 233
563 227
557 227
554 233
552 239
549 245
547 251
545 257
543 263
542 269
542 275
542 281
542 287
544 293
546 299
549 305
554 311
560 317
566 322
572 325
578 327
584 329
590 330
596 330
602 330
608 329
614 327
620 325
626 322
632 317
638 312
642 306
645 300
647 294
648 288
648 282
647 276
645 270
642 264
638 258
632 254
626 253
620 257
615 263
611 269
605 273
599 274
593 270
590 264
589 258
589 252
590 246
591 240
593 234
594 228
596 222
599 216
601 210
604 204
607 198
610 192
614 186
618 180
623 174
628 168
634 163
640 159
646 156
652 154
658 153
664 153
670 155
676 158
682 162
687 168
690 174
691 180
692 186
691 192
686 198
680 201
674 202
668 204
664 210
663 216
665 222
669 228
675 234
681 239
687 242
693 245
699 248
705 249
711 250
717 250
723 250
729 248
735 246
741 243
747 239
753 234
758 228
763 222
766 216
767 210
767 204
763 198
757 196
751 195
745 193
741 187
740 181
740 175
741 169
744 163
747 157
753 151
759 147
765 144
771 142
777 142
783 142
789 144
795 146
801 149
807 154
813 160
818 166
823 172
827 178
830 184
833 190
836 196
838 202
840 208
842 214
843 220
844 226
843 232
841 238
835 244
829 244
823 241
817 237
811 235
805 238
800 244
798 250
796 256
795 262
795 268
795 274
797 280
799 286
803 292
808 298
814 303
820 307
826 309
832 311
838 312
844 312
850 312
856 311
862 309
868 307
874 303
880 298
886 292
890 286
893 280
896 274
898 268
900 262
902 256
903 250
903 244
904 238
904 232
904 226
903 220
903 214
901 208
896 202
890 204
886 210
883 216
877 219
872 213
870 207
868 201
867 195
866 189
865 183
865 177
865 171
865 165
865 159
866 153
867 147
869 141
871 135
875 129
878 123
883 117
889 112
895 108
901 104
907 102
913 100
919 99
925 98
931 98
937 99
943 100
949 102
955 105
961 108
967 112
973 118
978 124
982 130
985 136
987 142
989 148
990 154
990 160
990 166
989 172
988 178
986 184
983 190
978 196
972 199
966 196
961 190
955 187
949 188
945 194
943 200
942 206
942 212
942 218
943 224
944 230
946 236
948 242
950 248
952 254
954 260
957 266
961 272
965 278
970 284
976 289
982 294
988 297
994 299
1000 301
1006 302
1012 302
1018 302
1024 301
1030 299
1036 296
1042 291
1048 286
1052 280
1055 274
1057 268
1058 262
1058 256
1056 250
1053 244
1047 240
1041 239
1035 236
1031 230
1030 224
1030 218
1031 212
1033 206
1036 200
1040 194
1044 188
1049 182
1055 176
1061 172
1067 168
1073 165
1079 163
1085 162
1091 161
1097 162
1103 163
1109 165
1115 167
1121 172
1127 177
1132 183
1135 189
1138 195
1139 201
1140 207
1139 213
1137 219
1133 225
1130 231
1129 237
1129 243
1131 249
1133 255
1137 261
1141 267
1147 273
1153 277
1159 280
1165 282
1171 284
1177 285
1183 284
1189 284
