0 201
6 201
12 201
18 201
24 201
30 200
36 200
42 200
48 200
54 200
60 200
66 200
72 200
78 200
84 200
90 200
96 200
102 200
108 200
114 201
120 201
126 201
132 201
138 201
144 201
150 201
156 201
162 201
168 201
174 201
180 201
186 201
192 201
198 201
204 201
210 201
216 201
222 201
228 201
234 201
240 201
246 201
252 201
258 201
264 201
270 200
276 200
282 200
288 200
294 200
300 200
306 200
312 201
318 201
324 201
330 201
336 201
342 201
348 201
354 201
360 201
366 201
372 201
378 201
384 201
390 201
396 201
402 201
408 201
414 201
420 201
426 201
432 201
438 201
444 201
450 201
456 201
462 201
468 201
474 201
480 201
486 201
492 200
498 200
504 200
510 200
516 200
522 200
528 200
534 200
540 200
546 200
552 200
558 200
564 201
570 201
576 201
582 201
588 201
594 202
600 202
606 202
612 201
618 201
624 201
630 201
636 201
642 201
648 200
654 200
660 200
666 200
672 200
678 200
684 200
690 201
696 201
702 201
708 201
714 201
720 201
726 201
732 201
738 201
744 201
750 200
756 200
762 200
768 200
774 200
780 200
786 200
792 200
798 201
804 201
810 201
816 201
822 201
828 201
834 201
840 201
846 201
852 201
858 201
864 201
870 201
876 201
882 200
888 200
894 200
900 200
906 200
912 200
918 200
924 200
930 200
936 200
942 200
948 200
954 200
960 200
966 200
972 201
978 201
984 201
990 201
996 201
1002 201
1008 201
1014 201
1020 201
1026 201
1032 201
1038 201
1044 201
1050 201
1056 201
1062 201
1068 201
1074 201
1080 201
1086 201
1092 201
1098 201
1104 201
1110 201
1116 201
1122 201
1128 201
1134 201
1140 201
1146 201
1152 201
1158 201
1164 201
1170 201
1176 201
1182 201
1188 201
