0 231
6 226
11 220
15 214
17 208
19 202
20 196
21 190
23 184
25 178
29 172
33 166
39 161
45 157
51 155
57 153
63 153
69 153
75 154
81 156
87 158
93 162
99 168
103 174
106 180
109 186
110 192
112 198
114 204
116 210
120 216
125 222
131 227
137 230
143 232
149 233
155 234
161 233
167 232
173 230
179 228
185 225
191 223
197 220
203 218
209 216
215 213
221 211
227 207
233 203
239 197
243 191
247 185
250 179
255 173
261 167
267 163
273 160
279 159
285 159
291 160
297 162
303 166
309 172
313 178
315 184
316 190
316 196
316 202
314 208
314 214
313 220
314 226
315 232
318 238
323 244
329 248
335 251
341 252
347 252
353 251
359 248
365 243
369 237
372 231
373 225
374 219
375 213
375 207
377 201
380 195
385 189
391 185
397 182
403 182
409 182
415 185
421 189
427 195
430 201
433 207
436 213
440 219
445 225
451 229
457 232
463 233
469 232
475 230
481 227
487 222
492 216
495 210
497 204
498 198
498 192
497 186
496 180
494 174
493 168
493 162
495 156
498 150
503 144
509 139
515 136
521 134
527 133
533 133
539 133
545 135
551 138
557 141
563 147
568 153
571 159
573 165
575 171
576 177
576 183
576 189
574 195
572 201
567 207
562 213
559 219
557 225
556 231
556 237
556 243
558 249
561 255
564 261
570 267
576 272
582 275
588 277
594 278
600 278
606 277
612 275
618 272
624 268
629 262
632 256
634 250
634 244
634 238
632 232
628 226
625 220
623 214
622 208
622 202
623 196
625 190
627 184
631 178
636 172
642 167
648 164
654 162
660 162
666 162
672 165
678 169
683 175
685 181
687 187
688 193
689 199
691 205
694 211
699 217
705 222
711 224
717 225
723 225
729 223
735 219
740 213
743 207
745 201
746 195
747 189
748 183
749 177
752 171
758 165
764 161
770 159
776 158
782 159
788 160
794 163
800 168
805 174
809 180
811 186
812 192
813 198
812 204
811 210
810 216
808 222
808 228
808 234
810 240
813 246
817 252
823 257
829 261
835 263
841 264
847 264
853 263
859 261
865 258
871 254
876 248
880 242
883 236
885 230
886 224
886 218
885 212
884 206
881 200
879 194
878 188
877 182
878 176
879 170
881 164
884 158
888 152
894 146
900 141
906 138
912 136
918 135
924 134
930 135
936 136
942 138
948 140
954 144
960 149
964 155
968 161
970 167
971 173
972 179
971 185
970 191
969 197
968 203
968 209
968 215
970 221
972 227
975 233
980 239
986 245
992 249
998 251
1004 253
1010 254
1016 253
1022 252
1028 250
1034 247
1040 242
1044 236
1048 230
1050 224
1052 218
1053 212
1055 206
1058 200
1061 194
1065 188
1071 183
1077 179
1083 177
1089 176
1095 176
1101 176
1107 178
1113 182
1119 186
1124 192
1128 198
1132 204
1135 210
1139 216
1143 222
1149 228
1155 232
1161 235
1167 237
1173 238
1179 238
1185 238
1191 236
