0 209
6 207
12 205
18 202
24 199
30 197
36 194
42 192
48 190
54 189
60 188
66 188
72 188
78 189
84 190
90 192
96 194
102 197
108 199
114 202
120 204
126 206
132 208
138 210
144 211
150 211
156 211
162 211
168 211
174 210
180 209
186 208
192 207
198 207
204 206
210 206
216 205
222 205
228 204
234 203
240 202
246 200
252 198
258 196
264 193
270 191
276 190
282 190
288 190
294 191
300 194
306 197
312 202
318 207
324 212
330 216
336 218
342 219
348 219
354 218
360 216
366 213
372 210
378 206
384 202
390 199
396 198
402 197
408 197
414 198
420 200
426 202
432 205
438 208
444 210
450 212
456 212
462 212
468 212
474 210
480 207
486 203
492 197
498 191
504 186
510 182
516 179
522 177
528 176
534 177
540 178
546 180
552 184
557 190
561 196
564 202
567 208
570 214
574 220
580 226
586 230
592 232
598 232
604 232
610 231
616 228
622 223
627 217
631 211
635 205
640 199
646 194
652 190
658 189
664 188
670 189
676 191
682 194
688 197
694 202
700 205
706 208
712 210
718 211
724 210
730 208
736 205
742 202
748 197
754 194
760 191
766 189
772 188
778 188
784 189
790 192
796 196
802 201
808 207
814 212
820 217
826 220
832 223
838 224
844 224
850 223
856 222
862 219
868 215
874 210
880 204
885 198
891 192
897 187
903 184
909 181
915 180
921 179
927 179
933 180
939 181
945 183
951 186
957 190
963 195
969 200
975 205
981 209
987 212
993 215
999 217
1005 218
1011 219
1017 219
1023 218
1029 217
1035 216
1041 214
1047 211
1053 208
1059 206
1065 203
1071 201
1077 199
1083 197
1089 197
1095 197
1101 197
1107 198
1113 199
1119 201
1125 203
1131 205
1137 206
1143 208
1149 210
1155 211
1161 212
1167 212
1173 213
1179 212
1185 212
1191 211
