0 272
6 268
12 264
17 258
21 252
24 246
26 240
28 234
29 228
29 222
28 216
25 210
21 204
16 198
13 192
11 186
11 180
11 174
12 168
14 162
17 156
21 150
26 144
32 138
38 134
44 131
50 129
56 128
62 127
68 127
74 128
80 129
86 131
92 134
98 138
104 143
109 149
113 155
116 161
118 167
119 173
119 179
118 185
116 191
112 197
107 203
104 209
103 215
103 221
103 227
105 233
107 239
110 245
114 251
119 257
125 262
131 265
137 268
143 269
149 270
155 270
161 269
167 268
173 266
179 263
185 260
191 256
197 252
203 247
209 243
215 238
221 233
227 227
232 221
236 215
239 209
241 203
242 197
242 191
242 185
242 179
242 173
243 167
246 161
250 155
256 149
262 145
268 142
274 140
280 139
286 139
292 140
298 142
304 145
310 149
316 154
320 160
324 166
326 172
328 178
328 184
329 190
328 196
328 202
326 208
323 214
317 220
311 223
305 228
302 234
300 240
300 246
300 252
301 258
302 264
305 270
309 276
315 282
321 286
327 289
333 291
339 292
345 292
351 291
357 289
363 286
369 282
374 276
377 270
379 264
380 258
378 252
375 246
369 240
365 234
364 228
364 222
365 216
367 210
370 204
373 198
378 192
384 187
390 183
396 181
402 180
408 180
414 182
420 184
426 187
432 193
437 199
440 205
441 211
441 217
440 223
439 229
439 235
441 241
445 247
451 252
457 256
463 257
469 258
475 257
481 255
487 252
493 248
499 243
505 237
510 231
514 225
517 219
520 213
523 207
524 201
525 195
524 189
523 183
519 177
513 174
507 175
501 176
495 175
489 171
485 165
483 159
482 153
483 147
484 141
486 135
489 129
494 123
500 117
506 113
512 111
518 109
524 108
530 107
536 108
542 109
548 110
554 113
560 116
566 121
571 127
575 133
579 139
581 145
582 151
583 157
584 163
584 169
584 175
584 181
584 187
583 193
582 199
582 205
581 211
579 217
578 223
576 229
570 234
565 228
559 223
553 229
550 235
548 241
547 247
545 253
544 259
544 265
544 271
545 277
546 283
548 289
551 295
556 301
561 307
567 311
573 314
579 317
585 318
591 319
597 320
603 319
609 318
615 317
621 314
627 311
633 306
638 300
641 294
644 288
645 282
645 276
644 270
642 264
639 258
633 253
627 252
621 255
615 258
609 260
603 258
599 252
598 246
598 240
598 234
600 228
601 222
603 216
606 210
608 204
611 198
614 192
617 186
621 180
626 174
631 168
637 163
643 159
649 156
655 155
661 155
667 156
673 159
679 163
684 169
687 175
688 181
688 187
686 193
682 199
676 205
673 211
673 217
675 223
679 229
684 235
690 240
696 243
702 246
708 247
714 248
720 248
726 247
732 245
738 242
744 238
749 232
754 226
757 220
758 214
759 208
756 202
751 196
746 190
744 184
743 178
744 172
746 166
750 160
755 154
761 150
767 148
773 146
779 146
785 147
791 148
797 151
803 155
809 161
814 167
819 173
822 179
825 185
828 191
830 197
832 203
833 209
833 215
833 221
832 227
828 233
822 236
816 235
810 236
804 240
800 246
799 252
798 258
798 264
799 270
801 276
804 282
808 288
814 294
820 298
826 300
832 302
838 303
844 304
850 303
856 302
862 301
868 298
874 294
880 289
886 283
890 277
893 271
896 265
898 259
899 253
900 247
901 241
901 235
901 229
900 223
899 217
895 211
889 209
883 212
877 212
871 206
869 200
868 194
867 188
867 182
867 176
867 170
868 164
869 158
870 152
872 146
875 140
878 134
883 128
889 122
895 118
901 114
907 112
913 110
919 109
925 108
931 108
937 109
943 110
949 112
955 115
961 119
967 124
972 130
977 136
980 142
982 148
984 154
985 160
985 166
985 172
984 178
983 184
980 190
974 195
968 196
962 195
956 197
951 203
949 209
949 215
949 221
949 227
950 233
952 239
953 245
956 251
958 257
961 263
965 269
970 275
976 281
982 285
988 288
994 291
1000 293
1006 293
1012 294
1018 293
1024 292
1030 290
1036 287
1042 282
1047 276
1051 270
1053 264
1054 258
1054 252
1053 246
1050 240
1045 234
1041 228
1040 222
1040 216
1041 210
1043 204
1045 198
1049 192
1053 186
1059 180
1065 175
1071 171
1077 168
1083 167
1089 166
1095 166
1101 167
1107 168
1113 171
1119 176
1125 182
1129 188
1132 194
1134 200
1135 206
1135 212
1134 218
1133 224
1133 230
1133 236
1134 242
1136 248
1139 254
1143 260
1149 266
1155 270
1161 273
1167 275
1173 276
1179 277
1185 276
1191 275
