0 287
6 284
12 280
18 275
23 269
27 263
30 257
33 251
35 245
37 239
38 233
39 227
39 221
40 215
39 209
38 203
36 197
30 191
24 192
18 195
12 196
6 191
3 185
1 179
0 173
1199 167
0 161
0 155
1 149
3 143
6 137
9 131
13 125
18 119
24 113
30 109
36 106
42 103
48 101
54 100
60 99
66 99
72 99
78 100
84 102
90 104
96 106
102 110
108 114
114 120
119 126
123 132
126 138
129 144
130 150
131 156
132 162
131 168
130 174
128 180
124 186
118 189
112 188
106 185
100 185
94 191
92 197
91 203
90 209
91 215
92 221
93 227
94 233
96 239
99 245
102 251
105 257
110 263
115 269
121 274
127 278
133 280
139 282
145 284
151 284
157 284
163 283
169 282
175 279
181 276
187 272
193 268
199 262
205 256
211 250
216 244
221 238
226 232
231 226
235 220
239 214
243 208
245 202
248 196
249 190
248 184
244 178
238 175
232 169
231 163
231 157
232 151
234 145
237 139
241 133
247 127
253 123
259 119
265 117
271 115
277 114
283 114
289 114
295 115
301 117
307 120
313 123
319 128
324 134
328 140
331 146
334 152
335 158
336 164
336 170
336 176
335 182
335 188
333 194
332 200
331 206
329 212
327 218
323 224
317 226
311 221
305 218
299 221
295 227
293 233
292 239
291 245
291 251
291 257
292 263
293 269
295 275
298 281
301 287
306 293
312 298
318 302
324 305
330 307
336 308
342 308
348 308
354 307
360 305
366 301
372 297
377 291
381 285
384 279
385 273
386 267
385 261
384 255
379 249
373 248
367 249
361 251
355 251
349 247
347 241
347 235
348 229
351 223
353 217
356 211
360 205
364 199
368 193
374 187
380 181
386 177
392 174
398 172
404 171
410 170
416 171
422 172
428 174
434 177
440 181
446 185
452 191
457 197
459 203
458 209
452 215
446 218
440 221
436 227
436 233
437 239
441 245
447 251
453 255
459 257
465 259
471 259
477 258
483 256
489 254
495 251
501 247
507 242
513 237
519 231
524 225
529 219
533 213
536 207
539 201
541 195
543 189
544 183
544 177
544 171
543 165
541 159
538 153
532 148
526 146
520 147
515 153
512 159
509 165
503 170
497 170
491 167
485 161
480 155
477 149
475 143
474 137
474 131
474 125
475 119
478 113
481 107
485 101
491 95
497 90
503 87
509 84
515 83
521 81
527 81
533 81
539 81
545 83
551 84
557 87
563 90
569 94
575 100
579 106
583 112
585 118
586 124
587 130
587 136
587 142
586 148
585 154
584 160
583 166
582 172
581 178
580 184
580 190
579 196
578 202
577 208
576 214
575 220
574 226
573 232
573 238
573 244
573 250
573 256
567 258
565 252
565 246
564 240
564 234
558 228
556 234
555 240
552 246
549 252
546 258
544 264
542 270
540 276
539 282
539 288
539 294
541 300
543 306
545 312
550 318
555 324
561 329
567 332
573 335
579 337
585 338
591 339
597 339
603 339
609 338
615 336
621 334
627 331
633 326
639 321
643 315
647 309
649 303
650 297
651 291
650 285
649 279
647 273
644 267
640 261
634 255
628 252
622 253
617 259
614 265
612 271
609 277
605 283
599 288
593 288
587 284
584 278
583 272
584 266
584 260
585 254
585 248
586 242
587 236
588 230
590 224
592 218
594 212
597 206
599 200
602 194
606 188
610 182
614 176
618 170
624 164
630 158
636 153
642 149
648 146
654 144
660 144
666 144
672 146
678 149
684 154
689 160
692 166
694 172
695 178
696 184
695 190
691 196
685 199
679 198
673 197
667 196
661 197
655 200
652 206
652 212
654 218
658 224
664 229
670 234
676 238
682 241
688 243
694 246
700 247
706 248
712 249
718 249
724 248
730 246
736 244
742 242
748 238
754 234
760 229
766 223
771 217
775 211
777 205
778 199
777 193
771 187
765 187
759 188
753 191
747 191
741 188
738 182
737 176
737 170
738 164
739 158
742 152
745 146
751 140
757 135
763 132
769 131
775 130
781 130
787 132
793 134
799 137
805 141
811 146
817 152
821 158
826 164
830 170
834 176
837 182
840 188
843 194
846 200
848 206
850 212
852 218
853 224
854 230
854 236
853 242
850 248
844 252
838 253
832 249
827 243
824 237
818 231
812 230
806 234
801 240
798 246
795 252
794 258
793 264
792 270
792 276
793 282
795 288
798 294
802 300
807 306
813 311
819 314
825 317
831 319
837 320
843 320
849 320
855 319
861 317
867 314
873 311
879 306
885 300
889 294
893 288
896 282
898 276
900 270
901 264
903 258
904 252
905 246
905 240
906 234
906 228
906 222
906 216
905 210
905 204
905 198
904 192
901 186
895 186
892 192
891 198
889 204
888 210
886 216
883 222
877 220
875 214
874 208
873 202
871 196
870 190
869 184
868 178
867 172
866 166
865 160
864 154
864 148
864 142
865 136
866 130
867 124
869 118
872 112
876 106
881 100
887 95
893 91
899 87
905 85
911 83
917 82
923 81
929 81
935 81
941 82
947 83
953 85
959 88
965 91
971 96
977 101
982 107
986 113
989 119
991 125
993 131
993 137
994 143
994 149
993 155
992 161
991 167
989 173
986 179
983 185
979 191
973 196
967 196
962 190
960 184
958 178
956 172
950 167
944 168
939 174
937 180
936 186
935 192
935 198
936 204
937 210
938 216
939 222
940 228
942 234
944 240
946 246
948 252
950 258
953 264
956 270
959 276
963 282
968 288
973 294
979 299
985 302
991 305
997 307
1003 309
1009 310
1015 309
1021 309
1027 307
1033 305
1039 302
1045 297
1051 291
1055 285
1058 279
1060 273
1061 267
1062 261
1061 255
1060 249
1058 243
1052 238
1046 237
1040 238
1034 240
1028 240
1022 236
1019 230
1018 224
1018 218
1020 212
1022 206
1025 200
1028 194
1032 188
1037 182
1042 176
1048 170
1054 165
1060 160
1066 157
1072 154
1078 152
1084 150
1090 150
1096 150
1102 151
1108 152
1114 155
1120 159
1126 163
1131 169
1136 175
1139 181
1142 187
1144 193
1146 199
1146 205
1145 211
1141 217
1135 221
1129 223
1125 229
1124 235
1124 241
1125 247
1127 253
1130 259
1134 265
1138 271
1144 277
1150 282
1156 285
1162 288
1168 290
1174 291
1180 291
1186 291
1192 290
