0 212
6 212
12 212
18 212
24 211
30 211
36 211
42 211
48 211
54 211
60 211
66 211
72 211
78 211
84 211
90 211
96 211
102 211
108 211
114 212
120 212
126 212
132 212
138 212
144 212
150 212
156 212
162 212
168 212
174 212
180 212
186 212
192 212
198 212
204 212
210 212
216 212
222 212
228 212
234 212
240 212
246 212
252 212
258 212
264 211
270 211
276 211
282 211
288 211
294 211
300 211
306 211
312 212
318 212
324 212
330 213
336 213
342 213
348 213
354 213
360 213
366 212
372 212
378 212
384 212
390 212
396 211
402 211
408 211
414 212
420 212
426 212
432 212
438 212
444 212
450 212
456 212
462 212
468 212
474 212
480 212
486 212
492 211
498 211
504 211
510 210
516 210
522 210
528 210
534 210
540 210
546 210
552 211
558 211
564 212
570 212
576 213
582 213
588 214
594 214
600 214
606 214
612 214
618 213
624 213
630 212
636 212
642 212
648 211
654 211
660 211
666 211
672 211
678 211
684 211
690 212
696 212
702 212
708 212
714 212
720 212
726 212
732 212
738 212
744 211
750 211
756 211
762 211
768 211
774 211
780 211
786 211
792 211
798 211
804 212
810 212
816 212
822 213
828 213
834 213
840 213
846 213
852 213
858 213
864 212
870 212
876 212
882 211
888 211
894 211
900 211
906 210
912 210
918 210
924 210
930 210
936 210
942 210
948 211
954 211
960 211
966 211
972 212
978 212
984 212
990 212
996 212
1002 213
1008 213
1014 213
1020 213
1026 213
1032 213
1038 213
1044 213
1050 212
1056 212
1062 212
1068 212
1074 212
1080 212
1086 212
1092 212
1098 212
1104 212
1110 212
1116 212
1122 212
1128 212
1134 212
1140 212
1146 212
1152 212
1158 212
1164 212
1170 212
1176 212
1182 212
1188 212
