0 206
6 204
12 203
18 201
24 199
30 198
36 196
42 194
48 193
54 192
60 192
66 192
72 192
78 193
84 194
90 195
96 196
102 198
108 199
114 201
120 202
126 204
132 205
138 206
144 207
150 207
156 207
162 207
168 207
174 206
180 206
186 205
192 205
198 204
204 204
210 204
216 203
222 203
228 203
234 202
240 202
246 200
252 199
258 197
264 196
270 194
276 193
282 193
288 193
294 194
300 196
306 198
312 201
318 205
324 208
330 210
336 212
342 213
348 213
354 212
360 211
366 209
372 206
378 204
384 201
390 200
396 198
402 198
408 198
414 199
420 200
426 202
432 203
438 205
444 206
450 207
456 208
462 208
468 207
474 206
480 204
486 201
492 198
498 194
504 191
510 188
516 186
522 184
528 184
534 184
540 185
546 187
552 191
558 195
564 201
569 207
575 213
581 217
587 220
593 222
599 223
605 222
611 221
617 218
623 214
629 209
635 204
641 199
647 196
653 193
659 192
665 192
671 192
677 194
683 196
689 199
695 201
701 204
707 206
713 207
719 207
725 206
731 205
737 203
743 200
749 198
755 195
761 193
767 192
773 192
779 192
785 193
791 195
797 198
803 201
809 205
815 208
821 211
827 214
833 215
839 216
845 216
851 215
857 214
863 211
869 208
875 205
881 201
887 197
893 194
899 191
905 189
911 187
917 186
923 186
929 186
935 186
941 188
947 190
953 192
959 195
965 198
971 201
977 203
983 206
989 208
995 210
1001 211
1007 212
1013 212
1019 212
1025 212
1031 211
1037 210
1043 209
1049 207
1055 205
1061 203
1067 202
1073 200
1079 199
1085 198
1091 198
1097 198
1103 198
1109 199
1115 200
1121 201
1127 202
1133 204
1139 205
1145 206
1151 207
1157 207
1163 208
1169 208
1175 208
1181 208
1187 207
1193 207
