0 216
6 215
12 214
18 214
24 213
30 212
36 211
42 210
48 209
54 209
60 209
66 209
72 209
78 209
84 210
90 210
96 211
102 212
108 212
114 213
120 214
126 215
132 215
138 216
144 216
150 217
156 217
162 217
168 217
174 216
180 216
186 216
192 215
198 215
204 215
210 215
216 215
222 215
228 215
234 214
240 214
246 213
252 213
258 212
264 211
270 210
276 210
282 209
288 209
294 210
300 211
306 212
312 214
318 215
324 217
330 218
336 219
342 220
348 220
354 220
360 219
366 218
372 216
378 215
384 214
390 213
396 212
402 212
408 212
414 212
420 213
426 214
432 215
438 216
444 216
450 217
456 217
462 217
468 216
474 216
480 215
486 213
492 212
498 210
504 208
510 207
516 205
522 205
528 204
534 204
540 205
546 206
552 208
558 211
564 214
570 217
576 220
582 222
588 224
594 225
600 225
606 225
612 224
618 222
624 220
630 217
636 215
642 213
648 211
654 210
660 209
666 209
672 209
678 210
684 211
690 213
696 214
702 215
708 216
714 217
720 217
726 216
732 215
738 214
744 213
750 211
756 210
762 209
768 209
774 209
780 209
786 210
792 211
798 212
804 214
810 216
816 218
822 219
828 220
834 221
840 221
846 221
852 220
858 219
864 218
870 217
876 215
882 213
888 211
894 210
900 208
906 207
912 206
918 205
924 205
930 205
936 206
942 207
948 208
954 209
960 211
966 212
972 213
978 215
984 216
990 217
996 218
1002 219
1008 219
1014 219
1020 219
1026 219
1032 219
1038 218
1044 217
1050 217
1056 216
1062 215
1068 214
1074 213
1080 213
1086 212
1092 212
1098 212
1104 212
1110 213
1116 213
1122 214
1128 215
1134 215
1140 216
1146 216
1152 217
1158 217
1164 217
1170 217
1176 217
1182 217
1188 217
