0 216
6 215
12 215
18 214
24 213
30 212
36 212
42 211
48 210
54 210
60 209
66 209
72 210
78 210
84 210
90 211
96 212
102 212
108 213
114 214
120 214
126 215
132 216
138 216
144 217
150 217
156 217
162 217
168 217
174 216
180 216
186 216
192 215
198 215
204 215
210 215
216 215
222 215
228 215
234 215
240 214
246 214
252 213
258 213
264 212
270 211
276 210
282 210
288 210
294 211
300 212
306 213
312 214
318 216
324 217
330 218
336 219
342 220
348 220
354 219
360 219
366 218
372 216
378 215
384 214
390 213
396 213
402 213
408 213
414 213
420 214
426 214
432 215
438 216
444 216
450 217
456 217
462 217
468 217
474 216
480 215
486 214
492 212
498 211
504 209
510 208
516 207
522 206
528 206
534 206
540 206
546 208
552 209
558 212
564 214
570 217
576 219
582 222
588 223
594 224
600 224
606 224
612 223
618 222
624 220
630 217
636 215
642 213
648 212
654 210
660 210
666 210
672 210
678 211
684 212
690 213
696 214
702 216
708 216
714 217
720 217
726 216
732 216
738 215
744 213
750 212
756 211
762 210
768 210
774 210
780 210
786 211
792 212
798 213
804 215
810 216
816 218
822 219
828 220
834 220
840 221
846 221
852 220
858 219
864 218
870 217
876 215
882 214
888 212
894 210
900 209
906 208
912 207
918 207
924 207
930 207
936 207
942 208
948 209
954 210
960 211
966 213
972 214
978 215
984 216
990 217
996 218
1002 219
1008 219
1014 219
1020 219
1026 219
1032 219
1038 218
1044 218
1050 217
1056 216
1062 215
1068 215
1074 214
1080 213
1086 213
1092 213
1098 213
1104 213
1110 213
1116 214
1122 214
1128 215
1134 216
1140 216
1146 216
1152 217
1158 217
1164 217
1170 217
1176 217
1182 217
1188 217
