0 213
6 213
12 212
18 212
24 211
30 210
36 210
42 209
48 208
54 208
60 208
66 208
72 208
78 208
84 209
90 209
96 210
102 210
108 211
114 211
120 212
126 213
132 213
138 214
144 214
150 214
156 214
162 214
168 214
174 214
180 214
186 213
192 213
198 213
204 213
210 213
216 213
222 213
228 213
234 212
240 212
246 212
252 211
258 211
264 210
270 209
276 209
282 208
288 208
294 209
300 210
306 211
312 212
318 213
324 215
330 216
336 216
342 217
348 217
354 217
360 216
366 215
372 214
378 213
384 212
390 211
396 211
402 211
408 211
414 211
420 211
426 212
432 213
438 213
444 214
450 214
456 214
462 214
468 214
474 213
480 213
486 212
492 210
498 209
504 208
510 207
516 206
522 205
528 205
534 205
540 205
546 206
552 208
558 210
564 212
570 214
576 216
582 218
588 220
594 220
600 221
606 220
612 220
618 218
624 217
630 215
636 213
642 211
648 210
654 209
660 208
666 208
672 208
678 209
684 210
690 211
696 212
702 213
708 214
714 214
720 214
726 214
732 213
738 212
744 211
750 210
756 209
762 208
768 208
774 208
780 208
786 209
792 210
798 211
804 212
810 214
816 215
822 216
828 217
834 217
840 218
846 217
852 217
858 216
864 215
870 214
876 213
882 211
888 210
894 209
900 208
906 207
912 206
918 205
924 205
930 205
936 206
942 206
948 207
954 208
960 209
966 211
972 212
978 213
984 214
990 215
996 215
1002 216
1008 216
1014 216
1020 216
1026 216
1032 216
1038 215
1044 215
1050 214
1056 214
1062 213
1068 212
1074 212
1080 211
1086 211
1092 211
1098 211
1104 211
1110 211
1116 212
1122 212
1128 213
1134 213
1140 214
1146 214
1152 214
1158 214
1164 214
1170 214
1176 214
1182 214
1188 214
