0 210
6 210
12 209
18 209
24 208
30 208
36 207
42 206
48 206
54 206
60 205
66 205
72 206
78 206
84 206
90 207
96 207
102 207
108 208
114 209
120 209
126 209
132 210
138 210
144 211
150 211
156 211
162 211
168 211
174 211
180 210
186 210
192 210
198 210
204 209
210 209
216 209
222 209
228 209
234 209
240 209
246 209
252 208
258 208
264 207
270 207
276 206
282 206
288 206
294 206
300 207
306 208
312 209
318 210
324 211
330 212
336 213
342 213
348 213
354 213
360 212
366 211
372 211
378 210
384 209
390 208
396 208
402 208
408 208
414 208
420 209
426 209
432 210
438 210
444 210
450 211
456 211
462 211
468 211
474 210
480 209
486 209
492 208
498 207
504 205
510 204
516 204
522 203
528 203
534 203
540 203
546 204
552 205
558 207
564 209
570 211
576 213
582 214
588 215
594 216
600 216
606 216
612 215
618 214
624 213
630 211
636 210
642 208
648 207
654 206
660 206
666 206
672 206
678 206
684 207
690 208
696 209
702 210
708 211
714 211
720 211
726 211
732 210
738 209
744 208
750 207
756 206
762 206
768 206
774 205
780 206
786 206
792 207
798 208
804 209
810 210
816 211
822 212
828 213
834 213
840 214
846 214
852 213
858 213
864 212
870 211
876 210
882 208
888 207
894 206
900 205
906 204
912 204
918 203
924 203
930 203
936 204
942 204
948 205
954 206
960 207
966 208
972 209
978 210
984 210
990 211
996 212
1002 212
1008 212
1014 213
1020 213
1026 212
1032 212
1038 212
1044 211
1050 211
1056 210
1062 210
1068 209
1074 209
1080 208
1086 208
1092 208
1098 208
1104 208
1110 208
1116 209
1122 209
1128 210
1134 210
1140 210
1146 211
1152 211
1158 211
1164 211
1170 211
1176 211
1182 211
1188 211
