0 199
6 197
12 196
18 195
24 194
30 193
36 193
42 194
48 194
54 196
60 198
66 200
72 203
78 206
84 209
90 211
96 214
102 216
108 218
114 219
120 219
126 219
132 218
138 217
144 215
150 212
156 209
162 206
168 203
174 200
180 198
186 196
192 194
198 193
204 192
210 192
216 193
222 194
228 195
234 196
240 198
246 200
252 201
258 203
264 204
270 206
276 206
282 207
288 207
294 207
300 207
306 206
312 206
318 205
324 204
330 204
336 203
342 203
348 203
354 203
360 203
366 203
372 203
378 203
384 204
390 204
396 204
402 204
408 204
414 203
420 203
426 202
432 201
438 201
444 200
450 199
456 199
462 199
468 199
474 199
480 200
486 201
492 202
498 204
504 206
510 208
516 209
522 211
528 213
534 214
540 215
546 216
552 216
558 216
564 215
570 214
576 213
582 211
588 208
594 206
600 203
606 201
612 198
618 196
624 194
630 193
636 192
642 192
648 192
654 192
660 193
666 194
672 196
678 198
684 200
690 202
696 204
702 206
708 207
714 209
720 210
726 210
732 210
738 210
744 210
750 209
756 208
762 206
768 205
774 203
780 201
786 200
792 199
798 198
804 197
810 196
816 196
822 196
828 196
834 197
840 198
846 199
852 201
858 202
864 203
870 205
876 206
882 207
888 208
894 208
900 209
906 209
912 209
918 208
924 208
930 207
936 207
942 206
948 206
954 205
960 205
966 205
972 205
978 206
984 206
990 207
996 207
1002 208
1008 208
1014 209
1020 209
1026 209
1032 209
1038 209
1044 208
1050 207
1056 206
1062 205
1068 204
1074 203
1080 202
1086 201
1092 200
1098 200
1104 200
1110 200
1116 200
1122 201
1128 202
1134 202
1140 203
1146 204
1152 204
1158 205
1164 205
1170 204
1176 204
1182 203
1188 202
