0 205
6 203
12 201
18 199
24 197
30 196
36 196
42 197
48 198
54 200
60 202
66 206
72 211
78 216
84 221
90 225
96 229
102 232
108 235
114 236
120 236
126 236
132 235
138 233
144 230
150 227
156 222
162 217
168 211
174 207
180 203
186 199
192 197
198 196
204 195
210 195
216 195
222 197
228 198
234 201
240 203
246 206
252 209
258 212
264 214
270 216
276 217
282 218
288 218
294 218
300 218
306 217
312 216
318 215
324 214
330 213
336 213
342 212
348 212
354 211
360 211
366 212
372 212
378 212
384 213
390 213
396 213
402 213
408 212
414 212
420 211
426 210
432 209
438 208
444 207
450 206
456 205
462 205
468 205
474 205
480 207
486 208
492 210
498 213
504 216
510 219
516 222
522 225
528 228
534 230
540 231
546 232
552 233
558 232
564 231
570 230
576 227
582 224
588 220
594 216
600 212
606 207
612 203
618 200
624 197
630 196
636 194
642 194
648 194
654 194
660 196
666 197
672 200
678 203
684 206
690 210
696 213
702 216
708 219
714 221
720 223
726 223
732 224
738 224
744 223
750 221
756 220
762 217
768 215
774 212
780 209
786 207
792 205
798 203
804 202
810 201
816 200
822 200
828 201
834 202
840 203
846 205
852 207
858 210
864 212
870 214
876 216
882 217
888 219
894 220
900 220
906 220
912 220
918 219
924 219
930 218
936 217
942 216
948 215
954 215
960 214
966 214
972 215
978 215
984 216
990 217
996 218
1002 219
1008 220
1014 220
1020 221
1026 221
1032 221
1038 220
1044 219
1050 218
1056 216
1062 214
1068 213
1074 211
1080 209
1086 208
1092 207
1098 207
1104 207
1110 207
1116 207
1122 208
1128 210
1134 211
1140 212
1146 213
1152 214
1158 214
1164 214
1170 214
1176 213
1182 212
1188 210
