0 199
6 199
12 199
18 198
24 198
30 198
36 198
42 198
48 198
54 198
60 199
66 199
72 199
78 200
84 200
90 201
96 201
102 202
108 202
114 202
120 202
126 202
132 202
138 202
144 201
150 201
156 200
162 200
168 200
174 199
180 199
186 198
192 198
198 198
204 198
210 198
216 198
222 198
228 198
234 199
240 199
246 199
252 199
258 200
264 200
270 200
276 200
282 200
288 200
294 200
300 200
306 200
312 200
318 200
324 200
330 199
336 199
342 199
348 199
354 199
360 199
366 199
372 200
378 200
384 200
390 200
396 200
402 200
408 200
414 200
420 200
426 200
432 200
438 199
444 199
450 199
456 199
462 199
468 199
474 199
480 199
486 199
492 200
498 200
504 200
510 200
516 201
522 201
528 201
534 201
540 202
546 202
552 202
558 202
564 202
570 201
576 201
582 201
588 200
594 200
600 200
606 199
612 199
618 199
624 198
630 198
636 198
642 198
648 198
654 198
660 198
666 198
672 198
678 199
684 199
690 199
696 200
702 200
708 200
714 200
720 200
726 200
732 200
738 200
744 200
750 200
756 200
762 200
768 200
774 199
780 199
786 199
792 199
798 199
804 199
810 199
816 198
822 199
828 199
834 199
840 199
846 199
852 199
858 199
864 200
870 200
876 200
882 200
888 200
894 201
900 201
906 201
912 201
918 201
924 201
930 200
936 200
942 200
948 200
954 200
960 200
966 200
972 200
978 200
984 200
990 200
996 200
1002 201
1008 201
1014 201
1020 201
1026 201
1032 201
1038 201
1044 201
1050 200
1056 200
1062 200
1068 200
1074 200
1080 199
1086 199
1092 199
1098 199
1104 199
1110 199
1116 199
1122 199
1128 199
1134 199
1140 199
1146 200
1152 200
1158 200
1164 200
1170 200
1176 200
1182 200
1188 199
