0 205
6 205
12 205
18 204
24 204
30 204
36 204
42 204
48 204
54 205
60 205
66 205
72 205
78 206
84 206
90 206
96 206
102 207
108 207
114 207
120 207
126 207
132 207
138 207
144 206
150 206
156 206
162 206
168 205
174 205
180 205
186 205
192 204
198 204
204 204
210 204
216 204
222 204
228 205
234 205
240 205
246 205
252 205
258 205
264 205
270 206
276 206
282 206
288 206
294 206
300 206
306 206
312 205
318 205
324 205
330 205
336 205
342 205
348 205
354 205
360 205
366 205
372 205
378 205
384 205
390 205
396 205
402 206
408 206
414 205
420 205
426 205
432 205
438 205
444 205
450 205
456 205
462 205
468 205
474 205
480 205
486 205
492 205
498 205
504 206
510 206
516 206
522 206
528 206
534 207
540 207
546 207
552 207
558 207
564 207
570 206
576 206
582 206
588 206
594 206
600 205
606 205
612 205
618 205
624 205
630 204
636 204
642 204
648 204
654 204
660 204
666 204
672 205
678 205
684 205
690 205
696 205
702 205
708 206
714 206
720 206
726 206
732 206
738 206
744 206
750 206
756 206
762 205
768 205
774 205
780 205
786 205
792 205
798 205
804 205
810 205
816 205
822 205
828 205
834 205
840 205
846 205
852 205
858 205
864 205
870 206
876 206
882 206
888 206
894 206
900 206
906 206
912 206
918 206
924 206
930 206
936 206
942 206
948 206
954 206
960 206
966 206
972 206
978 206
984 206
990 206
996 206
1002 206
1008 206
1014 206
1020 206
1026 206
1032 206
1038 206
1044 206
1050 206
1056 206
1062 206
1068 205
1074 205
1080 205
1086 205
1092 205
1098 205
1104 205
1110 205
1116 205
1122 205
1128 205
1134 205
1140 205
1146 205
1152 205
1158 205
1164 205
1170 205
1176 205
1182 205
1188 205
