0 213
6 213
12 212
18 212
24 212
30 211
36 211
42 212
48 212
54 212
60 213
66 214
72 214
78 215
84 216
90 217
96 218
102 219
108 219
114 220
120 220
126 220
132 219
138 219
144 218
150 217
156 217
162 216
168 215
174 214
180 213
186 212
192 212
198 211
204 211
210 211
216 211
222 212
228 212
234 213
240 213
246 214
252 214
258 215
264 215
270 215
276 216
282 216
288 216
294 216
300 216
306 215
312 215
318 215
324 215
330 215
336 214
342 214
348 214
354 214
360 214
366 214
372 215
378 215
384 215
390 215
396 215
402 215
408 215
414 215
420 215
426 215
432 214
438 214
444 214
450 214
456 214
462 213
468 213
474 214
480 214
486 214
492 215
498 215
504 216
510 216
516 217
522 217
528 218
534 218
540 219
546 219
552 219
558 219
564 219
570 218
576 218
582 217
588 216
594 216
600 215
606 214
612 213
618 213
624 212
630 212
636 211
642 211
648 211
654 211
660 211
666 212
672 212
678 213
684 213
690 214
696 215
702 215
708 216
714 216
720 216
726 217
732 217
738 217
744 217
750 216
756 216
762 215
768 215
774 214
780 214
786 214
792 213
798 213
804 213
810 212
816 212
822 212
828 213
834 213
840 213
846 214
852 214
858 214
864 215
870 215
876 216
882 216
888 216
894 216
900 217
906 217
912 217
918 217
924 216
930 216
936 216
942 216
948 216
954 216
960 215
966 215
972 216
978 216
984 216
990 216
996 216
1002 216
1008 217
1014 217
1020 217
1026 217
1032 217
1038 217
1044 217
1050 216
1056 216
1062 215
1068 215
1074 215
1080 214
1086 214
1092 214
1098 213
1104 213
1110 213
1116 214
1122 214
1128 214
1134 214
1140 214
1146 215
1152 215
1158 215
1164 215
1170 215
1176 215
1182 215
1188 214
