0 208
6 208
12 208
18 207
24 207
30 207
36 207
42 207
48 207
54 208
60 208
66 209
72 209
78 210
84 211
90 211
96 212
102 212
108 213
114 213
120 213
126 213
132 213
138 213
144 212
150 211
156 211
162 210
168 209
174 209
180 208
186 208
192 207
198 207
204 207
210 207
216 207
222 207
228 207
234 208
240 208
246 209
252 209
258 209
264 210
270 210
276 210
282 210
288 210
294 210
300 210
306 210
312 210
318 210
324 209
330 209
336 209
342 209
348 209
354 209
360 209
366 209
372 209
378 209
384 210
390 210
396 210
402 210
408 210
414 210
420 210
426 209
432 209
438 209
444 209
450 209
456 209
462 209
468 209
474 209
480 209
486 209
492 209
498 210
504 210
510 211
516 211
522 211
528 212
534 212
540 212
546 213
552 213
558 213
564 212
570 212
576 212
582 211
588 211
594 210
600 210
606 209
612 208
618 208
624 207
630 207
636 207
642 207
648 207
654 207
660 207
666 207
672 208
678 208
684 208
690 209
696 209
702 210
708 210
714 210
720 211
726 211
732 211
738 211
744 211
750 211
756 210
762 210
768 210
774 209
780 209
786 209
792 208
798 208
804 208
810 208
816 208
822 208
828 208
834 208
840 208
846 209
852 209
858 209
864 210
870 210
876 210
882 210
888 211
894 211
900 211
906 211
912 211
918 211
924 211
930 211
936 210
942 210
948 210
954 210
960 210
966 210
972 210
978 210
984 210
990 210
996 211
1002 211
1008 211
1014 211
1020 211
1026 211
1032 211
1038 211
1044 211
1050 211
1056 210
1062 210
1068 210
1074 209
1080 209
1086 209
1092 209
1098 209
1104 208
1110 208
1116 209
1122 209
1128 209
1134 209
1140 209
1146 209
1152 210
1158 210
1164 210
1170 210
1176 210
1182 209
1188 209
