0 187
6 182
12 177
18 174
24 171
30 170
36 169
42 170
48 171
54 173
60 177
66 182
71 188
74 194
76 200
78 206
79 212
81 218
82 224
84 230
87 236
91 242
97 248
103 252
109 254
115 255
121 256
127 255
133 254
139 251
145 248
151 242
155 236
158 230
160 224
161 218
162 212
163 206
165 200
167 194
170 188
174 182
179 176
185 172
191 169
197 167
203 166
209 166
215 167
221 168
227 171
233 175
239 180
245 186
249 192
254 198
259 204
265 210
271 214
277 217
283 219
289 219
295 219
301 219
307 217
313 215
319 213
325 211
331 208
337 206
343 205
349 204
355 203
361 203
367 203
373 204
379 204
385 204
391 204
397 204
403 203
409 202
415 200
421 198
427 196
433 193
439 191
445 189
451 187
457 186
463 185
469 186
475 187
481 188
487 191
493 196
499 201
503 207
507 213
511 219
514 225
519 231
524 237
530 241
536 245
542 247
548 248
554 248
560 248
566 246
572 244
578 240
584 234
588 228
591 222
594 216
595 210
597 204
599 198
601 192
604 186
608 180
614 174
620 170
626 166
632 164
638 163
644 163
650 163
656 165
662 167
668 170
674 175
680 181
684 187
688 193
691 199
694 205
697 211
702 217
708 223
714 227
720 230
726 232
732 232
738 232
744 230
750 228
756 224
762 219
767 213
772 207
776 201
781 195
787 189
793 184
799 181
805 178
811 177
817 176
823 176
829 177
835 179
841 182
847 186
853 191
859 196
864 202
870 207
876 212
882 216
888 219
894 220
900 221
906 221
912 221
918 220
924 218
930 216
936 214
942 212
948 210
954 209
960 208
966 208
972 209
978 210
984 211
990 213
996 216
1002 218
1008 220
1014 221
1020 222
1026 222
1032 222
1038 220
1044 218
1050 215
1056 212
1062 207
1068 203
1074 199
1080 196
1086 193
1092 192
1098 191
1104 191
1110 192
1116 194
1122 196
1128 199
1134 202
1140 205
1146 207
1152 209
1158 210
1164 210
1170 209
1176 207
1182 204
1188 199
