0 223
6 220
12 217
18 212
24 207
29 201
32 195
34 189
34 183
33 177
30 171
24 165
18 163
12 161
6 159
0 155
1195 149
1192 143
1191 137
1191 131
1192 125
1195 119
1199 113
5 107
11 103
17 100
23 98
29 97
35 96
41 96
47 97
53 99
59 101
65 104
71 108
77 114
83 120
87 126
90 132
93 138
96 144
98 150
100 156
102 162
104 168
105 174
107 180
108 186
109 192
110 198
111 204
112 210
113 216
114 222
115 228
115 234
116 240
116 246
116 252
116 258
116 264
113 270
107 273
101 271
95 265
90 259
86 253
82 247
76 242
70 242
64 246
59 252
56 258
53 264
51 270
50 276
49 282
49 288
50 294
51 300
53 306
56 312
59 318
64 324
69 330
75 334
81 338
87 341
93 344
99 345
105 347
111 347
117 348
123 348
129 347
135 346
141 345
147 343
153 341
159 338
165 334
171 329
176 323
180 317
183 311
186 305
187 299
189 293
189 287
189 281
189 275
188 269
186 263
185 257
182 251
180 245
176 239
170 234
164 237
160 243
157 249
153 255
149 261
143 267
137 267
134 261
134 255
134 249
134 243
134 237
134 231
134 225
134 219
135 213
135 207
136 201
137 195
138 189
138 183
139 177
140 171
142 165
143 159
144 153
146 147
147 141
149 135
152 129
154 123
158 117
163 111
168 105
174 100
180 97
186 94
192 92
198 90
204 89
210 89
216 89
222 90
228 92
234 94
240 97
246 101
252 106
257 112
261 118
264 124
266 130
267 136
267 142
267 148
265 154
263 160
258 166
252 170
246 172
240 172
234 171
228 171
222 171
216 175
212 181
210 187
209 193
210 199
212 205
214 211
217 217
221 223
226 229
231 235
237 241
243 247
249 252
255 256
261 260
267 263
273 265
279 266
285 267
291 267
297 266
303 264
309 260
315 255
319 249
322 243
325 237
328 231
331 225
337 219
343 215
349 212
355 210
361 208
367 207
373 206
379 205
385 204
391 203
397 202
403 200
409 197
415 193
421 187
425 181
427 175
428 169
429 163
431 157
433 151
438 145
444 140
450 137
456 135
462 134
468 134
474 134
480 135
486 137
492 140
498 144
504 148
510 154
516 160
520 166
525 172
529 178
532 184
536 190
539 196
542 202
545 208
547 214
549 220
551 226
552 232
553 238
552 244
550 250
546 256
540 259
534 260
528 258
522 256
516 254
510 252
504 252
498 256
493 262
490 268
489 274
488 280
488 286
489 292
491 298
493 304
496 310
501 316
506 322
512 327
518 330
524 333
530 335
536 337
542 338
548 339
554 339
560 338
566 337
572 336
578 334
584 331
590 328
596 324
602 319
607 313
611 307
614 301
617 295
619 289
621 283
622 277
623 271
624 265
625 259
625 253
625 247
625 241
625 235
624 229
623 223
622 217
621 211
618 205
612 202
606 207
602 213
598 219
592 225
586 223
582 217
580 211
579 205
577 199
576 193
575 187
574 181
573 175
572 169
572 163
572 157
572 151
572 145
573 139
574 133
576 127
578 121
581 115
585 109
590 103
596 97
602 93
608 89
614 87
620 84
626 83
632 82
638 82
644 82
650 82
656 84
662 85
668 88
674 91
680 95
686 100
691 106
695 112
698 118
701 124
703 130
704 136
705 142
705 148
705 154
705 160
704 166
703 172
702 178
699 184
693 190
687 190
681 187
675 183
669 179
663 178
657 181
654 187
654 193
654 199
655 205
656 211
658 217
661 223
663 229
666 235
669 241
672 247
676 253
679 259
683 265
688 271
693 277
699 283
705 288
711 291
717 294
723 296
729 297
735 298
741 297
747 296
753 294
759 291
765 287
771 281
775 275
778 269
781 263
783 257
784 251
785 245
786 239
786 233
785 227
784 221
781 215
775 211
769 210
763 211
757 211
751 209
746 203
744 197
744 191
745 185
746 179
748 173
750 167
753 161
756 155
759 149
763 143
767 137
771 131
777 125
783 119
789 115
795 111
801 108
807 106
813 104
819 103
825 103
831 103
837 104
843 105
849 107
855 110
861 113
867 118
872 124
877 130
880 136
882 142
883 148
883 154
883 160
881 166
878 172
872 178
866 181
860 182
854 183
848 185
842 188
838 194
837 200
836 206
837 212
838 218
839 224
841 230
844 236
847 242
851 248
856 254
862 260
868 264
874 267
880 269
886 270
892 270
898 269
904 267
910 262
915 256
919 250
921 244
924 238
928 232
932 226
938 221
944 218
950 216
956 215
962 215
968 216
974 218
980 221
986 226
991 232
994 238
997 244
999 250
1001 256
1004 262
1008 268
1014 274
1020 278
1026 280
1032 281
1038 281
1044 281
1050 279
1056 276
1062 271
1068 265
1072 259
1074 253
1075 247
1076 241
1075 235
1073 229
1070 223
1064 217
1058 211
1052 205
1049 199
1047 193
1047 187
1047 181
1048 175
1051 169
1055 163
1061 157
1067 153
1073 150
1079 148
1085 147
1091 148
1097 148
1103 150
1109 153
1115 156
1121 162
1127 168
1130 174
1133 180
1135 186
1137 192
1138 198
1141 204
1144 210
1149 216
1155 221
1161 224
1167 226
1173 227
1179 228
1185 227
1191 226
