0 207
6 206
12 205
18 205
24 204
30 204
36 204
42 204
48 204
54 205
60 206
66 207
72 208
78 210
84 211
90 213
96 214
102 215
108 216
114 216
120 217
126 216
132 216
138 215
144 214
150 213
156 212
162 210
168 209
174 207
180 206
186 205
192 204
198 204
204 203
210 203
216 204
222 204
228 205
234 205
240 206
246 207
252 208
258 209
264 209
270 210
276 210
282 210
288 211
294 210
300 210
306 210
312 210
318 209
324 209
330 209
336 209
342 208
348 208
354 208
360 208
366 209
372 209
378 209
384 209
390 209
396 209
402 209
408 209
414 209
420 209
426 208
432 208
438 208
444 207
450 207
456 207
462 207
468 207
474 207
480 207
486 208
492 208
498 209
504 210
510 211
516 212
522 213
528 214
534 214
540 215
546 215
552 215
558 215
564 215
570 214
576 213
582 212
588 211
594 210
600 209
606 208
612 207
618 205
624 205
630 204
636 203
642 203
648 203
654 203
660 204
666 204
672 205
678 206
684 207
690 208
696 209
702 210
708 211
714 211
720 212
726 212
732 212
738 212
744 212
750 211
756 211
762 210
768 209
774 209
780 208
786 207
792 206
798 206
804 206
810 205
816 205
822 205
828 205
834 206
840 206
846 207
852 208
858 208
864 209
870 210
876 210
882 211
888 211
894 211
900 212
906 212
912 212
918 211
924 211
930 211
936 211
942 210
948 210
954 210
960 210
966 210
972 210
978 210
984 210
990 211
996 211
1002 211
1008 212
1014 212
1020 212
1026 212
1032 212
1038 212
1044 211
1050 211
1056 210
1062 210
1068 209
1074 209
1080 208
1086 208
1092 207
1098 207
1104 207
1110 207
1116 207
1122 207
1128 208
1134 208
1140 209
1146 209
1152 209
1158 209
1164 209
1170 209
1176 209
1182 209
1188 208
