0 197
6 192
12 189
18 186
24 184
30 183
36 182
42 183
48 184
54 186
60 190
66 195
71 201
75 207
78 213
81 219
84 225
87 231
92 237
98 242
104 246
110 248
116 249
122 250
128 249
134 247
140 245
146 240
152 234
156 228
160 222
162 216
165 210
168 204
172 198
177 192
183 187
189 184
195 181
201 180
207 180
213 180
219 181
225 183
231 186
237 190
243 195
249 200
255 206
261 210
267 214
273 217
279 219
285 220
291 221
297 220
303 219
309 218
315 217
321 215
327 213
333 211
339 210
345 209
351 209
357 208
363 208
369 209
375 209
381 209
387 210
393 210
399 209
405 209
411 208
417 206
423 205
429 203
435 201
441 199
447 198
453 196
459 196
465 195
471 196
477 197
483 199
489 202
495 206
501 211
507 217
513 223
519 229
525 234
531 238
537 240
543 242
549 243
555 243
561 243
567 241
573 238
579 234
585 229
590 223
593 217
597 211
600 205
604 199
609 193
615 188
621 184
627 181
633 179
639 178
645 178
651 178
657 179
663 182
669 185
675 189
681 194
686 200
691 206
696 212
702 218
708 222
714 226
720 228
726 230
732 230
738 230
744 229
750 226
756 223
762 219
768 215
774 209
780 204
786 199
792 195
798 192
804 190
810 189
816 188
822 188
828 189
834 191
840 193
846 196
852 199
858 203
864 208
870 212
876 215
882 218
888 220
894 222
900 222
906 222
912 222
918 221
924 220
930 218
936 217
942 215
948 214
954 213
960 213
966 212
972 213
978 214
984 215
990 217
996 218
1002 220
1008 221
1014 222
1020 223
1026 223
1032 223
1038 222
1044 220
1050 218
1056 215
1062 212
1068 209
1074 206
1080 203
1086 202
1092 200
1098 200
1104 200
1110 200
1116 201
1122 203
1128 205
1134 207
1140 209
1146 211
1152 213
1158 213
1164 213
1170 212
1176 211
1182 208
1188 205
