0 218
6 222
12 224
18 226
24 227
30 226
36 225
42 222
48 218
54 213
59 207
62 201
65 195
66 189
65 183
63 177
57 172
51 170
45 168
39 162
37 156
37 150
38 144
41 138
45 132
50 126
56 122
62 118
68 115
74 114
80 112
86 112
92 112
98 112
104 113
110 115
116 117
122 120
128 123
134 127
140 133
146 139
150 145
154 151
157 157
159 163
161 169
162 175
163 181
164 187
164 193
164 199
163 205
162 211
159 217
156 223
150 227
144 227
138 224
132 224
126 227
122 233
120 239
118 245
117 251
117 257
117 263
118 269
119 275
121 281
124 287
127 293
132 299
138 305
144 310
150 314
156 317
162 319
168 321
174 322
180 323
186 323
192 323
198 322
204 321
210 319
216 316
222 313
228 308
234 302
239 296
242 290
244 284
245 278
244 272
242 266
236 260
232 254
232 248
233 242
236 236
239 230
243 224
248 218
253 212
258 206
263 200
267 194
271 188
273 182
275 176
276 170
276 164
276 158
277 152
279 146
282 140
286 134
291 128
297 123
303 119
309 116
315 113
321 111
327 110
333 110
339 109
345 110
351 111
357 112
363 115
369 117
375 121
381 126
387 132
392 138
395 144
398 150
400 156
402 162
403 168
403 174
403 180
402 186
400 192
396 198
390 201
384 202
378 202
372 207
369 213
368 219
368 225
368 231
369 237
370 243
372 249
375 255
378 261
383 267
388 273
394 279
400 284
406 288
412 291
418 293
424 295
430 297
436 298
442 298
448 298
454 298
460 297
466 295
472 293
478 290
484 286
490 281
495 275
498 269
501 263
503 257
503 251
503 245
502 239
499 233
493 229
487 227
481 225
475 219
473 213
472 207
472 201
473 195
474 189
477 183
480 177
484 171
489 165
495 160
501 157
507 154
513 153
519 153
525 153
531 154
537 157
543 160
549 165
553 171
556 177
557 183
557 189
557 195
557 201
558 207
561 213
566 219
572 223
578 226
584 228
590 229
596 229
602 227
608 225
614 222
620 218
626 213
631 207
636 201
639 195
641 189
641 183
639 177
634 171
628 169
622 168
616 164
612 158
611 152
611 146
613 140
616 134
621 128
627 123
633 120
639 118
645 117
651 117
657 118
663 119
669 121
675 125
681 129
686 135
690 141
694 147
696 153
698 159
699 165
700 171
700 177
700 183
700 189
700 195
700 201
699 207
698 213
697 219
695 225
689 229
683 227
677 222
671 222
665 227
661 233
659 239
657 245
655 251
655 257
655 263
656 269
658 275
661 281
665 287
671 293
677 297
683 300
689 302
695 304
701 304
707 304
713 302
719 300
725 297
731 293
737 287
741 281
745 275
747 269
749 263
751 257
751 251
752 245
751 239
746 233
740 233
734 236
728 237
722 232
721 226
722 220
723 214
724 208
726 202
728 196
731 190
733 184
736 178
740 172
744 166
750 160
756 156
762 153
768 151
774 151
780 151
786 152
792 155
798 159
804 163
809 169
814 175
818 181
822 187
825 193
828 199
830 205
832 211
833 217
833 223
830 229
824 233
818 232
812 230
806 227
800 229
795 235
794 241
794 247
794 253
795 259
797 265
799 271
803 277
807 283
813 289
819 293
825 295
831 297
837 298
843 297
849 296
855 294
861 291
867 287
872 281
877 275
880 269
883 263
886 257
888 251
890 245
891 239
893 233
894 227
895 221
895 215
896 209
896 203
895 197
892 191
886 189
880 195
876 201
870 206
864 204
861 198
858 192
857 186
856 180
855 174
854 168
854 162
854 156
855 150
856 144
859 138
862 132
866 126
872 120
878 116
884 113
890 111
896 110
902 109
908 109
914 110
920 112
926 115
932 119
938 124
943 130
947 136
950 142
952 148
953 154
954 160
955 166
956 172
956 178
956 184
956 190
956 196
955 202
954 208
951 214
945 214
940 208
936 202
930 196
924 201
923 207
922 213
922 219
922 225
922 231
923 237
924 243
925 249
926 255
927 261
929 267
931 273
934 279
938 285
943 291
949 296
955 299
961 302
967 303
973 304
979 303
985 302
991 300
997 297
1003 293
1008 287
1012 281
1015 275
1017 269
1019 263
1020 257
1020 251
1021 245
1021 239
1020 233
1019 227
1018 221
1014 215
1008 214
1002 219
996 225
990 227
984 221
983 215
983 209
983 203
984 197
986 191
987 185
989 179
991 173
993 167
996 161
999 155
1002 149
1006 143
1011 137
1017 132
1023 127
1029 124
1035 122
1041 121
1047 120
1053 120
1059 121
1065 122
1071 125
1077 128
1083 133
1088 139
1092 145
1095 151
1096 157
1097 163
1098 169
1097 175
1096 181
1094 187
1090 193
1085 199
1079 201
1073 199
1067 195
1061 195
1055 199
1053 205
1052 211
1052 217
1052 223
1054 229
1055 235
1057 241
1059 247
1062 253
1065 259
1068 265
1072 271
1076 277
1082 283
1088 287
1094 291
1100 294
1106 295
1112 296
1118 296
1124 295
1130 293
1136 290
1142 284
1146 278
1148 272
1148 266
1146 260
1140 254
1134 252
1128 249
1123 243
1121 237
1122 231
1124 225
1128 219
1134 213
1140 208
1146 205
1152 203
1158 201
1164 201
1170 202
1176 203
1182 206
1188 209
