0 200
6 200
12 200
18 200
24 199
30 199
36 199
42 198
48 198
54 198
60 198
66 198
72 198
78 198
84 198
90 198
96 198
102 198
108 198
114 199
120 199
126 199
132 199
138 200
144 200
150 200
156 201
162 201
168 202
174 202
180 202
186 202
192 202
198 202
204 202
210 202
216 201
222 201
228 201
234 200
240 200
246 200
252 200
258 200
264 200
270 200
276 199
282 199
288 199
294 199
300 199
306 199
312 198
318 198
324 198
330 198
336 198
342 198
348 198
354 198
360 198
366 199
372 199
378 199
384 200
390 200
396 200
402 200
408 201
414 201
420 201
426 201
432 201
438 201
444 201
450 201
456 201
462 201
468 201
474 201
480 201
486 200
492 200
498 200
504 199
510 199
516 199
522 199
528 198
534 198
540 198
546 198
552 199
558 199
564 199
570 199
576 199
582 199
588 199
594 199
600 199
606 199
612 199
618 198
624 198
630 198
636 197
642 197
648 197
654 197
660 198
666 198
672 199
678 200
684 200
690 201
696 201
702 202
708 202
714 202
720 201
726 201
732 200
738 200
744 200
750 199
756 199
762 199
768 199
774 199
780 199
786 199
792 199
798 200
804 200
810 200
816 201
822 201
828 201
834 202
840 202
846 201
852 201
858 201
864 200
870 200
876 199
882 198
888 198
894 197
900 197
906 197
912 197
918 197
924 198
930 198
936 199
942 200
948 200
954 201
960 201
966 202
972 202
978 202
984 201
990 201
996 201
1002 200
1008 200
1014 199
1020 199
1026 198
1032 198
1038 198
1044 198
1050 198
1056 198
1062 198
1068 198
1074 199
1080 199
1086 200
1092 200
1098 201
1104 201
1110 201
1116 201
1122 201
1128 201
1134 201
1140 200
1146 200
1152 200
1158 199
1164 199
1170 199
1176 199
1182 199
1188 199
