0 201
6 202
12 202
18 202
24 201
30 199
36 198
42 196
48 193
54 192
60 190
66 189
72 188
78 188
84 188
90 188
96 189
102 190
108 191
114 192
120 194
126 195
132 198
138 200
144 203
150 206
156 208
162 211
168 213
174 214
180 215
186 215
192 215
198 215
204 213
210 212
216 210
222 208
228 206
234 205
240 203
246 202
252 201
258 200
264 200
270 199
276 198
282 198
288 197
294 195
300 194
306 192
312 191
318 189
324 188
330 188
336 187
342 187
348 188
354 189
360 191
366 193
372 196
378 198
384 200
390 202
396 204
402 205
408 206
414 207
420 208
426 208
432 208
438 209
444 209
450 209
456 209
462 209
468 208
474 208
480 206
486 205
492 203
498 201
504 199
510 197
516 195
522 194
528 193
534 193
540 193
546 194
552 195
558 197
564 198
570 200
576 201
582 201
588 201
594 201
600 200
606 198
612 195
618 193
624 190
630 188
636 187
642 186
648 186
654 187
660 189
666 192
672 197
678 201
684 206
690 210
696 212
702 214
708 214
714 214
720 212
726 210
732 207
738 203
744 200
750 196
756 194
762 192
768 191
774 191
780 192
786 193
792 195
798 198
804 202
810 205
816 209
822 211
828 213
834 214
840 214
846 213
852 211
858 208
864 204
870 199
876 194
882 190
888 186
894 184
900 183
906 183
912 183
918 185
924 188
930 192
936 197
942 202
948 207
954 210
960 213
966 215
972 215
978 215
984 214
990 212
996 209
1002 205
1008 201
1014 197
1020 193
1026 191
1032 188
1038 187
1044 186
1050 187
1056 187
1062 189
1068 191
1074 195
1080 198
1086 202
1092 205
1098 208
1104 210
1110 211
1116 212
1122 211
1128 210
1134 208
1140 206
1146 203
1152 201
1158 199
1164 198
1170 197
1176 197
1182 198
1188 199
