0 212
6 214
12 216
18 218
24 218
30 218
36 218
42 217
48 216
54 214
60 211
66 208
72 205
78 201
84 197
90 193
96 187
102 181
107 175
110 169
113 163
113 157
113 151
111 145
107 139
101 133
95 130
89 129
83 129
77 132
71 137
66 143
62 149
56 154
50 157
44 157
38 155
32 151
27 145
25 139
23 133
23 127
23 121
24 115
26 109
29 103
32 97
37 91
43 85
49 80
55 76
61 73
67 71
73 70
79 68
85 68
91 68
97 68
103 69
109 70
115 71
121 74
127 76
133 80
139 84
145 89
151 94
156 100
161 106
165 112
168 118
171 124
174 130
177 136
179 142
181 148
183 154
184 160
185 166
186 172
187 178
187 184
187 190
186 196
186 202
185 208
183 214
182 220
180 226
177 232
175 238
172 244
168 250
163 256
157 261
151 263
145 260
143 254
144 248
145 242
146 236
147 230
148 224
149 218
149 212
145 206
139 207
133 212
127 218
121 224
116 230
111 236
107 242
104 248
101 254
99 260
97 266
96 272
95 278
94 284
94 290
95 296
96 302
97 308
99 314
102 320
105 326
109 332
114 338
120 344
126 348
132 352
138 355
144 357
150 359
156 361
162 362
168 363
174 363
180 364
186 364
192 364
198 363
204 363
210 362
216 360
222 358
228 356
234 353
240 350
246 345
252 339
257 333
260 327
263 321
265 315
267 309
267 303
268 297
267 291
267 285
265 279
263 273
257 267
251 267
245 272
241 278
237 284
234 290
228 296
222 298
216 294
214 288
214 282
215 276
217 270
219 264
222 258
225 252
229 246
232 240
237 234
241 228
246 222
251 216
255 210
260 204
265 198
269 192
273 186
276 180
279 174
281 168
282 162
281 156
275 154
269 156
263 157
258 151
257 145
257 139
257 133
258 127
259 121
261 115
263 109
266 103
269 97
273 91
279 85
285 79
291 75
297 71
303 68
309 66
315 64
321 62
327 62
333 61
339 61
345 61
351 62
357 63
363 65
369 67
375 69
381 72
387 76
393 81
399 87
404 93
408 99
411 105
413 111
415 117
417 123
418 129
419 135
419 141
419 147
419 153
418 159
417 165
417 171
415 177
414 183
413 189
411 195
409 201
407 207
405 213
402 219
398 225
392 230
386 229
382 223
380 217
380 211
379 205
379 199
379 193
379 187
377 181
371 177
365 179
359 184
354 190
351 196
349 202
347 208
346 214
345 220
345 226
345 232
345 238
346 244
348 250
349 256
351 262
353 268
356 274
359 280
363 286
366 292
371 298
376 304
381 310
387 315
393 320
399 324
405 327
411 330
417 332
423 334
429 335
435 336
441 336
447 336
453 336
459 335
465 334
471 332
477 330
483 327
489 323
495 319
501 313
505 307
509 301
512 295
514 289
516 283
517 277
517 271
517 265
516 259
514 253
512 247
508 241
504 235
498 229
492 226
486 226
480 231
477 237
474 243
472 249
469 255
463 260
457 262
451 262
445 260
439 254
436 248
435 242
435 236
436 230
437 224
439 218
441 212
443 206
446 200
449 194
452 188
455 182
459 176
462 170
467 164
471 158
477 152
483 146
489 142
495 138
501 135
507 133
513 132
519 131
525 132
531 133
537 135
543 138
549 142
555 147
561 153
565 159
569 165
572 171
573 177
570 183
564 185
558 184
552 182
546 181
540 181
534 184
533 190
535 196
539 202
545 208
551 212
557 216
563 219
569 221
575 223
581 224
587 225
593 226
599 225
605 225
611 224
617 223
623 221
629 219
635 217
641 215
647 212
653 209
659 206
665 202
671 196
675 190
678 184
679 178
679 172
678 166
677 160
675 154
672 148
667 142
661 137
655 135
649 136
643 142
640 148
637 154
633 160
627 164
621 164
615 161
610 155
606 149
604 143
603 137
602 131
602 125
602 119
604 113
606 107
609 101
613 95
619 89
625 85
631 82
637 80
643 79
649 79
655 79
661 80
667 82
673 85
679 88
685 93
690 99
694 105
696 111
698 117
699 123
700 129
700 135
701 141
701 147
702 153
703 159
704 165
705 171
706 177
707 183
708 189
709 195
709 201
709 207
709 213
709 219
708 225
707 231
705 237
703 243
701 249
699 255
697 261
695 267
694 273
692 279
686 281
682 275
681 269
681 263
682 257
683 251
684 245
684 239
678 235
672 238
666 242
660 246
654 251
649 257
645 263
642 269
640 275
639 281
639 287
640 293
641 299
644 305
647 311
651 317
657 323
663 328
669 331
675 333
681 335
687 336
693 336
699 336
705 335
711 333
717 331
723 327
729 322
734 316
739 310
742 304
744 298
746 292
748 286
749 280
750 274
751 268
752 262
753 256
754 250
755 244
756 238
757 232
758 226
759 220
753 217
749 223
746 229
743 235
740 241
738 247
735 253
732 259
729 265
725 271
722 277
717 283
711 286
708 280
710 274
712 268
714 262
715 256
717 250
719 244
721 238
722 232
724 226
725 220
726 214
727 208
728 202
729 196
730 190
732 184
734 178
736 172
738 166
741 160
746 154
751 148
757 143
763 140
769 138
775 137
781 137
787 138
793 140
799 143
805 146
811 151
817 156
823 162
828 168
833 174
838 180
842 186
845 192
849 198
852 204
854 210
856 216
858 222
859 228
860 234
860 240
859 246
856 252
851 258
845 262
839 262
833 259
829 253
826 247
824 241
821 235
817 229
814 223
812 217
808 211
802 205
796 205
790 211
788 217
786 223
785 229
785 235
785 241
785 247
785 253
785 259
786 265
787 271
788 277
790 283
792 289
795 295
798 301
803 307
809 313
815 317
821 319
827 321
833 322
839 321
845 320
851 318
857 314
863 309
868 303
872 297
875 291
878 285
881 279
884 273
887 267
890 261
893 255
896 249
898 243
900 237
902 231
903 225
904 219
905 213
905 207
906 201
906 195
906 189
905 183
905 177
905 171
904 165
904 159
904 153
904 147
904 141
903 135
897 132
893 138
892 144
891 150
891 156
891 162
890 168
891 174
891 180
891 186
891 192
890 198
890 204
889 210
887 216
881 210
880 204
878 198
876 192
873 186
870 180
867 174
864 168
861 162
859 156
856 150
854 144
852 138
850 132
849 126
849 120
849 114
850 108
852 102
855 96
859 90
864 84
870 79
876 75
882 72
888 70
894 69
900 69
906 69
912 70
918 71
924 73
930 76
936 81
942 87
947 93
950 99
952 105
954 111
955 117
955 123
955 129
955 135
954 141
954 147
953 153
952 159
951 165
950 171
949 177
948 183
948 189
947 195
947 201
947 207
948 213
948 219
949 225
950 231
951 237
945 243
949 249
952 243
953 249
956 243
962 242
968 241
970 235
970 229
970 223
970 217
971 211
971 205
972 199
973 193
975 187
976 181
978 175
980 169
983 163
985 157
988 151
991 145
995 139
998 133
1002 127
1006 121
1010 115
1014 109
1019 103
1025 98
1031 94
1037 90
1043 88
1049 86
1055 86
1061 86
1067 86
1073 88
1079 90
1085 93
1091 97
1097 103
1102 109
1105 115
1108 121
1110 127
1112 133
1112 139
1112 145
1112 151
1110 157
1108 163
1105 169
1101 175
1095 181
1089 187
1083 191
1077 194
1071 197
1065 199
1059 198
1055 192
1055 186
1055 180
1055 174
1055 168
1055 162
1054 156
1050 150
1044 148
1038 149
1032 153
1027 159
1025 165
1023 171
1022 177
1022 183
1022 189
1022 195
1022 201
1023 207
1024 213
1026 219
1028 225
1030 231
1033 237
1036 243
1040 249
1044 255
1048 261
1053 267
1057 273
1062 279
1067 285
1072 291
1077 297
1082 303
1088 309
1094 314
1100 317
1106 320
1112 322
1118 323
1124 323
1130 322
1136 321
1142 318
1148 314
1154 309
1159 303
1162 297
1164 291
1164 285
1164 279
1163 273
1159 267
1153 262
1147 260
1141 260
1135 262
1129 265
1123 267
1117 270
1111 272
1105 272
1099 272
1093 269
1087 265
1081 259
1077 253
1076 247
1076 241
1080 235
1086 229
1092 226
1098 222
1104 219
1110 217
1116 214
1122 212
1128 210
1134 208
1140 206
1146 205
1152 204
1158 204
1164 204
1170 204
1176 205
1182 206
1188 208
