0 215
6 215
12 215
18 215
24 215
30 215
36 214
42 214
48 214
54 214
60 214
66 214
72 214
78 214
84 214
90 214
96 214
102 214
108 214
114 214
120 214
126 214
132 215
138 215
144 215
150 215
156 215
162 216
168 216
174 216
180 216
186 216
192 216
198 216
204 216
210 216
216 216
222 215
228 215
234 215
240 215
246 215
252 215
258 215
264 215
270 215
276 215
282 215
288 215
294 215
300 214
306 214
312 214
318 214
324 214
330 214
336 214
342 214
348 214
354 214
360 214
366 214
372 214
378 215
384 215
390 215
396 215
402 215
408 215
414 215
420 215
426 215
432 215
438 215
444 215
450 215
456 215
462 215
468 215
474 215
480 215
486 215
492 215
498 215
504 215
510 215
516 214
522 214
528 214
534 214
540 214
546 214
552 214
558 214
564 214
570 214
576 215
582 215
588 215
594 215
600 215
606 215
612 214
618 214
624 214
630 214
636 214
642 214
648 214
654 214
660 214
666 214
672 214
678 215
684 215
690 215
696 216
702 216
708 216
714 216
720 216
726 215
732 215
738 215
744 215
750 215
756 214
762 214
768 214
774 214
780 214
786 215
792 215
798 215
804 215
810 215
816 215
822 215
828 216
834 216
840 216
846 216
852 216
858 215
864 215
870 215
876 214
882 214
888 214
894 214
900 214
906 214
912 214
918 214
924 214
930 214
936 215
942 215
948 215
954 215
960 216
966 216
972 216
978 216
984 215
990 215
996 215
1002 215
1008 215
1014 215
1020 214
1026 214
1032 214
1038 214
1044 214
1050 214
1056 214
1062 214
1068 214
1074 214
1080 215
1086 215
1092 215
1098 215
1104 215
1110 216
1116 216
1122 216
1128 215
1134 215
1140 215
1146 215
1152 215
1158 215
1164 214
1170 214
1176 214
1182 214
1188 215
