0 214
6 216
12 216
18 216
24 214
30 212
36 209
42 205
48 201
54 198
60 195
66 193
72 191
78 190
84 190
90 190
96 191
102 192
108 194
114 196
120 199
126 203
132 207
138 212
144 218
150 223
156 229
162 233
168 236
174 238
180 239
186 240
192 240
198 238
204 237
210 234
216 231
222 227
228 224
234 221
240 218
246 216
252 214
258 213
264 211
270 210
276 209
282 207
288 206
294 203
300 201
306 198
312 195
318 193
324 191
330 190
336 189
342 190
348 191
354 193
360 196
366 199
372 204
378 209
384 213
390 217
396 220
402 223
408 224
414 226
420 227
426 228
432 228
438 229
444 229
450 229
456 229
462 229
468 228
474 226
480 224
486 221
492 218
498 214
504 210
510 206
516 203
522 201
528 200
534 200
540 200
546 202
552 204
558 207
564 210
570 213
576 215
582 216
588 216
594 215
600 213
606 209
612 204
618 199
624 194
630 191
636 189
642 187
648 188
654 189
660 192
666 197
671 203
675 209
677 215
681 221
685 227
691 233
697 236
703 238
709 238
715 237
721 235
727 231
733 225
738 219
742 213
747 207
753 202
759 198
765 196
771 195
777 196
783 197
789 200
795 205
801 211
805 217
810 223
816 229
822 234
828 236
834 238
840 238
846 237
852 234
858 230
863 224
867 218
870 212
872 206
875 200
879 194
885 188
891 185
897 182
903 181
909 182
915 183
921 186
927 191
932 197
936 203
938 209
941 215
944 221
948 227
954 233
960 237
966 239
972 240
978 239
984 238
990 235
996 231
1001 225
1005 219
1009 213
1013 207
1017 201
1023 196
1029 192
1035 189
1041 188
1047 187
1053 188
1059 190
1065 193
1071 198
1077 204
1081 210
1085 216
1090 222
1096 227
1102 231
1108 232
1114 233
1120 233
1126 231
1132 228
1138 225
1144 220
1150 216
1156 212
1162 210
1168 208
1174 208
1180 209
1186 210
1192 212
