0 209
6 210
12 210
18 209
24 209
30 209
36 208
42 207
48 207
54 206
60 206
66 206
72 206
78 206
84 206
90 206
96 206
102 206
108 207
114 207
120 207
126 208
132 208
138 209
144 210
150 211
156 211
162 212
168 213
174 213
180 213
186 214
192 214
198 213
204 213
210 213
216 212
222 211
228 211
234 211
240 210
246 210
252 210
258 209
264 209
270 209
276 209
282 209
288 208
294 208
300 208
306 207
312 207
318 206
324 206
330 206
336 205
342 205
348 206
354 206
360 207
366 207
372 208
378 209
384 209
390 210
396 210
402 211
408 211
414 211
420 211
426 211
432 211
438 211
444 211
450 211
456 212
462 212
468 211
474 211
480 211
486 211
492 210
498 210
504 209
510 208
516 208
522 207
528 207
534 207
540 207
546 207
552 207
558 208
564 208
570 209
576 209
582 209
588 209
594 209
600 209
606 208
612 208
618 207
624 206
630 206
636 205
642 205
648 205
654 205
660 206
666 207
672 208
678 209
684 210
690 211
696 212
702 213
708 213
714 213
720 212
726 212
732 211
738 210
744 209
750 208
756 208
762 207
768 207
774 207
780 207
786 208
792 208
798 209
804 210
810 211
816 211
822 212
828 212
834 213
840 213
846 213
852 212
858 211
864 210
870 209
876 208
882 207
888 206
894 205
900 204
906 204
912 205
918 205
924 206
930 207
936 208
942 210
948 211
954 212
960 212
966 213
972 213
978 213
984 212
990 212
996 211
1002 210
1008 209
1014 208
1020 208
1026 207
1032 206
1038 206
1044 206
1050 206
1056 206
1062 206
1068 207
1074 208
1080 209
1086 209
1092 210
1098 211
1104 212
1110 212
1116 212
1122 212
1128 212
1134 211
1140 210
1146 210
1152 209
1158 209
1164 208
1170 208
1176 208
1182 208
1188 209
