0 199
6 199
12 199
18 199
24 199
30 198
36 198
42 198
48 198
54 198
60 198
66 198
72 198
78 198
84 198
90 198
96 198
102 198
108 198
114 198
120 198
126 198
132 198
138 199
144 199
150 199
156 199
162 199
168 199
174 199
180 199
186 199
192 199
198 199
204 199
210 199
216 199
222 199
228 199
234 199
240 199
246 199
252 199
258 199
264 199
270 199
276 199
282 199
288 199
294 199
300 198
306 198
312 198
318 198
324 198
330 198
336 198
342 198
348 198
354 198
360 198
366 198
372 198
378 199
384 199
390 199
396 199
402 199
408 199
414 199
420 199
426 199
432 199
438 199
444 199
450 199
456 199
462 199
468 199
474 199
480 199
486 199
492 199
498 199
504 199
510 198
516 198
522 198
528 198
534 198
540 198
546 198
552 198
558 198
564 198
570 198
576 198
582 198
588 198
594 199
600 198
606 198
612 198
618 198
624 198
630 198
636 198
642 198
648 198
654 198
660 198
666 198
672 198
678 199
684 199
690 199
696 199
702 199
708 199
714 199
720 199
726 199
732 199
738 199
744 199
750 198
756 198
762 198
768 198
774 198
780 198
786 199
792 199
798 199
804 199
810 199
816 199
822 199
828 199
834 199
840 199
846 199
852 199
858 199
864 199
870 199
876 198
882 198
888 198
894 198
900 198
906 198
912 198
918 198
924 198
930 198
936 199
942 199
948 199
954 199
960 199
966 199
972 199
978 199
984 199
990 199
996 199
1002 199
1008 199
1014 199
1020 198
1026 198
1032 198
1038 198
1044 198
1050 198
1056 198
1062 198
1068 198
1074 198
1080 198
1086 199
1092 199
1098 199
1104 199
1110 199
1116 199
1122 199
1128 199
1134 199
1140 199
1146 199
1152 199
1158 198
1164 198
1170 198
1176 198
1182 198
1188 198
