0 212
6 212
12 212
18 212
24 212
30 212
36 211
42 211
48 211
54 211
60 211
66 211
72 211
78 211
84 211
90 211
96 211
102 211
108 211
114 211
120 211
126 211
132 212
138 212
144 212
150 212
156 212
162 213
168 213
174 213
180 213
186 213
192 213
198 213
204 213
210 213
216 213
222 213
228 212
234 212
240 212
246 212
252 212
258 212
264 212
270 212
276 212
282 212
288 212
294 211
300 211
306 211
312 211
318 211
324 211
330 211
336 211
342 211
348 211
354 211
360 211
366 211
372 211
378 212
384 212
390 212
396 212
402 212
408 212
414 212
420 212
426 212
432 212
438 212
444 212
450 212
456 213
462 213
468 213
474 212
480 212
486 212
492 212
498 212
504 212
510 212
516 211
522 211
528 211
534 211
540 211
546 211
552 211
558 211
564 211
570 211
576 212
582 212
588 212
594 212
600 212
606 211
612 211
618 211
624 211
630 211
636 211
642 210
648 210
654 210
660 211
666 211
672 211
678 212
684 212
690 212
696 213
702 213
708 213
714 213
720 213
726 212
732 212
738 212
744 212
750 212
756 211
762 211
768 211
774 211
780 211
786 211
792 212
798 212
804 212
810 212
816 212
822 213
828 213
834 213
840 213
846 213
852 213
858 212
864 212
870 212
876 211
882 211
888 211
894 211
900 210
906 210
912 210
918 211
924 211
930 211
936 212
942 212
948 212
954 213
960 213
966 213
972 213
978 213
984 213
990 212
996 212
1002 212
1008 212
1014 212
1020 211
1026 211
1032 211
1038 211
1044 211
1050 211
1056 211
1062 211
1068 211
1074 211
1080 212
1086 212
1092 212
1098 212
1104 213
1110 213
1116 213
1122 213
1128 213
1134 212
1140 212
1146 212
1152 212
1158 212
1164 211
1170 211
1176 211
1182 211
1188 212
