0 199
6 199
12 199
18 199
24 199
30 199
36 198
42 198
48 197
54 197
60 197
66 197
72 197
78 197
84 197
90 197
96 197
102 197
108 198
114 198
120 198
126 198
132 199
138 199
144 199
150 200
156 200
162 201
168 201
174 202
180 202
186 202
192 202
198 202
204 201
210 201
216 201
222 200
228 200
234 200
240 200
246 199
252 199
258 199
264 199
270 199
276 199
282 199
288 198
294 198
300 198
306 198
312 197
318 197
324 197
330 197
336 197
342 197
348 197
354 197
360 197
366 198
372 198
378 199
384 199
390 199
396 200
402 200
408 200
414 200
420 200
426 200
432 200
438 200
444 200
450 200
456 200
462 201
468 200
474 200
480 200
486 200
492 200
498 199
504 199
510 198
516 198
522 198
528 198
534 198
540 198
546 198
552 198
558 198
564 198
570 198
576 199
582 199
588 199
594 199
600 199
606 198
612 198
618 198
624 197
630 197
636 196
642 196
648 196
654 196
660 197
666 197
672 198
678 199
684 200
690 200
696 201
702 201
708 201
714 201
720 201
726 201
732 200
738 199
744 199
750 198
756 198
762 198
768 198
774 198
780 198
786 198
792 198
798 199
804 199
810 200
816 200
822 201
828 201
834 201
840 201
846 201
852 201
858 200
864 200
870 199
876 198
882 197
888 197
894 196
900 196
906 196
912 196
918 196
924 197
930 198
936 198
942 199
948 200
954 201
960 201
966 201
972 201
978 201
984 201
990 201
996 200
1002 200
1008 199
1014 198
1020 198
1026 198
1032 197
1038 197
1044 197
1050 197
1056 197
1062 197
1068 198
1074 198
1080 199
1086 199
1092 200
1098 200
1104 201
1110 201
1116 201
1122 201
1128 201
1134 200
1140 200
1146 199
1152 199
1158 199
1164 198
1170 198
1176 198
1182 198
1188 199
