0 203
6 203
12 203
18 203
24 203
30 203
36 203
42 203
48 203
54 203
60 203
66 203
72 203
78 203
84 203
90 203
96 203
102 203
108 203
114 203
120 203
126 203
132 203
138 203
144 203
150 203
156 204
162 204
168 204
174 204
180 204
186 204
192 204
198 204
204 204
210 204
216 204
222 204
228 204
234 204
240 204
246 204
252 204
258 203
264 203
270 203
276 203
282 203
288 203
294 203
300 203
306 203
312 203
318 203
324 203
330 203
336 203
342 203
348 203
354 203
360 203
366 203
372 203
378 203
384 204
390 204
396 204
402 204
408 204
414 204
420 203
426 203
432 203
438 203
444 203
450 204
456 204
462 204
468 204
474 204
480 204
486 204
492 203
498 203
504 203
510 203
516 203
522 203
528 203
534 203
540 203
546 203
552 203
558 203
564 203
570 203
576 203
582 203
588 203
594 203
600 203
606 203
612 203
618 203
624 203
630 203
636 203
642 203
648 203
654 203
660 203
666 203
672 203
678 203
684 203
690 204
696 204
702 204
708 204
714 204
720 204
726 203
732 203
738 203
744 203
750 203
756 203
762 203
768 203
774 203
780 203
786 203
792 203
798 203
804 203
810 203
816 203
822 204
828 204
834 204
840 204
846 204
852 204
858 204
864 203
870 203
876 203
882 203
888 203
894 203
900 203
906 203
912 203
918 203
924 203
930 203
936 203
942 203
948 204
954 204
960 204
966 204
972 204
978 203
984 203
990 203
996 203
1002 203
1008 203
1014 203
1020 203
1026 203
1032 203
1038 203
1044 203
1050 203
1056 203
1062 203
1068 203
1074 203
1080 203
1086 203
1092 203
1098 203
1104 204
1110 204
1116 204
1122 204
1128 204
1134 204
1140 203
1146 203
1152 203
1158 203
1164 203
1170 203
1176 203
1182 203
1188 203
