0 202
6 202
12 202
18 202
24 202
30 202
36 202
42 201
48 201
54 201
60 201
66 201
72 201
78 201
84 201
90 202
96 202
102 202
108 202
114 202
120 202
126 202
132 202
138 202
144 202
150 202
156 202
162 202
168 202
174 202
180 202
186 202
192 202
198 202
204 202
210 202
216 202
222 202
228 202
234 202
240 202
246 202
252 202
258 202
264 202
270 202
276 202
282 202
288 202
294 202
300 202
306 202
312 202
318 202
324 201
330 201
336 201
342 201
348 201
354 201
360 201
366 202
372 202
378 202
384 202
390 202
396 202
402 202
408 202
414 202
420 202
426 202
432 202
438 202
444 202
450 202
456 202
462 202
468 202
474 202
480 202
486 202
492 202
498 202
504 202
510 202
516 202
522 202
528 202
534 202
540 202
546 202
552 202
558 202
564 202
570 202
576 202
582 202
588 202
594 202
600 202
606 202
612 202
618 202
624 201
630 201
636 201
642 201
648 201
654 201
660 201
666 201
672 202
678 202
684 202
690 202
696 202
702 202
708 202
714 202
720 202
726 202
732 202
738 202
744 202
750 202
756 202
762 202
768 202
774 202
780 202
786 202
792 202
798 202
804 202
810 202
816 202
822 202
828 202
834 202
840 202
846 202
852 202
858 202
864 202
870 202
876 202
882 202
888 201
894 201
900 201
906 201
912 201
918 201
924 201
930 202
936 202
942 202
948 202
954 202
960 202
966 202
972 202
978 202
984 202
990 202
996 202
1002 202
1008 202
1014 202
1020 202
1026 202
1032 202
1038 201
1044 201
1050 201
1056 201
1062 201
1068 202
1074 202
1080 202
1086 202
1092 202
1098 202
1104 202
1110 202
1116 202
1122 202
1128 202
1134 202
1140 202
1146 202
1152 202
1158 202
1164 202
1170 202
1176 202
1182 202
1188 202
