0 220
6 224
12 227
18 228
24 228
30 228
36 226
42 223
48 219
53 213
57 207
60 201
61 195
60 189
58 183
52 177
46 173
41 167
39 161
39 155
41 149
44 143
49 137
55 132
61 128
67 125
73 122
79 121
85 120
91 120
97 121
103 122
109 123
115 125
121 128
127 132
133 136
139 142
144 148
148 154
152 160
155 166
157 172
159 178
160 184
161 190
161 196
161 202
160 208
158 214
155 220
149 226
143 227
137 227
131 228
126 234
123 240
121 246
120 252
120 258
121 264
122 270
124 276
126 282
130 288
134 294
140 300
146 305
152 309
158 312
164 314
170 316
176 317
182 317
188 317
194 317
200 316
206 314
212 312
218 309
224 305
230 299
235 293
238 287
240 281
241 275
241 269
238 263
235 257
233 251
234 245
235 239
238 233
242 227
247 221
252 215
258 209
263 203
268 197
272 191
275 185
277 179
278 173
279 167
280 161
282 155
284 149
288 143
293 137
299 131
305 127
311 124
317 122
323 120
329 119
335 118
341 118
347 119
353 120
359 122
365 125
371 128
377 133
383 139
388 145
392 151
395 157
397 163
399 169
399 175
400 181
399 187
397 193
394 199
388 203
382 205
376 209
373 215
371 221
371 227
371 233
372 239
374 245
377 251
380 257
384 263
389 269
395 275
401 280
407 283
413 287
419 289
425 291
431 292
437 293
443 294
449 293
455 293
461 292
467 290
473 287
479 284
485 280
491 274
495 268
498 262
500 256
501 250
501 244
499 238
495 232
489 227
483 224
479 218
476 212
476 206
476 200
477 194
480 188
483 182
487 176
493 170
499 165
505 162
511 160
517 159
523 159
529 160
535 162
541 165
547 170
552 176
555 182
557 188
557 194
558 200
559 206
561 212
564 218
570 224
576 227
582 230
588 231
594 230
600 229
606 227
612 224
618 220
624 214
629 208
632 202
635 196
636 190
635 184
631 178
625 174
619 171
615 165
613 159
613 153
614 147
617 141
622 135
628 131
634 128
640 126
646 125
652 125
658 126
664 128
670 130
676 134
682 140
687 146
691 152
694 158
696 164
697 170
698 176
699 182
699 188
699 194
699 200
698 206
697 212
695 218
691 224
685 226
679 224
673 223
667 227
663 233
660 239
658 245
657 251
657 257
658 263
659 269
661 275
665 281
670 287
676 292
682 296
688 298
694 300
700 300
706 300
712 299
718 297
724 294
730 290
736 285
741 279
744 273
747 267
748 261
750 255
750 249
749 243
747 237
741 234
735 235
729 234
724 228
724 222
724 216
726 210
727 204
729 198
732 192
734 186
738 180
742 174
747 168
753 163
759 159
765 157
771 156
777 156
783 157
789 159
795 162
801 166
807 172
812 178
816 184
820 190
823 196
825 202
827 208
828 214
828 220
827 226
821 231
815 231
809 230
803 231
797 237
796 243
795 249
796 255
797 261
799 267
802 273
806 279
812 285
818 289
824 292
830 294
836 295
842 295
848 294
854 292
860 289
866 285
872 279
877 273
880 267
883 261
885 255
887 249
889 243
891 237
892 231
893 225
893 219
893 213
893 207
891 201
885 197
879 199
873 205
867 207
861 201
859 195
857 189
856 183
855 177
855 171
855 165
856 159
857 153
859 147
862 141
866 135
871 129
877 124
883 121
889 119
895 117
901 116
907 117
913 117
919 119
925 122
931 126
937 131
942 137
946 143
949 149
951 155
953 161
954 167
955 173
956 179
956 185
956 191
955 197
954 203
953 209
947 214
941 211
935 205
929 203
925 209
923 215
923 221
923 227
923 233
924 239
924 245
925 251
927 257
929 263
931 269
934 275
937 281
942 287
948 292
954 296
960 298
966 300
972 300
978 300
984 299
990 297
996 294
1002 290
1008 284
1012 278
1015 272
1017 266
1019 260
1020 254
1020 248
1020 242
1020 236
1019 230
1017 224
1011 219
1005 220
999 224
993 224
987 218
986 212
986 206
987 200
988 194
989 188
991 182
993 176
995 170
998 164
1001 158
1005 152
1010 146
1016 140
1022 135
1028 132
1034 129
1040 128
1046 127
1052 127
1058 128
1064 130
1070 132
1076 136
1082 141
1087 147
1091 153
1093 159
1095 165
1096 171
1096 177
1095 183
1093 189
1090 195
1085 201
1079 203
1073 202
1067 201
1061 204
1058 210
1056 216
1056 222
1057 228
1058 234
1059 240
1061 246
1064 252
1066 258
1070 264
1074 270
1079 276
1085 282
1091 286
1097 289
1103 291
1109 292
1115 292
1121 292
1127 290
1133 287
1139 283
1144 277
1146 271
1147 265
1145 259
1140 253
1134 249
1128 243
1127 237
1127 231
1129 225
1133 219
1139 213
1145 208
1151 206
1157 204
1163 203
1169 203
1175 205
1181 207
1187 211
1193 215
