0 221
8 221
16 220
24 219
32 217
40 216
48 216
56 217
64 219
72 221
80 223
88 225
96 226
104 226
112 225
120 224
128 223
136 221
144 219
152 218
160 217
168 217
176 217
184 217
192 217
200 218
208 219
216 222
224 224
232 227
240 228
248 227
256 225
264 222
272 220
280 219
288 218
296 219
304 220
312 222
320 224
328 224
336 222
344 220
352 216
360 214
368 212
376 213
384 215
392 218
400 221
408 223
416 223
424 222
432 220
440 218
448 217
456 217
464 217
472 219
480 220
488 221
496 222
504 223
512 224
520 224
528 225
536 224
544 223
552 221
560 219
568 218
576 217
584 218
592 220
600 221
608 223
616 223
624 223
632 222
640 221
648 220
656 219
664 220
672 221
680 223
688 224
696 224
704 224
712 223
720 222
728 221
736 221
744 221
752 221
760 221
768 222
776 222
784 222
792 222
800 222
808 221
816 219
824 217
832 216
840 215
848 215
856 217
864 218
872 220
880 221
888 221
896 221
904 220
912 220
920 221
928 223
936 224
944 226
952 227
960 227
968 226
976 224
984 222
992 220
1000 218
1008 217
1016 216
1024 215
1032 216
1040 216
1048 216
1056 215
1064 215
1072 214
1080 214
1088 216
1096 218
1104 221
1112 224
1120 226
1128 227
1136 227
1144 227
1152 225
1160 223
1168 221
1176 220
1184 220
