0 205
8 205
16 205
24 205
32 204
40 204
48 204
56 204
64 205
72 205
80 206
88 206
96 206
104 206
112 206
120 205
128 205
136 205
144 205
152 205
160 205
168 205
176 204
184 205
192 204
200 204
208 205
216 205
224 206
232 206
240 206
248 206
256 206
264 205
272 205
280 205
288 204
296 204
304 205
312 205
320 206
328 206
336 205
344 205
352 204
360 204
368 203
376 203
384 204
392 204
400 205
408 205
416 205
424 205
432 204
440 204
448 204
456 204
464 204
472 205
480 205
488 205
496 205
504 205
512 205
520 205
528 206
536 206
544 206
552 205
560 205
568 204
576 204
584 204
592 205
600 205
608 205
616 206
624 206
632 205
640 205
648 205
656 205
664 205
672 205
680 205
688 206
696 206
704 206
712 205
720 205
728 205
736 205
744 205
752 205
760 205
768 205
776 205
784 205
792 205
800 205
808 205
816 205
824 204
832 204
840 204
848 204
856 204
864 205
872 205
880 205
888 205
896 205
904 205
912 205
920 205
928 205
936 206
944 206
952 206
960 206
968 206
976 206
984 205
992 205
1000 204
1008 204
1016 204
1024 204
1032 204
1040 204
1048 204
1056 204
1064 204
1072 203
1080 204
1088 204
1096 204
1104 205
1112 206
1120 206
1128 206
1136 206
1144 206
1152 206
1160 205
1168 205
1176 205
1184 205
