0 201
8 200
16 200
24 205
32 199
40 204
48 199
56 199
48 204
56 204
64 205
72 200
80 201
88 202
96 202
104 202
112 202
120 201
128 201
136 200
144 200
152 199
160 199
168 199
176 199
184 199
192 199
200 199
208 199
216 206
224 207
232 202
240 203
248 208
256 202
264 201
272 200
280 205
288 199
280 199
272 205
264 206
256 207
248 202
240 208
232 208
224 201
216 200
208 205
200 204
192 204
184 204
176 204
168 204
160 204
152 205
144 205
136 206
128 206
120 207
112 207
104 207
96 207
88 207
80 206
72 206
64 199
62 191
54 192
62 185
67 193
73 185
73 193
81 187
79 195
87 187
91 195
99 188
97 196
93 188
85 196
77 188
78 180
85 172
79 164
77 156
77 148
69 151
61 143
55 135
63 135
55 143
49 135
41 133
33 134
25 131
17 131
9 136
2 144
1195 136
1187 131
1179 132
1171 136
1163 133
1155 131
1147 129
1140 137
1132 133
1124 132
1118 140
1116 148
1110 140
1107 132
1099 135
1091 129
1083 131
1075 129
1067 133
1059 130
1051 131
1059 135
1051 143
1044 151
1036 143
1029 135
1021 133
1013 132
1005 134
997 131
989 135
981 135
973 130
965 131
957 136
950 144
943 136
951 131
943 123
938 115
930 123
926 131
918 131
913 139
905 136
897 134
889 131
881 131
873 135
865 130
857 138
849 131
841 129
849 137
856 129
864 135
856 143
848 150
841 142
833 134
825 134
817 131
809 137
806 129
798 137
790 134
782 134
774 135
766 133
758 131
750 130
744 138
744 130
736 131
728 130
720 131
712 132
704 130
697 138
692 130
686 138
678 135
670 131
662 138
654 136
648 144
640 136
648 135
641 143
635 151
643 151
635 143
627 140
620 132
612 132
605 140
613 137
605 131
597 137
593 129
586 137
578 137
570 135
562 134
554 134
546 134
538 142
536 134
528 132
520 135
512 133
504 133
496 134
488 135
480 129
481 137
489 129
481 121
473 113
465 121
457 113
449 105
441 97
435 89
427 81
420 89
414 81
412 89
407 81
403 89
397 97
390 105
382 113
374 121
380 129
388 137
386 129
379 137
371 134
364 142
356 150
364 150
356 142
352 134
360 129
352 121
344 113
336 105
328 97
329 105
326 113
321 121
313 129
309 137
306 129
303 137
295 134
287 142
280 150
273 142
265 134
257 134
249 135
241 133
233 134
226 142
221 134
213 133
205 130
197 131
189 131
181 133
173 137
165 133
157 135
149 132
141 133
133 131
125 134
117 142
109 137
113 129
107 121
100 113
92 121
85 113
77 121
73 129
70 137
78 135
82 143
86 151
84 159
92 152
87 144
95 136
103 131
102 139
97 147
98 155
106 152
102 144
110 143
113 151
108 159
116 165
108 165
116 171
124 171
132 168
126 176
134 180
134 188
142 194
139 186
136 194
128 195
120 187
113 195
121 195
125 187
117 180
109 188
107 196
114 188
106 180
99 172
91 171
99 177
91 177
83 177
79 169
87 165
95 164
87 156
79 148
71 142
63 134
55 126
49 118
41 126
33 118
30 126
25 118
17 110
9 118
1 126
1194 118
1186 110
1179 118
1171 110
1164 118
1157 110
1149 118
1141 126
1133 118
1125 126
1117 131
1125 139
1133 138
1129 146
1123 154
1123 146
1116 154
1108 147
1109 155
1101 163
1104 171
1101 179
1099 187
1098 195
1090 198
1082 198
1074 197
1066 198
1058 198
1050 198
1042 198
1034 198
1026 198
1018 198
1010 204
1002 199
994 200
986 200
978 201
970 202
962 202
954 208
946 202
938 202
930 201
922 200
914 200
906 200
898 200
890 200
882 200
874 200
866 205
858 199
850 198
842 198
834 198
826 199
818 199
810 200
818 205
826 204
834 204
842 203
850 204
858 204
866 199
874 205
882 206
890 206
898 205
906 205
914 205
922 206
930 206
938 207
946 208
954 202
962 208
970 207
978 207
986 206
994 205
1002 204
1010 198
1018 204
1026 204
1034 204
1042 204
1050 203
1058 203
1066 203
1074 203
1082 203
1090 204
1098 205
1106 200
1114 207
1122 202
1130 203
1138 208
1146 202
1154 207
1162 201
1170 200
1178 200
1186 200
