0 199
8 199
16 199
24 199
32 199
40 199
48 199
56 199
64 199
72 199
80 199
88 199
96 199
104 199
112 199
120 199
128 199
136 199
144 199
152 199
160 199
168 199
176 199
184 199
192 199
200 199
208 199
216 199
224 199
232 199
240 199
248 196
256 199
264 199
272 199
280 199
288 199
296 199
304 199
312 199
320 199
328 199
336 199
344 199
352 199
360 199
368 199
376 199
384 199
392 199
400 199
408 199
416 199
424 199
432 199
440 199
448 199
456 199
464 199
472 199
480 199
488 199
496 199
504 199
512 199
520 199
528 199
536 199
544 199
552 199
560 199
568 199
576 199
584 199
592 199
600 199
608 199
616 199
624 199
632 199
640 199
648 199
656 199
664 199
672 199
680 199
688 199
696 199
704 199
712 199
720 199
728 199
736 199
744 199
752 199
760 199
768 199
776 199
784 199
792 199
800 199
808 199
816 199
824 199
832 199
840 199
848 199
856 199
864 199
872 199
880 199
888 199
896 199
904 199
912 199
920 199
928 199
936 199
944 199
952 199
960 199
968 199
976 199
984 199
992 199
1000 199
1008 199
1016 199
1024 199
1032 199
1040 199
1048 199
1056 199
1064 199
1072 199
1080 199
1088 199
1096 199
1104 199
1112 199
1120 199
1128 199
1136 199
1144 199
1152 199
1160 199
1168 199
1176 199
1184 199
