0 209
8 204
16 198
24 191
32 183
38 175
42 167
44 159
43 151
35 145
27 147
20 155
12 157
9 149
10 141
12 133
17 125
23 117
31 112
39 108
47 107
55 108
63 110
71 115
79 123
85 131
89 139
93 147
96 155
99 163
101 171
102 179
104 187
104 195
105 203
105 211
104 219
103 227
101 235
98 243
95 251
88 259
82 251
83 243
84 235
83 227
75 221
67 223
59 229
52 237
48 245
45 253
43 261
42 269
43 277
44 285
47 293
51 301
57 309
65 317
73 322
81 325
89 327
97 329
105 327
113 324
121 320
129 314
135 306
140 298
142 290
144 282
145 274
146 266
146 258
147 250
147 242
147 234
148 226
148 218
140 217
132 215
133 207
133 199
134 191
134 183
135 175
135 167
136 159
137 151
138 143
140 135
143 127
148 119
155 111
163 105
171 102
179 100
187 100
195 102
203 105
211 109
219 116
225 124
230 132
233 140
236 148
237 156
237 164
235 172
232 180
227 188
219 196
211 203
203 208
195 202
187 197
183 205
180 213
178 221
177 229
177 237
177 245
178 253
180 261
182 269
184 277
187 285
190 293
193 301
198 309
203 317
211 325
219 331
227 334
235 336
243 337
251 336
259 334
267 330
275 323
281 315
284 307
285 299
283 291
279 283
271 275
270 267
262 270
254 270
261 262
253 260
261 253
259 245
262 237
261 229
256 221
264 214
272 212
280 210
288 209
296 210
304 211
312 213
320 219
319 227
311 228
303 228
298 236
298 244
306 250
314 254
322 257
330 258
338 257
346 254
354 248
359 240
362 232
363 224
364 216
364 208
363 200
362 192
361 184
359 176
357 168
365 162
368 170
372 178
376 186
381 194
385 202
389 210
393 218
396 226
401 234
409 239
417 241
425 239
433 234
441 227
447 219
451 211
453 203
454 195
453 187
448 179
440 177
432 183
424 190
416 185
413 177
414 169
418 161
425 153
433 145
441 140
449 135
457 132
465 130
473 130
481 131
489 135
496 143
501 151
503 159
504 167
504 175
504 183
503 191
502 199
501 207
499 215
497 223
495 231
494 239
500 231
502 223
505 215
507 207
508 199
509 191
509 183
509 175
510 167
508 159
506 151
501 143
495 135
487 127
479 123
471 124
463 124
455 126
447 129
439 133
431 139
425 147
418 155
412 163
407 171
400 163
393 171
387 163
379 171
377 179
373 171
370 163
363 155
355 158
353 150
361 149
359 141
351 136
350 128
358 132
357 124
349 121
357 115
358 107
361 99
366 107
363 115
363 123
363 131
366 139
366 147
369 155
375 163
375 155
371 147
374 139
382 132
387 124
395 121
401 113
403 105
403 97
400 89
395 81
387 74
379 70
371 67
363 67
355 67
347 69
339 73
331 78
324 86
319 94
316 102
314 110
313 118
313 126
315 134
318 142
326 136
325 128
326 120
328 112
332 104
334 112
342 118
347 110
344 102
340 110
348 115
342 123
344 131
343 139
351 141
347 149
349 157
351 165
353 173
355 181
356 189
357 197
358 205
358 213
357 221
351 213
348 221
356 226
355 234
352 242
360 246
353 254
345 259
339 251
347 248
341 240
333 248
325 240
317 248
309 244
305 236
303 244
296 252
291 244
285 236
283 228
275 221
283 215
288 223
296 229
292 237
284 245
277 253
276 261
280 269
280 277
285 285
288 293
292 301
290 309
287 317
281 325
273 328
267 336
261 328
269 322
264 314
256 315
249 323
242 331
234 330
226 326
218 325
210 319
203 311
198 303
195 295
192 287
189 279
187 271
185 263
183 255
182 247
182 239
183 231
183 223
185 215
193 216
195 208
198 216
206 215
214 210
219 202
224 194
232 191
237 183
237 191
229 196
228 204
220 207
228 213
236 221
234 229
242 224
250 219
258 213
266 208
274 206
282 204
290 202
298 203
306 203
314 205
320 213
320 205
325 213
328 221
333 229
330 237
325 245
317 237
324 229
316 221
308 213
300 205
295 197
288 189
280 181
272 173
269 165
277 170
285 167
284 159
287 151
289 143
287 135
290 127
292 135
300 139
308 137
305 129
306 121
305 113
308 105
310 97
313 89
317 81
325 76
333 71
341 66
349 63
357 61
365 60
373 61
381 62
389 68
397 73
401 81
406 89
407 81
406 73
403 65
409 57
416 65
411 73
408 65
400 57
393 49
385 48
377 50
376 42
368 44
360 44
352 52
353 44
345 47
340 55
332 49
326 57
329 65
321 62
313 70
306 78
298 86
294 94
290 102
292 110
287 118
295 126
292 118
284 110
276 102
268 94
260 86
252 78
244 86
237 78
229 70
222 62
214 54
206 46
198 54
190 46
182 54
174 46
166 54
158 62
150 54
142 62
135 54
127 62
119 70
111 62
103 54
95 46
87 54
79 62
72 54
64 46
56 38
48 46
40 54
33 62
25 54
17 62
10 54
2 46
1197 54
1191 46
1185 54
1177 62
1169 54
1161 62
1153 70
1146 62
1138 70
1132 78
1132 86
1124 94
1116 100
1124 108
1129 116
1133 124
1136 132
1138 140
1139 148
1139 156
1138 164
1136 172
1134 180
1130 188
1124 196
1117 204
1109 211
1101 216
1093 220
1085 219
1081 211
1083 203
1089 195
1094 187
1095 179
1091 171
1083 164
1075 163
1067 168
1060 176
1057 184
1055 192
1054 200
1053 208
1053 216
1052 224
1052 232
1053 240
1053 248
1054 256
1056 264
1058 272
1060 280
1063 288
1066 296
1070 304
1076 312
1082 320
1089 328
1097 331
1105 334
1113 336
1121 337
1129 336
1137 335
1145 333
1153 325
1160 317
1164 309
1167 301
1167 293
1166 285
1162 277
1154 273
1146 275
1138 283
1135 291
1130 299
1122 301
1114 298
1109 290
1108 282
1111 274
1117 266
1124 258
1132 251
1140 245
1148 240
1156 235
1164 230
1172 226
1180 221
1188 217
