0 218
8 218
16 217
24 216
32 215
40 214
48 214
56 215
64 216
72 218
80 220
88 221
96 222
104 222
112 221
120 221
128 219
136 218
144 217
152 216
160 215
168 215
176 215
184 215
192 215
200 215
208 217
216 219
224 221
232 223
240 224
248 223
256 222
264 219
272 217
280 216
288 216
296 217
304 218
312 219
320 220
328 220
336 219
344 217
352 214
360 212
368 211
376 211
384 213
392 216
400 218
408 219
416 220
424 219
432 217
440 216
448 215
456 215
464 215
472 216
480 217
488 218
496 219
504 219
512 220
520 221
528 221
536 220
544 220
552 218
560 217
568 216
576 215
584 216
592 217
600 218
608 219
616 220
624 220
632 219
640 218
648 217
656 217
664 217
672 218
680 220
688 220
696 221
704 220
712 220
720 219
728 218
736 218
744 218
752 218
760 218
768 219
776 219
784 219
792 219
800 219
808 218
816 217
824 215
832 214
840 213
848 213
856 214
864 216
872 217
880 218
888 218
896 218
904 217
912 217
920 218
928 219
936 221
944 222
952 223
960 223
968 222
976 221
984 219
992 217
1000 216
1008 215
1016 214
1024 214
1032 214
1040 214
1048 214
1056 213
1064 213
1072 212
1080 212
1088 214
1096 216
1104 218
1112 220
1120 223
1128 224
1136 224
1144 223
1152 221
1160 220
1168 218
1176 217
1184 218
