0 222
8 221
16 222
24 222
32 221
40 221
48 221
56 221
64 222
72 222
80 222
88 222
96 222
104 222
112 222
120 222
128 222
136 221
144 221
152 221
160 221
168 221
176 221
184 221
192 221
200 221
208 221
216 221
224 222
232 222
240 222
248 222
256 222
264 222
272 221
280 221
288 221
296 221
304 221
312 222
320 222
328 222
336 222
344 221
352 221
360 221
368 221
376 221
384 221
392 221
400 221
408 222
416 221
424 221
432 221
440 221
448 221
456 221
464 221
472 221
480 221
488 222
496 222
504 221
512 222
520 222
528 222
536 222
544 222
552 222
560 221
568 221
576 221
584 221
592 222
600 222
608 222
616 222
624 222
632 222
640 221
648 222
656 221
664 222
672 222
680 222
688 222
696 222
704 222
712 222
720 222
728 222
736 222
744 222
752 221
760 222
768 221
776 222
784 222
792 222
800 222
808 222
816 221
824 221
832 221
840 221
848 221
856 221
864 221
872 221
880 221
888 222
896 222
904 221
912 221
920 222
928 222
936 222
944 222
952 222
960 222
968 222
976 222
984 222
992 221
1000 221
1008 221
1016 221
1024 221
1032 221
1040 221
1048 221
1056 221
1064 221
1072 221
1080 221
1088 221
1096 221
1104 221
1112 222
1120 222
1128 222
1136 222
1144 222
1152 222
1160 222
1168 222
1176 221
1184 222
