0 206
8 206
16 205
24 205
32 204
40 203
48 203
56 204
64 205
72 206
80 207
88 207
96 208
104 208
112 208
120 207
128 206
136 206
144 205
152 204
160 204
168 204
176 204
184 204
192 204
200 204
208 205
216 206
224 207
232 208
240 209
248 208
256 208
264 206
272 205
280 204
288 204
296 205
304 205
312 206
320 207
328 207
336 206
344 205
352 203
360 202
368 201
376 202
384 203
392 204
400 205
408 206
416 206
424 206
432 205
440 204
448 204
456 204
464 204
472 204
480 205
488 205
496 206
504 206
512 207
520 207
528 207
536 207
544 206
552 206
560 205
568 204
576 204
584 204
592 205
600 206
608 206
616 207
624 207
632 206
640 206
648 205
656 205
664 205
672 206
680 207
688 207
696 207
704 207
712 207
720 206
728 206
736 206
744 206
752 206
760 206
768 206
776 206
784 206
792 206
800 206
808 205
816 205
824 204
832 203
840 203
848 203
856 203
864 204
872 205
880 206
888 206
896 205
904 205
912 205
920 205
928 206
936 207
944 208
952 208
960 208
968 208
976 207
984 206
992 205
1000 204
1008 204
1016 203
1024 203
1032 203
1040 203
1048 203
1056 203
1064 202
1072 202
1080 202
1088 203
1096 204
1104 205
1112 207
1120 208
1128 209
1136 209
1144 208
1152 207
1160 206
1168 206
1176 205
1184 205
