0 198
8 197
16 197
24 197
32 196
40 196
48 196
56 196
64 197
72 198
80 198
88 199
96 199
104 199
112 199
120 198
128 198
136 197
144 197
152 197
160 196
168 196
176 196
184 196
192 196
200 196
208 197
216 198
224 198
232 199
240 199
248 199
256 199
264 198
272 197
280 196
288 197
296 197
304 197
312 198
320 198
328 198
336 198
344 197
352 196
360 195
368 194
376 194
384 195
392 196
400 197
408 198
416 198
424 197
432 197
440 196
448 196
456 196
464 196
472 197
480 197
488 197
496 198
504 198
512 198
520 198
528 199
536 198
544 198
552 198
560 197
568 196
576 196
584 197
592 197
600 197
608 198
616 198
624 198
632 198
640 197
648 197
656 197
664 197
672 198
680 198
688 199
696 199
704 205
712 198
720 198
728 197
736 198
744 197
752 197
760 198
768 198
776 198
784 198
792 198
800 198
808 197
816 197
824 196
832 196
840 195
848 195
856 196
864 196
872 197
880 197
888 198
896 197
904 197
912 197
920 197
928 198
936 199
944 199
952 199
960 199
968 199
976 198
984 198
992 197
1000 196
1008 196
1016 196
1024 196
1032 195
1040 196
1048 195
1056 195
1064 195
1072 195
1080 195
1088 195
1096 196
1104 197
1112 198
1120 199
1128 199
1136 199
1144 199
1152 198
1160 198
1168 197
1176 197
1184 197
