0 210
8 210
16 209
24 209
32 208
40 207
48 207
56 208
64 209
72 210
80 211
88 212
96 212
104 213
112 212
120 211
128 211
136 210
144 209
152 208
160 208
168 208
176 208
184 208
192 208
200 208
208 209
216 210
224 212
232 213
240 213
248 213
256 212
264 211
272 209
280 208
288 208
296 209
304 210
312 211
320 211
328 211
336 211
344 209
352 207
360 206
368 205
376 205
384 206
392 208
396 216
404 210
412 211
420 210
428 210
436 208
444 208
452 207
460 208
468 208
476 209
484 209
492 210
500 210
508 211
516 211
524 212
532 212
540 211
548 211
556 210
564 209
572 208
580 208
588 209
596 210
604 210
612 211
620 211
628 211
636 210
644 209
652 209
660 209
668 210
676 211
684 212
692 212
700 212
708 211
716 211
724 210
732 210
740 210
748 210
756 210
764 210
772 210
780 210
788 211
796 210
804 210
812 209
820 208
828 207
836 207
844 206
852 207
860 208
868 209
876 210
884 210
892 210
900 209
908 209
916 209
924 210
932 211
940 212
948 213
956 213
964 213
972 212
980 211
988 210
996 209
1004 208
1012 207
1020 207
1028 207
1036 207
1044 207
1052 207
1060 206
1068 206
1076 206
1084 206
1092 207
1100 209
1108 211
1116 212
1124 213
1132 213
1140 213
1148 212
1140 220
1132 220
1124 219
1116 218
1108 218
1100 216
1092 214
1084 213
1076 213
1068 213
1060 213
1052 213
1044 213
1036 214
1028 214
1020 213
1012 214
1004 215
996 215
988 216
980 217
972 219
964 219
956 220
948 219
940 219
932 218
924 217
916 216
908 216
900 216
892 216
884 216
876 216
868 216
860 214
852 214
844 213
836 214
828 214
820 215
812 216
804 217
796 217
788 217
780 217
772 217
764 217
756 217
748 217
740 217
732 217
724 217
716 217
708 218
700 218
692 219
684 218
676 218
668 216
660 216
652 216
644 216
636 217
628 217
620 218
612 218
604 217
596 216
588 216
580 215
572 215
564 215
556 216
548 217
540 218
532 218
524 219
516 218
508 217
500 217
492 216
484 216
476 216
468 215
460 214
452 214
444 215
436 215
428 216
420 217
412 217
404 217
397 209
389 214
381 213
373 212
365 212
357 213
349 215
341 216
333 217
325 218
317 217
309 217
301 216
293 215
285 215
277 216
269 217
261 218
253 219
245 220
237 220
229 219
221 218
213 217
205 215
197 215
189 214
181 214
173 214
165 214
157 215
149 215
141 216
133 217
125 218
117 218
109 219
101 219
93 219
85 218
77 218
69 216
61 215
53 214
45 214
37 214
29 215
21 216
13 216
5 216
1197 216
