114 115
95 97
137 142
132 140
110 118
130 137
101 102
105 110
134 137
100 109
125 126
102 109
83 84
136 140
104 106
107 120
97 105
135 136
129 130
107 115
141 142
100 142
104 111
103 109
124 125
91 92
100 104
101 105
94 107
124 135
126 132
125 127
99 113
122 123
133 134
113 114
123 125
89 90
91 93
136 137
115 116
99 142
121 141
139 141
93 129
87 89
102 104
97 106
124 140
98 101
94 96
109 110
135 137
110 131
131 134
125 135
127 142
86 87
140 141
125 130
111 112
99 100
139 142
133 135
113 115
87 88
101 103
110 111
107 112
99 124
131 133
128 134
128 142
112 121
102 107
136 138
97 98
103 104
98 99
131 137
115 120
132 142
90 91
137 140
104 107
131 142
103 115
123 131
97 99
94 99
100 101
134 136
132 133
114 116
102 124
132 141
136 141
116 117
93 94
135 142
92 93
130 134
102 119
132 134
100 110
130 141
105 107
104 116
136 142
128 130
104 113
110 129
139 140
124 138
135 141
103 108
104 110
100 112
102 103
134 135
99 130
136 139
93 105
96 97
123 124
125 140
72 73
105 123
137 138
105 114
126 129
128 129
104 114
137 141
117 118
105 106
94 97
95 96
112 115
107 113
100 113
106 110
131 138
106 111
138 142
99 111
88 89
134 142
125 128
107 118
138 139
111 113
99 101
130 131
137 139
138 141
105 113
112 113
130 142
94 95
100 102
108 109
94 105
100 115
133 137
97 100
94 121
99 102
131 141
89 91
102 110
110 116
84 85
138 140
93 106
101 107
140 142
103 112
133 142
131 132
