46 50
42 43
38 39
39 40
29 30
50 51
49 50
42 47
18 43
19 24
43 44
44 48
17 22
34 35
18 28
15 21
17 27
22 23
21 24
17 41
16 41
10 11
43 48
29 43
36 41
48 49
15 17
36 43
9 19
19 21
14 40
47 49
44 49
14 22
17 18
18 19
15 16
38 43
15 43
37 38
24 25
13 14
14 43
47 51
18 34
14 16
25 26
8 19
19 22
40 41
14 34
24 28
16 17
49 51
17 43
44 51
45 46
18 24
19 27
19 28
14 15
19 41
42 44
27 28
24 27
19 23
36 40
37 41
23 25
45 48
46 47
48 50
22 28
18 21
21 25
17 29
31 32
44 45
39 43
21 22
47 48
20 22
36 38
43 51
24 43
36 37
38 41
37 43
12 13
45 51
9 11
15 23
40 42
15 18
44 46
19 26
46 51
25 27
16 22
8 14
41 43
15 20
25 43
17 19
45 47
43 47
8 9
21 40
41 42
11 14
19 20
17 32
48 51
43 45
47 50
45 50
23 24
17 21
37 40
18 25
17 24
18 27
12 15
40 43
20 21
34 37
15 19
44 50
14 21
35 36
6 7
16 19
44 47
14 20
22 43
43 50
0 1
9 14
35 43
