0 197
6 197
12 197
18 197
24 197
30 197
36 198
42 198
48 198
54 198
60 199
66 199
72 199
78 200
84 200
90 200
96 201
102 201
108 201
114 201
120 201
126 200
132 200
138 199
144 198
150 198
156 197
162 197
168 197
174 197
180 197
186 197
192 197
198 197
204 197
210 198
216 198
222 198
228 198
234 198
240 198
246 198
252 198
258 199
264 199
270 199
276 199
282 199
288 199
294 200
300 200
306 200
312 199
318 199
324 199
330 199
336 199
342 199
348 199
354 199
360 199
366 199
372 199
378 200
384 200
390 200
396 200
402 200
408 200
414 200
420 200
426 201
432 201
438 201
444 201
450 201
456 201
462 201
468 201
474 200
480 199
486 198
492 197
498 196
504 195
510 195
516 194
522 194
528 194
534 195
540 195
546 195
552 196
558 197
564 197
570 198
576 199
582 199
588 200
594 200
600 201
606 201
612 201
618 202
624 202
630 201
636 201
642 200
648 200
654 199
660 198
666 197
672 196
678 196
684 196
690 196
696 196
702 196
708 197
714 198
720 198
726 199
732 200
738 200
744 200
750 201
756 201
762 201
768 201
774 201
780 201
786 201
792 201
798 200
804 200
810 200
816 200
822 200
828 200
834 200
840 200
846 200
852 200
858 200
864 200
870 200
876 199
882 199
888 199
894 199
900 198
906 198
912 198
918 198
924 198
930 198
936 198
942 198
948 198
954 198
960 197
966 197
972 197
978 197
984 196
990 196
996 196
1002 196
1008 196
1014 196
1020 196
1026 197
1032 197
1038 198
1044 198
1050 199
1056 199
1062 200
1068 200
1074 200
1080 201
1086 201
1092 202
1098 202
1104 202
1110 202
1116 203
1122 203
1128 203
1134 202
1140 202
1146 202
1152 201
1158 201
1164 200
1170 199
1176 199
1182 198
1188 198
