0 208
6 208
12 208
18 208
24 208
30 208
36 208
42 208
48 208
54 208
60 209
66 209
72 209
78 209
84 209
90 209
96 209
102 209
108 209
114 209
120 209
126 209
132 209
138 209
144 208
150 208
156 208
162 208
168 208
174 208
180 208
186 208
192 208
198 208
204 208
210 208
216 208
222 208
228 208
234 208
240 208
246 208
252 208
258 208
264 209
270 209
276 209
282 209
288 209
294 209
300 209
306 209
312 209
318 209
324 209
330 209
336 209
342 209
348 209
354 209
360 209
366 209
372 209
378 209
384 209
390 209
396 209
402 209
408 209
414 209
420 209
426 209
432 209
438 209
444 209
450 209
456 209
462 209
468 209
474 209
480 209
486 208
492 208
498 208
504 208
510 207
516 207
522 207
528 207
534 207
540 208
546 208
552 208
558 208
564 208
570 208
576 208
582 209
588 209
594 209
600 209
606 209
612 209
618 209
624 209
630 209
636 209
642 209
648 209
654 209
660 208
666 208
672 208
678 208
684 208
690 208
696 208
702 208
708 208
714 208
720 209
726 209
732 209
738 209
744 209
750 209
756 209
762 209
768 209
774 209
780 209
786 209
792 209
798 209
804 209
810 209
816 209
822 209
828 209
834 209
840 209
846 209
852 209
858 209
864 209
870 209
876 209
882 209
888 209
894 209
900 208
906 208
912 208
918 208
924 208
930 208
936 208
942 208
948 208
954 208
960 208
966 208
972 208
978 208
984 208
990 208
996 208
1002 208
1008 208
1014 208
1020 208
1026 208
1032 208
1038 208
1044 208
1050 209
1056 209
1062 209
1068 209
1074 209
1080 209
1086 209
1092 209
1098 209
1104 210
1110 210
1116 210
1122 210
1128 210
1134 210
1140 210
1146 209
1152 209
1158 209
1164 209
1170 209
1176 209
1182 209
1188 208
