0 169
6 168
12 168
18 169
24 170
30 172
36 175
42 179
48 185
53 191
57 197
60 203
63 209
65 215
68 221
71 227
76 233
82 239
88 242
94 245
100 246
106 246
112 245
118 244
124 240
130 235
134 229
137 223
139 217
140 211
141 205
143 199
145 193
149 187
155 181
161 177
167 175
173 173
179 173
185 173
191 175
197 177
203 179
209 183
215 186
221 190
227 194
233 197
239 201
245 204
251 207
257 210
263 213
269 216
275 218
281 219
287 220
293 220
299 220
305 219
311 217
317 215
323 213
329 210
335 208
341 206
347 204
353 203
359 202
365 202
371 203
377 204
383 206
389 209
395 212
401 217
407 223
413 229
419 235
425 240
431 244
437 247
443 249
449 250
455 249
461 248
467 246
473 242
479 237
483 231
486 225
488 219
488 213
488 207
487 201
485 195
484 189
483 183
484 177
486 171
488 165
493 159
499 154
505 150
511 147
517 146
523 145
529 145
535 146
541 147
547 150
553 153
559 158
564 164
568 170
570 176
572 182
573 188
573 194
573 200
572 206
571 212
572 218
573 224
574 230
577 236
581 242
586 248
592 252
598 256
604 258
610 259
616 259
622 258
628 256
634 253
640 248
645 242
649 236
651 230
652 224
652 218
651 212
651 206
650 200
651 194
652 188
654 182
657 176
662 170
668 165
674 161
680 159
686 158
692 158
698 159
704 160
710 163
716 168
721 174
724 180
726 186
727 192
727 198
727 204
727 210
729 216
731 222
735 228
740 234
746 238
752 240
758 242
764 242
770 241
776 240
782 238
788 235
794 232
800 229
806 226
812 224
818 222
824 221
830 220
836 220
842 219
848 219
854 218
860 217
866 215
872 214
878 212
884 210
890 208
896 207
902 205
908 204
914 203
920 203
926 202
932 201
938 200
944 198
950 195
956 192
962 188
968 183
974 178
980 174
986 170
992 168
998 166
1004 165
1010 164
1016 165
1022 166
1028 168
1034 171
1040 175
1046 181
1051 187
1055 193
1057 199
1060 205
1061 211
1063 217
1065 223
1068 229
1071 235
1075 241
1080 247
1086 252
1092 256
1098 259
1104 261
1110 262
1116 263
1122 262
1128 261
1134 260
1140 257
1146 253
1152 247
1156 241
1159 235
1161 229
1162 223
1163 217
1164 211
1165 205
1166 199
1169 193
1173 187
1178 181
1184 176
1190 173
