0 204
6 204
12 204
18 204
24 204
30 204
36 204
42 204
48 204
54 204
60 204
66 205
72 205
78 205
84 205
90 206
96 206
102 206
108 206
114 206
120 206
126 205
132 205
138 205
144 204
150 204
156 204
162 203
168 203
174 203
180 203
186 203
192 204
198 204
204 204
210 204
216 204
222 204
228 204
234 204
240 204
246 204
252 204
258 204
264 205
270 205
276 205
282 205
288 205
294 205
300 205
306 205
312 205
318 205
324 205
330 205
336 205
342 205
348 205
354 205
360 205
366 205
372 205
378 205
384 205
390 205
396 205
402 205
408 205
414 206
420 206
426 206
432 206
438 206
444 206
450 206
456 206
462 206
468 206
474 205
480 205
486 204
492 204
498 203
504 202
510 202
516 202
522 202
528 202
534 202
540 202
546 203
552 203
558 203
564 204
570 204
576 204
582 205
588 205
594 205
600 206
606 206
612 206
618 206
624 206
630 206
636 206
642 206
648 205
654 205
660 204
666 204
672 203
678 203
684 203
690 203
696 203
702 203
708 203
714 204
720 204
726 205
732 205
738 206
744 206
750 206
756 206
762 206
768 206
774 206
780 206
786 206
792 206
798 206
804 206
810 206
816 206
822 206
828 206
834 205
840 205
846 205
852 205
858 205
864 205
870 205
876 205
882 205
888 205
894 205
900 204
906 204
912 204
918 204
924 204
930 204
936 204
942 204
948 204
954 204
960 204
966 203
972 203
978 203
984 203
990 203
996 203
1002 203
1008 203
1014 203
1020 203
1026 203
1032 204
1038 204
1044 204
1050 205
1056 205
1062 205
1068 205
1074 206
1080 206
1086 206
1092 206
1098 207
1104 207
1110 207
1116 207
1122 207
1128 207
1134 207
1140 207
1146 207
1152 206
1158 206
1164 206
1170 205
1176 205
1182 204
1188 204
