0 139
6 138
12 138
18 139
24 140
30 142
36 145
42 149
48 155
53 161
57 167
60 173
62 179
63 185
64 191
63 197
62 203
60 209
58 215
57 221
57 227
57 233
59 239
61 245
64 251
68 257
74 263
80 267
86 270
92 273
98 274
104 275
110 274
116 273
122 271
128 269
134 264
140 258
144 252
146 246
148 240
148 234
147 228
145 222
141 216
136 210
133 204
131 198
131 192
131 186
132 180
134 174
137 168
141 162
147 156
153 151
159 147
165 145
171 144
177 143
183 143
189 144
195 146
201 148
207 152
213 157
218 163
223 169
226 175
230 181
233 187
236 193
239 199
243 205
247 211
251 217
257 223
263 227
269 231
275 233
281 235
287 236
293 235
299 234
305 232
311 229
317 224
323 219
328 213
334 207
340 201
346 197
352 195
358 193
364 192
370 192
376 193
382 195
388 197
394 201
400 206
405 212
409 218
412 224
414 230
415 236
416 242
416 248
418 254
421 260
425 266
431 271
437 274
443 276
449 277
455 277
461 276
467 275
473 272
479 269
485 264
491 258
495 252
498 246
501 240
503 234
505 228
506 222
507 216
507 210
507 204
505 198
502 192
496 187
490 187
484 187
478 185
473 179
471 173
469 167
468 161
469 155
470 149
472 143
474 137
478 131
483 125
489 120
495 116
501 112
507 110
513 109
519 108
525 108
531 108
537 109
543 111
549 113
555 116
561 121
567 126
572 132
576 138
579 144
581 150
583 156
584 162
585 168
585 174
585 180
584 186
582 192
576 198
570 199
564 202
560 208
559 214
558 220
558 226
559 232
560 238
561 244
563 250
566 256
569 262
573 268
579 274
585 279
591 282
597 285
603 286
609 287
615 287
621 286
627 285
633 282
639 279
645 274
650 268
654 262
657 256
659 250
660 244
661 238
661 232
660 226
658 220
654 214
648 211
642 209
637 203
636 197
635 191
636 185
637 179
638 173
640 167
643 161
646 155
650 149
655 143
661 138
667 134
673 130
679 128
685 127
691 126
697 126
703 127
709 129
715 132
721 135
727 141
732 147
735 153
737 159
738 165
738 171
737 177
735 183
729 189
723 192
717 196
713 202
712 208
712 214
713 220
714 226
716 232
719 238
722 244
727 250
733 256
739 261
745 264
751 266
757 267
763 267
769 266
775 264
781 262
787 258
793 252
799 246
805 241
811 237
817 234
823 231
829 230
835 228
841 227
847 226
853 225
859 224
865 222
871 219
877 216
883 213
889 210
895 207
901 205
907 203
913 202
919 201
925 199
931 198
937 196
943 193
949 189
955 184
959 178
962 172
965 166
967 160
969 154
973 148
978 142
984 138
990 134
996 132
1002 131
1008 130
1014 130
1020 130
1026 132
1032 134
1038 136
1044 140
1050 145
1056 151
1061 157
1065 163
1067 169
1070 175
1071 181
1072 187
1073 193
1073 199
1072 205
1070 211
1066 217
1061 223
1057 229
1055 235
1054 241
1054 247
1055 253
1057 259
1059 265
1063 271
1067 277
1073 283
1079 287
1085 291
1091 294
1097 296
1103 297
1109 298
1115 299
1121 298
1127 297
1133 296
1139 294
1145 291
1151 287
1157 283
1162 277
1166 271
1169 265
1172 259
1173 253
1174 247
1174 241
1172 235
1169 229
1163 223
1157 218
1153 212
1152 206
1151 200
1151 194
1152 188
1154 182
1156 176
1159 170
1162 164
1167 158
1173 152
1179 147
1185 144
1191 141
