0 154
6 153
12 153
18 153
24 155
30 157
36 160
42 164
48 170
53 176
56 182
58 188
60 194
61 200
62 206
64 212
65 218
67 224
70 230
74 236
80 242
86 246
92 249
98 250
104 251
110 251
116 249
122 247
128 243
133 237
137 231
139 225
140 219
140 213
140 207
140 201
140 195
140 189
142 183
145 177
149 171
155 166
161 162
167 160
173 158
179 158
185 158
191 160
197 162
203 165
209 169
215 173
221 179
227 184
233 189
239 194
245 199
251 203
257 207
263 211
269 214
275 217
281 218
287 219
293 219
299 219
305 217
311 215
317 212
323 209
329 205
335 202
341 199
347 197
353 195
359 194
365 194
371 194
377 196
383 198
389 201
395 206
401 211
406 217
410 223
414 229
418 235
423 241
429 247
435 250
441 253
447 254
453 254
459 253
465 252
471 249
477 245
483 239
487 233
490 227
492 221
493 215
493 209
493 203
491 197
487 191
484 185
481 179
479 173
479 167
480 161
482 155
485 149
489 143
495 137
501 133
507 130
513 128
519 127
525 127
531 127
537 128
543 130
549 132
555 136
561 141
566 147
570 153
573 159
575 165
576 171
576 177
576 183
575 189
573 195
571 201
569 207
568 213
568 219
569 225
570 231
573 237
576 243
580 249
586 254
592 259
598 261
604 263
610 264
616 264
622 263
628 261
634 259
640 254
646 248
649 242
652 236
653 230
654 224
654 218
653 212
651 206
649 200
647 194
646 188
647 182
648 176
650 170
653 164
657 158
663 152
669 147
675 144
681 143
687 142
693 141
699 142
705 144
711 147
717 151
722 157
726 163
728 169
729 175
729 181
728 187
726 193
725 199
724 205
725 211
726 217
728 223
732 229
737 235
743 240
749 243
755 245
761 245
767 245
773 244
779 242
785 239
791 235
797 232
803 228
809 224
815 222
821 220
827 218
833 218
839 217
845 216
851 215
857 214
863 213
869 211
875 209
881 207
887 204
893 202
899 200
905 199
911 198
917 197
923 196
929 195
935 194
941 192
947 189
953 185
959 180
965 174
970 168
976 162
982 157
988 153
994 151
1000 149
1006 148
1012 148
1018 148
1024 150
1030 152
1036 155
1042 159
1048 165
1053 171
1056 177
1059 183
1061 189
1062 195
1062 201
1063 207
1063 213
1063 219
1064 225
1065 231
1067 237
1070 243
1074 249
1079 255
1085 260
1091 264
1097 266
1103 268
1109 270
1115 270
1121 270
1127 269
1133 268
1139 265
1145 262
1151 257
1156 251
1160 245
1162 239
1164 233
1164 227
1164 221
1163 215
1162 209
1162 203
1162 197
1162 191
1164 185
1167 179
1170 173
1175 167
1181 162
1187 158
1193 156
