0 210
6 210
12 210
18 210
24 211
30 211
36 211
42 212
48 212
54 213
60 214
66 214
72 215
78 216
84 217
90 218
96 218
102 219
108 219
114 219
120 218
126 217
132 216
138 215
144 213
150 212
156 211
162 211
168 210
174 210
180 210
186 210
192 210
198 211
204 211
210 212
216 212
222 212
228 212
234 213
240 213
246 213
252 214
258 214
264 214
270 215
276 215
282 215
288 216
294 216
300 216
306 216
312 216
318 215
324 215
330 215
336 215
342 215
348 215
354 215
360 215
366 215
372 215
378 215
384 216
390 216
396 216
402 216
408 217
414 217
420 218
426 218
432 219
438 219
444 220
450 220
456 219
462 219
468 218
474 217
480 215
486 213
492 211
498 209
504 207
510 206
516 205
522 205
528 205
534 205
540 206
546 207
552 208
558 210
564 211
570 213
576 214
582 216
588 217
594 218
600 219
606 220
612 221
618 221
624 221
630 220
636 219
642 218
648 216
654 214
660 212
666 211
672 209
678 208
684 207
690 207
696 208
702 209
708 210
714 211
720 213
726 214
732 216
738 217
744 218
750 218
756 219
762 219
768 219
774 219
780 218
786 218
792 218
798 217
804 217
810 217
816 217
822 217
828 217
834 217
840 216
846 216
852 216
858 216
864 216
870 216
876 215
882 215
888 214
894 214
900 214
906 213
912 213
918 213
924 213
930 213
936 213
942 212
948 212
954 212
960 211
966 211
972 210
978 210
984 209
990 209
996 208
1002 208
1008 208
1014 209
1020 209
1026 210
1032 211
1038 212
1044 212
1050 214
1056 215
1062 216
1068 217
1074 217
1080 218
1086 219
1092 220
1098 221
1104 221
1110 222
1116 222
1122 222
1128 222
1134 221
1140 221
1146 220
1152 219
1158 218
1164 216
1170 215
1176 214
1182 213
1188 212
