0 189
6 188
12 188
18 189
24 189
30 190
36 191
42 193
48 194
54 196
60 198
66 201
72 203
78 205
84 207
90 209
96 210
102 211
108 211
114 210
120 209
126 207
132 204
138 201
144 198
150 195
156 193
162 191
168 190
174 189
180 189
186 189
192 190
198 191
204 192
210 193
216 194
222 195
228 195
234 196
240 197
246 198
252 198
258 199
264 200
270 201
276 202
282 202
288 203
294 203
300 203
306 203
312 202
318 202
324 201
330 201
336 200
342 200
348 200
354 200
360 200
366 200
372 200
378 201
384 201
390 202
396 203
402 204
408 205
414 207
420 208
426 210
432 211
438 212
444 213
450 213
456 213
462 211
468 209
474 206
480 202
486 197
492 191
498 186
504 183
510 180
516 178
522 177
528 177
534 178
540 179
546 181
552 184
558 188
564 192
570 196
576 200
582 205
588 208
594 211
600 214
606 215
612 216
618 216
624 216
630 214
636 212
642 208
648 204
654 199
660 194
666 190
672 186
678 184
684 183
690 183
696 183
702 185
708 187
714 190
720 194
726 198
732 202
738 205
744 207
750 209
756 210
762 210
768 210
774 210
780 209
786 208
792 208
798 207
804 206
810 205
816 205
822 205
828 204
834 204
840 204
846 204
852 204
858 203
864 203
870 202
876 201
882 201
888 200
894 199
900 198
906 198
912 197
918 197
924 197
930 197
936 196
942 196
948 195
954 194
960 193
966 192
972 191
978 189
984 188
990 187
996 186
1002 186
1008 186
1014 186
1020 187
1026 188
1032 190
1038 192
1044 194
1050 197
1056 199
1062 202
1068 205
1074 207
1080 209
1086 212
1092 213
1098 215
1104 216
1110 217
1116 218
1122 218
1128 217
1134 216
1140 214
1146 212
1152 210
1158 207
1164 203
1170 200
1176 197
1182 194
1188 192
