0 214
6 214
12 214
18 214
24 214
30 214
36 214
42 214
48 214
54 214
60 214
66 214
72 214
78 214
84 214
90 215
96 215
102 215
108 215
114 215
120 215
126 215
132 214
138 214
144 214
150 214
156 214
162 213
168 213
174 213
180 213
186 213
192 214
198 214
204 214
210 214
216 214
222 214
228 214
234 214
240 214
246 214
252 214
258 214
264 214
270 214
276 214
282 214
288 214
294 214
300 214
306 214
312 214
318 214
324 214
330 214
336 214
342 214
348 214
354 214
360 214
366 214
372 214
378 215
384 215
390 215
396 215
402 215
408 215
414 215
420 215
426 215
432 215
438 215
444 215
450 215
456 215
462 215
468 215
474 215
480 214
486 214
492 214
498 213
504 213
510 213
516 212
522 212
528 212
534 213
540 213
546 213
552 213
558 213
564 214
570 214
576 214
582 214
588 214
594 214
600 215
606 215
612 215
618 215
624 215
630 215
636 215
642 215
648 215
654 214
660 214
666 214
672 213
678 213
684 213
690 213
696 213
702 213
708 214
714 214
720 214
726 214
732 215
738 215
744 215
750 215
756 215
762 215
768 215
774 215
780 215
786 215
792 215
798 215
804 215
810 215
816 215
822 215
828 215
834 215
840 215
846 215
852 215
858 215
864 215
870 214
876 214
882 214
888 214
894 214
900 214
906 214
912 214
918 214
924 214
930 214
936 214
942 214
948 214
954 214
960 214
966 213
972 213
978 213
984 213
990 213
996 213
1002 213
1008 213
1014 213
1020 213
1026 213
1032 214
1038 214
1044 214
1050 214
1056 214
1062 214
1068 215
1074 215
1080 215
1086 215
1092 215
1098 215
1104 215
1110 216
1116 216
1122 216
1128 216
1134 216
1140 215
1146 215
1152 215
1158 215
1164 215
1170 214
1176 214
1182 214
1188 214
