0 188
6 187
12 187
18 187
24 188
30 189
36 190
42 192
48 194
54 196
60 199
66 201
72 204
78 206
84 209
90 210
96 212
102 212
108 212
114 212
120 210
126 208
132 205
138 202
144 198
150 195
156 192
162 190
168 189
174 188
180 188
186 189
192 189
198 190
204 191
210 192
216 193
222 194
228 195
234 196
240 197
246 198
252 199
258 200
264 201
270 201
276 202
282 203
288 203
294 204
300 204
306 203
312 203
318 202
324 202
330 201
336 201
342 200
348 200
354 200
360 200
366 200
372 200
378 201
384 201
390 202
396 203
402 205
408 206
414 208
420 209
426 211
432 213
438 214
444 215
450 215
456 214
462 213
468 211
474 207
480 203
486 197
491 191
497 186
503 182
509 179
515 177
521 175
527 175
533 176
539 177
545 179
551 182
557 186
563 190
569 195
575 200
581 205
587 209
593 213
599 215
605 217
611 218
617 219
623 218
629 217
635 214
641 211
647 206
653 200
659 194
665 189
671 186
677 183
683 182
689 181
695 182
701 183
707 186
713 189
719 193
725 197
731 202
737 205
743 208
749 210
755 211
761 212
767 212
773 211
779 211
785 210
791 209
797 208
803 207
809 206
815 206
821 205
827 205
833 205
839 205
845 204
851 204
857 204
863 203
869 203
875 202
881 201
887 200
893 199
899 199
905 198
911 198
917 197
923 197
929 197
935 196
941 196
947 195
953 194
959 193
965 192
971 190
977 189
983 187
989 186
995 185
1001 185
1007 185
1013 185
1019 186
1025 187
1031 189
1037 191
1043 194
1049 196
1055 199
1061 202
1067 205
1073 208
1079 210
1085 213
1091 215
1097 217
1103 218
1109 219
1115 220
1121 220
1127 219
1133 218
1139 217
1145 214
1151 212
1157 208
1163 204
1169 200
1175 197
1181 194
1187 191
1193 189
