0 201
6 200
12 200
18 201
24 201
30 201
36 201
42 201
48 201
54 201
60 201
66 202
72 202
78 202
84 203
90 203
96 203
102 203
108 203
114 203
120 203
126 203
132 202
138 202
144 201
150 201
156 200
162 200
168 200
174 200
180 200
186 200
192 200
198 200
204 201
210 201
216 201
222 201
228 201
234 201
240 201
246 201
252 201
258 201
264 202
270 202
276 202
282 202
288 202
294 202
300 202
306 202
312 202
318 202
324 202
330 202
336 202
342 202
348 202
354 202
360 202
366 202
372 202
378 202
384 202
390 202
396 203
402 203
408 203
414 203
420 203
426 203
432 203
438 203
444 203
450 204
456 203
462 203
468 203
474 203
480 202
486 201
492 200
498 200
504 199
510 199
516 198
522 198
528 198
534 198
540 199
546 199
552 200
558 200
564 201
570 201
576 201
582 202
588 202
594 203
600 203
606 203
612 204
618 204
624 204
630 204
636 203
642 203
648 202
654 202
660 201
666 200
672 200
678 200
684 199
690 199
696 199
702 200
708 200
714 201
720 201
726 202
732 202
738 203
744 203
750 203
756 203
762 203
768 203
774 203
780 203
786 203
792 203
798 203
804 203
810 203
816 203
822 203
828 203
834 203
840 203
846 203
852 203
858 202
864 202
870 202
876 202
882 202
888 202
894 202
900 201
906 201
912 201
918 201
924 201
930 201
936 201
942 201
948 201
954 201
960 201
966 200
972 200
978 200
984 200
990 200
996 199
1002 199
1008 200
1014 200
1020 200
1026 200
1032 200
1038 201
1044 201
1050 202
1056 202
1062 202
1068 203
1074 203
1080 203
1086 204
1092 204
1098 204
1104 204
1110 204
1116 205
1122 205
1128 205
1134 204
1140 204
1146 204
1152 204
1158 203
1164 203
1170 202
1176 202
1182 201
1188 201
