0 162
6 161
12 160
18 161
24 162
30 165
36 168
42 172
48 177
52 183
56 189
59 195
61 201
63 207
64 213
66 219
69 225
73 231
78 237
84 242
90 245
96 247
102 248
108 248
114 247
120 245
126 241
132 235
136 229
138 223
139 217
140 211
140 205
141 199
142 193
144 187
148 181
153 175
159 171
165 168
171 166
177 165
183 166
189 167
195 169
201 171
207 175
213 179
219 183
225 187
231 192
237 196
243 200
249 204
255 207
261 211
267 214
273 216
279 218
285 219
291 220
297 219
303 219
309 217
315 215
321 212
327 209
333 206
339 203
345 201
351 199
357 198
363 198
369 198
375 199
381 201
387 204
393 208
399 212
405 218
410 224
414 230
419 236
425 242
431 246
437 249
443 251
449 252
455 252
461 250
467 248
473 245
479 240
484 234
487 228
489 222
490 216
491 210
490 204
488 198
485 192
483 186
482 180
481 174
482 168
484 162
487 156
492 150
498 145
504 141
510 138
516 137
522 136
528 136
534 136
540 138
546 140
552 143
558 148
564 154
568 160
571 166
573 172
574 178
575 184
574 190
573 196
572 202
570 208
570 214
570 220
571 226
573 232
576 238
579 244
585 250
591 255
597 258
603 260
609 261
615 261
621 261
627 259
633 256
639 252
645 246
648 240
651 234
652 228
653 222
652 216
651 210
650 204
649 198
649 192
649 186
650 180
653 174
656 168
661 162
667 157
673 153
679 151
685 150
691 149
697 150
703 152
709 154
715 158
720 164
724 170
726 176
727 182
728 188
727 194
726 200
726 206
726 212
728 218
730 224
734 230
740 236
746 239
752 242
758 243
764 243
770 243
776 241
782 239
788 236
794 233
800 229
806 226
812 223
818 221
824 220
830 219
836 218
842 218
848 217
854 216
860 215
866 214
872 212
878 210
884 208
890 206
896 204
902 202
908 201
914 200
920 199
926 199
932 198
938 196
944 194
950 191
956 187
962 182
968 177
974 171
980 166
986 162
992 160
998 158
1004 156
1010 156
1016 157
1022 158
1028 160
1034 162
1040 166
1046 172
1051 178
1055 184
1058 190
1059 196
1061 202
1062 208
1063 214
1064 220
1065 226
1067 232
1070 238
1074 244
1079 250
1085 255
1091 259
1097 262
1103 264
1109 266
1115 266
1121 266
1127 265
1133 264
1139 261
1145 257
1151 252
1156 246
1159 240
1161 234
1163 228
1163 222
1163 216
1163 210
1163 204
1164 198
1165 192
1168 186
1171 180
1177 174
1183 169
1189 165
