0 93
6 92
12 92
18 93
24 94
30 96
36 99
42 102
48 107
53 113
58 119
61 125
63 131
65 137
67 143
68 149
69 155
70 161
71 167
71 173
72 179
72 185
72 191
72 197
71 203
71 209
70 215
69 221
66 227
60 227
54 221
51 215
48 209
45 203
42 197
38 191
32 189
26 195
24 201
24 207
24 213
25 219
27 225
28 231
30 237
32 243
35 249
38 255
41 261
44 267
48 273
52 279
56 285
61 291
67 297
73 302
79 306
85 310
91 312
97 314
103 316
109 316
115 316
121 316
127 314
133 312
139 309
145 305
151 299
156 293
159 287
162 281
164 275
165 269
166 263
166 257
166 251
166 245
165 239
164 233
162 227
160 221
157 215
153 209
147 204
141 203
136 209
133 215
131 221
129 227
126 233
122 239
116 242
110 241
104 235
102 229
100 223
100 217
100 211
101 205
101 199
102 193
103 187
105 181
106 175
108 169
110 163
112 157
114 151
116 145
119 139
121 133
125 127
128 121
133 115
138 109
144 104
150 99
156 96
162 93
168 91
174 90
180 89
186 89
192 89
198 90
204 91
210 93
216 96
222 100
228 105
234 111
238 117
241 123
244 129
245 135
246 141
245 147
244 153
242 159
236 165
230 167
224 166
218 167
212 172
209 178
209 184
209 190
210 196
212 202
215 208
217 214
221 220
224 226
228 232
233 238
238 244
244 250
250 254
256 258
262 261
268 264
274 265
280 266
286 266
292 265
298 264
304 262
310 258
316 254
322 248
327 242
330 236
332 230
332 224
331 218
330 212
330 206
331 200
333 194
337 188
343 182
349 178
355 176
361 174
367 172
373 172
379 172
385 172
391 173
397 175
403 177
409 179
415 181
421 184
427 187
433 191
439 194
445 198
451 203
457 209
462 215
465 221
467 227
467 233
466 239
463 245
458 251
452 255
446 257
440 256
434 254
428 252
422 251
416 253
410 258
406 264
404 270
403 276
403 282
404 288
406 294
409 300
414 306
420 312
426 315
432 318
438 319
444 320
450 320
456 319
462 317
468 315
474 312
480 308
486 302
491 296
496 290
500 284
503 278
506 272
510 266
512 260
515 254
518 248
520 242
522 236
525 230
527 224
529 218
530 212
532 206
533 200
534 194
535 188
535 182
536 176
536 170
536 164
535 158
535 152
534 146
534 140
533 134
532 128
529 122
524 116
518 114
512 115
506 120
504 126
503 132
503 138
503 144
503 150
503 156
503 162
502 168
500 174
494 176
488 175
482 172
476 168
470 163
464 157
459 151
454 145
451 139
448 133
447 127
445 121
445 115
445 109
446 103
448 97
450 91
453 85
457 79
463 73
469 68
475 64
481 60
487 58
493 55
499 54
505 53
511 52
517 51
523 52
529 52
535 53
541 54
547 56
553 58
559 61
565 65
571 70
577 76
581 82
585 88
587 94
589 100
590 106
590 112
591 118
590 124
590 130
589 136
588 142
588 148
587 154
586 160
585 166
585 172
584 178
584 184
584 190
584 196
584 202
585 208
585 214
579 220
585 223
579 225
574 219
576 213
575 207
574 201
573 195
572 189
571 183
570 177
569 171
568 165
566 159
565 153
564 147
562 141
560 135
554 141
555 147
556 153
556 159
557 165
557 171
558 177
558 183
558 189
558 195
558 201
558 207
558 213
558 219
557 225
557 231
557 237
557 243
557 249
557 255
557 261
558 267
558 273
559 279
560 285
562 291
564 297
567 303
571 309
576 315
582 320
588 324
594 326
600 328
606 329
612 330
618 329
624 328
630 326
636 323
642 319
648 314
652 308
656 302
658 296
660 290
661 284
662 278
662 272
662 266
662 260
661 254
660 248
660 242
658 236
657 230
656 224
655 218
653 212
652 206
650 200
649 194
648 188
647 182
645 176
639 178
636 184
634 190
633 196
631 202
630 208
629 214
627 220
626 226
625 232
623 238
620 244
614 246
609 240
608 234
607 228
607 222
608 216
608 210
609 204
609 198
610 192
611 186
612 180
614 174
616 168
618 162
620 156
623 150
627 144
630 138
634 132
638 126
643 120
647 114
652 108
658 102
664 97
670 92
676 88
682 86
688 83
694 82
700 81
706 81
712 81
718 82
724 84
730 86
736 89
742 94
748 99
753 105
756 111
759 117
761 123
763 129
763 135
764 141
763 147
762 153
760 159
757 165
754 171
748 177
742 182
736 185
730 186
724 184
718 179
715 173
713 167
712 161
710 155
708 149
702 143
696 141
690 142
684 144
678 149
674 155
672 161
672 167
672 173
673 179
674 185
675 191
677 197
679 203
681 209
683 215
686 221
688 227
691 233
693 239
696 245
699 251
702 257
705 263
709 269
712 275
716 281
721 287
726 293
732 298
738 303
744 306
750 309
756 310
762 311
768 311
774 311
780 309
786 306
792 301
796 295
797 289
796 283
794 277
791 271
790 265
793 259
798 253
804 249
810 247
816 245
822 243
828 242
834 241
840 240
846 238
852 237
858 235
864 232
870 228
876 224
882 218
887 212
893 206
899 201
905 198
911 195
917 192
923 190
929 187
935 185
941 183
947 180
953 177
959 174
965 170
971 165
977 159
981 153
983 147
984 141
983 135
978 129
972 128
966 129
960 132
954 133
948 131
944 125
942 119
942 113
944 107
946 101
950 95
955 89
961 83
967 79
973 76
979 73
985 71
991 70
997 69
1003 69
1009 69
1015 69
1021 70
1027 71
1033 73
1039 76
1045 78
1051 82
1057 86
1063 92
1069 98
1073 104
1077 110
1080 116
1083 122
1085 128
1087 134
1089 140
1091 146
1092 152
1093 158
1094 164
1095 170
1096 176
1097 182
1098 188
1099 194
1099 200
1100 206
1100 212
1100 218
1100 224
1100 230
1099 236
1099 242
1098 248
1097 254
1095 260
1091 266
1085 269
1079 269
1073 263
1071 257
1070 251
1069 245
1068 239
1068 233
1067 227
1065 221
1059 217
1053 218
1047 222
1042 228
1038 234
1034 240
1032 246
1030 252
1029 258
1028 264
1027 270
1027 276
1027 282
1028 288
1029 294
1031 300
1033 306
1036 312
1039 318
1044 324
1049 330
1055 335
1061 340
1067 343
1073 346
1079 348
1085 350
1091 351
1097 352
1103 353
1109 353
1115 353
1121 352
1127 351
1133 350
1139 348
1145 346
1151 343
1157 340
1163 335
1169 330
1174 324
1178 318
1181 312
1184 306
1186 300
1187 294
1188 288
1189 282
1189 276
1190 270
1190 264
1189 258
1189 252
1188 246
1187 240
1186 234
1184 228
1183 222
1180 216
1176 210
1170 208
1164 213
1162 219
1160 225
1158 231
1157 237
1155 243
1153 249
1152 255
1149 261
1146 267
1140 271
1134 270
1129 264
1127 258
1127 252
1127 246
1127 240
1127 234
1128 228
1128 222
1129 216
1130 210
1131 204
1131 198
1133 192
1134 186
1135 180
1136 174
1138 168
1140 162
1142 156
1144 150
1146 144
1149 138
1152 132
1155 126
1159 120
1164 114
1170 108
1176 103
1182 99
1188 97
