0 201
6 201
12 201
18 201
24 201
30 202
36 203
42 204
48 205
54 206
60 207
66 208
72 210
78 211
84 212
90 213
96 214
102 215
108 215
114 214
120 213
126 212
132 210
138 208
144 207
150 205
156 203
162 202
168 201
174 201
180 201
186 201
192 202
198 202
204 203
210 203
216 204
222 205
228 205
234 205
240 206
246 206
252 207
258 207
264 208
270 208
276 209
282 209
288 210
294 210
300 210
306 210
312 210
318 209
324 209
330 209
336 208
342 208
348 208
354 208
360 208
366 208
372 208
378 209
384 209
390 210
396 210
402 211
408 211
414 212
420 213
426 214
432 215
438 216
444 216
450 216
456 216
462 215
468 213
474 211
480 209
486 206
492 203
498 200
504 197
510 195
516 194
522 193
528 193
534 194
540 195
546 196
552 198
558 200
564 203
570 205
576 208
582 210
588 212
594 214
600 216
606 217
612 218
618 218
624 218
630 217
636 215
642 213
648 210
654 207
660 204
666 202
672 200
678 198
684 197
690 197
696 197
702 199
708 200
714 202
720 205
726 207
732 209
738 211
744 213
750 214
756 214
762 214
768 214
774 214
780 214
786 213
792 213
798 212
804 212
810 212
816 211
822 211
828 211
834 211
840 211
846 211
852 210
858 210
864 210
870 209
876 209
882 208
888 208
894 207
900 207
906 206
912 206
918 206
924 206
930 205
936 205
942 205
948 205
954 204
960 203
966 203
972 202
978 201
984 200
990 199
996 199
1002 199
1008 199
1014 199
1020 200
1026 201
1032 202
1038 203
1044 205
1050 206
1056 208
1062 209
1068 211
1074 213
1080 214
1086 215
1092 216
1098 217
1104 218
1110 219
1116 219
1122 219
1128 219
1134 218
1140 217
1146 216
1152 214
1158 212
1164 210
1170 208
1176 206
1182 205
1188 203
