0 96
6 96
12 96
18 96
24 97
30 99
36 102
42 106
48 111
54 117
58 123
61 129
64 135
66 141
68 147
69 153
70 159
71 165
72 171
72 177
72 183
73 189
73 195
72 201
72 207
71 213
69 219
63 224
57 220
53 214
49 208
46 202
40 196
34 196
30 202
28 208
28 214
29 220
30 226
31 232
33 238
35 244
37 250
40 256
43 262
47 268
51 274
55 280
60 286
65 292
71 297
77 302
83 306
89 308
95 311
101 312
107 313
113 313
119 312
125 311
131 309
137 306
143 302
149 296
154 290
158 284
161 278
163 272
164 266
165 260
165 254
165 248
165 242
164 236
162 230
160 224
157 218
153 212
147 208
141 208
136 214
133 220
130 226
127 232
121 237
115 237
109 233
106 227
104 221
104 215
103 209
104 203
104 197
105 191
106 185
107 179
109 173
110 167
112 161
114 155
116 149
119 143
122 137
125 131
128 125
133 119
138 113
144 108
150 104
156 100
162 98
168 96
174 95
180 94
186 94
192 94
198 95
204 97
210 99
216 102
222 106
228 111
233 117
237 123
239 129
241 135
242 141
242 147
242 153
240 159
235 165
229 169
223 171
217 177
215 183
215 189
215 195
217 201
218 207
221 213
224 219
227 225
231 231
235 237
240 243
246 248
252 253
258 257
264 260
270 262
276 263
282 264
288 263
294 263
300 261
306 258
312 255
318 250
323 244
327 238
329 232
330 226
331 220
330 214
331 208
332 202
334 196
338 190
344 184
350 180
356 177
362 175
368 174
374 173
380 174
386 174
392 176
398 178
404 180
410 182
416 185
422 189
428 192
434 197
440 201
446 206
451 212
455 218
458 224
459 230
459 236
458 242
454 248
448 253
442 255
436 255
430 254
424 253
418 255
412 259
408 265
406 271
406 277
406 283
408 289
410 295
414 301
420 307
426 311
432 314
438 315
444 316
450 316
456 316
462 314
468 312
474 309
480 305
486 300
492 294
496 288
500 282
504 276
507 270
510 264
512 258
515 252
517 246
519 240
522 234
524 228
525 222
527 216
529 210
530 204
531 198
532 192
533 186
533 180
534 174
534 168
534 162
533 156
533 150
532 144
531 138
529 132
524 126
518 123
512 124
506 128
503 134
502 140
502 146
501 152
501 158
501 164
500 170
497 176
491 179
485 178
479 174
473 169
467 163
462 157
458 151
454 145
452 139
450 133
448 127
448 121
448 115
448 109
450 103
452 97
455 91
459 85
464 79
470 73
476 69
482 66
488 63
494 61
500 59
506 58
512 57
518 57
524 57
530 58
536 59
542 60
548 62
554 64
560 68
566 72
572 77
578 83
582 89
585 95
587 101
589 107
590 113
590 119
591 125
591 131
590 137
590 143
589 149
589 155
588 161
588 167
587 173
586 179
586 185
586 191
586 197
585 203
585 209
585 215
579 218
576 212
575 206
573 200
572 194
571 188
570 182
569 176
568 170
567 164
566 158
564 152
562 146
556 145
555 151
556 157
556 163
556 169
556 175
557 181
557 187
557 193
557 199
556 205
556 211
556 217
556 223
556 229
556 235
556 241
556 247
556 253
557 259
557 265
558 271
559 277
561 283
563 289
565 295
569 301
573 307
579 313
585 318
591 321
597 323
603 325
609 325
615 325
621 324
627 323
633 321
639 317
645 312
650 306
654 300
657 294
659 288
661 282
661 276
662 270
662 264
662 258
662 252
661 246
660 240
659 234
658 228
657 222
656 216
655 210
653 204
652 198
651 192
649 186
643 182
639 188
636 194
635 200
633 206
632 212
630 218
629 224
627 230
625 236
619 241
613 239
610 233
609 227
609 221
609 215
610 209
610 203
611 197
612 191
613 185
615 179
616 173
618 167
621 161
623 155
626 149
629 143
633 137
636 131
640 125
645 119
649 113
655 107
661 101
667 96
673 92
679 89
685 87
691 85
697 84
703 84
709 84
715 85
721 87
727 89
733 92
739 96
745 101
750 107
754 113
757 119
759 125
760 131
761 137
761 143
760 149
759 155
757 161
755 167
751 173
746 179
740 183
734 186
728 186
722 184
718 178
715 172
713 166
712 160
709 154
703 148
697 147
691 148
685 151
680 157
677 163
676 169
676 175
676 181
677 187
678 193
680 199
682 205
684 211
686 217
689 223
691 229
694 235
696 241
699 247
702 253
705 259
708 265
712 271
716 277
721 283
726 289
732 294
738 299
744 302
750 304
756 306
762 307
768 307
774 306
780 303
786 300
792 294
794 288
795 282
794 276
793 270
793 264
795 258
801 252
807 248
813 246
819 244
825 242
831 241
837 240
843 239
849 237
855 236
861 233
867 230
873 226
879 221
885 215
891 209
897 204
903 200
909 197
915 194
921 192
927 190
933 188
939 185
945 183
951 180
957 177
963 172
969 167
974 161
978 155
979 149
980 143
978 137
972 133
966 132
960 133
954 133
948 127
947 121
947 115
948 109
951 103
955 97
961 91
967 86
973 82
979 80
985 78
991 76
997 75
1003 75
1009 74
1015 75
1021 76
1027 77
1033 79
1039 81
1045 84
1051 88
1057 92
1063 97
1068 103
1073 109
1077 115
1080 121
1083 127
1085 133
1087 139
1089 145
1090 151
1092 157
1093 163
1094 169
1095 175
1096 181
1097 187
1097 193
1098 199
1098 205
1098 211
1098 217
1098 223
1098 229
1097 235
1096 241
1095 247
1092 253
1088 259
1082 261
1076 260
1072 254
1070 248
1068 242
1068 236
1066 230
1064 224
1058 219
1052 221
1046 225
1041 231
1038 237
1035 243
1033 249
1031 255
1030 261
1030 267
1030 273
1030 279
1031 285
1032 291
1034 297
1036 303
1039 309
1043 315
1048 321
1053 327
1059 332
1065 336
1071 339
1077 342
1083 344
1089 346
1095 347
1101 348
1107 348
1113 348
1119 348
1125 347
1131 346
1137 344
1143 342
1149 339
1155 336
1161 331
1167 326
1172 320
1177 314
1180 308
1183 302
1185 296
1186 290
1188 284
1189 278
1189 272
1189 266
1189 260
1189 254
1188 248
1187 242
1186 236
1185 230
1183 224
1180 218
1174 213
1168 213
1163 219
1161 225
1159 231
1157 237
1155 243
1154 249
1151 255
1146 261
1140 263
1134 260
1131 254
1129 248
1129 242
1128 236
1129 230
1129 224
1129 218
1130 212
1131 206
1132 200
1132 194
1134 188
1135 182
1136 176
1138 170
1140 164
1142 158
1144 152
1146 146
1149 140
1152 134
1155 128
1159 122
1164 116
1170 110
1176 106
1182 102
1188 100
