0 231
2 225
3 219
3 213
4 207
4 201
4 195
6 189
7 183
10 177
13 171
18 165
24 159
30 155
36 152
42 150
48 148
54 147
60 147
66 148
72 149
78 152
84 155
90 159
96 165
100 171
103 177
104 183
105 189
106 195
106 201
106 207
106 213
107 219
109 225
112 231
116 237
122 242
128 246
134 248
140 249
146 249
152 248
158 246
164 243
170 238
176 232
182 226
188 221
194 217
200 215
206 213
212 213
218 214
224 217
230 220
236 224
242 229
248 233
254 236
260 238
266 239
272 239
278 238
284 236
290 232
296 226
300 220
302 214
304 208
305 202
306 196
307 190
308 184
310 178
313 172
318 166
324 161
330 157
336 154
342 153
348 152
354 151
360 152
366 153
372 155
378 158
384 162
390 168
395 174
399 180
402 186
404 192
406 198
406 204
407 210
407 216
407 222
408 228
409 234
411 240
413 246
417 252
422 258
428 263
434 267
440 270
446 273
452 274
458 275
464 275
470 275
476 274
482 273
488 270
494 267
500 263
506 258
511 252
514 246
517 240
519 234
520 228
520 222
520 216
519 210
518 204
518 198
518 192
519 186
521 180
523 174
526 168
530 162
536 156
542 151
548 147
554 145
560 143
566 142
572 141
578 141
584 142
590 143
596 145
602 148
608 152
614 158
619 164
623 170
625 176
627 182
628 188
628 194
628 200
628 206
628 212
628 218
628 224
630 230
632 236
635 242
640 248
646 254
652 258
658 261
664 263
670 264
676 264
682 264
688 263
694 261
700 259
706 255
712 250
717 244
721 238
724 232
726 226
727 220
728 214
728 208
729 202
730 196
731 190
733 184
736 178
740 172
745 166
751 161
757 157
763 154
769 152
775 151
781 151
787 151
793 152
799 153
805 156
811 159
817 164
823 170
827 176
830 182
833 188
835 194
836 200
836 206
835 212
834 218
832 224
830 230
828 236
827 242
827 248
828 254
829 260
832 266
836 272
841 278
847 283
853 287
859 289
865 291
871 292
877 293
883 292
889 291
895 290
901 287
907 284
913 279
919 273
923 267
926 261
927 255
928 249
928 243
927 237
925 231
923 225
920 219
919 213
918 207
918 201
919 195
920 189
922 183
925 177
929 171
934 165
940 160
946 156
952 153
958 151
964 150
970 149
976 149
982 149
988 150
994 152
1000 154
1006 157
1012 161
1018 165
1024 170
1030 176
1036 181
1042 187
1048 193
1054 198
1060 203
1066 208
1072 213
1078 218
1084 223
1090 229
1096 235
1102 240
1108 246
1114 250
1120 254
1126 257
1132 260
1138 261
1144 263
1150 263
1156 263
1162 262
1168 261
1174 258
1180 255
1186 251
1192 245
1196 239
