0 210
6 209
12 209
18 209
24 208
30 208
36 208
42 208
48 207
54 207
60 207
66 207
72 207
78 207
84 208
90 208
96 208
102 209
108 209
114 210
120 210
126 210
132 211
138 211
144 211
150 211
156 211
162 211
168 211
174 210
180 210
186 210
192 210
198 210
204 209
210 209
216 209
222 210
228 210
234 210
240 210
246 210
252 211
258 211
264 211
270 211
276 211
282 211
288 210
294 210
300 210
306 209
312 209
318 208
324 208
330 208
336 207
342 207
348 207
354 207
360 208
366 208
372 208
378 208
384 209
390 209
396 210
402 210
408 210
414 211
420 211
426 211
432 211
438 211
444 211
450 212
456 212
462 212
468 212
474 212
480 212
486 211
492 211
498 211
504 211
510 210
516 210
522 210
528 209
534 209
540 208
546 208
552 207
558 207
564 207
570 207
576 207
582 207
588 207
594 207
600 207
606 208
612 208
618 208
624 209
630 209
636 210
642 210
648 210
654 211
660 211
666 211
672 211
678 211
684 211
690 211
696 211
702 211
708 210
714 210
720 210
726 210
732 209
738 209
744 209
750 209
756 208
762 208
768 208
774 208
780 208
786 208
792 208
798 208
804 208
810 209
816 209
822 210
828 210
834 211
840 211
846 212
852 212
858 213
864 213
870 213
876 213
882 213
888 213
894 213
900 212
906 212
912 211
918 211
924 210
930 209
936 209
942 208
948 208
954 208
960 207
966 207
972 207
978 207
984 207
990 207
996 207
1002 208
1008 208
1014 208
1020 208
1026 208
1032 208
1038 209
1044 209
1050 209
1056 209
1062 209
1068 209
1074 209
1080 210
1086 210
1092 210
1098 210
1104 210
1110 210
1116 211
1122 211
1128 211
1134 211
1140 211
1146 211
1152 211
1158 211
1164 211
1170 211
1176 211
1182 211
1188 210
