0 205
6 205
12 205
18 205
24 205
30 205
36 205
42 205
48 204
54 204
60 204
66 204
72 204
78 204
84 205
90 205
96 205
102 205
108 205
114 205
120 206
126 206
132 206
138 206
144 206
150 206
156 206
162 206
168 206
174 206
180 206
186 206
192 205
198 205
204 205
210 205
216 205
222 205
228 205
234 206
240 206
246 206
252 206
258 206
264 206
270 206
276 206
282 206
288 206
294 206
300 205
306 205
312 205
318 205
324 205
330 205
336 204
342 204
348 204
354 204
360 205
366 205
372 205
378 205
384 205
390 205
396 205
402 206
408 206
414 206
420 206
426 206
432 206
438 206
444 206
450 206
456 206
462 206
468 206
474 206
480 206
486 206
492 206
498 206
504 206
510 206
516 206
522 205
528 205
534 205
540 205
546 205
552 204
558 204
564 204
570 204
576 204
582 204
588 204
594 204
600 204
606 205
612 205
618 205
624 205
630 205
636 205
642 206
648 206
654 206
660 206
666 206
672 206
678 206
684 206
690 206
696 206
702 206
708 206
714 206
720 206
726 205
732 205
738 205
744 205
750 205
756 205
762 205
768 205
774 205
780 205
786 205
792 205
798 205
804 205
810 205
816 205
822 205
828 206
834 206
840 206
846 206
852 207
858 207
864 207
870 207
876 207
882 207
888 207
894 207
900 207
906 206
912 206
918 206
924 206
930 205
936 205
942 205
948 205
954 205
960 205
966 204
972 204
978 204
984 204
990 205
996 205
1002 205
1008 205
1014 205
1020 205
1026 205
1032 205
1038 205
1044 205
1050 205
1056 205
1062 205
1068 205
1074 205
1080 205
1086 205
1092 206
1098 206
1104 206
1110 206
1116 206
1122 206
1128 206
1134 206
1140 206
1146 206
1152 206
1158 206
1164 206
1170 206
1176 206
1182 206
1188 206
