0 215
6 215
12 214
18 214
24 213
30 213
36 212
42 212
48 212
54 212
60 212
66 212
72 212
78 212
84 212
90 213
96 213
102 214
108 214
114 215
120 216
126 216
132 216
138 217
144 217
150 217
156 217
162 217
168 216
174 216
180 216
186 215
192 215
198 215
204 215
210 215
216 215
222 215
228 215
234 215
240 216
246 216
252 216
258 216
264 217
270 217
276 216
282 216
288 216
294 215
300 215
306 214
312 214
318 213
324 213
330 212
336 212
342 212
348 212
354 212
360 212
366 213
372 213
378 213
384 214
390 214
396 215
402 215
408 216
414 216
420 217
426 217
432 217
438 217
444 217
450 218
456 218
462 218
468 218
474 218
480 218
486 217
492 217
498 217
504 216
510 216
516 215
522 215
528 214
534 214
540 213
546 212
552 212
558 212
564 211
570 211
576 211
582 211
588 211
594 211
600 212
606 212
612 213
618 213
624 214
630 215
636 215
642 216
648 216
654 216
660 217
666 217
672 217
678 217
684 217
690 217
696 216
702 216
708 216
714 216
720 215
726 215
732 215
738 214
744 214
750 213
756 213
762 213
768 212
774 212
780 212
786 212
792 212
798 213
804 213
810 213
816 214
822 215
828 216
834 216
840 217
846 218
852 219
858 219
864 220
870 220
876 220
882 220
888 220
894 219
900 219
906 218
912 217
918 216
924 215
930 215
936 214
942 213
948 213
954 212
960 212
966 212
972 212
978 212
984 212
990 212
996 212
1002 212
1008 213
1014 213
1020 213
1026 213
1032 213
1038 214
1044 214
1050 214
1056 214
1062 214
1068 215
1074 215
1080 215
1086 215
1092 215
1098 216
1104 216
1110 216
1116 216
1122 217
1128 217
1134 217
1140 217
1146 217
1152 217
1158 217
1164 217
1170 217
1176 217
1182 216
1188 216
