0 146
3 140
9 137
12 143
12 149
12 155
13 161
14 167
14 173
15 179
16 185
17 191
18 197
20 203
21 209
22 215
23 221
24 227
24 233
25 239
26 245
26 251
27 257
27 263
28 269
28 275
28 281
28 287
28 293
28 299
27 305
27 311
25 317
23 323
20 329
16 335
11 341
5 347
1199 351
1193 354
1187 357
1181 359
1175 361
1169 362
1163 363
1157 364
1151 364
1145 364
1139 364
1133 364
1127 364
1121 363
1115 362
1109 361
1103 359
1097 357
1091 354
1085 351
1079 347
1073 341
1067 335
1063 329
1059 323
1055 317
1052 311
1049 305
1046 299
1044 293
1042 287
1040 281
1038 275
1036 269
1035 263
1034 257
1034 251
1033 245
1034 239
1035 233
1038 227
1044 223
1050 222
1056 221
1061 215
1067 210
1073 208
1079 205
1084 199
1087 193
1088 187
1089 181
1089 175
1089 169
1089 163
1089 157
1088 151
1087 145
1086 139
1084 133
1083 127
1081 121
1079 115
1076 109
1074 103
1070 97
1067 91
1063 85
1058 79
1052 73
1046 68
1040 64
1034 61
1028 58
1022 56
1016 54
1010 53
1004 52
998 51
992 51
986 51
980 51
974 52
968 53
962 54
956 56
950 59
944 62
938 65
932 70
926 75
920 81
916 87
912 93
909 99
906 105
904 111
902 117
901 123
899 129
898 135
897 141
896 147
896 153
895 159
894 165
893 171
893 177
892 183
892 189
891 195
891 201
890 207
890 213
890 219
889 225
889 231
889 237
889 243
890 249
890 255
890 261
891 267
891 273
892 279
892 285
893 291
893 297
894 303
894 309
895 315
895 321
896 327
896 333
896 339
901 345
907 343
912 337
915 331
916 325
917 319
918 313
919 307
920 301
922 295
924 289
926 283
929 277
931 271
933 265
935 259
936 253
936 247
936 241
935 235
936 229
938 223
944 219
950 221
956 225
961 231
964 237
966 243
968 249
970 255
971 261
972 267
972 273
973 279
973 285
974 291
974 297
974 303
974 309
974 315
973 321
972 327
971 333
969 339
967 345
964 351
960 357
954 362
948 367
942 370
936 373
930 375
924 376
918 378
912 379
906 380
900 380
894 381
888 381
882 381
876 381
870 380
864 380
858 379
852 377
846 376
840 375
834 373
828 370
822 367
816 363
811 357
807 351
804 345
802 339
801 333
801 327
800 321
801 315
801 309
802 303
803 297
804 291
805 285
807 279
808 273
809 267
811 261
812 255
814 249
815 243
816 237
817 231
818 225
818 219
824 215
828 221
830 227
831 233
832 239
833 245
833 251
834 257
836 263
837 269
839 275
841 281
844 287
846 293
848 299
850 305
852 311
854 317
856 323
859 329
862 335
866 341
872 345
878 345
879 339
878 333
876 327
874 321
873 315
872 309
871 303
870 297
869 291
869 285
868 279
867 273
866 267
865 261
865 255
864 249
863 243
863 237
862 231
861 225
861 219
860 213
859 207
858 201
857 195
856 189
854 183
853 177
851 171
849 165
847 159
846 153
844 147
842 141
840 135
838 129
835 123
833 117
829 111
826 105
821 99
816 93
810 88
804 84
798 81
792 79
786 78
780 77
774 77
768 78
762 79
756 81
750 84
744 87
738 92
732 98
727 104
723 110
719 116
716 122
713 128
710 134
708 140
706 146
704 152
702 158
700 164
699 170
697 176
696 182
695 188
694 194
692 200
692 206
691 212
690 218
689 224
688 230
688 236
688 242
688 248
689 254
691 260
697 265
703 265
709 263
715 257
719 251
721 245
723 239
725 233
728 227
732 221
736 215
741 209
745 203
747 197
749 191
752 185
756 179
762 176
768 175
774 177
780 182
783 188
784 194
784 200
783 206
782 212
780 218
778 224
776 230
774 236
772 242
769 248
767 254
764 260
762 266
759 272
756 278
753 284
750 290
747 296
743 302
739 308
735 314
730 320
725 326
719 331
713 336
707 339
701 342
695 344
689 346
683 346
677 347
671 346
665 346
659 344
653 342
647 339
641 335
635 330
629 324
624 318
620 312
616 306
613 300
610 294
608 288
605 282
603 276
601 270
599 264
597 258
596 252
594 246
593 240
592 234
591 228
590 222
588 216
587 210
586 204
585 198
584 192
583 186
582 180
581 174
580 168
580 162
580 156
580 150
582 144
588 140
594 141
600 146
603 152
604 158
605 164
607 170
610 176
612 182
616 188
619 194
622 200
625 206
627 212
629 218
631 224
632 230
633 236
635 242
637 248
642 254
648 256
654 251
655 245
656 239
656 233
656 227
656 221
656 215
656 209
656 203
656 197
656 191
656 185
656 179
656 173
656 167
656 161
656 155
656 149
655 143
655 137
654 131
653 125
652 119
650 113
649 107
647 101
644 95
641 89
638 83
634 77
628 71
622 65
616 61
610 57
604 55
598 52
592 51
586 49
580 49
574 48
568 48
562 49
556 49
550 50
544 52
538 54
532 57
526 60
520 64
514 69
508 75
504 81
500 87
497 93
495 99
493 105
492 111
490 117
490 123
489 129
489 135
489 141
489 147
489 153
490 159
490 165
491 171
492 177
492 183
493 189
494 195
494 201
495 207
495 213
495 219
495 225
495 231
495 237
495 243
495 249
495 255
494 261
494 267
494 273
495 279
500 285
506 281
509 275
511 269
512 263
513 257
514 251
515 245
516 239
517 233
519 227
520 221
522 215
524 209
525 203
527 197
529 191
530 185
531 179
532 173
533 167
534 161
536 155
542 150
548 156
549 162
549 168
549 174
549 180
549 186
549 192
549 198
549 204
549 210
549 216
550 222
550 228
550 234
550 240
550 246
550 252
550 258
551 264
551 270
550 276
550 282
550 288
549 294
548 300
547 306
546 312
544 318
542 324
540 330
537 336
533 342
528 348
522 354
516 358
510 361
504 364
498 366
492 367
486 369
480 370
474 370
468 371
462 371
456 371
450 371
444 370
438 369
432 369
426 367
420 366
414 364
408 362
402 359
396 355
390 350
385 344
382 338
379 332
377 326
376 320
376 314
376 308
377 302
378 296
379 290
381 284
383 278
385 272
388 266
391 260
394 254
397 248
400 242
404 236
407 230
411 224
415 218
420 212
426 209
431 215
432 221
433 227
434 233
435 239
436 245
437 251
439 257
440 263
441 269
441 275
441 281
442 287
446 293
452 296
458 297
464 294
469 288
470 282
471 276
471 270
470 264
470 258
470 252
469 246
469 240
468 234
467 228
466 222
465 216
464 210
463 204
462 198
460 192
458 186
456 180
453 174
450 168
447 162
444 156
440 150
436 144
433 138
429 132
425 126
421 120
417 114
412 108
408 102
403 96
398 90
392 84
386 79
380 75
374 72
368 69
362 66
356 65
350 63
344 63
338 62
332 62
326 63
320 64
314 66
308 68
302 71
296 74
290 79
284 84
279 90
275 96
271 102
268 108
266 114
264 120
263 126
262 132
262 138
262 144
263 150
265 156
268 162
271 168
277 174
283 179
289 183
295 185
301 186
307 186
313 184
319 178
322 172
326 166
331 160
336 154
340 148
346 143
352 142
358 141
364 143
370 145
376 148
382 152
388 158
391 164
393 170
394 176
393 182
391 188
388 194
385 200
381 206
376 212
372 218
367 224
363 230
358 236
353 242
347 248
342 254
336 260
330 265
324 270
318 274
312 278
306 281
300 283
294 284
288 284
282 282
276 280
270 274
268 268
267 262
269 256
270 250
272 244
271 238
266 232
260 228
254 226
248 224
242 222
236 221
230 220
224 220
218 219
212 219
206 219
200 219
194 219
188 219
182 220
176 221
170 221
164 223
158 224
152 225
146 227
140 230
134 233
128 239
126 245
126 251
128 257
133 263
139 267
145 270
151 272
157 274
163 277
169 282
172 288
173 294
172 300
170 306
166 312
160 317
154 320
148 322
142 323
136 322
130 321
124 319
118 317
112 313
106 308
100 302
95 296
91 290
86 284
83 278
79 272
76 266
73 260
70 254
67 248
64 242
61 236
59 230
56 224
54 218
52 212
50 206
48 200
46 194
44 188
42 182
41 176
40 170
38 164
37 158
36 152
35 146
35 140
35 134
36 128
39 122
45 117
51 116
57 116
63 118
69 123
72 129
75 135
78 141
82 147
85 153
88 159
90 165
91 171
93 177
98 183
104 185
110 185
116 183
122 180
128 176
134 171
139 165
142 159
145 153
147 147
148 141
148 135
148 129
148 123
147 117
145 111
143 105
141 99
138 93
135 87
131 81
126 75
120 70
114 65
108 61
102 58
96 55
90 53
84 52
78 50
72 49
66 49
60 49
54 49
48 49
42 50
36 51
30 53
24 55
18 58
12 61
6 64
0 69
1194 74
1188 80
1183 86
1179 92
1176 98
1172 104
1170 110
1167 116
1165 122
1163 128
1161 134
1159 140
1158 146
1157 152
1156 158
1155 164
1154 170
1154 176
1153 182
1153 188
1153 194
1154 200
1155 206
1156 212
1159 218
1162 224
1168 230
1174 232
1180 231
1183 225
1185 219
1185 213
1185 207
1185 201
1186 195
1187 189
1189 183
1191 177
1192 171
1194 165
1196 159
1197 153
