0 203
6 203
12 202
18 202
24 202
30 202
36 201
42 201
48 201
54 201
60 201
66 201
72 201
78 201
84 201
90 201
96 202
102 202
108 202
114 203
120 203
126 203
132 203
138 204
144 204
150 204
156 204
162 204
168 203
174 203
180 203
186 203
192 203
198 203
204 203
210 202
216 203
222 203
228 203
234 203
240 203
246 203
252 203
258 204
264 204
270 204
276 203
282 203
288 203
294 203
300 203
306 202
312 202
318 202
324 201
330 201
336 201
342 201
348 201
354 201
360 201
366 201
372 202
378 202
384 202
390 202
396 203
402 203
408 203
414 203
420 204
426 204
432 204
438 204
444 204
450 204
456 204
462 204
468 204
474 204
480 204
486 204
492 204
498 204
504 203
510 203
516 203
522 203
528 202
534 202
540 202
546 201
552 201
558 201
564 201
570 200
576 200
582 200
588 201
594 201
600 201
606 201
612 202
618 202
624 202
630 202
636 203
642 203
648 203
654 203
660 203
666 204
672 204
678 204
684 204
690 203
696 203
702 203
708 203
714 203
720 203
726 203
732 202
738 202
744 202
750 202
756 202
762 202
768 201
774 201
780 201
786 201
792 201
798 201
804 202
810 202
816 202
822 203
828 203
834 203
840 204
846 204
852 205
858 205
864 205
870 205
876 205
882 205
888 205
894 205
900 205
906 204
912 204
918 203
924 203
930 202
936 202
942 202
948 201
954 201
960 201
966 201
972 201
978 201
984 201
990 201
996 201
1002 201
1008 201
1014 201
1020 202
1026 202
1032 202
1038 202
1044 202
1050 202
1056 202
1062 202
1068 202
1074 202
1080 203
1086 203
1092 203
1098 203
1104 203
1110 203
1116 203
1122 204
1128 204
1134 204
1140 204
1146 204
1152 204
1158 204
1164 204
1170 204
1176 204
1182 203
1188 203
