0 331
6 325
11 319
15 313
18 307
21 301
22 295
24 289
25 283
26 277
27 271
28 265
28 259
28 253
29 247
29 241
29 235
29 229
29 223
28 217
28 211
27 205
26 199
25 193
24 187
23 181
22 175
19 169
13 167
7 173
4 179
1 185
1199 191
1197 197
1195 203
1193 209
1190 215
1184 218
1178 215
1172 209
1169 203
1166 197
1165 191
1163 185
1163 179
1162 173
1162 167
1163 161
1164 155
1165 149
1166 143
1168 137
1170 131
1172 125
1174 119
1177 113
1181 107
1185 101
1190 95
1195 89
1 84
7 79
13 75
19 72
25 69
31 67
37 66
43 64
49 64
55 63
61 63
67 63
73 64
79 65
85 67
91 69
97 71
103 75
109 79
115 83
121 89
126 95
130 101
133 107
136 113
138 119
140 125
141 131
141 137
141 143
141 149
139 155
137 161
135 167
131 173
125 179
119 183
113 186
107 186
101 183
96 177
93 171
89 165
85 159
80 153
74 148
68 146
62 147
56 151
52 157
51 163
50 169
51 175
51 181
52 187
54 193
55 199
57 205
59 211
61 217
63 223
65 229
67 235
69 241
71 247
74 253
77 259
79 265
83 271
86 277
90 283
95 289
100 295
106 300
112 304
118 308
124 310
130 311
136 311
142 311
148 309
154 306
160 301
164 295
166 289
165 283
163 277
159 271
153 265
149 259
147 253
147 247
149 241
154 235
160 231
166 228
172 225
178 223
184 222
190 221
196 220
202 220
208 220
214 220
220 221
226 222
232 224
238 226
244 229
250 234
255 240
258 246
259 252
260 258
262 264
266 270
272 276
278 279
284 280
290 280
296 279
302 277
308 275
314 271
320 266
326 261
332 255
337 249
342 243
346 237
350 231
354 225
358 219
361 213
364 207
366 201
368 195
369 189
369 183
367 177
365 171
360 165
354 160
348 158
342 158
336 160
330 164
324 169
318 174
312 179
306 182
300 183
294 181
288 178
282 172
278 166
276 160
274 154
273 148
273 142
273 136
274 130
275 124
278 118
280 112
284 106
288 100
294 94
300 89
306 85
312 81
318 79
324 77
330 76
336 75
342 74
348 74
354 75
360 76
366 78
372 80
378 82
384 86
390 89
396 94
402 100
408 106
412 112
417 118
420 124
424 130
427 136
430 142
433 148
436 154
439 160
441 166
443 172
446 178
448 184
450 190
451 196
453 202
454 208
456 214
457 220
458 226
458 232
459 238
459 244
458 250
456 256
452 262
446 266
440 266
434 261
431 255
429 249
427 243
425 237
423 231
421 225
418 219
412 214
406 216
402 222
399 228
396 234
393 240
391 246
389 252
387 258
386 264
384 270
384 276
383 282
383 288
383 294
383 300
384 306
386 312
388 318
391 324
395 330
400 336
406 342
412 346
418 349
424 352
430 354
436 356
442 357
448 358
454 358
460 358
466 358
472 358
478 357
484 356
490 354
496 352
502 350
508 346
514 342
520 338
525 332
530 326
534 320
537 314
540 308
542 302
544 296
545 290
547 284
548 278
549 272
550 266
550 260
551 254
551 248
551 242
552 236
552 230
552 224
551 218
551 212
551 206
550 200
550 194
548 188
546 182
540 177
534 179
531 185
528 191
527 197
525 203
523 209
521 215
519 221
517 227
516 233
514 239
512 245
507 251
501 253
495 247
493 241
492 235
491 229
490 223
490 217
489 211
489 205
489 199
488 193
488 187
488 181
488 175
488 169
489 163
489 157
490 151
490 145
491 139
493 133
494 127
496 121
498 115
500 109
503 103
507 97
511 91
517 85
523 79
529 75
535 71
541 69
547 66
553 65
559 64
565 63
571 63
577 63
583 63
589 64
595 66
601 68
607 71
613 74
619 78
625 83
631 89
635 95
639 101
642 107
645 113
648 119
649 125
651 131
653 137
654 143
655 149
656 155
656 161
657 167
657 173
657 179
657 185
657 191
657 197
657 203
657 209
656 215
654 221
652 227
646 232
640 232
634 227
631 221
628 215
626 209
623 203
620 197
617 191
614 185
612 179
609 173
603 167
597 166
591 169
587 175
586 181
585 187
586 193
586 199
587 205
588 211
589 217
590 223
591 229
593 235
594 241
596 247
598 253
600 259
602 265
604 271
607 277
609 283
612 289
616 295
619 301
624 307
629 313
635 319
641 323
647 327
653 329
659 331
665 333
671 334
677 334
683 333
689 332
695 331
701 328
707 325
713 322
719 317
725 312
730 306
735 300
740 294
744 288
748 282
751 276
755 270
758 264
761 258
763 252
766 246
768 240
771 234
772 228
774 222
775 216
775 210
774 204
771 198
765 192
759 190
753 192
747 197
743 203
739 209
735 215
731 221
728 227
724 233
719 239
713 242
707 242
701 238
697 232
696 226
695 220
695 214
695 208
696 202
697 196
698 190
699 184
701 178
702 172
704 166
706 160
708 154
710 148
712 142
715 136
718 130
721 124
725 118
730 112
735 106
741 101
747 97
753 93
759 91
765 89
771 88
777 87
783 87
789 88
795 90
801 92
807 95
813 99
819 104
825 110
829 116
833 122
836 128
839 134
841 140
843 146
845 152
847 158
849 164
850 170
852 176
853 182
855 188
856 194
857 200
859 206
860 212
861 218
861 224
862 230
863 236
863 242
864 248
865 254
865 260
866 266
867 272
867 278
868 284
869 290
870 296
870 302
871 308
870 314
864 316
858 312
854 306
851 300
849 294
846 288
844 282
841 276
839 270
836 264
834 258
832 252
831 246
829 240
827 234
824 228
818 226
814 232
812 238
810 244
809 250
808 256
806 262
805 268
804 274
804 280
803 286
803 292
802 298
802 304
803 310
803 316
804 322
806 328
808 334
811 340
815 346
821 352
827 357
833 361
839 364
845 366
851 368
857 369
863 370
869 371
875 371
881 372
887 371
893 371
899 371
905 370
911 369
917 367
923 365
929 363
935 360
941 356
947 351
953 345
957 339
960 333
963 327
965 321
966 315
968 309
968 303
969 297
969 291
969 285
968 279
968 273
966 267
965 261
963 255
960 249
957 243
952 237
946 232
940 231
934 235
932 241
930 247
929 253
928 259
926 265
924 271
921 277
919 283
917 289
915 295
913 301
910 307
906 313
900 316
894 315
891 309
890 303
890 297
890 291
890 285
889 279
889 273
889 267
889 261
889 255
889 249
889 243
889 237
889 231
890 225
890 219
890 213
891 207
891 201
892 195
893 189
894 183
894 177
895 171
896 165
897 159
898 153
900 147
901 141
903 135
904 129
906 123
909 117
912 111
915 105
919 99
924 93
930 87
936 83
942 79
948 75
954 73
960 71
966 69
972 68
978 67
984 67
990 67
996 68
1002 69
1008 70
1014 72
1020 74
1026 77
1032 81
1038 85
1044 90
1049 96
1054 102
1058 108
1061 114
1064 120
1066 126
1068 132
1070 138
1071 144
1072 150
1073 156
1073 162
1072 168
1071 174
1069 180
1066 186
1063 192
1062 198
1062 204
1062 210
1062 216
1062 222
1062 228
1061 234
1058 240
1055 246
1053 252
1053 258
1053 264
1054 270
1055 276
1057 282
1059 288
1061 294
1064 300
1068 306
1072 312
1076 318
1082 324
1088 330
1094 334
1100 338
1106 341
1112 343
1118 345
1124 347
1130 348
1136 349
1142 349
1148 349
1154 349
1160 348
1166 347
1172 345
1178 343
1184 341
1190 338
