0 208
6 206
12 204
18 202
24 201
30 199
36 198
42 196
48 196
54 195
60 195
66 195
72 196
78 197
84 198
90 200
96 202
102 204
108 206
114 208
120 210
126 211
132 212
138 213
144 214
150 214
156 213
162 213
168 212
174 211
180 210
186 209
192 208
198 207
204 207
210 207
216 207
222 207
228 208
234 209
240 210
246 211
252 211
258 212
264 212
270 212
276 212
282 211
288 210
294 208
300 206
306 204
312 203
318 201
324 199
330 198
336 197
342 196
348 196
354 196
360 197
366 198
372 199
378 200
384 202
390 204
396 206
402 207
408 209
414 211
420 213
426 214
432 215
438 216
444 217
450 218
456 218
462 218
468 218
474 218
480 217
486 217
492 216
498 214
504 213
510 211
516 209
522 206
528 204
534 202
540 200
546 198
552 196
558 195
564 194
570 193
576 193
582 193
588 194
594 195
600 196
606 198
612 200
618 202
624 204
630 206
636 208
642 210
648 212
654 213
660 214
666 215
672 215
678 216
684 215
690 215
696 214
702 213
708 212
714 210
720 209
726 207
732 205
738 204
744 202
750 200
756 199
762 198
768 197
774 196
780 196
786 196
792 196
798 197
804 199
810 201
816 203
822 206
828 209
834 212
840 215
846 218
852 220
858 222
864 224
870 224
876 225
882 224
888 224
894 222
900 220
906 218
912 215
918 212
924 209
930 206
936 203
942 201
948 199
954 197
960 196
966 195
972 195
978 195
984 195
990 196
996 196
1002 197
1008 198
1014 199
1020 200
1026 201
1032 202
1038 203
1044 203
1050 204
1056 205
1062 205
1068 206
1074 207
1080 208
1086 208
1092 209
1098 210
1104 211
1110 212
1116 213
1122 213
1128 214
1134 215
1140 215
1146 216
1152 216
1158 215
1164 215
1170 214
1176 214
1182 212
1188 211
