0 203
6 202
12 202
18 202
24 202
30 202
36 202
42 202
48 201
54 201
60 201
66 201
72 201
78 201
84 202
90 202
96 202
102 202
108 202
114 203
120 203
126 203
132 203
138 203
144 203
150 203
156 203
162 203
168 203
174 203
180 203
186 203
192 203
198 202
204 202
210 202
216 202
222 203
228 203
234 203
240 203
246 203
252 203
258 203
264 203
270 203
276 203
282 203
288 203
294 203
300 203
306 202
312 202
318 202
324 202
330 202
336 201
342 201
348 201
354 201
360 202
366 202
372 202
378 202
384 202
390 202
396 203
402 203
408 203
414 203
420 203
426 203
432 203
438 203
444 203
450 203
456 203
462 203
468 203
474 203
480 203
486 203
492 203
498 203
504 203
510 203
516 203
522 203
528 202
534 202
540 202
546 202
552 201
558 201
564 201
570 201
576 201
582 201
588 201
594 201
600 201
606 202
612 202
618 202
624 202
630 202
636 203
642 203
648 203
654 203
660 203
666 203
672 203
678 203
684 203
690 203
696 203
702 203
708 203
714 203
720 203
726 203
732 202
738 202
744 202
750 202
756 202
762 202
768 202
774 202
780 202
786 202
792 202
798 202
804 202
810 202
816 202
822 203
828 203
834 203
840 203
846 204
852 204
858 204
864 204
870 204
876 204
882 204
888 204
894 204
900 204
906 204
912 203
918 203
924 203
930 202
936 202
942 202
948 202
954 202
960 201
966 201
972 201
978 201
984 201
990 201
996 202
1002 202
1008 202
1014 202
1020 202
1026 202
1032 202
1038 202
1044 202
1050 202
1056 202
1062 202
1068 202
1074 202
1080 202
1086 203
1092 203
1098 203
1104 203
1110 203
1116 203
1122 203
1128 203
1134 203
1140 203
1146 203
1152 203
1158 203
1164 203
1170 203
1176 203
1182 203
1188 203
