0 204
6 203
12 202
18 201
24 200
30 199
36 198
42 198
48 197
54 197
60 197
66 197
72 197
78 198
84 198
90 199
96 200
102 201
108 203
114 204
120 205
126 206
132 207
138 207
144 207
150 207
156 207
162 207
168 206
174 206
180 205
186 205
192 204
198 204
204 203
210 203
216 203
222 204
228 204
234 205
240 205
246 206
252 206
258 206
264 207
270 207
276 206
282 206
288 205
294 204
300 203
306 202
312 201
318 200
324 199
330 198
336 198
342 197
348 197
354 197
360 198
366 198
372 199
378 200
384 201
390 202
396 203
402 204
408 205
414 206
420 207
426 207
432 208
438 209
444 209
450 209
456 210
462 210
468 210
474 210
480 209
486 209
492 208
498 208
504 207
510 206
516 204
522 203
528 202
534 201
540 199
546 198
552 197
558 197
564 196
570 196
576 195
582 196
588 196
594 196
600 197
606 198
612 199
618 201
624 202
630 203
636 204
642 205
648 206
654 207
660 207
666 208
672 208
678 208
684 208
690 208
696 207
702 207
708 206
714 205
720 205
726 204
732 203
738 202
744 201
750 200
756 199
762 199
768 198
774 198
780 197
786 197
792 198
798 198
804 199
810 200
816 202
822 203
828 205
834 206
840 208
846 210
852 211
858 212
864 213
870 214
876 214
882 214
888 213
894 212
900 211
906 210
912 208
918 206
924 205
930 203
936 201
942 200
948 199
954 198
960 197
966 197
972 197
978 197
984 197
990 197
996 197
1002 198
1008 198
1014 199
1020 199
1026 200
1032 200
1038 201
1044 201
1050 202
1056 202
1062 202
1068 203
1074 203
1080 204
1086 204
1092 205
1098 205
1104 206
1110 206
1116 207
1122 207
1128 208
1134 208
1140 208
1146 208
1152 208
1158 208
1164 208
1170 208
1176 207
1182 207
1188 206
