0 303
6 297
10 291
14 285
17 279
19 273
21 267
23 261
24 255
25 249
26 243
27 237
27 231
28 225
28 219
27 213
26 207
25 201
23 195
17 189
11 190
5 194
1199 199
1193 201
1187 201
1181 195
1177 189
1175 183
1174 177
1173 171
1172 165
1173 159
1173 153
1174 147
1176 141
1178 135
1180 129
1183 123
1187 117
1191 111
1196 105
2 99
8 94
14 90
20 87
26 84
32 82
38 80
44 79
50 78
56 78
62 78
68 79
74 80
80 81
86 83
92 85
98 88
104 92
110 97
116 103
121 109
125 115
128 121
130 127
132 133
133 139
133 145
133 151
131 157
130 163
127 169
122 175
116 179
110 181
104 179
98 176
92 173
86 170
80 170
74 173
70 179
68 185
68 191
68 197
68 203
69 209
70 215
72 221
74 227
76 233
78 239
81 245
84 251
87 257
91 263
95 269
101 275
107 280
113 284
119 287
125 289
131 290
137 290
143 289
149 287
155 283
161 277
163 271
164 265
164 259
163 253
162 247
162 241
164 235
167 229
173 223
179 219
185 216
191 214
197 213
203 213
209 213
215 213
221 215
227 217
233 220
239 224
245 230
249 236
252 242
255 248
259 254
265 259
271 263
277 265
283 265
289 265
295 263
301 261
307 258
313 254
319 248
325 242
329 236
333 230
337 224
340 218
342 212
344 206
345 200
345 194
345 188
343 182
339 176
333 172
327 171
321 172
315 174
309 175
303 176
297 174
291 170
287 164
284 158
283 152
282 146
283 140
284 134
286 128
288 122
292 116
296 110
302 104
308 99
314 96
320 93
326 90
332 89
338 88
344 87
350 87
356 87
362 88
368 90
374 91
380 94
386 97
392 101
398 105
404 111
410 117
414 123
419 129
422 135
425 141
428 147
431 153
433 159
436 165
438 171
439 177
441 183
442 189
443 195
444 201
444 207
444 213
443 219
441 225
436 231
430 233
424 232
418 227
412 221
406 217
400 218
395 224
392 230
390 236
389 242
388 248
387 254
387 260
387 266
388 272
389 278
390 284
393 290
395 296
398 302
403 308
408 314
414 320
420 324
426 328
432 330
438 333
444 334
450 335
456 336
462 336
468 336
474 335
480 334
486 333
492 331
498 328
504 325
510 321
516 315
522 309
527 303
531 297
534 291
537 285
539 279
542 273
543 267
545 261
546 255
547 249
548 243
549 237
549 231
549 225
549 219
548 213
547 207
545 201
540 195
534 194
528 198
524 204
520 210
516 216
510 222
504 222
498 218
495 212
493 206
491 200
490 194
490 188
489 182
490 176
490 170
490 164
491 158
492 152
494 146
495 140
497 134
499 128
502 122
505 116
509 110
513 104
519 98
525 92
531 88
537 85
543 82
549 80
555 78
561 77
567 76
573 76
579 76
585 77
591 78
597 80
603 82
609 85
615 89
621 93
627 98
632 104
637 110
640 116
643 122
646 128
648 134
650 140
652 146
653 152
654 158
654 164
655 170
655 176
654 182
654 188
652 194
650 200
645 206
639 209
633 207
627 201
622 195
617 189
611 184
605 184
599 189
597 195
595 201
595 207
595 213
596 219
597 225
598 231
600 237
602 243
604 249
606 255
609 261
612 267
615 273
619 279
623 285
628 291
634 297
640 301
646 305
652 308
658 310
664 312
670 313
676 313
682 312
688 311
694 310
700 308
706 304
712 301
718 296
724 290
730 284
735 278
739 272
743 266
747 260
750 254
753 248
756 242
758 236
759 230
760 224
761 218
760 212
758 206
752 200
746 200
740 203
734 207
728 212
722 215
716 216
710 212
707 206
705 200
704 194
704 188
705 182
706 176
707 170
708 164
710 158
712 152
715 146
718 140
721 134
725 128
729 122
735 116
741 110
747 106
753 103
759 100
765 98
771 97
777 96
783 96
789 97
795 98
801 100
807 103
813 106
819 110
825 116
830 122
834 128
838 134
841 140
843 146
846 152
848 158
850 164
851 170
853 176
855 182
856 188
857 194
859 200
860 206
861 212
862 218
862 224
863 230
864 236
864 242
864 248
864 254
864 260
863 266
859 272
853 273
847 268
843 262
839 256
836 250
832 244
829 238
825 232
819 228
813 231
810 237
807 243
806 249
805 255
804 261
803 267
803 273
803 279
804 285
805 291
806 297
807 303
810 309
812 315
816 321
820 327
826 333
832 338
838 342
844 345
850 348
856 350
862 351
868 353
874 353
880 353
886 353
892 353
898 352
904 351
910 349
916 347
922 344
928 341
934 336
940 331
945 325
949 319
953 313
955 307
958 301
959 295
961 289
961 283
962 277
962 271
961 265
960 259
959 253
957 247
953 241
949 235
943 231
937 230
931 235
928 241
924 247
921 253
918 259
914 265
909 271
903 274
897 273
893 267
891 261
890 255
890 249
889 243
890 237
890 231
890 225
890 219
891 213
892 207
892 201
893 195
894 189
895 183
896 177
897 171
898 165
899 159
901 153
903 147
905 141
907 135
910 129
913 123
916 117
921 111
926 105
932 100
938 95
944 92
950 89
956 87
962 85
968 84
974 83
980 83
986 83
992 83
998 84
1004 86
1010 88
1016 91
1022 94
1028 98
1034 103
1040 109
1044 115
1048 121
1052 127
1054 133
1056 139
1058 145
1058 151
1059 157
1059 163
1059 169
1059 175
1059 181
1060 187
1061 193
1062 199
1064 205
1065 211
1067 217
1068 223
1068 229
1068 235
1068 241
1068 247
1069 253
1070 259
1071 265
1073 271
1076 277
1079 283
1083 289
1087 295
1093 301
1099 307
1105 311
1111 315
1117 318
1123 320
1129 322
1135 323
1141 324
1147 324
1153 324
1159 323
1165 322
1171 321
1177 318
1183 316
1189 312
