0 199
6 199
12 199
18 199
24 199
30 199
36 200
42 201
48 202
54 203
60 204
66 205
72 206
78 207
84 207
90 208
96 208
102 208
108 207
114 207
120 206
126 205
132 204
138 202
144 201
150 200
156 199
162 198
168 197
174 197
180 197
186 197
192 198
198 199
204 200
210 201
216 202
222 204
228 205
234 206
240 207
246 208
252 209
258 209
264 209
270 209
276 208
282 207
288 207
294 206
300 205
306 204
312 203
318 202
324 201
330 201
336 200
342 200
348 200
354 201
360 201
366 202
372 202
378 203
384 204
390 205
396 206
402 207
408 207
414 208
420 209
426 209
432 209
438 209
444 209
450 208
456 208
462 207
468 206
474 204
480 203
486 202
492 200
498 199
504 198
510 197
516 196
522 195
528 195
534 195
540 196
546 196
552 197
558 198
564 199
570 201
576 202
582 204
588 205
594 206
600 207
606 207
612 207
618 207
624 207
630 206
636 206
642 205
648 204
654 203
660 202
666 201
672 200
678 200
684 200
690 201
696 202
702 203
708 204
714 205
720 206
726 208
732 209
738 210
744 210
750 210
756 210
762 210
768 209
774 207
780 206
786 204
792 202
798 200
804 198
810 197
816 195
822 194
828 193
834 193
840 193
846 193
852 194
858 195
864 197
870 198
876 200
882 202
888 204
894 207
900 208
906 210
912 211
918 212
924 213
930 213
936 213
942 213
948 212
954 211
960 209
966 208
972 206
978 205
984 203
990 202
996 200
1002 199
1008 199
1014 198
1020 198
1026 198
1032 198
1038 199
1044 199
1050 200
1056 201
1062 202
1068 203
1074 204
1080 205
1086 206
1092 207
1098 207
1104 207
1110 208
1116 208
1122 207
1128 207
1134 207
1140 206
1146 206
1152 205
1158 204
1164 203
1170 203
1176 202
1182 201
1188 200
