0 92
4 92
8 92
12 92
16 93
20 94
24 95
28 96
32 98
36 101
40 103
44 106
48 110
52 114
55 118
58 122
60 126
63 130
65 134
67 138
69 142
71 146
72 150
74 154
76 158
77 162
78 166
80 170
81 174
82 178
84 182
85 186
86 190
87 194
88 198
89 202
90 206
90 210
91 214
92 218
93 222
93 226
94 230
94 234
94 238
94 242
94 246
93 250
91 254
87 257
83 257
79 255
75 251
73 247
70 243
68 239
66 235
64 231
61 227
59 223
56 219
54 215
51 211
49 207
47 203
44 199
41 195
37 192
33 191
29 193
27 197
25 201
25 205
25 209
24 213
25 217
25 221
25 225
26 229
26 233
26 237
27 241
28 245
28 249
29 253
30 257
30 261
31 265
32 269
33 273
35 277
36 281
37 285
39 289
40 293
42 297
44 301
47 305
49 309
53 313
56 317
60 320
64 323
68 326
72 328
76 329
80 331
84 332
88 332
92 332
96 332
100 332
104 331
108 330
112 329
116 327
120 324
124 322
128 318
132 314
135 310
138 306
140 302
143 298
145 294
146 290
148 286
150 282
151 278
152 274
154 270
155 266
156 262
157 258
158 254
159 250
160 246
161 242
162 238
162 234
163 230
164 226
165 222
165 218
166 214
166 210
167 206
167 202
168 198
168 194
169 190
169 186
170 182
171 178
171 174
172 170
172 166
169 162
165 163
161 166
158 170
156 174
154 178
153 182
151 186
149 190
147 194
146 198
144 202
142 206
141 210
139 214
138 218
136 222
135 226
133 230
131 234
129 238
125 242
121 242
119 238
118 234
119 230
119 226
119 222
119 218
119 214
118 210
118 206
118 202
118 198
118 194
118 190
117 186
117 182
117 178
117 174
117 170
117 166
117 162
117 158
118 154
118 150
118 146
119 142
119 138
120 134
121 130
122 126
123 122
124 118
126 114
127 110
129 106
132 102
134 98
137 94
141 90
145 87
149 84
153 81
157 79
161 77
165 76
169 75
173 74
177 74
181 73
185 73
189 74
193 74
197 75
201 76
205 77
209 79
213 81
217 84
221 87
225 91
229 95
232 99
235 103
237 107
239 111
240 115
241 119
242 123
243 127
244 131
244 135
245 139
245 143
245 147
245 151
245 155
245 159
245 163
244 167
244 171
243 175
243 179
242 183
242 187
241 191
240 195
240 199
239 203
238 207
238 211
237 215
236 219
236 223
235 227
235 231
235 235
235 239
235 243
235 247
234 251
230 253
226 249
224 245
222 241
221 237
220 233
219 229
218 225
217 221
216 217
215 213
214 209
213 205
212 201
211 197
210 193
209 189
207 185
206 181
205 177
203 173
200 169
196 166
192 170
192 174
192 178
193 182
193 186
193 190
193 194
193 198
193 202
193 206
193 210
193 214
193 218
193 222
193 226
193 230
193 234
193 238
194 242
194 246
194 250
194 254
194 258
195 262
195 266
196 270
196 274
197 278
197 282
198 286
199 290
200 294
201 298
203 302
204 306
206 310
208 314
210 318
213 322
216 326
220 330
224 333
228 336
232 338
236 340
240 342
244 343
248 343
252 344
256 344
260 344
264 344
268 343
272 342
276 341
280 340
284 338
288 335
292 333
296 330
300 326
304 322
307 318
310 314
312 310
314 306
316 302
318 298
320 294
321 290
323 286
324 282
325 278
326 274
328 270
329 266
329 262
330 258
331 254
332 250
333 246
333 242
333 238
334 234
333 230
333 226
332 222
330 218
326 215
322 215
318 216
314 219
311 223
308 227
305 231
303 235
300 239
296 243
293 247
290 251
287 255
285 259
282 263
279 267
276 271
272 274
268 275
264 275
260 273
257 269
256 265
256 261
256 257
257 253
257 249
258 245
259 241
260 237
261 233
262 229
263 225
264 221
265 217
267 213
268 209
270 205
271 201
273 197
275 193
277 189
279 185
280 181
283 177
285 173
287 169
289 165
292 161
294 157
297 153
300 149
304 145
307 141
311 138
315 134
319 132
323 129
327 127
331 126
335 125
339 124
343 124
347 124
351 124
355 125
359 126
363 127
367 129
371 131
375 133
379 136
383 139
387 143
391 147
395 151
398 155
402 159
405 163
408 167
411 171
414 175
416 179
419 183
422 187
424 191
426 195
428 199
430 203
432 207
434 211
436 215
437 219
439 223
440 227
441 231
443 235
444 239
445 243
446 247
447 251
448 255
448 259
449 263
449 267
449 271
448 275
446 279
442 283
438 285
434 285
430 284
426 281
422 277
420 273
418 269
416 265
414 261
411 257
409 253
406 249
403 245
401 241
398 237
396 233
394 229
391 225
387 223
383 222
379 223
375 227
373 231
372 235
371 239
370 243
370 247
370 251
370 255
370 259
370 263
370 267
370 271
370 275
371 279
371 283
372 287
372 291
373 295
374 299
375 303
376 307
377 311
379 315
381 319
383 323
385 327
388 331
391 335
394 339
398 342
402 345
406 348
410 350
414 352
418 353
422 354
426 355
430 356
434 357
438 357
442 357
446 357
450 357
454 356
458 356
462 355
466 354
470 352
474 350
478 348
482 346
486 343
490 340
493 336
496 332
499 328
501 324
502 320
504 316
504 312
505 308
506 304
506 300
506 296
506 292
506 288
506 284
506 280
505 276
505 272
504 268
504 264
503 260
503 256
502 252
501 248
500 244
500 240
499 236
498 232
497 228
497 224
496 220
496 216
495 212
495 208
494 204
494 200
493 196
493 192
493 188
493 184
492 180
492 176
492 172
492 168
493 164
493 160
494 156
495 152
495 148
493 144
489 146
487 150
485 154
484 158
483 162
482 166
482 170
481 174
481 178
480 182
480 186
480 190
480 194
479 198
479 202
479 206
479 210
479 214
479 218
478 222
478 226
478 230
477 234
477 238
476 242
474 246
470 249
467 245
467 241
468 237
468 233
468 229
467 225
467 221
466 217
466 213
465 209
464 205
463 201
462 197
462 193
461 189
460 185
459 181
458 177
457 173
456 169
455 165
454 161
453 157
452 153
451 149
451 145
450 141
450 137
449 133
449 129
449 125
449 121
449 117
449 113
450 109
450 105
451 101
453 97
454 93
456 89
458 85
460 81
463 77
467 73
471 69
475 65
479 63
483 60
487 58
491 56
495 55
499 53
503 52
507 51
511 51
515 50
519 50
523 49
527 49
531 50
535 50
539 50
543 51
547 52
551 53
555 54
559 56
563 57
567 59
571 62
575 64
579 67
583 71
587 75
590 79
593 83
595 87
597 91
599 95
600 99
602 103
602 107
603 111
604 115
604 119
604 123
603 127
603 131
602 135
601 139
600 143
599 147
597 151
595 155
593 159
591 163
588 167
585 171
582 175
579 179
575 183
571 187
567 190
563 192
559 192
555 188
553 184
552 180
552 176
551 172
551 168
550 164
549 160
547 156
546 152
544 148
542 144
541 140
539 136
538 132
536 128
534 124
531 120
527 118
523 117
519 118
515 120
512 124
511 128
510 132
510 136
511 140
511 144
511 148
512 152
512 156
512 160
513 164
513 168
513 172
514 176
514 180
515 184
515 188
516 192
517 196
518 200
519 204
520 208
522 212
523 216
525 220
527 224
529 228
531 232
533 236
535 240
537 244
540 248
542 252
545 256
548 260
551 264
554 268
557 272
560 276
563 280
567 284
570 288
574 291
578 295
582 297
586 300
590 302
594 303
598 304
602 305
606 305
610 305
614 305
618 304
622 303
626 301
630 299
634 297
638 294
642 290
646 286
649 282
652 278
655 274
657 270
660 266
662 262
664 258
666 254
668 250
669 246
671 242
672 238
672 234
672 230
671 226
667 222
663 221
659 222
655 223
651 225
647 227
643 229
639 231
635 233
631 235
627 237
623 239
619 241
615 242
611 244
607 244
603 244
599 243
595 241
591 237
590 233
589 229
590 225
591 221
594 217
597 213
601 209
605 205
609 202
613 199
617 196
621 193
625 190
629 188
633 185
637 183
641 181
645 179
649 177
653 175
657 174
661 173
665 172
669 171
673 170
677 169
681 169
685 169
689 169
693 169
697 170
701 170
705 171
709 172
713 173
717 174
721 175
725 177
729 178
733 180
737 182
741 183
745 185
749 187
753 189
757 191
761 194
765 196
769 198
773 201
777 203
781 206
785 208
789 211
793 214
797 216
801 219
805 223
809 227
812 231
813 235
813 239
812 243
811 247
808 251
805 255
801 258
797 261
793 264
789 266
785 268
781 269
777 270
773 271
769 270
765 269
761 267
757 263
753 260
749 256
745 253
741 249
737 246
733 242
729 238
725 236
721 235
717 235
713 237
709 240
706 244
704 248
703 252
702 256
701 260
700 264
699 268
698 272
698 276
698 280
698 284
698 288
698 292
698 296
699 300
700 304
701 308
702 312
704 316
706 320
709 324
712 328
716 331
720 334
724 336
728 337
732 339
736 339
740 339
744 339
748 339
752 338
756 337
760 335
764 333
768 330
772 327
776 323
779 319
782 315
784 311
787 307
789 303
792 299
795 295
798 291
802 287
806 283
810 280
814 277
818 274
822 271
826 268
830 264
834 261
838 257
842 253
846 249
849 245
851 241
853 237
855 233
857 229
858 225
859 221
860 217
861 213
861 209
861 205
861 201
861 197
861 193
860 189
860 185
859 181
859 177
858 173
857 169
857 165
856 161
855 157
854 153
853 149
853 145
852 141
852 137
852 133
853 129
853 125
853 121
853 117
853 113
852 109
849 105
845 102
841 101
837 102
833 105
830 109
829 113
829 117
828 121
828 125
827 129
827 133
826 137
825 141
825 145
824 149
824 153
824 157
824 161
825 165
825 169
826 173
827 177
828 181
828 185
828 189
828 193
824 197
820 196
816 193
812 189
808 186
804 183
800 180
796 177
792 173
788 170
784 166
780 162
776 158
772 154
769 150
766 146
763 142
761 138
759 134
757 130
756 126
755 122
754 118
754 114
753 110
753 106
753 102
754 98
755 94
756 90
757 86
759 82
761 78
763 74
766 70
769 66
773 62
777 58
781 55
785 52
789 50
793 48
797 47
801 45
805 44
809 43
813 42
817 41
821 41
825 40
829 40
833 40
837 40
841 40
845 40
849 41
853 41
857 42
861 43
865 44
869 45
873 47
877 49
881 51
885 54
889 56
893 60
897 64
900 68
903 72
905 76
907 80
908 84
909 88
910 92
911 96
911 100
912 104
912 108
911 112
911 116
910 120
910 124
909 128
908 132
907 136
906 140
905 144
904 148
903 152
902 156
901 160
900 164
899 168
898 172
898 176
897 180
897 184
897 188
897 192
897 196
897 200
897 204
897 208
897 212
897 216
898 220
898 224
898 228
898 232
899 236
899 240
899 244
899 248
899 252
899 256
899 260
899 264
900 268
900 272
901 276
902 280
904 284
905 288
904 292
900 293
896 290
894 286
893 282
893 278
892 274
892 270
892 266
892 262
892 258
892 254
891 250
891 246
891 242
891 238
891 234
890 230
890 226
890 222
889 218
889 214
888 210
888 206
887 202
887 198
886 194
885 190
885 186
884 182
884 178
883 174
883 170
882 166
882 162
881 158
880 154
880 150
879 146
878 142
876 138
873 134
869 132
866 136
867 140
868 144
870 148
871 152
873 156
873 160
874 164
875 168
875 172
876 176
876 180
877 184
878 188
878 192
879 196
879 200
880 204
880 208
881 212
881 216
882 220
882 224
882 228
882 232
882 236
882 240
882 244
881 248
881 252
880 256
879 260
878 264
877 268
876 272
874 276
872 280
870 284
868 288
866 292
864 296
863 300
862 304
860 308
860 312
859 316
859 320
859 324
859 328
859 332
860 336
861 340
863 344
865 348
868 352
871 356
875 359
879 362
883 365
887 367
891 368
895 370
899 371
903 371
907 372
911 373
915 373
919 373
923 373
927 373
931 373
935 373
939 373
943 373
947 372
951 371
955 371
959 370
963 369
967 367
971 366
975 364
979 362
983 359
987 356
991 352
994 348
996 344
998 340
999 336
1001 332
1001 328
1002 324
1002 320
1002 316
1002 312
1002 308
1002 304
1001 300
1000 296
999 292
999 288
998 284
996 280
995 276
994 272
993 268
992 264
990 260
989 256
988 252
986 248
985 244
983 240
982 236
980 232
979 228
977 224
976 220
973 216
969 214
965 216
963 220
961 224
961 228
960 232
960 236
959 240
959 244
958 248
957 252
956 256
954 260
953 264
952 268
950 272
949 276
948 280
947 284
946 288
945 292
944 296
944 300
943 304
942 308
941 312
938 316
934 320
930 321
926 321
922 320
919 316
918 312
918 308
918 304
918 300
919 296
920 292
920 288
920 284
921 280
921 276
920 272
920 268
920 264
920 260
920 256
920 252
921 248
921 244
921 240
921 236
921 232
922 228
922 224
923 220
923 216
924 212
925 208
926 204
927 200
929 196
930 192
932 188
934 184
936 180
938 176
941 172
943 168
946 164
949 160
952 156
955 152
958 148
961 144
964 140
967 136
970 132
973 128
977 124
980 120
984 116
988 112
992 108
996 105
1000 102
1004 99
1008 97
1012 96
1016 94
1020 93
1024 92
1028 92
1032 92
1036 92
1040 92
1044 93
1048 95
1052 96
1056 98
1060 101
1064 104
1068 108
1072 112
1075 116
1077 120
1079 124
1081 128
1082 132
1084 136
1085 140
1086 144
1087 148
1088 152
1089 156
1089 160
1090 164
1090 168
1090 172
1091 176
1091 180
1091 184
1091 188
1091 192
1091 196
1091 200
1091 204
1091 208
1091 212
1091 216
1091 220
1090 224
1090 228
1089 232
1088 236
1087 240
1086 244
1082 248
1078 249
1074 248
1070 246
1066 242
1064 238
1062 234
1060 230
1058 226
1056 222
1054 218
1051 214
1048 210
1045 206
1043 202
1040 198
1038 194
1036 190
1033 186
1030 182
1026 179
1022 178
1018 178
1014 179
1010 181
1006 185
1004 189
1003 193
1003 197
1003 201
1004 205
1006 209
1007 213
1009 217
1011 221
1013 225
1015 229
1017 233
1019 237
1021 241
1024 245
1026 249
1028 253
1030 257
1033 261
1035 265
1038 269
1040 273
1043 277
1045 281
1048 285
1051 289
1054 293
1057 297
1061 301
1064 305
1068 309
1072 313
1076 317
1080 320
1084 323
1088 326
1092 328
1096 331
1100 332
1104 334
1108 335
1112 336
1116 337
1120 337
1124 337
1128 337
1132 336
1136 336
1140 335
1144 333
1148 331
1152 329
1156 327
1160 324
1164 320
1167 316
1170 312
1173 308
1175 304
1177 300
1179 296
1180 292
1182 288
1183 284
1184 280
1185 276
1186 272
1187 268
1187 264
1188 260
1188 256
1189 252
1189 248
1190 244
1190 240
1190 236
1191 232
1191 228
1191 224
1191 220
1191 216
1191 212
1190 208
1190 204
1189 200
1187 196
1183 193
1179 192
1175 194
1171 198
1169 202
1166 206
1164 210
1162 214
1160 218
1157 222
1155 226
1153 230
1150 234
1148 238
1146 242
1145 246
1142 250
1139 254
1135 257
1131 258
1127 257
1123 254
1121 250
1119 246
1119 242
1119 238
1119 234
1120 230
1120 226
1121 222
1121 218
1122 214
1123 210
1124 206
1125 202
1126 198
1127 194
1128 190
1129 186
1130 182
1131 178
1132 174
1133 170
1134 166
1136 162
1137 158
1139 154
1140 150
1142 146
1144 142
1146 138
1148 134
1150 130
1152 126
1155 122
1158 118
1161 114
1165 110
1169 106
1173 103
1177 101
1181 98
1185 96
1189 95
1193 94
