0 196
6 195
12 195
18 195
24 195
30 196
36 197
42 198
48 199
54 200
60 201
66 203
72 204
78 205
84 206
90 207
96 207
102 207
108 206
114 205
120 204
126 203
132 201
138 200
144 198
150 196
156 195
162 194
168 193
174 193
180 193
186 193
192 194
198 195
204 196
210 198
216 200
222 201
228 203
234 205
240 206
246 207
252 208
258 208
264 208
270 208
276 207
282 206
288 205
294 204
300 203
306 201
312 200
318 199
324 198
330 197
336 197
342 197
348 197
354 197
360 198
366 198
372 199
378 200
384 201
390 203
396 204
402 205
408 206
414 207
420 208
426 208
432 209
438 208
444 208
450 208
456 207
462 205
468 204
474 202
480 201
486 199
492 197
498 195
504 194
510 193
516 192
522 191
528 191
534 191
540 191
546 192
552 193
558 194
564 196
570 198
576 200
582 201
588 203
594 204
600 205
606 206
612 206
618 206
624 206
630 205
636 204
642 202
648 201
654 200
660 199
666 198
672 197
678 197
684 197
690 198
696 199
702 200
708 201
714 203
720 205
726 207
732 208
738 209
744 210
750 210
756 210
762 209
768 208
774 206
780 204
786 202
792 199
798 197
804 194
810 192
816 190
822 189
828 188
834 188
840 188
846 188
852 189
858 190
864 192
870 194
876 197
882 200
888 202
894 205
900 208
906 210
912 211
918 213
924 213
930 214
936 214
942 213
948 212
954 211
960 209
966 207
972 205
978 203
984 200
990 199
996 197
1002 196
1008 195
1014 194
1020 194
1026 194
1032 194
1038 195
1044 196
1050 197
1056 198
1062 199
1068 201
1074 202
1080 203
1086 204
1092 205
1098 206
1104 206
1110 207
1116 207
1122 206
1128 206
1134 206
1140 205
1146 204
1152 203
1158 202
1164 201
1170 200
1176 199
1182 198
1188 197
