0 213
6 213
12 213
18 213
24 213
30 213
36 213
42 213
48 214
54 214
60 215
66 215
72 216
78 216
84 217
90 217
96 217
102 217
108 217
114 216
120 216
126 216
132 215
138 214
144 214
150 213
156 213
162 212
168 212
174 212
180 212
186 212
192 212
198 213
204 213
210 214
216 214
222 215
228 216
234 216
240 217
246 217
252 217
258 217
264 217
270 217
276 217
282 217
288 216
294 216
300 216
306 215
312 215
318 214
324 214
330 214
336 214
342 214
348 214
354 214
360 214
366 214
372 214
378 215
384 215
390 216
396 216
402 216
408 217
414 217
420 217
426 217
432 218
438 218
444 217
450 217
456 217
462 216
468 216
474 215
480 215
486 214
492 213
498 213
504 212
510 212
516 211
522 211
528 211
534 211
540 211
546 211
552 212
558 212
564 213
570 213
576 214
582 215
588 215
594 216
600 216
606 217
612 217
618 217
624 217
630 216
636 216
642 215
648 215
654 214
660 214
666 214
672 213
678 213
684 213
690 214
696 214
702 214
708 215
714 216
720 216
726 217
732 217
738 218
744 218
750 218
756 218
762 218
768 217
774 217
780 216
786 215
792 214
798 213
804 212
810 212
816 211
822 210
828 210
834 210
840 210
846 210
852 210
858 211
864 212
870 213
876 214
882 214
888 215
894 216
900 217
906 218
912 219
918 219
924 219
930 220
936 220
942 219
948 219
954 218
960 218
966 217
972 216
978 216
984 215
990 214
996 214
1002 213
1008 213
1014 212
1020 212
1026 212
1032 213
1038 213
1044 213
1050 214
1056 214
1062 215
1068 215
1074 215
1080 216
1086 216
1092 216
1098 217
1104 217
1110 217
1116 217
1122 217
1128 217
1134 216
1140 216
1146 216
1152 216
1158 215
1164 215
1170 215
1176 214
1182 214
1188 214
