0 205
6 205
12 205
18 205
24 205
30 205
36 205
42 205
48 205
54 205
60 205
66 205
72 206
78 206
84 206
90 206
96 206
102 206
108 206
114 206
120 206
126 206
132 205
138 205
144 205
150 205
156 205
162 205
168 205
174 205
180 205
186 205
192 205
198 205
204 205
210 205
216 205
222 205
228 206
234 206
240 206
246 206
252 206
258 206
264 206
270 206
276 206
282 206
288 206
294 206
300 205
306 205
312 205
318 205
324 205
330 205
336 205
342 205
348 205
354 205
360 205
366 205
372 205
378 205
384 206
390 206
396 206
402 206
408 206
414 206
420 206
426 206
432 206
438 206
444 206
450 206
456 206
462 206
468 206
474 205
480 205
486 205
492 205
498 205
504 205
510 205
516 205
522 205
528 205
534 205
540 205
546 205
552 205
558 205
564 205
570 205
576 205
582 205
588 205
594 206
600 206
606 206
612 206
618 206
624 206
630 206
636 206
642 205
648 205
654 205
660 205
666 205
672 205
678 205
684 205
690 205
696 205
702 205
708 205
714 205
720 206
726 206
732 206
738 206
744 206
750 206
756 206
762 206
768 206
774 206
780 206
786 205
792 205
798 205
804 205
810 205
816 205
822 205
828 205
834 205
840 205
846 205
852 205
858 205
864 205
870 205
876 205
882 205
888 206
894 206
900 206
906 206
912 206
918 206
924 206
930 206
936 206
942 206
948 206
954 206
960 206
966 206
972 206
978 206
984 205
990 205
996 205
1002 205
1008 205
1014 205
1020 205
1026 205
1032 205
1038 205
1044 205
1050 205
1056 205
1062 205
1068 206
1074 206
1080 206
1086 206
1092 206
1098 206
1104 206
1110 206
1116 206
1122 206
1128 206
1134 206
1140 206
1146 206
1152 206
1158 205
1164 205
1170 205
1176 205
1182 205
1188 205
