0 108
6 108
12 108
18 108
24 110
30 112
36 115
42 119
48 124
54 130
59 136
63 142
66 148
69 154
71 160
74 166
75 172
77 178
78 184
79 190
80 196
80 202
79 208
75 214
69 217
63 216
57 214
51 212
45 211
39 214
36 220
35 226
34 232
35 238
35 244
37 250
38 256
41 262
43 268
46 274
50 280
56 286
62 292
68 296
74 299
80 301
86 303
92 303
98 303
104 303
110 301
116 299
122 295
128 291
134 285
139 279
143 273
146 267
149 261
151 255
154 249
156 243
157 237
159 231
160 225
161 219
161 213
161 207
161 201
157 195
151 194
145 196
139 200
133 204
127 205
121 200
119 194
117 188
117 182
117 176
117 170
117 164
118 158
119 152
120 146
122 140
124 134
127 128
130 122
135 116
140 110
146 105
152 101
158 98
164 96
170 95
176 94
182 94
188 94
194 95
200 97
206 99
212 102
218 107
224 112
229 118
233 124
236 130
238 136
240 142
241 148
242 154
243 160
243 166
244 172
243 178
243 184
242 190
241 196
239 202
237 208
231 212
225 211
219 207
213 201
207 198
201 198
197 204
196 210
195 216
195 222
195 228
195 234
196 240
197 246
198 252
200 258
201 264
204 270
206 276
209 282
213 288
217 294
223 300
229 304
235 308
241 310
247 312
253 313
259 313
265 313
271 312
277 310
283 307
289 304
295 299
301 294
306 288
310 282
313 276
316 270
318 264
320 258
321 252
321 246
321 240
319 234
315 228
309 226
303 227
297 229
291 231
285 231
279 227
276 221
276 215
276 209
277 203
279 197
280 191
283 185
285 179
288 173
291 167
295 161
299 155
304 149
309 143
315 138
321 135
327 132
333 130
339 129
345 128
351 128
357 129
363 131
369 134
375 137
381 141
387 146
392 152
397 158
402 164
406 170
410 176
413 182
416 188
419 194
421 200
424 206
425 212
426 218
426 224
425 230
421 236
415 239
409 239
403 237
397 234
391 233
385 233
379 239
377 245
376 251
376 257
377 263
378 269
379 275
381 281
384 287
387 293
391 299
396 305
402 311
408 315
414 318
420 321
426 322
432 324
438 324
444 324
450 323
456 322
462 320
468 317
474 314
480 309
486 303
490 297
494 291
497 285
499 279
501 273
503 267
504 261
504 255
505 249
506 243
506 237
506 231
506 225
505 219
505 213
504 207
503 201
502 195
500 189
494 184
488 188
484 194
481 200
476 206
470 209
464 204
461 198
459 192
457 186
456 180
455 174
454 168
454 162
453 156
453 150
453 144
454 138
455 132
457 126
458 120
461 114
464 108
468 102
473 96
479 90
485 86
491 82
497 79
503 77
509 76
515 74
521 74
527 74
533 74
539 75
545 76
551 78
557 80
563 83
569 87
575 92
581 98
586 104
589 110
592 116
594 122
595 128
596 134
596 140
595 146
594 152
592 158
590 164
586 170
582 176
576 179
570 179
564 176
558 171
552 165
546 162
540 161
534 165
531 171
530 177
530 183
531 189
532 195
534 201
535 207
538 213
540 219
542 225
545 231
548 237
551 243
554 249
558 255
562 261
567 267
573 272
579 277
585 280
591 283
597 284
603 285
609 284
615 283
621 282
627 279
633 275
639 270
644 264
648 258
651 252
653 246
654 240
653 234
649 228
643 225
637 224
631 222
625 217
622 211
622 205
624 199
628 193
632 187
638 181
644 176
650 171
656 168
662 165
668 163
674 162
680 161
686 161
692 161
698 162
704 164
710 166
716 169
722 172
728 176
734 180
740 184
746 189
752 194
758 200
764 206
768 212
771 218
772 224
771 230
769 236
763 242
757 245
751 246
745 246
739 245
733 244
727 243
721 243
715 245
710 251
707 257
706 263
705 269
705 275
706 281
708 287
711 293
715 299
721 305
727 310
733 313
739 315
745 316
751 316
757 315
763 314
769 312
775 309
781 305
787 301
793 295
798 289
802 283
806 277
810 271
814 265
817 259
821 253
824 247
827 241
830 235
832 229
835 223
837 217
839 211
841 205
843 199
844 193
846 187
847 181
847 175
848 169
847 163
846 157
841 151
835 149
829 151
824 157
820 163
817 169
815 175
812 181
808 187
802 190
796 188
790 183
785 177
781 171
777 165
774 159
771 153
769 147
767 141
766 135
766 129
766 123
766 117
768 111
770 105
773 99
776 93
781 87
787 81
793 76
799 73
805 70
811 68
817 66
823 65
829 64
835 63
841 64
847 64
853 65
859 66
865 68
871 71
877 74
883 78
889 83
894 89
898 95
902 101
904 107
907 113
908 119
909 125
910 131
910 137
911 143
911 149
910 155
910 161
909 167
909 173
908 179
907 185
906 191
905 197
904 203
903 209
902 215
901 221
900 227
900 233
894 237
890 231
888 225
886 219
885 213
884 207
882 201
881 195
880 189
878 183
874 177
868 179
868 185
868 191
867 197
867 203
866 209
865 215
865 221
864 227
863 233
863 239
862 245
862 251
862 257
862 263
862 269
863 275
863 281
864 287
866 293
867 299
869 305
872 311
876 317
880 323
886 329
892 334
898 338
904 341
910 343
916 344
922 346
928 346
934 346
940 346
946 345
952 343
958 341
964 338
970 334
976 330
981 324
986 318
989 312
992 306
994 300
995 294
996 288
997 282
997 276
997 270
996 264
995 258
994 252
992 246
989 240
986 234
980 228
974 229
968 234
963 240
959 246
955 252
951 258
945 263
939 265
933 264
927 259
924 253
923 247
924 241
924 235
926 229
927 223
929 217
931 211
933 205
935 199
938 193
941 187
944 181
947 175
950 169
953 163
957 157
960 151
964 145
968 139
973 133
978 127
984 121
990 116
996 113
1002 109
1008 107
1014 105
1020 104
1026 104
1032 104
1038 105
1044 107
1050 109
1056 113
1062 117
1068 123
1073 129
1076 135
1079 141
1082 147
1083 153
1085 159
1086 165
1087 171
1087 177
1087 183
1086 189
1085 195
1082 201
1078 207
1072 209
1066 208
1060 205
1054 201
1048 198
1042 197
1036 200
1032 206
1031 212
1031 218
1032 224
1034 230
1036 236
1039 242
1042 248
1046 254
1050 260
1054 266
1059 272
1064 278
1069 284
1075 289
1081 294
1087 298
1093 301
1099 304
1105 305
1111 307
1117 307
1123 307
1129 306
1135 305
1141 303
1147 300
1153 296
1159 291
1164 285
1169 279
1172 273
1175 267
1177 261
1179 255
1181 249
1182 243
1182 237
1182 231
1181 225
1180 219
1175 213
1169 212
1163 213
1157 215
1151 217
1145 217
1139 211
1137 205
1136 199
1135 193
1136 187
1137 181
1138 175
1140 169
1142 163
1144 157
1147 151
1150 145
1154 139
1158 133
1164 127
1170 121
1176 117
1182 114
1188 111
