0 179
6 178
12 178
18 178
24 180
30 182
36 185
42 189
48 195
53 201
57 207
62 213
68 219
74 224
80 228
86 230
92 231
98 231
104 230
110 229
116 225
122 221
127 215
131 209
135 203
139 197
143 191
148 185
154 179
160 176
166 173
172 172
178 172
184 172
190 173
196 176
202 179
208 185
213 191
217 197
220 203
224 209
227 215
232 221
238 227
244 231
250 233
256 234
262 235
268 234
274 232
280 230
286 226
292 220
298 214
303 208
308 202
314 196
320 191
326 188
332 185
338 184
344 183
350 184
356 185
362 187
368 189
374 193
380 199
386 205
391 211
396 217
402 223
408 229
414 232
420 235
426 237
432 238
438 238
444 237
450 236
456 233
462 229
468 223
473 217
476 211
479 205
482 199
485 193
488 187
492 181
498 175
504 171
510 167
516 165
522 164
528 164
534 164
540 165
546 167
552 170
558 175
563 181
568 187
571 193
574 199
577 205
581 211
586 217
592 222
598 225
604 227
610 228
616 227
622 226
628 223
634 219
640 213
646 207
652 201
658 196
664 193
670 190
676 189
682 189
688 190
694 193
700 196
706 202
711 208
715 214
719 220
723 226
729 232
735 236
741 239
747 241
753 241
759 241
765 239
771 236
777 232
782 226
786 220
788 214
790 208
791 202
793 196
794 190
796 184
798 178
802 172
807 166
813 161
819 158
825 155
831 154
837 153
843 154
849 155
855 156
861 159
867 163
873 169
878 175
881 181
883 187
885 193
886 199
886 205
887 211
888 217
889 223
892 229
895 235
899 241
905 246
911 250
917 253
923 254
929 255
935 254
941 253
947 251
953 248
959 243
964 237
968 231
970 225
973 219
975 213
977 207
979 201
982 195
987 189
992 183
998 179
1004 176
1010 174
1016 173
1022 172
1028 173
1034 174
1040 176
1046 179
1052 183
1058 189
1063 195
1068 201
1073 207
1078 213
1084 219
1090 224
1096 227
1102 229
1108 231
1114 231
1120 231
1126 230
1132 228
1138 226
1144 222
1150 218
1156 212
1162 206
1167 200
1173 195
1179 189
1185 185
1191 182
