0 153
6 152
12 152
18 153
24 154
30 156
36 160
42 164
47 170
52 176
55 182
57 188
58 194
59 200
59 206
58 212
56 218
55 224
54 230
54 236
54 242
56 248
59 254
62 260
68 266
74 270
80 273
86 275
92 276
98 276
104 276
110 274
116 271
122 268
128 262
133 256
136 250
139 244
140 238
140 232
140 226
139 220
137 214
134 208
132 202
131 196
131 190
131 184
132 178
135 172
137 166
142 160
147 154
153 149
159 146
165 144
171 142
177 142
183 142
189 142
195 144
201 147
207 150
213 155
218 161
222 167
225 173
227 179
228 185
228 191
228 197
226 203
224 209
221 215
218 221
216 227
215 233
214 239
215 245
216 251
219 257
222 263
227 269
233 274
239 278
245 280
251 282
257 282
263 282
269 281
275 280
281 277
287 273
293 267
297 261
300 255
302 249
302 243
302 237
302 231
301 225
299 219
299 213
299 207
300 201
302 195
304 189
308 183
313 177
319 172
325 168
331 166
337 164
343 163
349 163
355 164
361 166
367 168
373 172
379 177
385 183
389 189
392 195
394 201
396 207
396 213
396 219
395 225
394 231
393 237
392 243
392 249
393 255
395 261
398 267
402 273
408 279
414 283
420 286
426 288
432 289
438 289
444 289
450 288
456 286
462 283
468 280
474 275
479 269
483 263
486 257
488 251
489 245
490 239
490 233
488 227
486 221
483 215
478 209
474 203
472 197
470 191
470 185
470 179
471 173
472 167
475 161
478 155
482 149
487 143
493 138
499 134
505 131
511 129
517 128
523 127
529 127
535 127
541 129
547 131
553 133
559 137
565 142
570 148
574 154
576 160
578 166
579 172
579 178
578 184
575 190
572 196
568 202
565 208
564 214
563 220
563 226
564 232
566 238
569 244
573 250
579 256
585 260
591 263
597 265
603 266
609 266
615 265
621 263
627 259
633 254
637 248
640 242
642 236
642 230
643 224
644 218
645 212
646 206
649 200
654 194
660 188
666 184
672 182
678 181
684 181
690 181
696 183
702 186
708 190
714 195
719 201
722 207
725 213
726 219
726 225
725 231
723 237
721 243
719 249
718 255
719 261
720 267
723 273
728 279
734 283
740 286
746 288
752 289
758 289
764 288
770 287
776 284
782 281
788 276
794 270
799 264
802 258
805 252
808 246
809 240
811 234
811 228
811 222
810 216
807 210
801 204
795 200
789 195
785 189
782 183
781 177
781 171
781 165
782 159
784 153
786 147
790 141
794 135
800 129
806 124
812 121
818 118
824 116
830 115
836 115
842 115
848 115
854 117
860 118
866 121
872 125
878 129
884 135
889 141
893 147
896 153
898 159
900 165
901 171
902 177
903 183
903 189
902 195
901 201
899 207
894 213
888 217
882 220
876 224
872 230
871 236
870 242
869 248
870 254
871 260
872 266
874 272
877 278
881 284
885 290
891 296
897 301
903 304
909 307
915 309
921 310
927 310
933 310
939 310
945 308
951 306
957 303
963 299
969 294
974 288
978 282
980 276
982 270
982 264
982 258
980 252
977 246
972 240
966 235
962 229
959 223
958 217
958 211
959 205
960 199
962 193
965 187
968 181
971 175
976 169
981 163
987 158
993 153
999 150
1005 148
1011 146
1017 145
1023 145
1029 146
1035 147
1041 149
1047 152
1053 156
1059 162
1063 168
1067 174
1069 180
1071 186
1071 192
1071 198
1070 204
1068 210
1066 216
1065 222
1065 228
1065 234
1066 240
1068 246
1071 252
1076 258
1081 264
1087 269
1093 272
1099 275
1105 277
1111 278
1117 278
1123 278
1129 276
1135 274
1141 271
1147 267
1153 261
1157 255
1160 249
1162 243
1163 237
1163 231
1162 225
1161 219
1160 213
1159 207
1159 201
1159 195
1160 189
1163 183
1166 177
1170 171
1176 165
1182 160
1188 157
