0 157
6 156
12 156
18 157
24 158
30 161
36 164
42 169
47 175
51 181
54 187
56 193
57 199
57 205
57 211
56 217
55 223
55 229
55 235
56 241
58 247
61 253
66 259
72 264
78 268
84 270
90 271
96 272
102 271
108 270
114 268
120 264
126 259
131 253
134 247
137 241
138 235
138 229
138 223
137 217
136 211
134 205
133 199
133 193
133 187
135 181
137 175
139 169
144 163
149 157
155 153
161 150
167 148
173 146
179 146
185 146
191 147
197 150
203 153
209 157
215 163
219 169
222 175
224 181
225 187
226 193
225 199
224 205
222 211
220 217
218 223
217 229
217 235
217 241
218 247
221 253
224 259
229 265
235 270
241 273
247 276
253 277
259 277
265 277
271 276
277 274
283 270
289 266
294 260
297 254
300 248
301 242
302 236
301 230
301 224
301 218
301 212
302 206
303 200
305 194
308 188
313 182
319 176
325 172
331 169
337 167
343 167
349 167
355 167
361 169
367 172
373 176
379 181
384 187
387 193
390 199
392 205
393 211
394 217
394 223
393 229
393 235
393 241
393 247
395 253
397 259
400 265
406 271
412 276
418 279
424 282
430 283
436 284
442 284
448 283
454 281
460 279
466 275
472 270
478 264
482 258
484 252
486 246
487 240
487 234
486 228
485 222
482 216
479 210
477 204
475 198
473 192
473 186
473 180
474 174
476 168
479 162
482 156
487 150
493 144
499 140
505 137
511 135
517 133
523 132
529 132
535 133
541 134
547 136
553 139
559 143
565 149
570 155
573 161
575 167
576 173
577 179
576 185
574 191
572 197
570 203
568 209
566 215
566 221
566 227
568 233
570 239
574 245
578 251
584 256
590 259
596 261
602 263
608 263
614 262
620 260
626 257
632 252
636 246
639 240
641 234
643 228
644 222
645 216
647 210
649 204
653 198
658 192
664 188
670 185
676 183
682 183
688 183
694 185
700 187
706 191
712 197
716 203
719 209
721 215
722 221
722 227
722 233
720 239
719 245
719 251
719 257
721 263
724 269
730 275
736 280
742 282
748 284
754 284
760 284
766 283
772 281
778 278
784 274
790 269
795 263
799 257
802 251
804 245
806 239
807 233
807 227
807 221
805 215
802 209
797 203
791 197
787 191
785 185
784 179
783 173
784 167
785 161
787 155
789 149
793 143
798 137
804 132
810 128
816 125
822 122
828 121
834 120
840 120
846 120
852 121
858 123
864 126
870 129
876 133
882 139
887 145
891 151
894 157
896 163
898 169
899 175
900 181
900 187
900 193
899 199
896 205
893 211
887 217
881 222
876 228
874 234
873 240
872 246
873 252
873 258
875 264
877 270
880 276
884 282
889 288
895 293
901 297
907 300
913 302
919 304
925 304
931 305
937 304
943 303
949 301
955 298
961 295
967 289
972 283
976 277
978 271
979 265
980 259
979 253
977 247
974 241
970 235
966 229
964 223
963 217
963 211
963 205
964 199
966 193
969 187
972 181
975 175
980 169
986 163
992 158
998 155
1004 152
1010 150
1016 149
1022 149
1028 149
1034 151
1040 153
1046 156
1052 160
1058 166
1062 172
1065 178
1067 184
1069 190
1069 196
1069 202
1068 208
1068 214
1067 220
1067 226
1067 232
1069 238
1071 244
1074 250
1079 256
1085 262
1091 266
1097 269
1103 271
1109 273
1115 273
1121 273
1127 272
1133 270
1139 267
1145 263
1151 258
1155 252
1158 246
1160 240
1161 234
1162 228
1162 222
1161 216
1161 210
1161 204
1162 198
1163 192
1165 186
1168 180
1172 174
1178 168
1184 164
1190 160
