0 88
4 88
8 88
12 88
16 88
20 89
24 90
28 92
32 94
36 96
40 99
44 102
48 105
51 109
55 113
58 117
60 121
63 125
65 129
67 133
69 137
71 141
73 145
74 149
76 153
77 157
79 161
80 165
81 169
83 173
84 177
85 181
86 185
87 189
88 193
88 197
89 201
90 205
91 209
92 213
92 217
93 221
93 225
94 229
94 233
95 237
95 241
96 245
96 249
95 253
95 257
92 261
88 263
84 263
80 260
77 256
74 252
73 248
71 244
69 240
67 236
65 232
63 228
60 224
58 220
55 216
53 212
51 208
49 204
47 200
45 196
43 192
40 188
36 184
32 182
28 183
25 187
24 191
23 195
23 199
23 203
23 207
23 211
24 215
24 219
25 223
25 227
26 231
26 235
27 239
27 243
28 247
28 251
29 255
30 259
31 263
31 267
32 271
33 275
34 279
36 283
37 287
38 291
40 295
42 299
44 303
46 307
48 311
51 315
55 319
59 323
63 326
67 329
71 331
75 333
79 334
83 335
87 336
91 336
95 336
99 336
103 335
107 334
111 333
115 331
119 328
123 326
127 322
131 318
134 314
137 310
139 306
142 302
144 298
146 294
147 290
149 286
150 282
152 278
153 274
154 270
155 266
156 262
157 258
158 254
159 250
160 246
161 242
161 238
162 234
163 230
163 226
164 222
165 218
165 214
166 210
166 206
167 202
167 198
168 194
168 190
169 186
169 182
169 178
170 174
171 170
171 166
172 162
173 158
172 154
168 152
164 154
161 158
159 162
157 166
156 170
154 174
153 178
151 182
150 186
148 190
147 194
145 198
144 202
142 206
141 210
140 214
138 218
137 222
136 226
134 230
133 234
131 238
129 242
126 246
122 248
118 244
118 240
119 236
119 232
120 228
120 224
120 220
120 216
120 212
120 208
119 204
119 200
119 196
119 192
119 188
118 184
118 180
118 176
118 172
118 168
118 164
118 160
118 156
118 152
118 148
118 144
118 140
119 136
119 132
120 128
121 124
122 120
123 116
124 112
126 108
128 104
130 100
132 96
135 92
138 88
142 84
146 81
150 78
154 76
158 74
162 72
166 71
170 70
174 69
178 69
182 68
186 68
190 69
194 69
198 70
202 71
206 73
210 74
214 76
218 79
222 82
226 86
230 90
233 94
236 98
238 102
240 106
241 110
242 114
243 118
244 122
245 126
245 130
246 134
246 138
246 142
246 146
245 150
245 154
245 158
244 162
243 166
243 170
242 174
241 178
241 182
240 186
239 190
239 194
238 198
237 202
236 206
236 210
235 214
235 218
234 222
233 226
233 230
233 234
233 238
233 242
233 246
233 250
234 254
233 258
229 258
225 254
223 250
222 246
220 242
219 238
219 234
218 230
217 226
216 222
216 218
215 214
214 210
213 206
212 202
212 198
211 194
210 190
209 186
208 182
207 178
206 174
205 170
203 166
202 162
199 158
195 156
192 160
192 164
193 168
193 172
193 176
194 180
194 184
194 188
194 192
194 196
194 200
194 204
194 208
194 212
194 216
194 220
194 224
194 228
194 232
194 236
194 240
194 244
194 248
194 252
194 256
195 260
195 264
195 268
196 272
196 276
197 280
197 284
198 288
199 292
200 296
201 300
202 304
203 308
205 312
207 316
209 320
211 324
214 328
218 332
222 336
226 339
230 341
234 343
238 345
242 346
246 347
250 348
254 348
258 348
262 348
266 348
270 347
274 346
278 344
282 343
286 341
290 338
294 335
298 332
302 328
305 324
308 320
310 316
313 312
315 308
317 304
318 300
320 296
321 292
323 288
324 284
325 280
326 276
327 272
328 268
329 264
330 260
331 256
332 252
333 248
333 244
334 240
335 236
335 232
335 228
336 224
335 220
335 216
333 212
329 208
325 208
321 209
317 212
314 216
311 220
309 224
307 228
304 232
301 236
298 240
295 244
292 248
289 252
286 256
284 260
282 264
280 268
278 272
275 276
271 280
267 282
263 282
259 281
255 277
254 273
254 269
254 265
254 261
255 257
255 253
256 249
257 245
258 241
258 237
259 233
260 229
262 225
263 221
264 217
265 213
267 209
268 205
269 201
271 197
273 193
274 189
276 185
278 181
280 177
282 173
284 169
286 165
289 161
291 157
294 153
297 149
300 145
304 141
308 137
312 133
316 130
320 128
324 126
328 124
332 123
336 122
340 121
344 121
348 121
352 121
356 122
360 123
364 125
368 126
372 128
376 131
380 134
384 137
388 140
392 144
396 148
400 152
403 156
407 160
410 164
413 168
416 172
418 176
421 180
423 184
426 188
428 192
430 196
432 200
433 204
435 208
437 212
438 216
439 220
441 224
442 228
443 232
444 236
445 240
445 244
446 248
447 252
448 256
449 260
449 264
450 268
451 272
451 276
451 280
450 284
448 288
444 292
440 293
436 293
432 292
428 289
425 285
423 281
421 277
419 273
418 269
416 265
414 261
411 257
409 253
406 249
404 245
402 241
399 237
398 233
396 229
394 225
392 221
388 217
384 215
380 215
376 217
374 221
372 225
371 229
370 233
370 237
370 241
369 245
369 249
369 253
369 257
369 261
369 265
370 269
370 273
370 277
370 281
371 285
371 289
372 293
372 297
373 301
374 305
375 309
376 313
378 317
379 321
381 325
383 329
385 333
388 337
391 341
395 345
399 348
403 351
407 353
411 355
415 357
419 358
423 359
427 360
431 361
435 361
439 361
443 361
447 361
451 361
455 361
459 360
463 359
467 358
471 357
475 355
479 354
483 351
487 349
491 345
495 341
498 337
500 333
502 329
504 325
505 321
506 317
507 313
507 309
507 305
507 301
507 297
507 293
506 289
506 285
505 281
505 277
504 273
503 269
502 265
501 261
500 257
499 253
499 249
498 245
497 241
496 237
495 233
495 229
494 225
494 221
493 217
493 213
492 209
492 205
492 201
491 197
491 193
491 189
491 185
490 181
490 177
490 173
490 169
490 165
490 161
491 157
491 153
492 149
493 145
494 141
495 137
494 133
490 133
487 137
485 141
484 145
483 149
482 153
481 157
481 161
480 165
480 169
480 173
479 177
479 181
479 185
479 189
479 193
479 197
479 201
479 205
479 209
479 213
479 217
479 221
479 225
478 229
478 233
478 237
477 241
477 245
476 249
474 253
470 256
467 252
467 248
468 244
469 240
469 236
469 232
469 228
469 224
468 220
468 216
467 212
467 208
466 204
465 200
465 196
464 192
463 188
462 184
461 180
460 176
459 172
458 168
457 164
456 160
455 156
454 152
453 148
452 144
451 140
450 136
449 132
449 128
448 124
448 120
448 116
448 112
448 108
448 104
449 100
450 96
451 92
453 88
454 84
456 80
459 76
462 72
465 68
469 64
473 61
477 58
481 55
485 53
489 51
493 50
497 49
501 47
505 46
509 46
513 45
517 45
521 45
525 44
529 44
533 45
537 45
541 46
545 46
549 47
553 48
557 50
561 51
565 53
569 55
573 57
577 60
581 63
585 66
588 70
592 74
595 78
597 82
599 86
601 90
602 94
603 98
604 102
605 106
605 110
606 114
606 118
605 122
605 126
604 130
603 134
602 138
600 142
598 146
596 150
594 154
592 158
589 162
586 166
583 170
579 174
575 178
571 182
567 186
563 189
559 191
555 190
551 186
550 182
550 178
550 174
550 170
549 166
549 162
549 158
548 154
547 150
545 146
543 142
542 138
540 134
539 130
538 126
537 122
536 118
534 114
531 110
527 107
523 106
519 106
515 108
512 112
511 116
510 120
510 124
510 128
511 132
511 136
511 140
511 144
511 148
511 152
511 156
511 160
511 164
511 168
511 172
512 176
512 180
513 184
513 188
514 192
515 196
516 200
517 204
518 208
519 212
520 216
522 220
524 224
526 228
528 232
530 236
533 240
535 244
538 248
541 252
544 256
547 260
550 264
553 268
556 272
560 276
563 280
567 284
571 288
575 292
579 295
583 298
587 301
591 303
595 304
599 305
603 306
607 306
611 306
615 306
619 305
623 304
627 302
631 300
635 297
639 294
643 290
647 286
650 282
653 278
656 274
658 270
660 266
663 262
665 258
667 254
669 250
670 246
672 242
674 238
675 234
676 230
676 226
676 222
674 218
670 216
666 216
662 216
658 218
654 220
650 223
646 225
642 227
638 229
634 231
630 233
626 236
622 238
618 240
614 242
610 244
606 245
602 246
598 246
594 245
590 243
586 240
583 236
582 232
582 228
583 224
585 220
588 216
592 212
596 209
600 206
604 203
608 200
612 197
616 194
620 192
624 189
628 187
632 184
636 182
640 180
644 178
648 176
652 174
656 173
660 172
664 170
668 169
672 169
676 168
680 168
684 167
688 167
692 168
696 168
700 168
704 169
708 169
712 170
716 171
720 172
724 174
728 175
732 177
736 178
740 180
744 182
748 183
752 185
756 187
760 189
764 191
768 193
772 196
776 198
780 200
784 202
788 205
792 207
796 210
800 212
804 215
808 218
812 221
816 225
819 229
820 233
821 237
820 241
819 245
816 249
812 253
808 257
804 260
800 262
796 264
792 266
788 268
784 270
780 271
776 272
772 272
768 271
764 269
760 266
757 262
753 258
749 254
745 250
741 246
738 242
734 238
731 234
727 231
723 229
719 229
715 230
711 232
708 236
706 240
704 244
703 248
701 252
700 256
700 260
699 264
698 268
698 272
697 276
697 280
697 284
697 288
697 292
697 296
697 300
698 304
699 308
700 312
701 316
703 320
705 324
708 328
712 332
716 335
720 337
724 339
728 341
732 342
736 342
740 342
744 342
748 341
752 340
756 338
760 336
764 334
768 330
772 326
775 322
777 318
779 314
781 310
783 306
785 302
787 298
790 294
793 290
797 287
801 284
805 281
809 278
813 276
817 274
821 272
825 269
829 267
833 264
837 261
841 258
845 255
849 251
852 247
855 243
858 239
860 235
861 231
863 227
864 223
864 219
865 215
865 211
865 207
865 203
865 199
864 195
864 191
863 187
863 183
862 179
861 175
860 171
859 167
858 163
857 159
856 155
855 151
854 147
853 143
852 139
851 135
850 131
850 127
850 123
850 119
851 115
851 111
851 107
851 103
850 99
847 95
843 92
839 91
835 92
831 95
829 99
828 103
827 107
827 111
827 115
826 119
826 123
825 127
825 131
824 135
824 139
824 143
824 147
824 151
825 155
826 159
827 163
828 167
829 171
830 175
831 179
832 183
832 187
831 191
827 193
823 192
819 188
815 185
811 182
807 179
803 176
799 173
795 170
791 167
787 164
783 161
779 157
775 154
771 150
768 146
764 142
761 138
759 134
756 130
754 126
753 122
752 118
751 114
750 110
750 106
750 102
750 98
750 94
751 90
752 86
753 82
755 78
757 74
759 70
762 66
765 62
769 58
773 54
777 51
781 49
785 46
789 45
793 43
797 41
801 40
805 39
809 38
813 37
817 37
821 36
825 36
829 36
833 35
837 35
841 36
845 36
849 36
853 37
857 37
861 38
865 39
869 40
873 42
877 44
881 46
885 48
889 51
893 54
897 58
901 62
903 66
906 70
908 74
909 78
910 82
911 86
912 90
912 94
912 98
912 102
912 106
911 110
910 114
909 118
908 122
907 126
906 130
904 134
903 138
901 142
900 146
899 150
897 154
896 158
896 162
895 166
894 170
894 174
894 178
894 182
894 186
894 190
895 194
895 198
895 202
896 206
897 210
897 214
898 218
898 222
899 226
899 230
900 234
900 238
901 242
901 246
901 250
901 254
902 258
902 262
902 266
902 270
901 274
902 278
902 282
903 286
904 290
905 294
906 298
906 302
902 303
898 302
895 298
894 294
894 290
893 286
894 282
894 278
894 274
894 270
894 266
895 262
895 258
895 254
895 250
894 246
894 242
894 238
893 234
893 230
892 226
892 222
891 218
890 214
889 210
889 206
888 202
887 198
886 194
886 190
885 186
884 182
884 178
883 174
882 170
882 166
881 162
881 158
880 154
880 150
879 146
879 142
878 138
877 134
876 130
875 126
872 122
868 120
864 124
865 128
867 132
868 136
870 140
871 144
872 148
873 152
873 156
874 160
875 164
875 168
876 172
877 176
877 180
878 184
879 188
880 192
881 196
881 200
882 204
883 208
884 212
884 216
885 220
886 224
886 228
886 232
887 236
887 240
887 244
887 248
886 252
886 256
885 260
884 264
883 268
882 272
880 276
878 280
875 284
872 288
869 292
867 296
864 300
862 304
860 308
858 312
857 316
856 320
856 324
855 328
855 332
856 336
856 340
857 344
859 348
861 352
864 356
867 360
871 363
875 366
879 368
883 370
887 372
891 373
895 374
899 375
903 375
907 376
911 376
915 377
919 377
923 377
927 377
931 377
935 376
939 376
943 376
947 375
951 375
955 374
959 373
963 372
967 371
971 370
975 368
979 366
983 364
987 361
991 357
995 353
997 349
1000 345
1001 341
1002 337
1003 333
1004 329
1004 325
1004 321
1004 317
1004 313
1003 309
1003 305
1002 301
1001 297
1000 293
999 289
998 285
997 281
996 277
995 273
993 269
992 265
991 261
989 257
988 253
986 249
985 245
984 241
982 237
981 233
979 229
978 225
976 221
975 217
974 213
972 209
968 206
964 209
962 213
961 217
960 221
960 225
960 229
959 233
959 237
959 241
958 245
957 249
957 253
956 257
954 261
953 265
952 269
951 273
950 277
949 281
948 285
947 289
946 293
945 297
945 301
944 305
944 309
943 313
942 317
941 321
938 325
934 328
930 330
926 330
922 328
919 324
919 320
919 316
919 312
920 308
921 304
921 300
922 296
922 292
922 288
922 284
922 280
922 276
922 272
922 268
922 264
922 260
922 256
922 252
922 248
922 244
922 240
922 236
922 232
922 228
922 224
922 220
922 216
923 212
923 208
924 204
925 200
926 196
927 192
928 188
930 184
932 180
934 176
936 172
938 168
941 164
944 160
947 156
950 152
953 148
957 144
960 140
964 136
967 132
970 128
974 124
978 120
981 116
985 112
989 108
993 105
997 101
1001 99
1005 96
1009 94
1013 92
1017 91
1021 90
1025 89
1029 88
1033 88
1037 88
1041 89
1045 90
1049 91
1053 93
1057 95
1061 97
1065 100
1069 104
1072 108
1075 112
1078 116
1080 120
1082 124
1083 128
1085 132
1086 136
1087 140
1088 144
1088 148
1089 152
1090 156
1090 160
1090 164
1091 168
1091 172
1091 176
1091 180
1091 184
1091 188
1091 192
1091 196
1091 200
1091 204
1091 208
1091 212
1091 216
1090 220
1090 224
1090 228
1090 232
1089 236
1089 240
1088 244
1087 248
1085 252
1081 256
1077 256
1073 254
1069 250
1066 246
1064 242
1062 238
1061 234
1059 230
1057 226
1056 222
1053 218
1051 214
1048 210
1045 206
1042 202
1040 198
1037 194
1035 190
1034 186
1032 182
1030 178
1026 174
1022 172
1018 171
1014 171
1010 171
1006 173
1002 177
1000 181
999 185
999 189
999 193
1000 197
1002 201
1003 205
1005 209
1007 213
1009 217
1011 221
1013 225
1015 229
1017 233
1019 237
1021 241
1023 245
1026 249
1028 253
1030 257
1032 261
1034 265
1037 269
1039 273
1042 277
1044 281
1047 285
1050 289
1053 293
1056 297
1059 301
1062 305
1066 309
1069 313
1073 317
1077 321
1081 324
1085 327
1089 330
1093 332
1097 334
1101 336
1105 338
1109 339
1113 340
1117 340
1121 341
1125 341
1129 341
1133 340
1137 339
1141 338
1145 337
1149 335
1153 333
1157 330
1161 327
1165 323
1169 319
1171 315
1174 311
1176 307
1178 303
1179 299
1181 295
1182 291
1183 287
1184 283
1185 279
1186 275
1187 271
1187 267
1188 263
1188 259
1189 255
1189 251
1190 247
1190 243
1190 239
1191 235
1191 231
1191 227
1191 223
1191 219
1191 215
1191 211
1191 207
1191 203
1191 199
1190 195
1189 191
1188 187
1184 184
1180 184
1176 186
1172 190
1170 194
1168 198
1167 202
1165 206
1163 210
1161 214
1159 218
1156 222
1154 226
1151 230
1149 234
1147 238
1146 242
1144 246
1143 250
1141 254
1139 258
1135 262
1131 264
1127 265
1123 264
1119 260
1117 256
1117 252
1117 248
1117 244
1117 240
1118 236
1118 232
1119 228
1120 224
1120 220
1121 216
1122 212
1123 208
1124 204
1124 200
1125 196
1126 192
1127 188
1128 184
1129 180
1130 176
1131 172
1132 168
1133 164
1134 160
1136 156
1137 152
1139 148
1140 144
1142 140
1144 136
1146 132
1148 128
1150 124
1152 120
1155 116
1158 112
1162 108
1166 104
1170 100
1174 98
1178 95
1182 93
1186 91
1190 90
1194 89
