0 138
6 137
12 137
18 138
24 139
30 141
36 144
42 148
48 154
53 160
57 166
59 172
62 178
63 184
64 190
64 196
63 202
61 208
57 214
54 220
51 226
50 232
49 238
50 244
51 250
53 256
56 262
61 268
67 274
73 278
79 281
85 283
91 284
97 284
103 284
109 282
115 280
121 277
127 272
133 266
137 260
140 254
143 248
144 242
145 236
146 230
145 224
143 218
140 212
136 206
131 200
128 194
127 188
126 182
126 176
127 170
129 164
131 158
134 152
138 146
144 140
150 135
156 131
162 129
168 127
174 126
180 126
186 126
192 127
198 129
204 132
210 135
216 140
221 146
225 152
229 158
231 164
232 170
233 176
234 182
233 188
232 194
230 200
226 206
220 212
214 218
211 224
209 230
209 236
209 242
210 248
211 254
213 260
216 266
220 272
226 278
232 283
238 286
244 289
250 290
256 291
262 291
268 290
274 289
280 286
286 283
292 278
297 272
301 266
304 260
305 254
306 248
306 242
305 236
303 230
300 224
297 218
295 212
294 206
294 200
295 194
297 188
299 182
303 176
307 170
312 164
318 159
324 156
330 153
336 151
342 150
348 150
354 151
360 152
366 154
372 158
378 162
384 167
389 173
393 179
396 185
399 191
401 197
402 203
402 209
402 215
400 221
398 227
394 233
391 239
389 245
388 251
389 257
390 263
392 269
395 275
399 281
405 287
411 291
417 294
423 297
429 298
435 299
441 299
447 299
453 297
459 295
465 292
471 289
477 284
482 278
486 272
489 266
492 260
494 254
495 248
496 242
496 236
496 230
495 224
492 218
488 212
482 208
476 204
470 198
467 192
465 186
464 180
464 174
464 168
465 162
466 156
468 150
471 144
474 138
479 132
485 126
491 121
497 117
503 114
509 112
515 111
521 110
527 110
533 110
539 111
545 112
551 115
557 118
563 121
569 127
575 133
578 139
581 145
583 151
584 157
584 163
584 169
582 175
579 181
573 187
567 192
561 197
557 203
556 209
555 215
556 221
557 227
558 233
561 239
564 245
567 251
572 257
578 262
584 266
590 269
596 271
602 272
608 272
614 271
620 268
626 265
632 260
637 254
640 248
642 242
643 236
643 230
642 224
641 218
641 212
642 206
643 200
646 194
650 188
656 182
662 177
668 175
674 173
680 172
686 172
692 172
698 174
704 177
710 180
716 185
722 191
727 197
731 203
733 209
735 215
735 221
734 227
732 233
727 239
722 245
718 251
716 257
716 263
717 269
718 275
722 281
727 287
733 291
739 294
745 296
751 297
757 297
763 297
769 295
775 293
781 290
787 285
793 280
798 274
803 268
806 262
809 256
812 250
815 244
817 238
818 232
820 226
820 220
821 214
820 208
818 202
814 196
808 194
802 193
796 193
790 191
784 186
780 180
778 174
777 168
776 162
776 156
776 150
777 144
779 138
782 132
785 126
790 120
796 114
802 109
808 106
814 103
820 101
826 99
832 99
838 98
844 99
850 99
856 101
862 103
868 105
874 109
880 113
886 118
891 124
895 130
898 136
901 142
903 148
905 154
906 160
907 166
907 172
907 178
907 184
907 190
906 196
905 202
902 208
898 214
892 216
886 215
880 213
874 214
868 220
866 226
865 232
864 238
864 244
865 250
865 256
866 262
868 268
869 274
872 280
874 286
878 292
882 298
887 304
893 309
899 313
905 316
911 318
917 320
923 321
929 321
935 321
941 320
947 319
953 317
959 314
965 310
971 305
976 299
980 293
983 287
985 281
987 275
987 269
987 263
987 257
985 251
981 245
975 241
969 240
963 239
957 236
951 230
950 224
949 218
949 212
950 206
951 200
953 194
955 188
958 182
961 176
964 170
968 164
972 158
977 152
983 146
989 142
995 138
1001 135
1007 133
1013 132
1019 131
1025 131
1031 131
1037 133
1043 135
1049 138
1055 142
1061 148
1066 154
1070 160
1072 166
1074 172
1075 178
1075 184
1075 190
1073 196
1070 202
1066 208
1062 214
1059 220
1058 226
1058 232
1059 238
1061 244
1063 250
1066 256
1070 262
1075 268
1081 273
1087 278
1093 281
1099 283
1105 285
1111 286
1117 287
1123 286
1129 285
1135 283
1141 280
1147 277
1153 271
1158 265
1162 259
1164 253
1166 247
1167 241
1167 235
1166 229
1164 223
1161 217
1158 211
1155 205
1154 199
1153 193
1153 187
1155 181
1156 175
1159 169
1162 163
1167 157
1173 151
1179 146
1185 143
1191 140
