0 303
5 306
10 309
15 310
20 311
25 312
30 312
35 311
40 309
45 307
50 304
55 300
60 295
64 290
67 285
70 280
72 275
74 270
76 265
77 260
79 255
80 250
82 245
83 240
84 235
85 230
85 225
86 220
87 215
87 210
88 205
88 200
88 195
89 190
89 185
88 180
86 175
81 172
76 175
73 180
71 185
69 190
67 195
66 200
64 205
63 210
61 215
59 220
57 225
54 230
49 233
44 229
43 224
42 219
41 214
41 209
41 204
40 199
40 194
40 189
40 184
39 179
39 174
39 169
39 164
40 159
40 154
41 149
42 144
43 139
44 134
46 129
48 124
51 119
54 114
59 109
64 105
69 102
74 99
79 98
84 97
89 96
94 96
99 97
104 98
109 100
114 103
119 106
124 111
129 116
132 121
135 126
137 131
139 136
141 141
143 146
144 151
145 156
147 161
148 166
149 171
150 176
150 181
151 186
152 191
152 196
153 201
153 206
153 211
154 216
154 221
154 226
154 231
154 236
153 241
152 246
147 248
142 243
140 238
138 233
136 228
135 223
134 218
132 213
131 208
129 203
127 198
126 193
123 188
120 183
115 183
113 188
113 193
113 198
113 203
112 208
112 213
112 218
112 223
112 228
112 233
112 238
112 243
112 248
112 253
112 258
113 263
113 268
114 273
115 278
117 283
119 288
121 293
124 298
128 303
133 307
138 310
143 313
148 314
153 315
158 315
163 314
168 313
173 311
178 308
183 304
187 299
190 294
193 289
195 284
197 279
199 274
200 269
201 264
202 259
203 254
204 249
205 244
205 239
206 234
206 229
207 224
207 219
208 214
208 209
209 204
209 199
210 194
210 189
211 184
212 179
211 174
206 174
203 179
200 184
199 189
197 194
196 199
194 204
193 209
191 214
190 219
188 224
186 229
184 234
180 239
175 236
175 231
176 226
176 221
177 216
177 211
177 206
177 201
177 196
177 191
177 186
177 181
177 176
177 171
177 166
177 161
178 156
178 151
179 146
180 141
181 136
183 131
185 126
187 121
190 116
194 111
199 107
204 103
209 101
214 99
219 98
224 98
229 99
234 100
239 102
244 104
249 108
254 113
258 118
261 123
263 128
265 133
267 138
268 143
269 148
270 153
271 158
271 163
271 168
272 173
272 178
272 183
272 188
272 193
272 198
272 203
272 208
272 213
272 218
272 223
271 228
271 233
271 238
267 243
262 239
259 234
258 229
256 224
255 219
253 214
252 209
251 204
250 199
248 194
247 189
245 184
244 179
241 174
236 172
233 177
233 182
233 187
233 192
233 197
233 202
233 207
232 212
232 217
232 222
232 227
232 232
233 237
233 242
233 247
234 252
234 257
235 262
236 267
237 272
238 277
239 282
241 287
243 292
245 297
249 302
253 307
258 312
263 315
268 317
273 319
278 320
283 320
288 320
293 319
298 318
303 315
308 312
313 309
318 304
321 299
325 294
327 289
329 284
331 279
333 274
334 269
335 264
336 259
337 254
338 249
338 244
339 239
339 234
340 229
340 224
340 219
340 214
340 209
340 204
340 199
340 194
340 189
337 184
332 184
328 189
326 194
324 199
322 204
320 209
318 214
317 219
315 224
313 229
311 234
309 239
306 244
301 248
296 245
295 240
295 235
295 230
295 225
295 220
296 215
296 210
297 205
297 200
298 195
298 190
299 185
300 180
301 175
302 170
303 165
304 160
305 155
307 150
308 145
310 140
312 135
314 130
317 125
320 120
323 115
328 110
333 105
338 102
343 99
348 97
353 96
358 95
363 95
368 95
373 96
378 97
383 99
388 101
393 105
398 109
402 114
405 119
408 124
410 129
411 134
413 139
413 144
414 149
414 154
414 159
413 164
413 169
412 174
411 179
410 184
409 189
407 194
406 199
405 204
403 209
402 214
400 219
399 224
398 229
397 234
396 239
395 244
390 246
387 241
386 236
384 231
383 226
383 221
382 216
381 211
380 206
379 201
378 196
377 191
374 186
369 183
366 188
365 193
365 198
365 203
365 208
366 213
366 218
366 223
366 228
367 233
367 238
368 243
368 248
369 253
369 258
370 263
371 268
372 273
373 278
374 283
376 288
378 293
380 298
382 303
385 308
388 313
392 318
396 323
401 327
406 330
411 333
416 335
421 336
426 337
431 338
436 338
441 338
446 337
451 336
456 334
461 332
466 329
471 325
476 321
480 316
483 311
486 306
488 301
490 296
492 291
493 286
493 281
494 276
494 271
493 266
493 261
492 256
490 251
487 246
483 241
478 239
473 239
468 242
464 247
461 252
458 257
455 262
453 267
450 272
447 277
442 281
437 283
432 282
427 280
423 275
421 270
420 265
420 260
420 255
421 250
422 245
423 240
425 235
427 230
428 225
431 220
433 215
435 210
438 205
441 200
443 195
446 190
450 185
453 180
456 175
460 170
464 165
468 160
473 155
478 150
483 146
488 142
493 139
498 136
503 134
508 132
513 131
518 129
523 128
528 128
533 127
538 127
543 128
548 128
553 129
558 131
563 133
568 135
573 138
578 142
583 147
587 152
590 157
592 162
595 167
596 172
598 177
599 182
600 187
601 192
602 197
603 202
603 207
604 212
604 217
605 222
605 227
605 232
605 237
605 242
605 247
604 252
604 257
602 262
597 267
592 266
587 261
584 256
582 251
579 246
577 241
574 236
570 231
565 230
560 232
556 237
554 242
553 247
553 252
553 257
554 262
554 267
556 272
557 277
559 282
561 287
563 292
566 297
569 302
573 307
578 312
583 316
588 320
593 323
598 325
603 327
608 329
613 330
618 330
623 331
628 330
633 330
638 329
643 327
648 325
653 323
658 319
663 315
667 310
670 305
673 300
674 295
676 290
676 285
677 280
676 275
676 270
675 265
673 260
672 255
669 250
667 245
663 240
658 238
653 241
650 246
648 251
646 256
643 261
639 266
634 268
629 265
627 260
627 255
627 250
627 245
627 240
627 235
628 230
628 225
629 220
630 215
631 210
632 205
633 200
634 195
636 190
637 185
639 180
640 175
642 170
644 165
646 160
649 155
652 150
656 145
661 140
666 136
671 133
676 131
681 129
686 129
691 129
696 129
701 130
706 132
711 135
716 139
721 144
725 149
728 154
731 159
733 164
735 169
736 174
738 179
738 184
739 189
739 194
737 199
733 204
728 205
723 204
718 201
713 198
708 196
703 197
698 201
696 206
696 211
696 216
698 221
700 226
703 231
706 236
710 241
715 246
720 251
725 255
730 258
735 261
740 263
745 265
750 266
755 266
760 266
765 265
770 264
775 261
780 258
785 255
790 250
795 245
799 240
803 235
806 230
810 225
813 220
815 215
818 210
820 205
822 200
823 195
823 190
822 185
819 180
814 178
809 178
804 181
799 186
794 191
789 194
784 196
779 193
776 188
774 183
773 178
773 173
773 168
773 163
774 158
775 153
776 148
778 143
780 138
784 133
788 128
793 124
798 121
803 119
808 117
813 117
818 117
823 118
828 119
833 121
838 124
843 129
848 134
852 139
855 144
858 149
860 154
863 159
865 164
867 169
869 174
871 179
873 184
874 189
876 194
878 199
879 204
880 209
881 214
882 219
883 224
883 229
882 234
879 239
874 240
869 238
865 233
862 228
860 223
858 218
856 213
851 208
846 210
843 215
840 220
838 225
837 230
835 235
833 240
832 245
831 250
831 255
830 260
831 265
831 270
833 275
835 280
838 285
843 290
848 294
853 296
858 297
863 298
868 297
873 296
878 295
883 292
888 289
893 285
898 280
902 275
906 270
910 265
914 260
918 255
921 250
924 245
927 240
930 235
932 230
935 225
937 220
939 215
941 210
943 205
944 200
944 195
942 190
937 187
932 188
927 193
924 198
922 203
920 208
917 213
914 218
911 223
906 227
901 222
900 217
899 212
898 207
897 202
897 197
896 192
895 187
894 182
894 177
894 172
894 167
894 162
895 157
895 152
897 147
899 142
902 137
907 132
912 128
917 126
922 125
927 125
932 126
937 128
942 131
947 134
952 139
956 144
960 149
964 154
968 159
972 164
975 169
979 174
982 179
985 184
988 189
990 194
992 199
994 204
995 209
996 214
996 219
997 224
997 229
997 234
997 239
996 244
994 249
989 254
984 254
979 250
977 245
976 240
975 235
974 230
973 225
972 220
970 215
966 210
961 213
959 218
957 223
955 228
953 233
951 238
949 243
948 248
946 253
944 258
943 263
942 268
941 273
941 278
941 283
941 288
942 293
944 298
946 303
950 308
955 312
960 315
965 317
970 318
975 318
980 318
985 316
990 314
995 311
1000 307
1005 302
1008 297
1011 292
1013 287
1015 282
1017 277
1018 272
1020 267
1022 262
1024 257
1026 252
1028 247
1029 242
1030 237
1031 232
1032 227
1033 222
1034 217
1035 212
1035 207
1036 202
1036 197
1036 192
1037 187
1037 182
1038 177
1038 172
1033 170
1030 175
1028 180
1027 185
1027 190
1026 195
1026 200
1025 205
1024 210
1023 215
1021 220
1016 224
1015 219
1015 214
1015 209
1015 204
1014 199
1013 194
1011 189
1009 184
1007 179
1005 174
1004 169
1002 164
1000 159
999 154
998 149
997 144
996 139
996 134
997 129
997 124
999 119
1001 114
1004 109
1008 104
1013 100
1018 97
1023 95
1028 94
1033 93
1038 93
1043 93
1048 94
1053 96
1058 99
1063 103
1068 108
1072 113
1074 118
1076 123
1078 128
1079 133
1080 138
1080 143
1080 148
1080 153
1080 158
1080 163
1079 168
1079 173
1078 178
1077 183
1077 188
1077 193
1076 198
1076 203
1076 208
1076 213
1076 218
1076 223
1077 228
1078 233
1079 238
1074 243
1079 241
1074 239
1070 234
1069 229
1068 224
1067 219
1066 214
1065 209
1064 204
1063 199
1062 194
1061 189
1060 184
1057 179
1053 184
1053 189
1054 194
1055 199
1055 204
1056 209
1056 214
1056 219
1056 224
1056 229
1056 234
1056 239
1056 244
1055 249
1055 254
1055 259
1055 264
1055 269
1055 274
1055 279
1056 284
1057 289
1058 294
1060 299
1062 304
1066 309
1070 314
1075 317
1080 320
1085 322
1090 323
1095 324
1100 324
1105 323
1110 322
1115 319
1120 316
1125 312
1129 307
1133 302
1135 297
1137 292
1138 287
1139 282
1140 277
1141 272
1141 267
1141 262
1141 257
1141 252
1141 247
1141 242
1140 237
1140 232
1139 227
1139 222
1138 217
1138 212
1137 207
1136 202
1131 200
1127 205
1124 210
1123 215
1121 220
1120 225
1118 230
1117 235
1115 240
1114 245
1112 250
1110 255
1105 260
1100 260
1097 255
1097 250
1096 245
1097 240
1097 235
1097 230
1097 225
1097 220
1097 215
1098 210
1098 205
1099 200
1100 195
1101 190
1103 185
1104 180
1106 175
1108 170
1109 165
1112 160
1114 155
1116 150
1119 145
1122 140
1126 135
1131 130
1136 125
1141 122
1146 120
1151 118
1156 118
1161 118
1166 119
1171 120
1176 122
1181 126
1186 130
1190 135
1194 140
1197 145
0 150
2 155
4 160
6 165
7 170
9 175
10 180
11 185
12 190
13 195
14 200
15 205
16 210
16 215
17 220
17 225
17 230
16 235
14 240
9 242
4 240
0 235
1197 230
1195 225
1192 220
1190 215
1187 210
1184 205
1182 200
1179 195
1176 190
1171 187
1166 187
1163 192
1162 197
1162 202
1162 207
1163 212
1164 217
1164 222
1165 227
1166 232
1167 237
1168 242
1170 247
1171 252
1173 257
1174 262
1176 267
1178 272
1180 277
1183 282
1186 287
1189 292
1193 297
