0 203
6 203
12 203
18 203
24 203
30 203
36 203
42 203
48 202
54 202
60 202
66 201
72 201
78 201
84 201
90 200
96 200
102 200
108 200
114 200
120 201
126 201
132 202
138 202
144 203
150 203
156 204
162 204
168 204
174 203
180 203
186 202
192 202
198 201
204 200
210 200
216 200
222 200
228 200
234 200
240 201
246 202
252 202
258 203
264 203
270 204
276 204
282 204
288 203
294 203
300 203
306 202
312 202
318 202
324 202
330 201
336 201
342 201
348 201
354 201
360 201
366 201
372 201
378 201
384 201
390 201
396 202
402 202
408 203
414 204
420 204
426 204
432 204
438 204
444 204
450 203
456 203
462 202
468 202
474 201
480 201
486 201
492 201
498 201
504 201
510 202
516 202
522 202
528 202
534 202
540 201
546 201
552 201
558 201
564 201
570 201
576 201
582 202
588 202
594 202
600 203
606 203
612 203
618 203
624 203
630 203
636 203
642 203
648 203
654 202
660 202
666 202
672 201
678 201
684 201
690 201
696 201
702 201
708 201
714 201
720 202
726 202
732 202
738 202
744 202
750 202
756 202
762 202
768 202
774 202
780 202
786 202
792 201
798 201
804 201
810 201
816 200
822 200
828 201
834 201
840 201
846 202
852 202
858 203
864 203
870 203
876 204
882 203
888 203
894 202
900 202
906 201
912 200
918 200
924 200
930 200
936 200
942 201
948 202
954 202
960 203
966 204
972 204
978 204
984 204
990 204
996 203
1002 203
1008 202
1014 201
1020 200
1026 200
1032 200
1038 200
1044 200
1050 200
1056 201
1062 202
1068 202
1074 203
1080 204
1086 204
1092 204
1098 204
1104 204
1110 204
1116 203
1122 202
1128 202
1134 201
1140 201
1146 200
1152 200
1158 200
1164 201
1170 201
1176 201
1182 202
1188 202
