0 200
6 200
12 201
18 200
24 200
30 200
36 200
42 200
48 200
54 200
60 199
66 199
72 199
78 199
84 199
90 198
96 198
102 198
108 198
114 198
120 199
126 199
132 199
138 200
144 200
150 201
156 201
162 201
168 201
174 201
180 200
186 200
192 199
198 199
204 198
210 198
216 198
222 198
228 198
234 198
240 199
246 199
252 200
258 200
264 201
270 201
276 201
282 201
288 201
294 200
300 200
306 200
312 200
318 199
324 199
330 199
336 199
342 199
348 199
354 199
360 199
366 199
372 199
378 199
384 199
390 199
396 200
402 200
408 200
414 201
420 201
426 201
432 201
438 201
444 201
450 201
456 200
462 200
468 199
474 199
480 199
486 199
492 199
498 199
504 199
510 199
516 199
522 199
528 199
534 199
540 199
546 199
552 199
558 199
564 199
570 199
576 199
582 199
588 200
594 200
600 200
606 200
612 201
618 201
624 201
630 201
636 200
642 200
648 200
654 200
660 200
666 199
672 199
678 199
684 199
690 199
696 199
702 199
708 199
714 199
720 199
726 199
732 199
738 199
744 199
750 200
756 200
762 200
768 200
774 200
780 200
786 199
792 199
798 199
804 199
810 198
816 198
822 198
828 198
834 199
840 199
846 199
852 200
858 200
864 200
870 201
876 201
882 201
888 200
894 200
900 199
906 199
912 198
918 198
924 198
930 198
936 198
942 199
948 199
954 200
960 200
966 201
972 201
978 201
984 201
990 201
996 201
1002 200
1008 199
1014 199
1020 198
1026 198
1032 198
1038 198
1044 198
1050 198
1056 199
1062 199
1068 200
1074 200
1080 201
1086 201
1092 201
1098 201
1104 201
1110 201
1116 200
1122 200
1128 199
1134 199
1140 199
1146 198
1152 198
1158 198
1164 198
1170 199
1176 199
1182 199
1188 200
