0 155
3 161
5 167
6 173
8 179
9 185
9 191
9 197
8 203
5 209
1199 211
1193 208
1187 202
1181 197
1175 195
1169 201
1168 207
1168 213
1169 219
1170 225
1172 231
1173 237
1175 243
1178 249
1181 255
1184 261
1187 267
1192 273
1198 279
4 283
10 286
16 288
22 289
28 289
34 288
40 286
46 283
52 279
58 273
63 267
66 261
69 255
72 249
74 243
76 237
78 231
79 225
80 219
81 213
82 207
82 201
81 195
78 189
72 187
66 191
61 197
56 203
50 205
44 200
42 194
41 188
41 182
41 176
41 170
41 164
42 158
43 152
45 146
47 140
50 134
54 128
58 122
64 117
70 113
76 110
82 109
88 108
94 108
100 108
106 110
112 112
118 116
124 120
129 126
133 132
137 138
139 144
142 150
144 156
145 162
147 168
148 174
149 180
150 186
151 192
151 198
152 204
151 210
150 216
144 220
138 216
133 210
130 204
125 198
119 195
114 201
113 207
112 213
112 219
112 225
112 231
112 237
113 243
114 249
116 255
118 261
120 267
123 273
128 279
134 285
140 289
146 292
152 293
158 293
164 293
170 291
176 288
182 284
187 278
192 272
195 266
197 260
199 254
201 248
203 242
204 236
205 230
206 224
207 218
207 212
208 206
208 200
208 194
206 188
200 187
195 193
192 199
189 205
184 211
178 212
175 206
175 200
175 194
175 188
175 182
175 176
175 170
176 164
177 158
178 152
179 146
181 140
184 134
187 128
191 122
197 116
203 112
209 110
215 108
221 108
227 108
233 109
239 111
245 114
251 119
256 125
260 131
263 137
266 143
267 149
269 155
270 161
270 167
271 173
271 179
271 185
271 191
270 197
269 203
266 209
260 210
254 204
251 198
247 192
243 186
237 184
233 190
232 196
232 202
232 208
232 214
232 220
233 226
234 232
235 238
236 244
238 250
239 256
241 262
244 268
247 274
251 280
257 286
263 291
269 294
275 296
281 296
287 296
293 296
299 294
305 291
311 286
317 280
322 274
325 268
328 262
331 256
333 250
334 244
336 238
337 232
337 226
338 220
338 214
338 208
336 202
330 196
324 199
319 205
315 211
309 216
303 216
299 210
298 204
298 198
299 192
300 186
301 180
302 174
303 168
305 162
307 156
309 150
312 144
315 138
318 132
323 126
329 120
335 115
341 112
347 110
353 108
359 107
365 107
371 108
377 110
383 112
389 116
395 120
400 126
404 132
407 138
409 144
410 150
411 156
412 162
412 168
412 174
411 180
411 186
410 192
409 198
407 204
406 210
403 216
397 220
391 214
388 208
384 202
378 198
373 204
371 210
371 216
371 222
371 228
371 234
372 240
373 246
374 252
375 258
377 264
379 270
382 276
385 282
389 288
393 294
399 299
405 304
411 307
417 310
423 311
429 312
435 312
441 312
447 310
453 308
459 305
465 301
471 295
476 289
480 283
482 277
484 271
485 265
485 259
485 253
484 247
481 241
475 236
469 235
463 238
457 243
451 247
445 248
439 245
435 239
434 233
434 227
435 221
437 215
438 209
441 203
444 197
447 191
450 185
454 179
458 173
463 167
468 161
474 156
480 151
486 147
492 144
498 142
504 140
510 138
516 137
522 136
528 136
534 136
540 136
546 136
552 137
558 139
564 141
570 143
576 147
582 152
587 158
591 164
595 170
597 176
599 182
601 188
602 194
603 200
603 206
603 212
602 218
600 224
594 229
588 229
582 226
576 225
570 229
567 235
566 241
566 247
567 253
568 259
570 265
573 271
577 277
582 283
588 289
594 293
600 297
606 299
612 301
618 302
624 302
630 301
636 300
642 298
648 295
654 291
660 285
664 279
667 273
669 267
671 261
671 255
671 249
670 243
669 237
665 231
659 227
653 228
647 229
641 226
638 220
637 214
637 208
637 202
637 196
638 190
640 184
641 178
643 172
646 166
649 160
653 154
658 148
664 143
670 139
676 137
682 135
688 135
694 135
700 137
706 139
712 143
718 148
723 154
726 160
728 166
730 172
730 178
729 184
724 190
718 195
714 201
713 207
714 213
716 219
719 225
723 231
728 237
734 242
740 245
746 248
752 249
758 249
764 249
770 247
776 244
782 239
788 233
793 227
797 221
800 215
802 209
804 203
805 197
805 191
801 185
795 182
789 181
783 178
780 172
778 166
778 160
779 154
781 148
785 142
789 136
795 131
801 128
807 126
813 125
819 125
825 126
831 128
837 131
843 136
849 142
853 148
857 154
860 160
862 166
864 172
866 178
868 184
869 190
870 196
870 202
868 208
862 213
856 212
850 209
844 208
838 214
835 220
834 226
833 232
833 238
833 244
834 250
836 256
840 262
844 268
850 272
856 275
862 277
868 277
874 276
880 275
886 272
892 267
898 262
903 256
907 250
911 244
914 238
917 232
920 226
923 220
925 214
927 208
927 202
926 196
920 192
914 195
908 199
902 202
896 198
894 192
893 186
892 180
892 174
892 168
893 162
894 156
896 150
898 144
903 138
909 132
915 129
921 128
927 127
933 128
939 130
945 133
951 138
957 144
961 150
965 156
969 162
972 168
975 174
978 180
980 186
983 192
984 198
986 204
987 210
987 216
985 222
979 228
973 226
967 220
962 214
956 210
950 215
948 221
946 227
945 233
944 239
943 245
943 251
943 257
943 263
945 269
947 275
950 281
955 287
961 291
967 294
973 295
979 295
985 294
991 292
997 289
1003 284
1008 278
1012 272
1015 266
1017 260
1020 254
1022 248
1023 242
1025 236
1026 230
1028 224
1029 218
1030 212
1030 206
1031 200
1031 194
1031 188
1025 185
1021 191
1018 197
1014 203
1008 207
1005 201
1004 195
1003 189
1002 183
1001 177
1000 171
999 165
998 159
998 153
998 147
998 141
999 135
1001 129
1004 123
1009 117
1015 112
1021 109
1027 107
1033 106
1039 105
1045 106
1051 108
1057 111
1063 115
1069 121
1073 127
1076 133
1078 139
1079 145
1080 151
1080 157
1081 163
1081 169
1080 175
1080 181
1080 187
1079 193
1079 199
1078 205
1077 211
1071 213
1067 207
1064 201
1061 195
1057 189
1051 195
1051 201
1051 207
1051 213
1051 219
1051 225
1052 231
1052 237
1053 243
1054 249
1055 255
1056 261
1058 267
1060 273
1063 279
1067 285
1072 291
1078 295
1084 298
1090 299
1096 300
1102 300
1108 298
1114 296
1120 292
1126 286
1131 280
1134 274
1136 268
1138 262
1139 256
1140 250
1140 244
1140 238
1140 232
1140 226
1139 220
1138 214
1134 208
1128 208
1122 214
1118 220
1114 226
1108 230
1102 228
1099 222
1099 216
1099 210
1099 204
1100 198
1102 192
1103 186
1105 180
1107 174
1109 168
1112 162
1115 156
1118 150
1121 144
1126 138
1132 132
1138 128
1144 125
1150 123
1156 123
1162 123
1168 124
1174 126
1180 130
1186 134
1191 140
1195 146
