0 289
6 293
12 295
18 297
24 297
30 297
36 296
42 294
48 291
54 287
60 281
64 275
68 269
71 263
74 257
76 251
78 245
79 239
81 233
82 227
83 221
84 215
85 209
86 203
86 197
86 191
84 185
78 179
72 183
68 189
65 195
63 201
60 207
57 213
51 218
45 215
42 209
41 203
40 197
40 191
39 185
39 179
39 173
40 167
40 161
41 155
42 149
43 143
45 137
48 131
51 125
55 119
61 113
67 108
73 105
79 103
85 102
91 101
97 102
103 103
109 105
115 108
121 112
127 118
131 124
135 130
138 136
140 142
142 148
144 154
146 160
147 166
149 172
150 178
151 184
152 190
152 196
153 202
153 208
153 214
153 220
153 226
150 232
144 232
139 226
136 220
133 214
131 208
128 202
126 196
121 190
115 191
113 197
112 203
112 209
112 215
111 221
111 227
111 233
112 239
112 245
113 251
114 257
115 263
117 269
119 275
122 281
127 287
133 293
139 297
145 299
151 301
157 301
163 301
169 299
175 296
181 292
187 286
191 280
195 274
197 268
199 262
201 256
202 250
204 244
205 238
205 232
206 226
207 220
207 214
208 208
208 202
209 196
209 190
210 184
204 180
200 186
197 192
194 198
192 204
190 210
187 216
184 222
178 226
175 220
175 214
175 208
175 202
175 196
175 190
175 184
176 178
176 172
176 166
177 160
177 154
178 148
180 142
182 136
184 130
187 124
191 118
197 112
203 108
209 105
215 103
221 102
227 103
233 104
239 106
245 109
251 114
256 120
260 126
263 132
266 138
267 144
269 150
270 156
271 162
271 168
272 174
272 180
272 186
272 192
271 198
271 204
271 210
270 216
269 222
263 225
257 219
255 213
252 207
250 201
248 195
246 189
243 183
237 177
232 183
232 189
232 195
231 201
231 207
232 213
232 219
232 225
232 231
233 237
234 243
235 249
236 255
238 261
239 267
241 273
244 279
247 285
252 291
258 297
264 300
270 303
276 305
282 305
288 305
294 304
300 302
306 299
312 295
318 289
322 283
326 277
329 271
331 265
333 259
335 253
336 247
337 241
338 235
339 229
339 223
340 217
340 211
340 205
339 199
337 193
331 191
325 197
322 203
319 209
316 215
313 221
310 227
304 231
298 227
296 221
296 215
296 209
297 203
297 197
298 191
299 185
300 179
301 173
302 167
304 161
306 155
308 149
310 143
312 137
316 131
319 125
324 119
330 113
336 108
342 105
348 103
354 101
360 101
366 101
372 101
378 103
384 105
390 109
396 114
401 120
405 126
408 132
410 138
412 144
412 150
413 156
413 162
413 168
412 174
411 180
410 186
409 192
408 198
407 204
405 210
403 216
402 222
400 228
394 232
389 226
387 220
385 214
384 208
382 202
380 196
374 192
369 198
368 204
368 210
368 216
368 222
368 228
368 234
369 240
370 246
371 252
372 258
373 264
375 270
377 276
379 282
382 288
385 294
389 300
395 306
401 311
407 315
413 318
419 320
425 321
431 322
437 322
443 322
449 320
455 318
461 315
467 311
473 306
478 300
482 294
485 288
487 282
489 276
490 270
490 264
490 258
488 252
486 246
482 240
476 236
470 237
464 242
459 248
455 254
449 260
443 263
437 263
431 259
427 253
426 247
426 241
427 235
429 229
431 223
433 217
436 211
438 205
441 199
445 193
448 187
452 181
456 175
460 169
465 163
471 157
477 151
483 147
489 143
495 140
501 137
507 135
513 134
519 132
525 132
531 131
537 131
543 131
549 132
555 133
561 135
567 138
573 141
579 146
585 152
589 158
593 164
596 170
598 176
600 182
601 188
602 194
603 200
604 206
605 212
605 218
605 224
604 230
603 236
601 242
595 245
589 243
583 237
578 231
572 227
566 229
561 235
560 241
559 247
559 253
560 259
562 265
564 271
566 277
570 283
574 289
580 295
586 301
592 305
598 308
604 310
610 312
616 313
622 313
628 313
634 312
640 311
646 308
652 305
658 301
664 295
668 289
671 283
673 277
674 271
674 265
674 259
673 253
672 247
670 241
666 235
660 232
654 234
649 240
643 245
637 244
633 238
632 232
631 226
632 220
632 214
633 208
634 202
635 196
636 190
638 184
640 178
642 172
644 166
647 160
650 154
655 148
660 142
666 138
672 134
678 132
684 131
690 131
696 132
702 133
708 136
714 140
720 146
725 152
728 158
731 164
733 170
734 176
734 182
734 188
729 194
723 196
717 195
711 197
706 203
705 209
706 215
708 221
711 227
715 233
721 239
727 245
733 249
739 253
745 255
751 256
757 256
763 256
769 254
775 252
781 248
787 243
793 237
797 231
802 225
805 219
808 213
811 207
813 201
814 195
813 189
810 183
804 181
798 183
792 185
786 187
780 183
777 177
775 171
775 165
775 159
777 153
778 147
781 141
785 135
791 129
797 125
803 122
809 121
815 120
821 121
827 122
833 124
839 128
845 133
850 139
854 145
858 151
861 157
863 163
866 169
868 175
870 181
872 187
873 193
875 199
876 205
877 211
876 217
874 223
868 225
862 223
857 217
852 211
846 208
840 213
837 219
835 225
833 231
832 237
832 243
832 249
832 255
834 261
836 267
840 273
846 279
852 282
858 284
864 285
870 285
876 283
882 281
888 278
894 273
900 267
905 261
909 255
913 249
917 243
921 237
924 231
927 225
930 219
932 213
934 207
936 201
935 195
929 189
923 192
918 198
914 204
909 210
903 213
897 207
896 201
894 195
894 189
893 183
893 177
893 171
893 165
893 159
895 153
896 147
899 141
904 135
910 130
916 127
922 126
928 126
934 127
940 129
946 133
952 138
958 144
962 150
966 156
970 162
974 168
977 174
980 180
983 186
986 192
988 198
990 204
991 210
992 216
993 222
992 228
991 234
985 240
979 240
974 234
971 228
969 222
967 216
962 210
956 211
953 217
951 223
949 229
947 235
945 241
944 247
943 253
942 259
942 265
942 271
943 277
945 283
948 289
953 295
959 299
965 302
971 303
977 304
983 303
989 301
995 298
1001 294
1006 288
1010 282
1013 276
1016 270
1018 264
1020 258
1022 252
1024 246
1026 240
1028 234
1029 228
1030 222
1031 216
1032 210
1033 204
1033 198
1034 192
1035 186
1035 180
1029 178
1026 184
1024 190
1022 196
1021 202
1019 208
1016 214
1010 209
1011 215
1014 209
1010 203
1009 197
1007 191
1006 185
1004 179
1002 173
1001 167
999 161
998 155
997 149
997 143
997 137
998 131
1000 125
1002 119
1006 113
1012 107
1018 103
1024 101
1030 99
1036 99
1042 99
1048 100
1054 103
1060 106
1066 111
1071 117
1074 123
1077 129
1078 135
1080 141
1080 147
1081 153
1081 159
1080 165
1080 171
1079 177
1079 183
1078 189
1078 195
1077 201
1077 207
1077 213
1077 219
1071 225
1077 226
1072 220
1067 214
1065 208
1063 202
1062 196
1060 190
1057 184
1052 190
1052 196
1053 202
1053 208
1053 214
1053 220
1053 226
1053 232
1053 238
1053 244
1053 250
1054 256
1055 262
1056 268
1057 274
1059 280
1061 286
1065 292
1070 298
1076 303
1082 306
1088 308
1094 309
1100 309
1106 308
1112 306
1118 303
1124 298
1129 292
1133 286
1136 280
1138 274
1139 268
1140 262
1141 256
1141 250
1141 244
1141 238
1140 232
1140 226
1139 220
1138 214
1137 208
1131 203
1125 209
1122 215
1120 221
1117 227
1114 233
1111 239
1105 244
1099 242
1097 236
1096 230
1096 224
1097 218
1097 212
1098 206
1099 200
1100 194
1102 188
1104 182
1106 176
1108 170
1110 164
1113 158
1116 152
1119 146
1123 140
1128 134
1134 128
1140 124
1146 121
1152 120
1158 119
1164 120
1170 121
1176 124
1182 128
1188 133
1193 139
1197 145
0 151
2 157
5 163
7 169
8 175
10 181
11 187
12 193
13 199
13 205
13 211
12 217
9 223
3 225
1197 221
1192 215
1189 209
1185 203
1181 197
1175 191
1169 191
1165 197
1164 203
1164 209
1165 215
1166 221
1167 227
1169 233
1171 239
1172 245
1175 251
1177 257
1180 263
1183 269
1187 275
1191 281
