0 212
6 212
12 212
18 212
24 212
30 212
36 212
42 212
48 212
54 212
60 212
66 212
72 212
78 211
84 211
90 211
96 211
102 211
108 211
114 211
120 211
126 211
132 212
138 212
144 212
150 212
156 213
162 213
168 213
174 212
180 212
186 212
192 212
198 211
204 211
210 211
216 211
222 211
228 211
234 211
240 211
246 212
252 212
258 212
264 212
270 212
276 212
282 212
288 212
294 212
300 212
306 212
312 212
318 212
324 212
330 212
336 212
342 211
348 211
354 211
360 211
366 211
372 211
378 211
384 211
390 212
396 212
402 212
408 212
414 212
420 213
426 213
432 213
438 213
444 213
450 212
456 212
462 212
468 212
474 212
480 211
486 211
492 211
498 211
504 212
510 212
516 212
522 212
528 212
534 212
540 212
546 211
552 211
558 211
564 211
570 211
576 211
582 212
588 212
594 212
600 212
606 212
612 212
618 212
624 212
630 212
636 212
642 212
648 212
654 212
660 212
666 212
672 212
678 212
684 211
690 211
696 211
702 211
708 212
714 212
720 212
726 212
732 212
738 212
744 212
750 212
756 212
762 212
768 212
774 212
780 212
786 212
792 212
798 211
804 211
810 211
816 211
822 211
828 211
834 211
840 211
846 212
852 212
858 212
864 212
870 212
876 212
882 212
888 212
894 212
900 212
906 211
912 211
918 211
924 211
930 211
936 211
942 211
948 212
954 212
960 212
966 213
972 213
978 213
984 213
990 213
996 212
1002 212
1008 212
1014 211
1020 211
1026 211
1032 211
1038 211
1044 211
1050 211
1056 211
1062 212
1068 212
1074 212
1080 212
1086 213
1092 213
1098 213
1104 213
1110 212
1116 212
1122 212
1128 212
1134 211
1140 211
1146 211
1152 211
1158 211
1164 211
1170 211
1176 212
1182 212
1188 212
