0 202
6 203
12 203
18 203
24 202
30 202
36 202
42 202
48 202
54 202
60 202
66 201
72 201
78 201
84 201
90 201
96 201
102 201
108 201
114 201
120 201
126 201
132 202
138 202
144 202
150 203
156 203
162 203
168 203
174 203
180 202
186 202
192 201
198 201
204 201
210 200
216 200
222 200
228 200
234 201
240 201
246 202
252 202
258 202
264 203
270 203
276 203
282 203
288 203
294 202
300 202
306 202
312 202
318 202
324 202
330 201
336 201
342 201
348 201
354 201
360 201
366 201
372 201
378 201
384 201
390 201
396 202
402 202
408 202
414 203
420 203
426 203
432 203
438 203
444 203
450 203
456 202
462 202
468 202
474 201
480 201
486 201
492 201
498 201
504 201
510 202
516 202
522 202
528 202
534 202
540 201
546 201
552 201
558 201
564 201
570 201
576 201
582 201
588 202
594 202
600 202
606 202
612 203
618 203
624 203
630 203
636 202
642 202
648 202
654 202
660 202
666 202
672 201
678 201
684 201
690 201
696 201
702 201
708 201
714 201
720 201
726 202
732 202
738 202
744 202
750 202
756 202
762 202
768 202
774 202
780 202
786 202
792 201
798 201
804 201
810 201
816 201
822 201
828 201
834 201
840 201
846 201
852 202
858 202
864 203
870 203
876 203
882 203
888 202
894 202
900 202
906 201
912 201
918 200
924 200
930 200
936 201
942 201
948 201
954 202
960 203
966 203
972 203
978 203
984 203
990 203
996 203
1002 202
1008 202
1014 201
1020 201
1026 200
1032 200
1038 200
1044 200
1050 201
1056 201
1062 202
1068 202
1074 202
1080 203
1086 203
1092 203
1098 203
1104 203
1110 203
1116 203
1122 202
1128 202
1134 201
1140 201
1146 201
1152 201
1158 201
1164 201
1170 201
1176 201
1182 202
1188 202
