0 213
6 214
12 214
18 214
24 214
30 214
36 213
42 213
48 212
54 211
60 210
66 210
72 209
78 208
84 207
90 207
96 207
102 207
108 207
114 207
120 208
126 210
132 211
138 212
144 214
150 215
156 216
162 216
168 215
174 215
180 213
186 212
192 210
198 208
204 207
210 206
216 205
222 205
228 206
234 207
240 208
246 210
252 211
258 213
264 214
270 215
276 215
282 215
288 215
294 214
300 214
306 213
312 212
318 211
324 210
330 209
336 209
342 208
348 208
354 207
360 207
366 207
372 207
378 208
384 209
390 210
396 211
402 212
408 214
414 215
420 215
426 216
432 216
438 216
444 215
450 214
456 213
462 212
468 211
474 210
480 209
486 209
492 209
498 209
504 209
510 209
516 210
522 210
528 210
534 210
540 209
546 209
552 209
558 209
564 209
570 209
576 209
582 210
588 211
594 212
600 213
606 213
612 214
618 214
624 214
630 214
636 214
642 213
648 213
654 212
660 211
666 210
672 210
678 209
684 209
690 209
696 209
702 209
708 209
714 210
720 210
726 210
732 211
738 211
744 211
750 212
756 212
762 212
768 212
774 211
780 211
786 210
792 210
798 209
804 208
810 208
816 207
822 207
828 208
834 209
840 210
846 211
852 212
858 213
864 214
870 214
876 214
882 214
888 213
894 212
900 210
906 209
912 208
918 207
924 206
930 206
936 207
942 208
948 210
954 212
960 214
966 215
972 216
978 216
984 216
990 215
996 214
1002 212
1008 211
1014 209
1020 207
1026 206
1032 205
1038 205
1044 206
1050 207
1056 208
1062 210
1068 212
1074 213
1080 215
1086 216
1092 216
1098 216
1104 216
1110 215
1116 214
1122 212
1128 211
1134 209
1140 208
1146 207
1152 207
1158 207
1164 207
1170 208
1176 209
1182 210
1188 211
