0 205
6 205
12 205
18 205
24 205
30 205
36 205
42 205
48 205
54 205
60 205
66 204
72 204
78 204
84 204
90 204
96 204
102 204
108 204
114 204
120 204
126 204
132 205
138 205
144 205
150 206
156 206
162 206
168 206
174 206
180 205
186 205
192 204
198 204
204 204
210 203
216 203
222 203
228 204
234 204
240 204
246 205
252 205
258 205
264 206
270 206
276 206
282 206
288 205
294 205
300 205
306 205
312 205
318 205
324 205
330 204
336 204
342 204
348 204
354 204
360 204
366 204
372 204
378 204
384 204
390 204
396 205
402 205
408 205
414 206
420 206
426 206
432 206
438 206
444 206
450 206
456 205
462 205
468 205
474 204
480 204
486 204
492 204
498 204
504 204
510 205
516 205
522 205
528 205
534 205
540 204
546 204
552 204
558 204
564 204
570 204
576 204
582 204
588 205
594 205
600 205
606 205
612 205
618 206
624 206
630 205
636 205
642 205
648 205
654 205
660 205
666 205
672 204
678 204
684 204
690 204
696 204
702 204
708 204
714 204
720 204
726 204
732 205
738 205
744 205
750 205
756 205
762 205
768 205
774 205
780 205
786 205
792 204
798 204
804 204
810 204
816 204
822 204
828 204
834 204
840 204
846 204
852 205
858 205
864 205
870 206
876 206
882 206
888 205
894 205
900 205
906 204
912 204
918 204
924 203
930 203
936 204
942 204
948 204
954 205
960 205
966 206
972 206
978 206
984 206
990 206
996 205
1002 205
1008 205
1014 204
1020 204
1026 204
1032 203
1038 203
1044 204
1050 204
1056 204
1062 205
1068 205
1074 205
1080 206
1086 206
1092 206
1098 206
1104 206
1110 206
1116 205
1122 205
1128 205
1134 204
1140 204
1146 204
1152 204
1158 204
1164 204
1170 204
1176 204
1182 205
1188 205
