0 204
6 204
12 203
18 203
24 203
30 203
36 203
42 203
48 203
54 203
60 203
66 203
72 203
78 203
84 203
90 203
96 203
102 203
108 203
114 203
120 203
126 203
132 203
138 203
144 203
150 203
156 204
162 204
168 204
174 204
180 204
186 203
192 203
198 203
204 203
210 203
216 203
222 203
228 203
234 203
240 203
246 203
252 204
258 204
264 204
270 204
276 204
282 204
288 203
294 203
300 203
306 203
312 203
318 203
324 203
330 203
336 203
342 203
348 203
354 203
360 203
366 203
372 203
378 203
384 203
390 203
396 203
402 203
408 204
414 204
420 204
426 204
432 204
438 204
444 204
450 204
456 204
462 203
468 203
474 203
480 203
486 203
492 203
498 203
504 203
510 203
516 203
522 204
528 204
534 203
540 203
546 203
552 203
558 203
564 203
570 203
576 203
582 203
588 203
594 203
600 204
606 204
612 204
618 204
624 203
630 203
636 203
642 203
648 203
654 203
660 203
666 203
672 203
678 203
684 203
690 203
696 203
702 203
708 203
714 203
720 203
726 203
732 203
738 203
744 203
750 203
756 203
762 203
768 203
774 203
780 203
786 203
792 203
798 203
804 203
810 203
816 203
822 203
828 203
834 203
840 203
846 203
852 203
858 203
864 203
870 204
876 204
882 204
888 204
894 203
900 203
906 203
912 203
918 203
924 203
930 203
936 203
942 203
948 203
954 203
960 204
966 204
972 204
978 204
984 204
990 204
996 203
1002 203
1008 203
1014 203
1020 203
1026 203
1032 203
1038 203
1044 203
1050 203
1056 203
1062 203
1068 203
1074 203
1080 204
1086 204
1092 204
1098 204
1104 204
1110 204
1116 204
1122 203
1128 203
1134 203
1140 203
1146 203
1152 203
1158 203
1164 203
1170 203
1176 203
1182 203
1188 204
