0 225
6 228
12 230
18 231
24 231
30 230
36 228
42 226
48 222
54 217
60 212
66 207
72 203
78 199
84 197
90 195
96 195
102 195
108 197
114 199
120 204
126 210
130 216
135 222
141 228
147 232
153 234
159 235
165 235
171 233
177 229
183 224
187 218
191 212
195 206
200 200
206 195
212 193
218 192
224 192
230 194
236 197
242 202
247 208
251 214
255 220
261 226
267 230
273 233
279 234
285 234
291 233
297 231
303 228
309 224
315 218
321 213
327 208
333 204
339 201
345 198
351 197
357 196
363 196
369 197
375 199
381 202
387 206
393 212
398 218
404 224
410 229
416 233
422 235
428 236
434 236
440 235
446 232
452 229
458 224
464 219
470 214
476 210
482 208
488 206
494 206
500 205
506 206
512 206
518 207
524 207
530 207
536 207
542 206
548 205
554 205
560 205
566 206
572 207
578 210
584 213
590 217
596 221
602 224
608 227
614 229
620 230
626 230
632 229
638 228
644 225
650 222
656 218
662 214
668 211
674 208
680 206
686 205
692 205
698 205
704 206
710 207
716 209
722 211
728 213
734 216
740 218
746 219
752 220
758 221
764 220
770 219
776 217
782 214
788 211
794 207
800 204
806 202
812 201
818 201
824 202
830 204
836 207
842 213
848 218
854 223
860 227
866 229
872 229
878 228
884 226
890 222
896 216
901 210
907 204
913 200
919 197
925 197
931 197
937 200
943 204
948 210
952 216
956 222
960 228
966 232
972 235
978 236
984 236
990 234
996 230
1002 224
1005 218
1008 212
1012 206
1017 200
1023 195
1029 192
1035 191
1041 192
1047 193
1053 197
1059 203
1063 209
1067 215
1070 221
1074 227
1080 232
1086 235
1092 237
1098 237
1104 236
1110 233
1116 229
1121 223
1125 217
1130 211
1135 205
1141 201
1147 198
1153 197
1159 197
1165 198
1171 200
1177 204
1183 209
1189 215
