0 153
3 159
5 165
7 171
8 177
9 183
10 189
11 195
11 201
11 207
9 213
3 217
1197 215
1191 209
1186 203
1181 197
1175 193
1169 194
1166 200
1166 206
1166 212
1167 218
1168 224
1170 230
1171 236
1174 242
1176 248
1178 254
1181 260
1185 266
1189 272
1194 278
0 283
6 287
12 290
18 291
24 292
30 292
36 290
42 288
48 285
54 280
60 274
64 268
68 262
71 256
73 250
76 244
78 238
79 232
81 226
82 220
83 214
84 208
84 202
84 196
83 190
79 184
73 184
67 190
64 196
61 202
56 208
50 211
44 206
42 200
41 194
40 188
40 182
40 176
40 170
40 164
41 158
42 152
44 146
45 140
48 134
51 128
55 122
61 116
67 111
73 108
79 106
85 105
91 104
97 104
103 106
109 108
115 111
121 115
127 121
132 127
136 133
138 139
141 145
143 151
145 157
146 163
148 169
149 175
150 181
151 187
152 193
152 199
152 205
152 211
152 217
150 223
144 226
138 220
134 214
131 208
128 202
125 196
119 192
114 198
112 204
112 210
111 216
111 222
111 228
112 234
112 240
113 246
114 252
115 258
117 264
120 270
123 276
128 282
134 288
140 292
146 294
152 296
158 296
164 295
170 294
176 291
182 286
188 280
192 274
195 268
197 262
200 256
201 250
203 244
204 238
205 232
206 226
207 220
207 214
208 208
208 202
209 196
209 190
207 184
201 185
197 191
194 197
191 203
188 209
185 215
179 219
176 213
175 207
175 201
175 195
175 189
175 183
175 177
175 171
176 165
177 159
177 153
179 147
180 141
182 135
185 129
189 123
194 117
200 112
206 108
212 106
218 105
224 105
230 105
236 107
242 110
248 114
254 119
258 125
262 131
265 137
267 143
268 149
269 155
270 161
271 167
271 173
271 179
271 185
271 191
271 197
270 203
269 209
267 215
261 217
256 211
253 205
250 199
248 193
245 187
240 181
234 182
232 188
232 194
231 200
231 206
231 212
232 218
232 224
233 230
234 236
235 242
236 248
237 254
239 260
241 266
244 272
247 278
252 284
257 290
263 294
269 297
275 299
281 300
287 300
293 299
299 297
305 294
311 290
317 284
321 278
325 272
328 266
331 260
333 254
334 248
336 242
337 236
338 230
339 224
339 218
339 212
339 206
338 200
334 194
328 195
323 201
319 207
316 213
312 219
306 223
300 220
298 214
297 208
297 202
298 196
298 190
299 184
300 178
302 172
303 166
305 160
307 154
309 148
311 142
314 136
318 130
322 124
327 118
333 113
339 110
345 107
351 105
357 104
363 104
369 104
375 105
381 107
387 111
393 115
399 121
404 127
407 133
409 139
411 145
412 151
412 157
413 163
412 169
412 175
411 181
410 187
409 193
408 199
407 205
405 211
403 217
400 223
394 225
390 219
387 213
385 207
383 201
377 195
371 200
370 206
369 212
369 218
369 224
369 230
370 236
371 242
372 248
373 254
374 260
376 266
378 272
381 278
384 284
387 290
392 296
397 302
403 307
409 310
415 313
421 315
427 316
433 316
439 316
445 315
451 313
457 311
463 307
469 303
474 297
479 291
482 285
484 279
486 273
487 267
488 261
487 255
486 249
484 243
479 237
473 235
467 237
461 242
455 248
449 253
443 254
437 252
432 246
430 240
430 234
431 228
432 222
434 216
437 210
439 204
442 198
446 192
449 186
453 180
457 174
461 168
466 162
472 156
478 151
484 147
490 144
496 141
502 139
508 137
514 135
520 134
526 134
532 133
538 133
544 134
550 134
556 136
562 138
568 140
574 144
580 148
585 154
590 160
593 166
596 172
598 178
600 184
601 190
602 196
603 202
604 208
604 214
604 220
603 226
600 232
594 236
588 234
582 230
576 226
570 226
565 232
563 238
562 244
563 250
564 256
565 262
568 268
571 274
574 280
579 286
585 292
591 296
597 300
603 303
609 305
615 306
621 307
627 306
633 306
639 304
645 302
651 298
657 293
663 287
667 281
670 275
671 269
673 263
673 257
673 251
672 245
670 239
667 233
661 229
655 230
649 234
643 235
637 231
635 225
634 219
634 213
634 207
635 201
636 195
637 189
639 183
641 177
643 171
645 165
648 159
652 153
657 147
663 141
669 138
675 135
681 133
687 133
693 133
699 134
705 136
711 140
717 144
722 150
726 156
729 162
731 168
732 174
732 180
731 186
725 192
719 194
713 197
710 203
710 209
711 215
713 221
716 227
721 233
727 239
733 244
739 247
745 250
751 251
757 251
763 251
769 249
775 247
781 243
787 238
792 232
797 226
801 220
804 214
807 208
809 202
809 196
809 190
805 184
799 182
793 183
787 183
781 180
778 174
777 168
777 162
777 156
779 150
781 144
785 138
790 132
796 128
802 125
808 123
814 122
820 123
826 124
832 126
838 129
844 134
850 140
854 146
857 152
860 158
863 164
865 170
867 176
869 182
871 188
872 194
873 200
873 206
872 212
866 218
860 217
854 212
848 208
842 209
837 215
835 221
834 227
833 233
832 239
832 245
833 251
835 257
838 263
842 269
848 274
854 277
860 279
866 280
872 279
878 278
884 275
890 271
896 266
901 260
906 254
910 248
914 242
918 236
921 230
924 224
927 218
929 212
931 206
931 200
930 194
924 191
918 194
912 200
906 206
900 207
896 201
894 195
893 189
892 183
892 177
892 171
892 165
893 159
894 153
896 147
900 141
904 135
910 130
916 128
922 126
928 126
934 127
940 129
946 133
952 138
958 144
962 150
966 156
970 162
973 168
976 174
979 180
982 186
984 192
986 198
988 204
989 210
990 216
990 222
988 228
982 233
976 232
971 226
967 220
964 214
958 209
952 214
950 220
948 226
946 232
945 238
943 244
943 250
942 256
942 262
943 268
945 274
947 280
951 286
957 292
963 295
969 297
975 298
981 298
987 297
993 294
999 290
1005 284
1010 278
1013 272
1016 266
1018 260
1020 254
1022 248
1024 242
1026 236
1027 230
1029 224
1030 218
1031 212
1031 206
1032 200
1033 194
1033 188
1032 182
1026 183
1023 189
1021 195
1018 201
1016 207
1010 211
1008 205
1007 199
1006 193
1004 187
1003 181
1002 175
1000 169
999 163
998 157
998 151
997 145
998 139
999 133
1000 127
1003 121
1008 115
1014 109
1020 106
1026 103
1032 102
1038 102
1044 102
1050 104
1056 107
1062 111
1068 116
1072 122
1075 128
1077 134
1079 140
1080 146
1080 152
1081 158
1081 164
1080 170
1080 176
1080 182
1079 188
1078 194
1078 200
1078 206
1078 212
1077 218
1071 219
1068 213
1065 207
1063 201
1061 195
1059 189
1053 186
1052 192
1052 198
1052 204
1052 210
1052 216
1052 222
1052 228
1052 234
1053 240
1053 246
1054 252
1055 258
1056 264
1058 270
1060 276
1063 282
1067 288
1072 294
1078 298
1084 301
1090 303
1096 303
1102 303
1108 302
1114 299
1120 295
1126 290
1130 284
1134 278
1136 272
1138 266
1139 260
1140 254
1141 248
1141 242
1141 236
1140 230
1140 224
1139 218
1138 212
1135 206
1129 205
1124 211
1121 217
1118 223
1114 229
1108 235
1102 235
1098 229
1097 223
1097 217
1098 211
1099 205
1100 199
1101 193
1103 187
1104 181
1106 175
1109 169
1111 163
1114 157
1117 151
1120 145
1124 139
1129 133
1135 128
1141 125
1147 122
1153 121
1159 121
1165 121
1171 123
1177 126
1183 130
1189 136
1194 142
