0 216
6 216
12 217
18 217
24 217
30 216
36 216
42 215
48 215
54 214
60 214
66 213
72 212
78 211
84 211
90 210
96 210
102 210
108 210
114 211
120 212
126 213
132 214
138 215
144 216
150 217
156 218
162 218
168 218
174 217
180 216
186 215
192 213
198 212
204 211
210 210
216 209
222 209
228 210
234 211
240 212
246 213
252 214
258 216
264 217
270 217
276 218
282 218
288 217
294 217
300 216
306 215
312 215
318 214
324 213
330 213
336 212
342 212
348 211
354 211
360 211
366 211
372 211
378 211
384 212
390 213
396 214
402 215
408 216
414 217
420 218
426 218
432 218
438 218
444 218
450 217
456 216
462 215
468 214
474 213
480 213
486 212
492 212
498 212
504 213
510 213
516 213
522 213
528 213
534 213
540 213
546 212
552 212
558 212
564 212
570 212
576 213
582 213
588 214
594 215
600 215
606 216
612 217
618 217
624 217
630 217
636 216
642 216
648 215
654 215
660 214
666 213
672 213
678 213
684 212
690 212
696 212
702 212
708 213
714 213
720 213
726 213
732 214
738 214
744 214
750 214
756 215
762 215
768 215
774 214
780 214
786 213
792 213
798 212
804 212
810 211
816 211
822 211
828 211
834 212
840 213
846 214
852 215
858 216
864 217
870 217
876 217
882 217
888 216
894 215
900 213
906 212
912 211
918 210
924 210
930 210
936 211
942 212
948 213
954 215
960 216
966 217
972 218
978 219
984 218
990 218
996 217
1002 215
1008 214
1014 212
1020 211
1026 210
1032 209
1038 209
1044 210
1050 210
1056 212
1062 213
1068 215
1074 216
1080 217
1086 218
1092 218
1098 219
1104 218
1110 217
1116 216
1122 215
1128 214
1134 213
1140 212
1146 211
1152 211
1158 211
1164 211
1170 212
1176 212
1182 213
1188 214
