0 229
6 233
12 237
18 239
24 242
30 243
36 243
42 243
48 241
54 239
60 235
66 229
71 223
74 217
77 211
79 205
83 199
87 193
92 187
98 182
104 178
110 175
116 173
122 171
128 170
134 169
140 169
146 169
152 169
158 170
164 172
170 174
176 177
182 181
188 187
192 193
196 199
197 205
198 211
199 217
198 223
198 229
198 235
199 241
201 247
204 253
209 259
215 264
221 268
227 270
233 271
239 271
245 271
251 269
257 267
263 263
269 257
273 251
276 245
277 239
277 233
277 227
275 221
274 215
274 209
274 203
275 197
278 191
281 185
287 179
293 174
299 172
305 170
311 169
317 170
323 171
329 174
335 178
341 184
346 190
349 196
354 202
360 208
366 212
372 214
378 215
384 215
390 214
396 212
402 210
408 209
414 208
420 208
426 209
432 211
438 213
444 216
450 219
456 221
462 222
468 222
474 221
480 218
486 215
492 210
498 205
504 201
510 199
516 197
522 197
528 198
534 201
540 205
545 211
549 217
552 223
556 229
560 235
566 241
572 244
578 247
584 248
590 248
596 246
602 244
608 241
614 235
619 229
622 223
625 217
628 211
630 205
634 199
638 193
644 187
650 182
656 178
662 175
668 172
674 170
680 169
686 167
692 166
698 166
704 166
710 167
716 168
722 170
728 172
734 176
740 182
745 188
748 194
750 200
751 206
751 212
751 218
751 224
752 230
754 236
757 242
761 248
767 253
773 257
779 259
785 260
791 260
797 259
803 257
809 253
815 247
818 241
820 235
821 229
822 223
823 217
824 211
827 205
831 199
837 193
843 190
849 189
855 188
861 190
867 192
873 197
878 203
881 209
884 215
886 221
890 227
895 233
901 237
907 240
913 240
919 240
925 238
931 235
937 229
940 223
943 217
944 211
946 205
949 199
952 193
957 187
963 183
969 180
975 179
981 178
987 179
993 180
999 183
1005 187
1010 193
1014 199
1018 205
1021 211
1025 217
1030 223
1036 227
1042 230
1048 231
1054 231
1060 230
1066 228
1072 224
1078 218
1083 212
1088 206
1094 200
1100 196
1106 193
1112 191
1118 191
1124 191
1130 192
1136 194
1142 196
1148 199
1154 202
1160 205
1166 208
1172 211
1178 214
1184 218
1190 222
