0 192
2 198
4 204
5 210
6 216
6 222
4 228
1 234
1195 237
1189 238
1183 240
1178 246
1176 252
1175 258
1175 264
1176 270
1178 276
1180 282
1183 288
1186 294
1191 300
1197 305
3 310
9 313
15 315
21 317
27 318
33 318
39 318
45 317
51 315
57 314
63 311
69 308
75 304
81 299
87 293
93 287
98 281
102 275
106 269
110 263
114 257
117 251
120 245
122 239
125 233
126 227
128 221
129 215
130 209
130 203
129 197
127 191
124 185
120 179
114 175
108 174
102 177
98 183
97 189
95 195
93 201
89 207
83 209
77 207
71 202
67 196
64 190
62 184
60 178
59 172
58 166
57 160
57 154
58 148
58 142
59 136
61 130
63 124
66 118
69 112
73 106
78 100
84 95
90 90
96 87
102 84
108 81
114 79
120 78
126 77
132 77
138 77
144 77
150 78
156 80
162 81
168 84
174 87
180 91
186 96
192 102
196 108
199 114
202 120
204 126
206 132
207 138
208 144
209 150
210 156
211 162
211 168
212 174
213 180
213 186
214 192
214 198
215 204
215 210
215 216
216 222
216 228
216 234
216 240
216 246
217 252
217 258
217 264
218 270
219 276
219 282
220 288
221 294
221 300
215 304
209 299
206 293
203 287
201 281
199 275
198 269
196 263
195 257
194 251
192 245
191 239
190 233
188 227
182 223
177 229
175 235
173 241
172 247
170 253
169 259
168 265
168 271
167 277
167 283
167 289
168 295
169 301
170 307
172 313
174 319
177 325
181 331
186 337
192 343
198 347
204 350
210 353
216 355
222 356
228 357
234 358
240 358
246 358
252 357
258 356
264 354
270 352
276 349
282 346
288 341
294 336
299 330
302 324
305 318
307 312
308 306
309 300
309 294
309 288
308 282
306 276
303 270
300 264
296 258
290 252
284 247
278 244
272 243
266 249
265 255
265 261
264 267
263 273
262 279
261 285
259 291
257 297
254 303
248 307
242 306
239 300
237 294
237 288
236 282
235 276
235 270
234 264
234 258
233 252
233 246
233 240
234 234
234 228
234 222
235 216
236 210
237 204
238 198
240 192
241 186
243 180
244 174
246 168
248 162
250 156
253 150
255 144
257 138
260 132
263 126
267 120
271 114
275 108
281 102
287 97
293 94
299 91
305 89
311 88
317 87
323 87
329 88
335 90
341 92
347 95
353 100
359 106
362 112
364 118
366 124
366 130
364 136
362 142
356 148
350 151
344 152
338 151
332 148
326 145
320 143
314 143
308 145
302 150
298 156
295 162
293 168
293 174
295 180
297 186
302 192
308 196
314 200
320 202
326 204
332 206
338 207
344 207
350 207
356 207
362 206
368 204
374 203
380 201
386 200
392 199
398 199
404 199
410 200
416 202
422 205
428 211
432 217
434 223
435 229
436 235
439 241
443 247
449 252
455 254
461 255
467 256
473 255
479 253
485 251
491 248
497 244
503 239
509 233
514 227
517 221
518 215
518 209
514 203
508 200
502 196
497 190
495 184
496 178
498 172
502 166
508 161
514 158
520 156
526 156
532 156
538 157
544 159
550 162
556 165
562 170
568 175
574 180
579 186
585 192
589 198
594 204
598 210
601 216
604 222
606 228
607 234
606 240
605 246
601 252
595 257
589 258
583 257
577 253
571 249
565 246
559 247
553 251
548 257
545 263
543 269
542 275
542 281
543 287
544 293
547 299
551 305
557 311
563 316
569 319
575 321
581 322
587 323
593 322
599 322
605 320
611 318
617 316
623 312
629 308
635 303
640 297
645 291
649 285
653 279
656 273
659 267
662 261
665 255
667 249
669 243
671 237
672 231
674 225
675 219
676 213
676 207
676 201
676 195
675 189
673 183
671 177
665 172
659 172
655 178
653 184
652 190
651 196
649 202
643 208
637 204
633 198
629 192
626 186
623 180
621 174
619 168
617 162
616 156
615 150
614 144
614 138
614 132
615 126
617 120
619 114
621 108
625 102
630 96
635 90
641 85
647 81
653 78
659 75
665 73
671 71
677 69
683 68
689 68
695 67
701 67
707 68
713 69
719 70
725 72
731 74
737 76
743 79
749 83
755 88
761 94
766 100
769 106
772 112
774 118
775 124
776 130
776 136
776 142
775 148
774 154
773 160
771 166
769 172
767 178
765 184
762 190
760 196
757 202
754 208
752 214
750 220
748 226
746 232
745 238
743 244
737 245
735 239
734 233
733 227
732 221
732 215
732 209
732 203
731 197
730 191
728 185
722 185
718 191
716 197
714 203
713 209
713 215
712 221
712 227
712 233
711 239
711 245
712 251
712 257
713 263
713 269
715 275
716 281
718 287
720 293
723 299
726 305
730 311
735 317
741 323
747 328
753 331
759 334
765 336
771 337
777 338
783 338
789 337
795 336
801 334
807 331
813 328
819 322
824 316
827 310
829 304
831 298
831 292
831 286
831 280
830 274
828 268
826 262
823 256
820 250
814 244
808 244
802 249
798 255
795 261
791 267
788 273
782 279
776 281
770 279
764 273
762 267
762 261
762 255
764 249
765 243
767 237
770 231
773 225
776 219
780 213
784 207
788 201
793 195
798 189
804 183
810 177
816 171
822 167
828 163
834 160
840 157
846 156
852 156
858 157
864 158
870 162
876 166
881 172
886 178
889 184
893 190
895 196
897 202
899 208
901 214
901 220
900 226
896 232
890 233
884 231
878 226
872 222
866 218
860 215
854 216
849 222
849 228
851 234
854 240
857 246
861 252
865 258
869 264
874 270
880 276
886 281
892 285
898 289
904 292
910 293
916 294
922 295
928 294
934 293
940 290
946 286
952 280
956 274
959 268
961 262
963 256
964 250
965 244
965 238
965 232
965 226
965 220
964 214
963 208
962 202
961 196
959 190
953 185
948 191
945 197
943 203
940 209
934 214
928 208
927 202
925 196
924 190
923 184
922 178
922 172
921 166
921 160
921 154
922 148
923 142
925 136
927 130
930 124
934 118
939 112
945 107
951 103
957 100
963 98
969 96
975 96
981 96
987 96
993 98
999 100
1005 103
1011 107
1017 113
1021 119
1025 125
1027 131
1028 137
1029 143
1030 149
1030 155
1029 161
1028 167
1027 173
1025 179
1022 185
1016 188
1010 185
1006 179
1001 173
995 170
989 174
987 180
987 186
987 192
988 198
990 204
991 210
993 216
996 222
998 228
1001 234
1004 240
1007 246
1010 252
1014 258
1019 264
1025 270
1031 274
1037 277
1043 279
1049 280
1055 280
1061 279
1067 278
1073 275
1079 271
1085 266
1090 260
1094 254
1097 248
1099 242
1101 236
1102 230
1101 224
1100 218
1097 212
1091 209
1085 210
1079 212
1073 214
1067 213
1061 207
1060 201
1060 195
1061 189
1062 183
1064 177
1067 171
1070 165
1073 159
1077 153
1081 147
1087 141
1093 135
1099 131
1105 128
1111 126
1117 125
1123 124
1129 124
1135 124
1141 126
1147 128
1153 131
1159 134
1165 139
1171 144
1176 150
1181 156
1185 162
1189 168
1192 174
1195 180
