0 202
6 202
12 202
18 202
24 202
30 202
36 202
42 202
48 202
54 202
60 202
66 202
72 202
78 202
84 201
90 201
96 201
102 201
108 201
114 201
120 201
126 201
132 201
138 201
144 201
150 201
156 201
162 201
168 201
174 201
180 201
186 202
192 202
198 202
204 202
210 202
216 202
222 202
228 202
234 202
240 202
246 202
252 202
258 202
264 202
270 202
276 202
282 202
288 202
294 201
300 201
306 201
312 201
318 201
324 201
330 201
336 201
342 201
348 202
354 202
360 202
366 202
372 202
378 202
384 202
390 202
396 202
402 202
408 202
414 202
420 202
426 202
432 202
438 202
444 202
450 202
456 202
462 202
468 202
474 202
480 202
486 202
492 202
498 202
504 202
510 202
516 202
522 202
528 202
534 202
540 202
546 202
552 202
558 202
564 202
570 202
576 202
582 202
588 202
594 202
600 202
606 202
612 202
618 202
624 201
630 201
636 201
642 201
648 201
654 201
660 201
666 201
672 201
678 201
684 201
690 201
696 201
702 201
708 201
714 201
720 201
726 201
732 201
738 201
744 202
750 202
756 202
762 202
768 202
774 202
780 202
786 202
792 202
798 202
804 202
810 202
816 202
822 202
828 202
834 202
840 202
846 202
852 202
858 202
864 202
870 202
876 202
882 202
888 202
894 202
900 202
906 202
912 202
918 202
924 202
930 202
936 202
942 202
948 202
954 202
960 202
966 202
972 202
978 202
984 202
990 202
996 202
1002 201
1008 201
1014 202
1020 202
1026 202
1032 202
1038 202
1044 202
1050 202
1056 202
1062 202
1068 202
1074 202
1080 202
1086 202
1092 202
1098 201
1104 201
1110 201
1116 202
1122 202
1128 202
1134 202
1140 202
1146 202
1152 202
1158 202
1164 202
1170 202
1176 202
1182 202
1188 202
