0 211
6 212
12 213
18 214
24 214
30 215
36 215
42 214
48 214
54 213
60 211
66 210
72 208
78 206
84 205
90 203
96 202
102 201
108 200
114 200
120 199
126 199
132 198
138 198
144 198
150 198
156 199
162 199
168 200
174 201
180 203
186 205
192 207
198 210
204 213
210 216
216 219
222 221
228 222
234 223
240 224
246 223
252 222
258 220
264 217
270 214
276 211
282 207
288 204
294 202
300 200
306 199
312 198
318 198
324 198
330 199
336 201
342 202
348 204
354 205
360 206
366 207
372 208
378 208
384 208
390 208
396 207
402 207
408 206
414 206
420 206
426 207
432 207
438 208
444 209
450 209
456 210
462 210
468 211
474 210
480 210
486 209
492 208
498 207
504 206
510 206
516 205
522 205
528 206
534 207
540 208
546 209
552 211
558 213
564 214
570 215
576 216
582 216
588 216
594 215
600 214
606 213
612 211
618 209
624 208
630 206
636 205
642 203
648 202
654 201
660 200
666 199
672 199
678 198
684 198
690 197
696 197
702 197
708 197
714 198
720 199
726 200
732 201
738 203
744 205
750 207
756 210
762 212
768 215
774 217
780 218
786 220
792 220
798 220
804 219
810 217
816 215
822 213
828 210
834 207
840 205
846 204
852 203
858 203
864 204
870 205
876 207
882 209
888 211
894 213
900 214
906 215
912 215
918 214
924 213
930 212
936 210
942 208
948 206
954 205
960 203
966 202
972 202
978 201
984 201
990 201
996 202
1002 203
1008 204
1014 205
1020 207
1026 208
1032 209
1038 210
1044 211
1050 212
1056 212
1062 211
1068 210
1074 209
1080 208
1086 207
1092 206
1098 205
1104 204
1110 204
1116 204
1122 204
1128 205
1134 205
1140 206
1146 206
1152 207
1158 208
1164 208
1170 208
1176 209
1182 209
1188 210
