0 211
6 211
12 211
18 212
24 212
30 212
36 212
42 212
48 212
54 211
60 211
66 210
72 209
78 208
84 207
90 207
96 206
102 206
108 205
114 205
120 205
126 205
132 205
138 205
144 205
150 205
156 205
162 205
168 205
174 206
180 207
186 208
192 209
198 210
204 211
210 213
216 214
222 215
228 216
234 217
240 217
246 216
252 216
258 215
264 214
270 212
276 211
282 209
288 208
294 206
300 205
306 205
312 204
318 204
324 205
330 205
336 206
342 206
348 207
354 208
360 208
366 209
372 209
378 209
384 209
390 209
396 209
402 208
408 208
414 208
420 208
426 208
432 209
438 209
444 209
450 210
456 210
462 210
468 211
474 210
480 210
486 210
492 209
498 209
504 209
510 208
516 208
522 208
528 208
534 209
540 209
546 210
552 211
558 211
564 212
570 213
576 213
582 213
588 213
594 212
600 212
606 211
612 210
618 209
624 209
630 208
636 207
642 207
648 206
654 206
660 205
666 205
672 205
678 204
684 204
690 204
696 204
702 204
708 204
714 204
720 205
726 205
732 206
738 207
744 208
750 209
756 210
762 211
768 212
774 213
780 214
786 215
792 215
798 215
804 215
810 214
816 213
822 212
828 210
834 209
840 208
846 207
852 207
858 207
864 208
870 208
876 209
882 210
888 211
894 212
900 212
906 213
912 212
918 212
924 212
930 211
936 210
942 209
948 208
954 208
960 207
966 207
972 206
978 206
984 206
990 206
996 206
1002 207
1008 207
1014 208
1020 208
1026 209
1032 210
1038 210
1044 211
1050 211
1056 211
1062 211
1068 210
1074 210
1080 209
1086 209
1092 208
1098 208
1104 207
1110 207
1116 207
1122 207
1128 208
1134 208
1140 208
1146 209
1152 209
1158 209
1164 209
1170 209
1176 210
1182 210
1188 210
