0 203
6 203
12 203
18 204
24 204
30 204
36 204
42 204
48 204
54 203
60 203
66 203
72 203
78 203
84 203
90 203
96 203
102 203
108 203
114 203
120 203
126 203
132 203
138 203
144 203
150 203
156 203
162 203
168 203
174 203
180 203
186 203
192 203
198 203
204 203
210 203
216 204
222 204
228 204
234 204
240 204
246 204
252 204
258 204
264 204
270 204
276 203
282 203
288 203
294 203
300 203
306 203
312 203
318 203
324 203
330 203
336 203
342 203
348 203
354 203
360 203
366 203
372 203
378 203
384 203
390 203
396 203
402 203
408 203
414 203
420 203
426 203
432 203
438 203
444 203
450 203
456 203
462 204
468 204
474 203
480 203
486 203
492 203
498 203
504 203
510 203
516 203
522 203
528 203
534 203
540 203
546 203
552 203
558 203
564 204
570 204
576 204
582 204
588 204
594 204
600 204
606 203
612 203
618 203
624 203
630 203
636 203
642 203
648 203
654 203
660 203
666 203
672 203
678 203
684 203
690 203
696 203
702 203
708 203
714 203
720 203
726 203
732 203
738 203
744 203
750 203
756 203
762 203
768 203
774 204
780 204
786 204
792 204
798 204
804 204
810 204
816 204
822 204
828 204
834 204
840 203
846 203
852 203
858 203
864 203
870 203
876 204
882 204
888 204
894 204
900 204
906 204
912 204
918 204
924 204
930 203
936 203
942 203
948 203
954 203
960 203
966 203
972 203
978 203
984 203
990 203
996 203
1002 203
1008 203
1014 203
1020 203
1026 203
1032 203
1038 203
1044 204
1050 204
1056 204
1062 204
1068 204
1074 203
1080 203
1086 203
1092 203
1098 203
1104 203
1110 203
1116 203
1122 203
1128 203
1134 203
1140 203
1146 203
1152 204
1158 204
1164 203
1170 203
1176 203
1182 203
1188 203
