0 212
6 212
12 212
18 212
24 212
30 213
36 213
42 212
48 212
54 212
60 212
66 212
72 212
78 212
84 211
90 211
96 211
102 211
108 211
114 211
120 211
126 211
132 211
138 211
144 211
150 211
156 211
162 211
168 211
174 211
180 211
186 212
192 212
198 212
204 212
210 213
216 213
222 213
228 213
234 213
240 213
246 213
252 213
258 213
264 213
270 213
276 212
282 212
288 212
294 211
300 211
306 211
312 211
318 211
324 211
330 211
336 211
342 211
348 212
354 212
360 212
366 212
372 212
378 212
384 212
390 212
396 212
402 212
408 212
414 212
420 212
426 212
432 212
438 212
444 212
450 212
456 212
462 212
468 212
474 212
480 212
486 212
492 212
498 212
504 212
510 212
516 212
522 212
528 212
534 212
540 212
546 212
552 212
558 212
564 213
570 213
576 213
582 213
588 213
594 213
600 212
606 212
612 212
618 212
624 212
630 212
636 211
642 211
648 211
654 211
660 211
666 211
672 211
678 211
684 211
690 211
696 211
702 211
708 211
714 211
720 211
726 211
732 211
738 211
744 212
750 212
756 212
762 212
768 212
774 213
780 213
786 213
792 213
798 213
804 213
810 213
816 213
822 213
828 212
834 212
840 212
846 212
852 212
858 212
864 212
870 212
876 212
882 212
888 212
894 213
900 213
906 213
912 213
918 213
924 212
930 212
936 212
942 212
948 212
954 212
960 212
966 211
972 211
978 211
984 211
990 211
996 211
1002 211
1008 211
1014 212
1020 212
1026 212
1032 212
1038 212
1044 212
1050 212
1056 212
1062 212
1068 212
1074 212
1080 212
1086 212
1092 212
1098 212
1104 211
1110 211
1116 212
1122 212
1128 212
1134 212
1140 212
1146 212
1152 212
1158 212
1164 212
1170 212
1176 212
1182 212
1188 212
