0 225
1 219
0 213
1199 207
1198 201
1196 195
1194 189
1191 183
1188 177
1185 171
1181 165
1177 159
1172 153
1166 147
1160 142
1154 138
1148 135
1142 133
1136 131
1130 130
1124 130
1118 131
1112 132
1106 134
1100 137
1094 141
1088 146
1083 152
1078 158
1075 164
1071 170
1069 176
1066 182
1065 188
1064 194
1064 200
1065 206
1070 212
1076 214
1082 213
1088 213
1094 216
1097 222
1098 228
1098 234
1097 240
1096 246
1093 252
1090 258
1085 264
1079 269
1073 273
1067 276
1061 278
1055 278
1049 278
1043 277
1037 275
1031 273
1025 268
1019 263
1014 257
1010 251
1007 245
1004 239
1001 233
998 227
996 221
994 215
993 209
991 203
991 197
991 191
992 185
998 179
1004 181
1010 186
1016 189
1022 186
1026 180
1027 174
1028 168
1029 162
1029 156
1029 150
1028 144
1026 138
1024 132
1021 126
1017 120
1011 114
1005 110
999 106
993 104
987 103
981 102
975 102
969 103
963 104
957 107
951 110
945 114
939 120
934 126
930 132
928 138
926 144
924 150
923 156
923 162
922 168
922 174
923 180
923 186
924 192
926 198
927 204
930 210
936 212
942 207
945 201
949 195
955 193
960 199
962 205
963 211
964 217
964 223
965 229
965 235
964 241
964 247
963 253
961 259
959 265
956 271
952 277
946 283
940 287
934 290
928 292
922 292
916 292
910 291
904 289
898 287
892 283
886 279
880 273
874 267
869 261
865 255
861 249
858 243
855 237
854 231
854 225
860 219
866 219
872 222
878 226
884 229
890 230
896 227
898 221
898 215
898 209
896 203
894 197
891 191
888 185
885 179
880 173
874 167
868 163
862 160
856 158
850 158
844 158
838 160
832 163
826 166
820 171
814 176
808 182
803 188
798 194
793 200
789 206
785 212
781 218
778 224
775 230
772 236
770 242
768 248
767 254
767 260
768 266
772 272
778 275
784 275
790 270
795 264
799 258
803 252
809 247
815 246
821 251
825 257
827 263
829 269
830 275
831 281
831 287
831 293
830 299
828 305
825 311
820 317
814 323
808 327
802 330
796 332
790 333
784 334
778 334
772 333
766 332
760 330
754 328
748 324
742 320
736 314
731 308
727 302
723 296
721 290
718 284
717 278
715 272
714 266
713 260
713 254
712 248
712 242
712 236
713 230
713 224
714 218
715 212
717 206
719 200
725 194
731 197
733 203
734 209
735 215
735 221
736 227
737 233
738 239
743 245
748 239
750 233
752 227
754 221
756 215
758 209
761 203
763 197
765 191
767 185
769 179
770 173
772 167
773 161
774 155
774 149
774 143
774 137
773 131
772 125
770 119
767 113
764 107
759 101
753 95
747 90
741 86
735 83
729 80
723 78
717 76
711 75
705 75
699 74
693 74
687 75
681 76
675 77
669 78
663 81
657 83
651 87
645 91
639 96
633 102
628 108
624 114
621 120
619 126
618 132
616 138
616 144
616 150
616 156
617 162
618 168
619 174
621 180
623 186
625 192
628 198
632 204
638 209
644 207
647 201
649 195
651 189
656 183
662 183
668 189
670 195
671 201
672 207
672 213
672 219
671 225
670 231
668 237
667 243
665 249
662 255
660 261
657 267
654 273
651 279
647 285
642 291
637 297
631 303
625 308
619 311
613 314
607 316
601 318
595 319
589 319
583 318
577 317
571 315
565 313
559 309
553 303
549 297
546 291
544 285
543 279
543 273
544 267
546 261
550 255
556 250
562 248
568 250
574 253
580 255
586 255
592 252
597 246
599 240
599 234
598 228
597 222
594 216
591 210
587 204
583 198
579 192
573 186
568 180
562 175
556 170
550 166
544 163
538 161
532 160
526 160
520 160
514 162
508 165
502 170
498 176
496 182
496 188
498 194
503 200
509 206
512 212
512 218
511 224
507 230
503 236
497 241
491 246
485 249
479 252
473 253
467 254
461 254
455 253
449 250
443 245
439 239
437 233
435 227
433 221
430 215
424 209
418 205
412 203
406 202
400 202
394 202
388 204
382 205
376 207
370 208
364 210
358 211
352 211
346 211
340 210
334 209
328 207
322 204
316 201
310 196
304 190
301 184
299 178
299 172
301 166
304 160
309 154
315 151
321 150
327 151
333 153
339 155
345 156
351 154
357 149
361 143
362 137
363 131
362 125
360 119
357 113
352 107
346 102
340 98
334 96
328 94
322 93
316 93
310 93
304 95
298 97
292 99
286 103
280 108
274 114
270 120
266 126
262 132
260 138
257 144
255 150
252 156
250 162
249 168
247 174
245 180
244 186
242 192
241 198
240 204
239 210
238 216
237 222
236 228
236 234
236 240
236 246
236 252
236 258
236 264
237 270
237 276
238 282
238 288
240 294
246 298
252 296
257 290
260 284
262 278
263 272
264 266
265 260
266 254
268 248
274 242
280 243
286 247
292 253
297 259
300 265
303 271
305 277
306 283
307 289
307 295
307 301
305 307
303 313
301 319
297 325
292 331
286 337
280 342
274 345
268 348
262 350
256 351
250 352
244 353
238 353
232 353
226 352
220 351
214 349
208 347
202 344
196 340
190 336
184 330
180 324
176 318
173 312
171 306
170 300
169 294
168 288
168 282
168 276
168 270
169 264
169 258
171 252
172 246
174 240
177 234
181 228
187 229
191 235
192 241
194 247
195 253
196 259
198 265
200 271
202 277
204 283
207 289
213 294
219 292
220 286
220 280
219 274
219 268
219 262
218 256
218 250
218 244
218 238
217 232
217 226
217 220
217 214
216 208
216 202
215 196
214 190
214 184
213 178
212 172
211 166
210 160
209 154
208 148
207 142
205 136
203 130
200 124
197 118
194 112
189 106
183 100
177 96
171 92
165 89
159 87
153 85
147 84
141 83
135 83
129 84
123 84
117 85
111 87
105 89
99 92
93 96
87 100
81 106
76 112
71 118
68 124
65 130
63 136
62 142
60 148
60 154
59 160
59 166
60 172
61 178
62 184
64 190
67 196
71 202
77 207
83 208
89 205
92 199
95 193
98 187
104 182
110 183
116 187
121 193
123 199
124 205
125 211
125 217
124 223
122 229
121 235
118 241
116 247
113 253
110 259
106 265
102 271
98 277
93 283
88 289
82 294
76 299
70 303
64 306
58 309
52 311
46 313
40 313
34 314
28 313
22 312
16 311
10 308
4 305
1198 301
1192 295
1187 289
1184 283
1181 277
1179 271
1178 265
1178 259
1179 253
1181 247
1186 241
1192 237
