0 173
3 178
6 183
9 188
12 193
15 198
17 203
20 208
22 213
24 218
26 223
27 228
29 233
29 238
29 243
29 248
27 253
24 258
19 262
14 264
9 263
4 259
1 254
1199 249
1197 244
1194 239
1189 235
1184 235
1179 237
1174 242
1171 247
1169 252
1168 257
1166 262
1166 267
1165 272
1165 277
1166 282
1166 287
1167 292
1169 297
1170 302
1172 307
1175 312
1178 317
1183 322
1188 327
1193 331
1198 334
3 336
8 338
13 339
18 340
23 341
28 341
33 341
38 341
43 340
48 339
53 337
58 335
63 333
68 331
73 328
78 324
83 320
88 316
93 311
97 306
102 301
106 296
109 291
113 286
116 281
119 276
122 271
125 266
128 261
130 256
132 251
134 246
136 241
138 236
139 231
140 226
142 221
143 216
143 211
144 206
144 201
145 196
145 191
144 186
143 181
142 176
140 171
136 166
131 161
126 158
121 157
116 157
111 158
106 163
104 168
103 173
103 178
103 183
103 188
102 193
102 198
102 203
102 208
102 213
100 218
98 223
94 228
89 230
84 230
79 227
74 222
71 217
68 212
66 207
64 202
62 197
60 192
59 187
57 182
56 177
55 172
54 167
53 162
53 157
52 152
52 147
52 142
52 137
52 132
52 127
53 122
54 117
55 112
57 107
59 102
62 97
65 92
68 87
72 82
77 78
82 73
87 70
92 67
97 65
102 63
107 61
112 60
117 59
122 58
127 58
132 57
137 58
142 58
147 58
152 59
157 61
162 62
167 64
172 66
177 69
182 72
187 77
192 82
196 87
199 92
202 97
204 102
205 107
206 112
207 117
207 122
207 127
207 132
206 137
206 142
205 147
205 152
205 157
204 162
204 167
204 172
205 177
205 182
205 187
205 192
205 197
205 202
205 207
205 212
205 217
205 222
205 227
205 232
205 237
206 242
206 247
207 252
207 257
208 262
209 267
210 272
211 277
212 282
213 287
215 292
216 297
217 302
219 307
221 312
222 317
224 322
225 327
227 332
229 337
229 342
224 345
219 342
215 337
212 332
209 327
207 322
205 317
203 312
201 307
200 302
198 297
196 292
195 287
194 282
193 277
192 272
191 267
190 262
190 257
189 252
189 247
188 242
188 237
187 232
187 227
186 222
185 217
182 212
178 217
178 222
178 227
177 232
177 237
177 242
176 247
176 252
175 257
175 262
174 267
173 272
172 277
172 282
171 287
170 292
169 297
168 302
168 307
168 312
167 317
168 322
168 327
169 332
170 337
172 342
175 347
178 352
182 357
187 361
192 365
197 367
202 370
207 372
212 373
217 375
222 376
227 376
232 377
237 377
242 377
247 377
252 376
257 376
262 375
267 374
272 373
277 371
282 369
287 367
292 365
297 362
302 358
307 353
311 348
314 343
316 338
318 333
319 328
320 323
320 318
319 313
319 308
318 303
316 298
314 293
311 288
308 283
305 278
300 273
295 269
290 265
285 263
280 260
275 259
270 258
265 259
262 264
262 269
263 274
265 279
266 284
267 289
267 294
267 299
267 304
266 309
265 314
264 319
264 324
263 329
262 334
260 339
255 343
250 344
246 339
244 334
243 329
241 324
240 319
238 314
236 309
234 304
232 299
230 294
229 289
227 284
226 279
224 274
223 269
223 264
222 259
221 254
221 249
221 244
221 239
222 234
222 229
223 224
224 219
224 214
226 209
227 204
228 199
230 194
232 189
234 184
236 179
238 174
241 169
243 164
246 159
249 154
253 149
256 144
259 139
263 134
266 129
269 124
272 119
275 114
277 109
280 104
284 99
288 94
292 89
297 85
302 82
307 79
312 77
317 75
322 74
327 74
332 74
337 74
342 75
347 77
352 79
357 81
362 85
367 89
371 94
374 99
377 104
379 109
380 114
381 119
381 124
381 129
380 134
378 139
375 144
371 149
366 152
361 155
356 156
351 156
346 156
341 154
336 150
332 145
328 140
324 135
319 132
314 131
309 132
304 133
299 136
294 139
289 143
285 148
281 153
277 158
275 163
272 168
271 173
270 178
270 183
272 188
275 193
280 197
285 200
290 201
295 203
300 203
305 204
310 204
315 204
320 204
325 204
330 204
335 204
340 203
345 203
350 203
355 202
360 202
365 202
370 202
375 202
380 202
385 202
390 203
395 203
400 204
405 205
410 207
415 209
420 212
425 215
430 220
433 225
435 230
435 235
433 240
431 245
430 250
430 255
433 260
437 265
442 268
447 271
452 272
457 273
462 274
467 274
472 273
477 272
482 271
487 269
492 267
497 265
502 262
507 259
512 256
517 253
522 249
527 246
532 242
537 238
542 233
546 228
549 223
551 218
550 213
546 208
541 205
536 205
531 205
526 206
521 208
516 210
511 211
506 210
501 209
496 204
494 199
492 194
493 189
494 184
496 179
499 174
504 169
509 166
514 164
519 162
524 162
529 162
534 162
539 163
544 164
549 166
554 168
559 170
564 172
569 175
574 177
579 180
584 183
589 187
594 190
599 194
604 198
609 202
614 206
619 211
623 216
628 221
631 226
634 231
636 236
638 241
638 246
638 251
637 256
635 261
632 266
627 271
622 275
617 278
612 280
607 280
602 280
597 277
594 272
591 267
589 262
587 257
584 252
579 248
574 248
569 250
564 254
559 258
554 263
550 268
547 273
544 278
541 283
539 288
538 293
537 298
537 303
537 308
538 313
541 318
543 323
548 328
553 333
558 336
563 338
568 340
573 341
578 342
583 342
588 342
593 342
598 341
603 339
608 338
613 335
618 333
623 329
628 326
633 321
638 316
642 311
646 306
650 301
653 296
657 291
660 286
663 281
667 276
670 271
672 266
675 261
677 256
680 251
681 246
683 241
684 236
686 231
687 226
687 221
688 216
688 211
688 206
688 201
688 196
688 191
688 186
688 181
688 176
688 171
688 166
687 161
687 156
687 151
685 146
683 141
679 136
674 135
669 136
665 141
664 146
663 151
664 156
664 161
664 166
665 171
665 176
666 181
666 186
666 191
667 196
666 201
665 206
660 208
655 203
650 198
646 193
641 188
637 183
632 178
628 173
624 168
620 163
617 158
614 153
611 148
609 143
607 138
606 133
604 128
604 123
604 118
604 113
604 108
605 103
607 98
609 93
611 88
614 83
618 78
622 73
627 69
632 65
637 61
642 58
647 56
652 54
657 52
662 51
667 49
672 48
677 48
682 47
687 47
692 46
697 46
702 47
707 47
712 47
717 48
722 49
727 50
732 52
737 54
742 56
747 58
752 61
757 64
762 68
767 73
772 78
775 83
779 88
781 93
783 98
785 103
786 108
786 113
787 118
787 123
786 128
785 133
784 138
782 143
780 148
777 153
773 158
770 163
766 168
761 173
757 178
753 183
748 188
744 193
741 198
738 203
735 208
733 213
732 218
730 223
730 228
729 233
729 238
729 243
730 248
730 253
725 258
724 253
723 248
723 243
722 238
722 233
722 228
722 223
722 218
722 213
722 208
722 203
722 198
722 193
723 188
723 183
723 178
723 173
723 168
724 163
724 158
724 153
723 148
720 143
715 142
712 147
711 152
710 157
710 162
710 167
710 172
710 177
710 182
711 187
711 192
711 197
711 202
711 207
711 212
711 217
711 222
712 227
712 232
712 237
712 242
712 247
712 252
713 257
713 262
713 267
713 272
713 277
713 282
714 287
714 292
715 297
716 302
717 307
719 312
721 317
723 322
726 327
729 332
734 337
739 342
744 346
749 349
754 351
759 353
764 354
769 356
774 356
779 357
784 357
789 356
794 355
799 354
804 353
809 351
814 348
819 344
824 339
827 334
830 329
831 324
832 319
833 314
833 309
832 304
832 299
830 294
829 289
827 284
825 279
823 274
820 269
817 264
814 259
811 254
807 249
802 244
797 243
792 246
790 251
789 256
789 261
788 266
787 271
785 276
783 281
782 286
781 291
780 296
779 301
775 306
770 308
765 308
760 306
755 301
752 296
751 291
750 286
749 281
749 276
749 271
749 266
749 261
749 256
749 251
750 246
751 241
752 236
754 231
756 226
759 221
763 216
767 211
772 206
777 202
782 198
787 195
792 191
797 189
802 186
807 183
812 181
817 179
822 177
827 175
832 173
837 172
842 171
847 171
852 171
857 171
862 173
867 175
872 177
877 181
882 185
887 190
891 195
894 200
897 205
900 210
902 215
904 220
906 225
908 230
909 235
910 240
910 245
910 250
909 255
906 260
901 261
896 260
891 257
886 252
882 247
877 242
872 237
867 233
862 229
857 224
852 219
847 216
842 214
837 214
832 216
829 221
830 226
832 231
834 236
838 241
841 246
845 251
849 256
852 261
856 266
860 271
864 276
868 281
872 286
877 291
882 295
887 300
892 303
897 306
902 309
907 311
912 312
917 313
922 313
927 313
932 313
937 311
942 309
947 307
952 303
956 298
960 293
962 288
964 283
965 278
966 273
967 268
967 263
967 258
966 253
966 248
965 243
965 238
964 233
963 228
962 223
961 218
960 213
959 208
959 203
958 198
957 193
957 188
957 183
956 178
956 173
956 168
955 163
950 164
948 169
947 174
946 179
945 184
945 189
944 194
944 199
944 204
943 209
943 214
943 219
942 224
941 229
939 234
934 235
933 230
932 225
932 220
931 215
930 210
929 205
928 200
926 195
925 190
923 185
922 180
921 175
920 170
919 165
918 160
917 155
917 150
917 145
917 140
918 135
919 130
920 125
922 120
924 115
927 110
930 105
934 100
939 96
944 92
949 88
954 86
959 84
964 82
969 81
974 81
979 81
984 81
989 82
994 84
999 85
1004 88
1009 91
1014 96
1018 101
1022 106
1024 111
1026 116
1028 121
1029 126
1029 131
1030 136
1030 141
1029 146
1029 151
1028 156
1027 161
1026 166
1025 171
1024 176
1022 181
1021 186
1019 191
1017 196
1014 201
1009 202
1005 197
1003 192
1001 187
1000 182
998 177
997 172
996 167
994 162
992 157
990 152
985 147
980 147
976 152
975 157
975 162
976 167
976 172
977 177
977 182
978 187
979 192
980 197
981 202
982 207
984 212
986 217
988 222
990 227
992 232
995 237
997 242
1000 247
1003 252
1006 257
1009 262
1012 267
1016 272
1020 277
1025 282
1030 286
1035 290
1040 292
1045 294
1050 295
1055 295
1060 295
1065 294
1070 293
1075 291
1080 288
1085 285
1090 280
1095 275
1099 270
1102 265
1105 260
1108 255
1110 250
1112 245
1113 240
1115 235
1115 230
1116 225
1115 220
1114 215
1112 210
1108 205
1103 203
1098 202
1093 204
1088 208
1084 213
1080 218
1077 223
1073 228
1068 233
1063 235
1058 235
1053 234
1048 229
1046 224
1045 219
1045 214
1045 209
1047 204
1048 199
1050 194
1052 189
1054 184
1056 179
1059 174
1061 169
1064 164
1067 159
1070 154
1074 149
1077 144
1082 139
1086 134
1091 130
1096 126
1101 123
1106 120
1111 119
1116 117
1121 116
1126 116
1131 116
1136 117
1141 118
1146 120
1151 122
1156 125
1161 128
1166 132
1171 136
1176 141
1180 146
1184 151
1188 156
1192 161
1195 166
