0 230
6 235
12 240
18 243
24 245
30 247
36 247
42 247
48 245
54 243
60 240
66 234
71 228
74 222
76 216
77 210
78 204
79 198
81 192
83 186
86 180
90 174
96 168
102 164
108 160
114 157
120 155
126 154
132 153
138 152
144 152
150 152
156 153
162 155
168 157
174 160
180 164
186 169
192 175
195 181
198 187
200 193
201 199
202 205
201 211
199 217
197 223
195 229
194 235
194 241
195 247
197 253
201 259
205 265
211 270
217 274
223 277
229 278
235 279
241 279
247 278
253 277
259 274
265 270
271 265
275 259
278 253
280 247
281 241
281 235
279 229
277 223
273 217
271 211
269 205
269 199
269 193
271 187
273 181
276 175
280 169
286 163
292 159
298 156
304 154
310 154
316 154
322 155
328 158
334 162
340 168
343 174
346 180
348 186
351 192
354 198
360 204
366 208
372 210
378 210
384 210
390 209
396 207
402 205
408 203
414 202
420 202
426 204
432 206
438 209
444 213
450 217
456 219
462 220
468 220
474 218
480 215
486 210
492 204
497 198
503 193
509 190
515 188
521 187
527 188
533 190
539 194
545 200
548 206
550 212
552 218
554 224
556 230
559 236
563 242
569 247
575 250
581 252
587 253
593 252
599 251
605 248
611 244
617 239
621 233
624 227
626 221
627 215
628 209
629 203
630 197
632 191
635 185
639 179
643 173
649 168
655 163
661 159
667 156
673 154
679 152
685 150
691 149
697 149
703 149
709 149
715 150
721 152
727 155
733 158
739 163
744 169
748 175
751 181
753 187
753 193
753 199
752 205
750 211
749 217
748 223
747 229
748 235
750 241
753 247
757 253
763 258
769 262
775 265
781 266
787 266
793 266
799 264
805 262
811 257
816 251
819 245
821 239
821 233
821 227
820 221
820 215
820 209
822 203
824 197
827 191
832 185
838 181
844 178
850 177
856 177
862 179
868 182
874 188
878 194
881 200
882 206
884 212
885 218
887 224
891 230
896 236
902 240
908 242
914 243
920 242
926 241
932 237
938 231
941 225
943 219
944 213
945 207
945 201
945 195
947 189
949 183
952 177
958 171
964 167
970 165
976 163
982 163
988 164
994 166
1000 169
1006 174
1011 180
1014 186
1016 192
1018 198
1019 204
1021 210
1024 216
1029 222
1035 228
1041 231
1047 232
1053 232
1059 231
1065 229
1071 225
1076 219
1080 213
1083 207
1086 201
1090 195
1095 189
1101 184
1107 181
1113 179
1119 179
1125 179
1131 180
1137 182
1143 185
1149 189
1155 193
1161 197
1167 201
1173 206
1179 210
1185 215
1191 221
