0 201
6 201
12 201
18 201
24 201
30 201
36 201
42 201
48 201
54 201
60 201
66 201
72 201
78 200
84 200
90 200
96 200
102 200
108 200
114 200
120 200
126 200
132 200
138 200
144 200
150 200
156 200
162 200
168 200
174 200
180 200
186 200
192 201
198 201
204 201
210 201
216 201
222 201
228 201
234 202
240 202
246 202
252 201
258 201
264 201
270 201
276 201
282 201
288 200
294 200
300 200
306 200
312 200
318 200
324 200
330 200
336 200
342 200
348 200
354 200
360 201
366 201
372 201
378 201
384 201
390 201
396 201
402 200
408 200
414 200
420 200
426 200
432 201
438 201
444 201
450 201
456 201
462 201
468 201
474 201
480 201
486 201
492 201
498 201
504 201
510 201
516 201
522 201
528 201
534 201
540 201
546 201
552 201
558 201
564 201
570 201
576 201
582 201
588 201
594 201
600 201
606 201
612 201
618 201
624 200
630 200
636 200
642 200
648 200
654 200
660 200
666 200
672 200
678 200
684 200
690 200
696 200
702 200
708 200
714 200
720 200
726 200
732 200
738 200
744 200
750 201
756 201
762 201
768 201
774 201
780 201
786 201
792 201
798 201
804 201
810 201
816 201
822 201
828 201
834 201
840 201
846 201
852 200
858 200
864 201
870 201
876 201
882 201
888 201
894 201
900 201
906 201
912 201
918 201
924 201
930 201
936 201
942 201
948 201
954 200
960 200
966 200
972 200
978 200
984 200
990 200
996 200
1002 200
1008 200
1014 200
1020 200
1026 201
1032 201
1038 201
1044 201
1050 201
1056 201
1062 201
1068 201
1074 201
1080 201
1086 201
1092 200
1098 200
1104 200
1110 200
1116 200
1122 200
1128 201
1134 201
1140 201
1146 201
1152 201
1158 201
1164 201
1170 201
1176 201
1182 201
1188 201
