0 182
6 178
12 175
18 172
24 171
30 170
36 169
42 170
48 171
54 172
60 174
66 177
72 180
78 184
84 188
90 193
96 198
102 203
107 209
111 215
115 221
117 227
118 233
117 239
114 245
111 251
110 257
110 263
112 269
115 275
120 281
126 285
132 288
138 290
144 291
150 291
156 290
162 289
168 286
174 283
180 278
185 272
190 266
193 260
196 254
199 248
201 242
203 236
205 230
207 224
209 218
210 212
211 206
212 200
213 194
214 188
213 182
212 176
210 170
204 167
198 169
192 175
187 181
181 183
175 181
170 175
167 169
165 163
164 157
163 151
164 145
165 139
167 133
169 127
173 121
177 115
183 109
189 104
195 101
201 98
207 96
213 95
219 94
225 94
231 95
237 96
243 98
249 100
255 104
261 108
267 114
272 120
275 126
278 132
280 138
281 144
281 150
281 156
280 162
278 168
276 174
273 180
270 186
266 192
261 198
255 196
252 190
249 184
243 180
239 186
238 192
237 198
236 204
236 210
236 216
236 222
236 228
236 234
237 240
237 246
238 252
239 258
240 264
242 270
244 276
247 282
250 288
255 294
261 299
267 303
273 306
279 308
285 308
291 309
297 308
303 306
309 304
315 300
321 294
324 288
327 282
328 276
328 270
327 264
325 258
321 252
315 249
309 249
303 250
297 250
291 247
287 241
285 235
285 229
287 223
289 217
292 211
296 205
301 199
307 193
313 187
319 183
325 179
331 176
337 173
343 172
349 171
355 171
361 173
367 176
373 180
378 186
381 192
382 198
382 204
381 210
378 216
374 222
372 228
372 234
374 240
377 246
381 252
387 258
393 263
399 267
405 269
411 271
417 271
423 271
429 270
435 268
441 264
447 258
451 252
453 246
454 240
453 234
450 228
445 222
439 216
436 210
434 204
434 198
435 192
437 186
439 180
444 174
450 168
456 164
462 162
468 161
474 161
480 162
486 165
492 170
497 176
499 182
502 188
505 194
510 200
516 205
522 207
528 208
534 208
540 207
546 204
552 200
558 194
563 188
569 182
575 179
581 178
587 178
593 179
599 181
605 184
611 189
617 194
623 200
627 206
630 212
632 218
633 224
631 230
628 236
622 240
616 241
610 242
604 243
598 246
593 252
591 258
591 264
593 270
596 276
601 282
607 287
613 289
619 291
625 292
631 291
637 290
643 288
649 284
655 280
661 274
665 268
669 262
673 256
676 250
679 244
682 238
685 232
687 226
689 220
691 214
692 208
694 202
694 196
695 190
694 184
692 178
686 173
680 176
675 182
669 188
663 188
657 183
653 177
650 171
648 165
646 159
646 153
646 147
647 141
648 135
651 129
655 123
660 117
666 112
672 109
678 106
684 104
690 103
696 103
702 103
708 104
714 106
720 109
726 112
732 117
737 123
741 129
744 135
747 141
748 147
749 153
749 159
748 165
747 171
746 177
744 183
742 189
739 195
737 201
734 207
728 211
724 205
722 199
716 198
714 204
713 210
712 216
712 222
711 228
711 234
710 240
710 246
710 252
710 258
710 264
710 270
711 276
712 282
714 288
717 294
720 300
725 306
731 311
737 314
743 317
749 319
755 320
761 320
767 319
773 318
779 316
785 314
791 310
797 304
802 298
805 292
807 286
808 280
807 274
806 268
803 262
797 257
791 255
785 257
779 260
773 262
767 263
761 261
756 255
753 249
752 243
752 237
754 231
756 225
758 219
762 213
766 207
770 201
776 195
782 189
788 184
794 181
800 178
806 177
812 176
818 177
824 179
830 184
834 190
835 196
836 202
837 208
840 214
846 220
852 224
858 226
864 227
870 227
876 227
882 226
888 224
894 222
900 218
906 214
912 208
916 202
918 196
918 190
915 184
909 179
903 176
898 170
897 164
897 158
899 152
903 146
909 141
915 137
921 135
927 134
933 135
939 135
945 137
951 140
957 144
963 149
968 155
972 161
976 167
979 173
982 179
984 185
986 191
987 197
988 203
989 209
990 215
989 221
988 227
986 233
981 239
975 240
969 238
963 234
957 233
951 236
946 242
943 248
942 254
941 260
940 266
941 272
943 278
945 284
948 290
953 296
959 302
965 306
971 309
977 312
983 313
989 314
995 315
1001 314
1007 314
1013 312
1019 310
1025 307
1031 303
1037 297
1042 291
1046 285
1049 279
1051 273
1053 267
1054 261
1055 255
1055 249
1055 243
1054 237
1053 231
1051 225
1045 219
1039 221
1033 223
1027 217
1025 211
1024 205
1024 199
1024 193
1024 187
1025 181
1026 175
1027 169
1029 163
1030 157
1033 151
1036 145
1039 139
1043 133
1049 127
1055 122
1061 118
1067 115
1073 113
1079 112
1085 111
1091 111
1097 112
1103 113
1109 115
1115 118
1121 122
1127 127
1132 133
1136 139
1139 145
1141 151
1142 157
1143 163
1142 169
1142 175
1140 181
1138 187
1134 193
1128 198
1122 198
1116 195
1110 193
1104 196
1100 202
1099 208
1098 214
1098 220
1099 226
1101 232
1102 238
1105 244
1107 250
1111 256
1114 262
1119 268
1125 274
1131 279
1137 282
1143 285
1149 287
1155 287
1161 287
1167 286
1173 285
1179 282
1185 277
1190 271
1193 265
1195 259
1196 253
1194 247
1190 241
1184 237
1178 232
1175 226
1175 220
1176 214
1179 208
1182 202
1186 196
1191 190
