0 198
6 198
12 198
18 198
24 199
30 199
36 199
42 199
48 199
54 199
60 199
66 199
72 199
78 199
84 199
90 199
96 199
102 199
108 199
114 199
120 199
126 199
132 199
138 199
144 199
150 199
156 199
162 199
168 199
174 199
180 199
186 198
192 198
198 198
204 198
210 198
216 198
222 198
228 198
234 198
240 198
246 198
252 198
258 198
264 199
270 199
276 199
282 199
288 199
294 199
300 199
306 199
312 199
318 199
324 199
330 199
336 199
342 198
348 198
354 198
360 199
366 199
372 199
378 199
384 199
390 199
396 199
402 199
408 199
414 199
420 199
426 199
432 199
438 199
444 199
450 199
456 199
462 198
468 198
474 198
480 198
486 198
492 198
498 198
504 198
510 198
516 198
522 199
528 199
534 199
540 199
546 199
552 198
558 198
564 198
570 198
576 198
582 198
588 198
594 198
600 198
606 199
612 199
618 199
624 199
630 199
636 199
642 199
648 199
654 199
660 198
666 198
672 198
678 198
684 198
690 198
696 198
702 198
708 198
714 198
720 198
726 199
732 199
738 199
744 199
750 199
756 199
762 199
768 199
774 199
780 199
786 199
792 199
798 199
804 199
810 198
816 198
822 198
828 198
834 198
840 198
846 199
852 199
858 199
864 199
870 199
876 199
882 199
888 199
894 199
900 198
906 198
912 198
918 198
924 198
930 198
936 198
942 198
948 198
954 199
960 199
966 199
972 199
978 199
984 199
990 199
996 199
1002 199
1008 199
1014 199
1020 199
1026 199
1032 199
1038 199
1044 199
1050 199
1056 198
1062 198
1068 198
1074 198
1080 198
1086 198
1092 198
1098 198
1104 198
1110 198
1116 198
1122 198
1128 198
1134 199
1140 199
1146 199
1152 199
1158 199
1164 199
1170 199
1176 199
1182 199
1188 199
