0 212
6 208
12 205
18 203
24 202
30 202
36 203
42 203
48 205
54 206
60 207
66 208
72 209
78 210
84 211
90 213
96 215
102 218
108 221
114 225
120 230
126 234
132 237
138 239
144 240
150 240
156 240
162 238
168 235
174 229
179 223
181 217
183 211
184 205
185 199
187 193
189 187
193 181
198 175
204 171
210 168
216 167
222 166
228 167
234 168
240 170
246 174
252 180
255 186
258 192
259 198
259 204
259 210
258 216
259 222
260 228
262 234
266 240
272 245
278 249
284 250
290 251
296 250
302 249
308 245
314 240
318 234
321 228
324 222
327 216
331 210
337 204
343 200
349 199
355 198
361 199
367 200
373 204
379 208
385 214
391 220
397 224
403 227
409 229
415 229
421 229
427 227
433 225
439 220
445 215
451 210
457 205
463 202
469 200
475 199
481 199
487 199
493 201
499 204
505 206
511 209
517 211
523 212
529 212
535 211
541 209
547 206
553 204
559 202
565 200
571 200
577 201
583 203
589 207
595 213
598 219
602 225
605 231
611 237
617 241
623 243
629 244
635 243
641 241
647 238
652 232
656 226
658 220
659 214
660 208
660 202
661 196
663 190
666 184
670 178
676 174
682 171
688 169
694 169
700 169
706 171
712 174
718 178
723 184
726 190
728 196
728 202
728 208
728 214
727 220
727 226
728 232
730 238
734 244
740 250
746 254
752 256
758 257
764 256
770 255
776 252
782 248
786 242
789 236
791 230
793 224
794 218
797 212
801 206
807 201
813 198
819 197
825 197
831 198
837 201
843 205
849 209
855 214
861 217
867 218
873 219
879 217
885 214
891 209
896 203
901 197
907 191
913 188
919 185
925 185
931 185
937 187
943 190
949 195
953 201
956 207
958 213
959 219
961 225
963 231
966 237
972 243
978 247
984 249
990 250
996 251
1002 250
1008 248
1014 246
1020 242
1026 236
1031 230
1035 224
1038 218
1041 212
1045 206
1048 200
1053 194
1059 188
1065 184
1071 181
1077 178
1083 177
1089 177
1095 177
1101 179
1107 181
1113 185
1119 191
1123 197
1125 203
1127 209
1129 215
1132 221
1136 227
1142 233
1148 236
1154 238
1160 239
1166 238
1172 236
1178 233
1184 228
1190 222
