0 197
5 191
11 187
17 184
23 182
29 182
35 182
41 183
47 184
53 186
59 188
65 190
71 192
77 194
83 196
89 199
95 203
101 208
107 214
111 220
116 226
121 232
127 238
133 242
139 245
145 246
151 246
157 246
163 244
169 241
175 236
180 230
184 224
186 218
188 212
189 206
188 200
187 194
185 188
183 182
181 176
181 170
181 164
183 158
186 152
190 146
196 140
202 136
208 134
214 132
220 131
226 131
232 132
238 134
244 137
250 141
256 147
260 153
263 159
265 165
266 171
266 177
264 183
262 189
259 195
255 201
252 207
251 213
251 219
251 225
253 231
255 237
258 243
263 249
269 255
275 258
281 260
287 261
293 260
299 259
305 256
311 252
315 246
318 240
320 234
320 228
320 222
320 216
320 210
322 204
324 198
327 192
332 186
338 181
344 179
350 177
356 177
362 178
368 181
374 186
379 192
382 198
385 204
387 210
391 216
396 222
402 227
408 230
414 231
420 231
426 229
432 226
438 220
442 214
445 208
447 202
449 196
453 190
458 184
464 180
470 178
476 177
482 177
488 179
494 182
500 187
506 192
512 196
518 199
524 200
530 200
536 198
542 195
548 191
554 187
560 183
566 181
572 181
578 181
584 184
590 188
595 194
598 200
600 206
601 212
601 218
602 224
603 230
606 236
610 242
616 246
622 249
628 250
634 250
640 248
646 245
652 241
657 235
661 229
664 223
665 217
666 211
666 205
665 199
663 193
660 187
658 181
657 175
657 169
658 163
660 157
664 151
669 145
675 141
681 138
687 136
693 136
699 136
705 137
711 139
717 142
723 147
728 153
731 159
734 165
735 171
736 177
735 183
734 189
732 195
728 201
724 207
722 213
720 219
720 225
720 231
721 237
723 243
726 249
730 255
736 260
742 264
748 267
754 268
760 269
766 268
772 266
778 263
784 258
789 252
791 246
792 240
792 234
790 228
789 222
788 216
788 210
788 204
790 198
793 192
798 186
804 181
810 178
816 177
822 177
828 178
834 182
840 187
845 193
849 199
855 205
861 209
867 211
873 211
879 210
885 206
891 200
895 194
897 188
898 182
900 176
904 170
909 164
915 160
921 157
927 157
933 157
939 159
945 162
951 166
956 172
959 178
962 184
963 190
963 196
962 202
961 208
959 214
958 220
957 226
958 232
959 238
962 244
967 250
973 256
979 259
985 261
991 262
997 262
1003 262
1009 260
1015 257
1021 253
1027 248
1031 242
1035 236
1037 230
1039 224
1039 218
1040 212
1040 206
1040 200
1040 194
1040 188
1042 182
1044 176
1046 170
1050 164
1055 158
1061 153
1067 149
1073 147
1079 145
1085 144
1091 144
1097 145
1103 147
1109 150
1115 154
1121 160
1124 166
1127 172
1128 178
1128 184
1127 190
1126 196
1125 202
1125 208
1125 214
1126 220
1129 226
1133 232
1139 238
1145 241
1151 243
1157 244
1163 244
1169 242
1175 239
1181 234
1186 228
1189 222
1191 216
1193 210
1196 204
