0 189
6 184
12 180
18 177
24 175
30 175
36 175
42 175
48 176
54 178
60 181
66 184
72 187
78 190
84 195
90 199
96 204
101 210
106 216
109 222
111 228
112 234
113 240
114 246
115 252
118 258
122 264
128 269
134 273
140 275
146 276
152 276
158 275
164 273
170 270
176 266
182 261
187 255
191 249
194 243
196 237
199 231
201 225
202 219
203 213
204 207
204 201
204 195
202 189
196 183
190 183
184 183
178 180
173 174
171 168
170 162
170 156
171 150
172 144
175 138
178 132
183 126
189 120
195 116
201 113
207 111
213 109
219 109
225 109
231 109
237 110
243 112
249 115
255 119
261 124
266 130
270 136
272 142
274 148
275 154
276 160
276 166
275 172
274 178
272 184
269 190
263 196
257 197
251 195
245 198
242 204
240 210
239 216
239 222
239 228
239 234
240 240
241 246
242 252
244 258
247 264
250 270
254 276
260 282
266 287
272 290
278 292
284 293
290 293
296 292
302 290
308 287
314 283
319 277
322 271
324 265
324 259
323 253
320 247
314 242
308 237
304 231
303 225
303 219
304 213
307 207
310 201
314 195
319 189
325 183
331 179
337 176
343 174
349 173
355 173
361 174
367 177
373 182
377 188
380 194
381 200
381 206
381 212
380 218
381 224
382 230
384 236
388 242
393 248
399 252
405 255
411 257
417 257
423 257
429 255
435 252
441 247
445 241
447 235
448 229
447 223
446 217
444 211
443 205
443 199
443 193
445 187
449 181
454 175
460 171
466 169
472 168
478 168
484 170
490 173
496 179
500 185
504 191
509 197
515 202
521 205
527 206
533 205
539 203
545 200
551 194
557 188
563 183
569 180
575 179
581 179
587 180
593 183
599 187
605 192
609 198
613 204
615 210
616 216
615 222
612 228
607 234
601 240
598 246
597 252
598 258
601 264
606 270
612 274
618 277
624 278
630 278
636 278
642 276
648 273
654 269
660 263
665 257
668 251
672 245
674 239
677 233
679 227
681 221
682 215
683 209
683 203
682 197
680 191
674 188
668 188
662 187
656 183
653 177
651 171
650 165
650 159
650 153
652 147
654 141
657 135
662 129
668 124
674 121
680 118
686 116
692 116
698 116
704 116
710 118
716 120
722 124
728 128
733 134
737 140
740 146
742 152
744 158
745 164
745 170
744 176
744 182
742 188
741 194
738 200
733 206
727 207
721 206
715 211
713 217
712 223
711 229
711 235
711 241
711 247
712 253
712 259
714 265
716 271
718 277
722 283
727 289
733 294
739 298
745 301
751 302
757 303
763 303
769 302
775 300
781 298
787 294
793 288
797 282
800 276
801 270
801 264
799 258
795 252
789 249
783 247
777 246
771 240
769 234
768 228
769 222
770 216
773 210
776 204
779 198
784 192
790 186
796 181
802 178
808 176
814 176
820 176
826 179
832 184
836 190
839 196
842 202
845 208
850 214
856 219
862 221
868 223
874 223
880 222
886 220
892 216
898 211
902 205
904 199
905 193
905 187
903 181
901 175
900 169
900 163
903 157
908 151
914 146
920 144
926 143
932 142
938 143
944 145
950 148
956 152
962 158
966 164
970 170
973 176
975 182
976 188
978 194
978 200
978 206
977 212
975 218
969 224
963 227
957 229
951 235
949 241
947 247
947 253
947 259
949 265
951 271
955 277
960 283
966 288
972 292
978 294
984 296
990 297
996 297
1002 297
1008 296
1014 294
1020 291
1026 287
1032 283
1037 277
1041 271
1044 265
1047 259
1048 253
1049 247
1050 241
1049 235
1048 229
1046 223
1041 217
1035 211
1032 205
1031 199
1030 193
1030 187
1031 181
1032 175
1033 169
1035 163
1038 157
1041 151
1045 145
1051 139
1057 134
1063 130
1069 127
1075 125
1081 124
1087 124
1093 124
1099 125
1105 127
1111 129
1117 133
1123 138
1128 144
1132 150
1134 156
1136 162
1137 168
1137 174
1136 180
1134 186
1130 192
1124 196
1118 200
1112 206
1110 212
1110 218
1110 224
1111 230
1112 236
1115 242
1118 248
1122 254
1127 260
1133 265
1139 269
1145 271
1151 273
1157 273
1163 273
1169 271
1175 269
1181 265
1186 259
1189 253
1191 247
1191 241
1190 235
1189 229
1187 223
1187 217
1187 211
1189 205
1192 199
