0 212
6 211
12 211
18 211
24 212
30 212
36 212
42 212
48 212
54 212
60 212
66 212
72 212
78 212
84 212
90 212
96 212
102 212
108 212
114 212
120 212
126 212
132 212
138 212
144 213
150 213
156 212
162 212
168 212
174 212
180 212
186 211
192 211
198 211
204 210
210 210
216 210
222 210
228 210
234 210
240 210
246 211
252 211
258 212
264 212
270 212
276 213
282 213
288 213
294 213
300 213
306 213
312 213
318 212
324 212
330 212
336 212
342 211
348 211
354 211
360 212
366 212
372 212
378 212
384 212
390 212
396 212
402 212
408 212
414 212
420 212
426 212
432 212
438 212
444 212
450 212
456 212
462 211
468 211
474 211
480 211
486 211
492 211
498 211
504 211
510 211
516 212
522 212
528 212
534 212
540 212
546 212
552 211
558 211
564 211
570 211
576 211
582 211
588 211
594 211
600 212
606 212
612 212
618 213
624 213
630 213
636 213
642 213
648 212
654 212
660 211
666 211
672 211
678 210
684 210
690 210
696 210
702 210
708 210
714 211
720 211
726 212
732 212
738 213
744 213
750 213
756 213
762 214
768 213
774 213
780 213
786 213
792 212
798 212
804 212
810 211
816 211
822 211
828 211
834 211
840 211
846 212
852 212
858 212
864 212
870 212
876 212
882 212
888 212
894 212
900 211
906 211
912 211
918 211
924 211
930 211
936 211
942 211
948 211
954 212
960 212
966 213
972 213
978 213
984 213
990 213
996 213
1002 213
1008 213
1014 212
1020 212
1026 212
1032 212
1038 212
1044 212
1050 212
1056 211
1062 211
1068 211
1074 211
1080 211
1086 210
1092 210
1098 210
1104 210
1110 211
1116 211
1122 211
1128 211
1134 212
1140 212
1146 212
1152 213
1158 213
1164 213
1170 212
1176 212
1182 212
1188 212
