0 286
3 281
6 276
8 271
9 266
10 261
10 256
10 251
9 246
8 241
5 236
0 231
1195 229
1190 229
1185 231
1180 234
1175 238
1170 243
1165 247
1160 250
1155 252
1150 252
1145 251
1140 248
1135 243
1132 238
1131 233
1131 228
1133 223
1135 218
1138 213
1142 208
1147 203
1151 198
1156 193
1161 189
1166 184
1171 180
1176 175
1181 171
1186 167
1191 163
1196 160
1 157
6 154
11 151
16 149
21 147
26 146
31 144
36 144
41 144
46 144
51 144
56 145
61 146
66 148
71 150
76 152
81 155
86 158
91 161
96 165
101 169
106 173
111 177
116 182
121 186
125 191
130 196
134 201
138 206
141 211
143 216
145 221
146 226
146 231
146 236
145 241
142 246
138 251
133 254
128 254
123 253
118 249
113 244
108 240
103 238
98 239
93 242
89 247
87 252
86 257
85 262
85 267
86 272
87 277
88 282
90 287
93 292
96 297
100 302
105 307
110 311
115 314
120 316
125 318
130 319
135 320
140 320
145 320
150 319
155 318
160 316
165 314
170 311
175 307
180 303
185 298
188 293
192 288
195 283
198 278
200 273
202 268
204 263
206 258
207 253
209 248
210 243
210 238
211 233
212 228
212 223
213 218
213 213
214 208
214 203
214 198
215 193
215 188
215 183
215 178
216 173
216 168
216 163
217 158
217 153
218 148
218 143
219 138
219 133
219 128
219 123
219 118
219 113
219 108
219 103
218 98
218 93
215 88
210 87
205 90
201 95
199 100
198 105
197 110
196 115
195 120
194 125
193 130
192 135
192 140
192 145
192 150
192 155
192 160
190 165
185 169
180 168
175 164
170 159
167 154
164 149
161 144
158 139
156 134
155 129
154 124
153 119
152 114
152 109
152 104
153 99
154 94
156 89
158 84
160 79
163 74
167 69
172 64
177 60
182 56
187 53
192 51
197 49
202 47
207 46
212 45
217 45
222 44
227 44
232 45
237 45
242 46
247 47
252 49
257 51
262 53
267 56
272 59
277 63
282 68
285 73
288 78
291 83
293 88
294 93
294 98
294 103
294 108
293 113
291 118
288 123
284 128
279 133
274 136
269 139
264 141
259 143
254 145
249 146
244 146
242 141
242 136
243 131
244 126
245 121
246 116
246 111
246 106
245 101
243 96
239 91
234 91
233 96
233 101
233 106
233 111
233 116
233 121
232 126
232 131
231 136
230 141
229 146
227 151
226 156
226 161
225 166
225 171
225 176
225 181
226 186
226 191
227 196
228 201
229 206
231 211
232 216
234 221
236 226
238 231
240 236
243 241
245 246
248 251
250 256
252 261
254 266
255 271
255 276
254 281
253 286
252 291
251 296
251 301
251 306
253 311
255 316
258 321
263 326
268 330
273 333
278 335
283 336
288 337
293 337
298 337
303 336
308 335
313 333
318 331
323 328
328 323
332 318
335 313
337 308
338 303
338 298
338 293
338 288
337 283
335 278
334 273
332 268
330 263
327 258
324 253
322 248
318 243
315 238
310 233
305 231
300 236
299 241
298 246
297 251
296 256
295 261
294 266
291 271
286 273
281 271
276 266
272 261
269 256
266 251
263 246
261 241
259 236
257 231
255 226
254 221
253 216
253 211
253 206
253 201
255 196
257 191
261 186
266 181
271 178
276 175
281 172
286 170
291 168
296 167
301 165
306 163
311 162
316 161
321 160
326 159
331 158
336 158
341 158
346 159
351 160
356 162
361 164
366 168
371 173
374 178
377 183
379 188
381 193
382 198
383 203
384 208
384 213
384 218
383 223
379 228
374 228
369 226
364 222
359 217
354 213
349 209
344 207
339 206
334 211
334 216
336 221
338 226
341 231
345 236
348 241
352 246
357 251
361 256
366 261
371 265
376 270
381 274
386 277
391 281
396 284
401 286
406 288
411 289
416 291
421 291
426 291
431 291
436 290
441 289
446 287
451 284
456 280
461 275
465 270
467 265
469 260
471 255
471 250
472 245
471 240
470 235
468 230
465 225
460 220
455 217
450 216
445 218
440 222
436 227
431 232
426 234
421 233
416 229
413 224
412 219
411 214
411 209
411 204
411 199
412 194
412 189
413 184
414 179
415 174
416 169
418 164
420 159
422 154
425 149
429 144
433 139
438 135
443 131
448 128
453 126
458 125
463 124
468 124
473 125
478 126
483 128
488 132
493 137
495 142
496 147
496 152
493 157
489 162
486 167
486 172
488 177
492 182
497 187
502 190
507 193
512 195
517 197
522 198
527 199
532 200
537 201
542 201
547 201
552 200
557 200
562 199
567 198
572 196
577 193
582 188
584 183
586 178
589 173
594 169
599 167
604 166
609 166
614 166
619 167
624 168
629 170
634 171
639 173
644 176
649 178
654 181
659 184
664 188
669 192
673 197
675 202
676 207
677 212
676 217
675 222
673 227
670 232
667 237
662 242
657 246
652 249
647 252
642 253
637 254
632 253
627 250
622 246
617 242
612 238
607 236
602 235
597 236
592 238
587 241
582 245
578 250
576 255
574 260
573 265
573 270
574 275
575 280
576 285
579 290
583 295
587 300
592 303
597 306
602 308
607 309
612 309
617 309
622 308
627 307
632 304
637 301
642 297
647 292
651 287
655 282
659 277
664 272
669 267
674 262
679 257
684 252
688 247
692 242
694 237
697 232
699 227
701 222
703 217
704 212
705 207
706 202
707 197
707 192
708 187
708 182
708 177
708 172
707 167
707 162
706 157
705 152
705 147
704 142
703 137
703 132
702 127
702 122
703 117
704 112
705 107
703 102
698 98
693 99
688 103
685 108
684 113
683 118
683 123
683 128
683 133
684 138
685 143
685 148
685 153
682 158
677 158
672 155
667 152
662 149
657 146
652 142
647 138
643 133
639 128
637 123
635 118
634 113
634 108
634 103
635 98
636 93
638 88
641 83
644 78
649 73
654 68
659 65
664 62
669 60
674 58
679 56
684 55
689 54
694 54
699 54
704 54
709 55
714 56
719 57
724 59
729 61
734 64
739 67
744 71
749 76
753 81
756 86
758 91
760 96
761 101
762 106
762 111
761 116
760 121
758 126
754 131
749 136
744 139
739 140
734 140
729 139
724 142
722 147
717 142
713 137
713 132
713 127
713 122
713 117
718 113
721 118
721 123
720 128
719 133
718 138
713 140
713 145
716 150
721 150
716 146
712 151
715 156
715 161
715 166
715 171
715 176
715 181
715 186
715 191
715 196
715 201
715 206
715 211
715 216
715 221
716 226
716 231
717 236
718 241
718 246
719 251
720 256
721 261
722 266
723 271
724 276
725 281
725 286
724 291
720 296
715 301
712 306
710 311
710 316
711 321
712 326
715 331
719 336
724 341
729 345
734 347
739 349
744 351
749 352
754 353
759 353
764 353
769 352
774 351
779 350
784 349
789 347
794 344
799 341
804 337
809 332
813 327
816 322
818 317
820 312
822 307
823 302
824 297
824 292
823 287
822 282
821 277
818 272
815 267
810 262
805 258
800 256
795 254
790 254
785 257
782 262
781 267
780 272
778 277
776 282
775 287
773 292
771 297
766 302
761 304
756 303
751 301
747 296
744 291
742 286
740 281
739 276
738 271
737 266
736 261
735 256
734 251
734 246
733 241
733 236
733 231
733 226
733 221
734 216
734 211
735 206
737 201
739 196
741 191
745 186
750 182
755 178
760 176
765 173
770 171
775 170
780 168
785 167
790 167
795 166
800 166
805 166
810 167
815 168
820 170
825 172
830 176
833 181
835 186
833 191
828 195
823 196
818 197
813 198
808 201
806 206
809 211
814 215
819 218
824 219
829 221
834 222
839 223
844 223
849 224
854 224
859 224
864 224
869 224
874 224
879 223
884 222
889 221
894 220
899 219
904 217
909 216
914 214
919 212
924 210
929 208
934 206
939 204
944 202
949 199
954 196
959 191
962 186
963 181
963 176
961 171
958 166
953 161
948 157
943 155
938 155
933 155
928 157
923 160
918 164
913 167
908 168
903 169
898 168
893 164
889 159
886 154
885 149
884 144
884 139
885 134
887 129
889 124
892 119
896 114
901 110
906 107
911 105
916 103
921 103
926 103
931 103
936 104
941 106
946 109
951 112
956 116
961 121
966 126
970 131
974 136
978 141
982 146
985 151
989 156
992 161
995 166
998 171
1001 176
1003 181
1005 186
1007 191
1009 196
1010 201
1011 206
1012 211
1013 216
1013 221
1013 226
1013 231
1013 236
1012 241
1012 246
1011 251
1011 256
1010 261
1009 266
1008 271
1007 276
1006 281
1002 286
997 289
992 289
987 286
983 281
982 276
981 271
980 266
980 261
979 256
979 251
979 246
979 241
977 236
972 232
967 233
962 235
957 237
952 240
947 244
942 248
938 253
934 258
931 263
929 268
928 273
927 278
927 283
927 288
927 293
928 298
930 303
932 308
934 313
937 318
941 323
945 328
950 332
955 336
960 339
965 342
970 344
975 345
980 347
985 347
990 348
995 348
1000 348
1005 347
1010 347
1015 345
1020 344
1025 342
1030 339
1035 336
1040 332
1045 327
1048 322
1051 317
1054 312
1055 307
1057 302
1057 297
1058 292
1058 287
1058 282
1057 277
1056 272
1055 267
1054 262
1053 257
1052 252
1051 247
1050 242
1050 237
1049 232
1049 227
1048 222
1048 217
1048 212
1049 207
1049 202
1044 197
1045 192
1050 195
1048 190
1047 185
1051 190
1051 185
1054 190
1054 195
1049 198
1045 203
1042 208
1041 213
1041 218
1040 223
1039 228
1038 233
1038 238
1037 243
1036 248
1035 253
1034 258
1033 263
1030 268
1025 263
1026 258
1027 253
1028 248
1029 243
1029 238
1030 233
1030 228
1031 223
1031 218
1031 213
1032 208
1032 203
1032 198
1032 193
1031 188
1031 183
1031 178
1030 173
1030 168
1029 163
1029 158
1028 153
1028 148
1027 143
1027 138
1026 133
1026 128
1026 123
1026 118
1027 113
1028 108
1029 103
1031 98
1033 93
1037 88
1041 83
1046 78
1051 74
1056 71
1061 69
1066 67
1071 65
1076 64
1081 63
1086 63
1091 63
1096 63
1101 64
1106 65
1111 66
1116 68
1121 70
1126 73
1131 76
1136 80
1141 85
1145 90
1148 95
1150 100
1152 105
1153 110
1153 115
1154 120
1153 125
1153 130
1152 135
1150 140
1148 145
1146 150
1144 155
1141 160
1138 165
1134 170
1131 175
1127 180
1122 185
1118 190
1113 195
1108 198
1103 197
1100 192
1099 187
1099 182
1099 177
1099 172
1099 167
1099 162
1099 157
1099 152
1098 147
1095 142
1090 141
1085 142
1080 145
1077 150
1074 155
1073 160
1072 165
1071 170
1071 175
1071 180
1071 185
1072 190
1072 195
1072 200
1073 205
1074 210
1075 215
1076 220
1078 225
1080 230
1082 235
1085 240
1088 245
1091 250
1095 255
1098 260
1102 265
1107 270
1111 275
1116 280
1120 285
1125 289
1130 293
1135 297
1140 300
1145 302
1150 304
1155 305
1160 306
1165 306
1170 305
1175 304
1180 302
1185 300
1190 297
1195 292
