0 212
6 211
12 211
18 211
24 211
30 211
36 211
42 212
48 212
54 212
60 212
66 212
72 212
78 212
84 212
90 212
96 212
102 213
108 213
114 213
120 214
126 214
132 215
138 215
144 215
150 216
156 215
162 215
168 214
174 213
180 212
186 211
192 209
198 208
204 206
210 205
216 205
222 205
228 205
234 205
240 206
246 208
252 209
258 211
264 213
270 215
276 216
282 217
288 218
294 218
300 218
306 217
312 216
318 215
324 214
330 213
336 212
342 211
348 211
354 210
360 211
366 211
372 211
378 212
384 213
390 213
396 214
402 214
408 214
414 214
420 214
426 214
432 213
438 213
444 212
450 212
456 211
462 211
468 210
474 210
480 210
486 210
492 210
498 210
504 211
510 211
516 212
522 212
528 212
534 212
540 212
546 211
552 211
558 210
564 210
570 210
576 210
582 210
588 211
594 212
600 213
606 214
612 215
618 216
624 216
630 217
636 216
642 215
648 214
654 213
660 211
666 209
672 208
678 206
684 205
690 205
696 205
702 206
708 207
714 208
720 210
726 212
732 214
738 216
744 217
750 218
756 219
762 219
768 219
774 218
780 217
786 216
792 214
798 213
804 212
810 211
816 210
822 210
828 210
834 210
840 211
846 211
852 212
858 213
864 213
870 213
876 213
882 213
888 212
894 211
900 210
906 209
912 208
918 208
924 208
930 208
936 209
942 210
948 211
954 212
960 214
966 215
972 216
978 217
984 217
990 217
996 217
1002 217
1008 216
1014 216
1020 215
1026 214
1032 213
1038 212
1044 212
1050 211
1056 210
1062 209
1068 209
1074 208
1080 207
1086 207
1092 207
1098 207
1104 207
1110 208
1116 209
1122 210
1128 211
1134 213
1140 214
1146 215
1152 215
1158 215
1164 215
1170 215
1176 214
1182 214
1188 213
