0 208
6 208
12 208
18 208
24 208
30 208
36 208
42 208
48 208
54 208
60 208
66 208
72 208
78 208
84 208
90 208
96 208
102 208
108 208
114 208
120 209
126 209
132 209
138 209
144 209
150 209
156 209
162 209
168 209
174 208
180 208
186 208
192 207
198 207
204 206
210 206
216 206
222 206
228 206
234 206
240 206
246 207
252 207
258 208
264 208
270 209
276 209
282 210
288 210
294 210
300 210
306 210
312 209
318 209
324 209
330 208
336 208
342 208
348 208
354 208
360 208
366 208
372 208
378 208
384 208
390 209
396 209
402 209
408 209
414 209
420 209
426 209
432 208
438 208
444 208
450 208
456 208
462 208
468 208
474 207
480 207
486 207
492 207
498 207
504 208
510 208
516 208
522 208
528 208
534 208
540 208
546 208
552 208
558 208
564 207
570 207
576 207
582 207
588 208
594 208
600 208
606 208
612 209
618 209
624 209
630 209
636 209
642 209
648 209
654 208
660 208
666 207
672 207
678 206
684 206
690 206
696 206
702 206
708 207
714 207
720 208
726 208
732 209
738 209
744 210
750 210
756 210
762 210
768 210
774 210
780 210
786 209
792 209
798 208
804 208
810 208
816 208
822 207
828 207
834 208
840 208
846 208
852 208
858 208
864 208
870 209
876 209
882 208
888 208
894 208
900 208
906 207
912 207
918 207
924 207
930 207
936 207
942 207
948 208
954 208
960 209
966 209
972 209
978 210
984 210
990 210
996 210
1002 209
1008 209
1014 209
1020 209
1026 209
1032 208
1038 208
1044 208
1050 208
1056 208
1062 208
1068 207
1074 207
1080 207
1086 207
1092 206
1098 206
1104 207
1110 207
1116 207
1122 207
1128 208
1134 208
1140 209
1146 209
1152 209
1158 209
1164 209
1170 209
1176 209
1182 209
1188 208
