0 192
6 186
12 182
18 179
24 178
30 177
36 177
42 178
48 180
54 181
60 183
66 186
72 188
78 190
84 193
90 197
96 201
102 207
107 213
111 219
115 225
118 231
123 237
129 242
135 246
141 248
147 249
153 249
159 248
165 246
171 242
177 237
182 231
186 225
188 219
190 213
191 207
191 201
190 195
189 189
185 183
182 177
180 171
179 165
179 159
181 153
184 147
188 141
194 135
200 131
206 129
212 127
218 126
224 126
230 126
236 128
242 130
248 133
254 138
260 144
263 150
266 156
267 162
268 168
267 174
266 180
263 186
258 192
253 198
250 204
249 210
248 216
248 222
249 228
251 234
253 240
257 246
261 252
267 257
273 260
279 263
285 264
291 264
297 263
303 261
309 257
315 251
318 245
320 239
320 233
320 227
319 221
318 215
318 209
319 203
321 197
324 191
328 185
334 179
340 176
346 174
352 173
358 173
364 175
370 178
376 184
380 190
382 196
384 202
386 208
389 214
393 220
398 226
404 229
410 232
416 232
422 232
428 230
434 226
439 220
443 214
445 208
446 202
448 196
450 190
453 184
459 178
465 174
471 173
477 172
483 173
489 175
495 179
501 184
507 189
513 194
519 196
525 197
531 197
537 195
543 192
549 187
555 183
561 179
567 177
573 177
579 178
585 180
591 184
596 190
600 196
602 202
602 208
602 214
602 220
602 226
603 232
605 238
609 244
615 248
621 251
627 252
633 252
639 251
645 249
651 245
657 239
661 233
664 227
667 221
668 215
669 209
669 203
668 197
666 191
662 185
658 179
656 173
656 167
656 161
658 155
660 149
665 143
671 138
677 134
683 132
689 131
695 130
701 131
707 132
713 134
719 138
725 143
730 149
734 155
736 161
737 167
738 173
737 179
736 185
734 191
729 197
724 203
721 209
719 215
718 221
718 227
718 233
719 239
721 245
724 251
728 257
734 263
740 267
746 270
752 272
758 273
764 272
770 271
776 269
782 265
787 259
791 253
793 247
793 241
792 235
790 229
788 223
786 217
785 211
785 205
786 199
789 193
792 187
798 181
804 176
810 174
816 173
822 173
828 175
834 178
840 184
844 190
848 196
853 202
859 206
865 209
871 210
877 209
883 207
889 202
894 196
896 190
898 184
899 178
900 172
903 166
907 160
913 156
919 153
925 152
931 152
937 153
943 155
949 158
955 164
960 170
963 176
964 182
965 188
965 194
964 200
962 206
960 212
957 218
956 224
956 230
956 236
958 242
961 248
966 254
972 259
978 262
984 265
990 266
996 266
1002 266
1008 264
1014 262
1020 258
1026 253
1032 247
1035 241
1038 235
1040 229
1041 223
1041 217
1041 211
1040 205
1039 199
1039 193
1039 187
1039 181
1041 175
1043 169
1046 163
1050 157
1056 151
1062 146
1068 143
1074 141
1080 139
1086 138
1092 139
1098 139
1104 141
1110 144
1116 148
1122 154
1125 160
1128 166
1129 172
1129 178
1128 184
1126 190
1124 196
1123 202
1122 208
1123 214
1124 220
1126 226
1130 232
1136 238
1142 243
1148 245
1154 246
1160 247
1166 246
1172 243
1178 240
1183 234
1187 228
1189 222
1191 216
1192 210
1194 204
