0 212
6 208
12 206
18 205
24 204
30 204
36 204
42 205
48 206
54 207
60 208
66 209
72 209
78 210
84 211
90 212
96 214
102 216
108 219
114 222
120 225
126 228
132 231
138 233
144 234
150 234
156 233
162 231
168 228
174 223
179 217
182 211
185 205
187 199
190 193
194 187
200 181
206 177
212 175
218 173
224 173
230 174
236 176
242 179
248 184
252 190
255 196
257 202
258 208
260 214
261 220
264 226
267 232
273 238
279 241
285 243
291 244
297 243
303 241
309 238
315 232
320 226
324 220
329 214
335 208
341 204
347 201
353 200
359 201
365 202
371 204
377 208
383 212
389 216
395 220
401 222
407 224
413 225
419 225
425 224
431 222
437 219
443 215
449 211
455 207
461 204
467 202
473 201
479 201
485 201
491 202
497 204
503 206
509 208
515 210
521 211
527 212
533 211
539 210
545 208
551 206
557 203
563 202
569 201
575 202
581 203
587 207
593 211
598 217
603 223
609 229
615 234
621 236
627 237
633 237
639 235
645 232
651 226
655 220
658 214
660 208
661 202
663 196
667 190
671 184
677 179
683 177
689 175
695 175
701 176
707 178
713 181
719 187
722 193
725 199
726 205
727 211
728 217
729 223
731 229
735 235
740 241
746 245
752 247
758 248
764 248
770 247
776 244
782 239
787 233
791 227
794 221
797 215
801 209
807 204
813 200
819 199
825 199
831 200
837 202
843 205
849 209
855 212
861 215
867 217
873 217
879 216
885 213
891 209
897 203
903 198
909 194
915 191
921 189
927 189
933 190
939 192
945 197
951 203
955 209
958 215
961 221
964 227
969 233
975 237
981 240
987 242
993 243
999 242
1005 241
1011 239
1017 236
1023 231
1029 226
1034 220
1040 214
1045 208
1050 202
1056 197
1062 192
1068 188
1074 185
1080 184
1086 183
1092 183
1098 183
1104 185
1110 189
1116 193
1121 199
1125 205
1128 211
1132 217
1137 223
1143 228
1149 231
1155 232
1161 233
1167 232
1173 230
1179 227
1185 223
1191 218
