0 203
6 201
12 199
18 198
24 198
30 198
36 199
42 199
48 200
54 200
60 201
66 201
72 202
78 202
84 202
90 203
96 204
102 205
108 207
114 209
120 211
126 213
132 215
138 216
144 217
150 217
156 216
162 215
168 212
174 208
180 203
186 197
192 191
198 186
204 182
210 179
216 177
222 177
228 177
234 178
240 181
246 185
252 191
256 197
260 203
264 209
269 215
275 219
281 222
287 223
293 224
299 223
305 221
311 218
317 214
323 209
329 205
335 201
341 198
347 197
353 196
359 196
365 197
371 198
377 201
383 203
389 206
395 208
401 209
407 211
413 211
419 211
425 210
431 209
437 207
443 205
449 202
455 200
461 198
467 197
473 196
479 195
485 196
491 196
497 198
503 199
509 200
515 202
521 202
527 203
533 202
539 202
545 200
551 199
557 197
563 196
569 196
575 196
581 197
587 199
593 202
599 206
605 211
611 214
617 217
623 219
629 219
635 219
641 217
647 213
653 208
658 202
662 196
667 190
673 184
679 181
685 179
691 178
697 178
703 179
709 182
715 186
720 192
724 198
728 204
731 210
736 216
742 222
748 225
754 227
760 227
766 227
772 225
778 223
784 218
790 213
796 207
802 202
808 198
814 196
820 194
826 194
832 195
838 196
844 199
850 201
856 203
862 205
868 206
874 206
880 205
886 203
892 200
898 197
904 193
910 191
916 189
922 188
928 188
934 189
940 191
946 195
952 200
958 206
964 211
970 216
976 219
982 221
988 222
994 223
1000 222
1006 221
1012 219
1018 216
1024 213
1030 210
1036 206
1042 203
1048 199
1054 195
1060 192
1066 189
1072 187
1078 185
1084 184
1090 184
1096 184
1102 185
1108 187
1114 190
1120 195
1126 200
1132 205
1138 209
1144 212
1150 215
1156 216
1162 216
1168 215
1174 214
1180 212
1186 209
1192 206
