0 200
8 200
16 199
24 199
32 198
40 198
48 198
56 198
64 199
72 199
80 200
88 200
96 201
104 201
112 201
120 200
128 200
136 199
144 199
152 198
160 198
168 198
176 198
184 198
192 198
200 198
208 199
216 199
224 200
232 201
240 201
248 201
256 201
264 200
272 199
280 198
288 199
296 199
304 199
312 200
320 200
328 200
336 200
344 199
352 198
360 197
368 197
376 197
384 197
392 198
400 199
408 199
416 200
424 199
432 199
440 198
448 198
456 198
464 198
472 199
480 199
488 199
496 199
504 200
512 200
520 200
528 200
536 200
544 200
552 199
560 199
568 198
576 199
584 199
592 199
600 200
608 200
616 200
624 200
632 200
640 199
648 199
656 199
664 199
672 199
680 200
688 200
696 201
704 200
712 200
720 200
728 199
736 199
744 199
752 199
760 199
768 200
776 199
784 200
792 200
800 199
808 199
816 199
824 198
832 198
840 197
848 198
856 198
864 199
872 199
880 199
888 199
896 199
904 199
912 199
920 199
928 200
936 200
944 201
952 201
960 201
968 200
976 200
984 200
992 199
1000 198
1008 198
1016 198
1024 198
1032 198
1040 198
1048 198
1056 198
1064 197
1072 197
1080 197
1088 198
1096 198
1104 199
1112 200
1120 201
1128 201
1136 201
1144 201
1152 200
1160 200
1168 199
1176 199
1184 199
