0 209
8 209
16 209
24 209
32 208
40 209
48 209
56 208
64 209
72 209
80 209
88 209
96 209
104 209
112 209
120 209
128 209
136 209
144 209
152 209
160 208
168 208
176 209
184 209
192 208
200 208
208 209
216 209
224 209
232 209
240 209
248 209
256 209
264 209
272 209
280 209
288 208
296 209
304 209
312 209
320 209
328 209
336 209
344 209
352 208
360 208
368 208
376 208
384 208
392 209
400 209
408 209
416 209
424 209
432 208
440 208
448 209
456 209
464 208
472 209
480 209
488 209
496 209
504 209
512 209
520 209
528 209
536 209
544 209
552 209
560 209
568 209
576 209
584 209
592 209
600 209
608 209
616 209
624 209
632 209
640 209
648 209
656 209
664 209
672 209
680 209
688 209
696 209
704 209
712 209
720 209
728 209
736 209
744 209
752 209
760 209
768 209
776 209
784 209
792 209
800 209
808 209
816 209
824 209
832 209
840 208
848 208
856 209
864 208
872 209
880 209
888 209
896 209
904 209
912 209
920 209
928 209
936 209
944 209
952 209
960 209
968 209
976 209
984 209
992 209
1000 208
1008 208
1016 209
1024 208
1032 208
1040 208
1048 208
1056 209
1064 208
1072 208
1080 208
1088 208
1096 208
1104 209
1112 209
1120 209
1128 209
1136 209
1144 209
1152 209
1160 209
1168 209
1176 209
1184 209
