0 206
8 206
16 206
24 206
32 206
40 206
48 206
56 206
64 206
72 206
80 206
88 206
96 206
104 206
112 210
120 206
128 206
136 206
144 206
152 206
160 206
168 206
176 206
184 206
192 206
200 206
208 206
216 206
224 206
232 210
240 206
232 202
240 196
245 204
253 206
261 206
269 206
277 206
285 206
293 206
301 206
309 206
317 206
325 206
333 206
341 205
349 206
357 206
365 206
373 206
381 205
389 205
397 206
405 206
413 206
421 206
429 205
437 206
445 205
453 205
461 206
469 206
477 206
485 206
493 206
501 206
509 206
517 206
525 206
533 206
541 206
549 206
557 206
565 206
573 206
581 206
589 206
597 206
605 206
613 206
621 206
629 206
637 206
645 206
653 206
661 206
669 206
677 206
685 206
693 206
701 206
709 206
717 206
725 206
733 206
741 206
749 206
757 206
765 206
773 206
781 206
789 206
797 206
805 206
813 206
821 206
829 206
837 206
845 206
853 205
861 205
869 206
877 206
885 206
893 206
901 206
909 206
917 206
925 206
933 206
941 206
949 206
957 206
965 206
973 206
981 206
989 206
997 205
1005 206
1013 205
1021 205
1029 205
1037 206
1045 205
1053 205
1061 205
1069 205
1077 205
1085 206
1093 205
1101 206
1109 206
1117 206
1125 206
1133 206
1141 206
1149 206
1157 206
1165 206
1173 206
1181 206
1189 206
