0 198
8 198
16 198
24 198
32 198
40 198
48 198
56 198
64 198
72 198
80 198
88 198
96 198
104 198
112 198
120 198
128 198
136 198
144 198
152 198
160 198
168 198
176 198
184 198
192 198
200 198
208 198
216 198
224 198
232 198
240 198
248 198
256 198
264 198
272 198
280 198
288 198
296 198
304 198
312 198
320 198
328 198
336 198
344 198
352 198
360 198
368 197
376 197
384 197
392 198
400 198
408 198
416 198
424 198
432 198
440 197
448 197
456 198
464 198
472 198
480 198
488 198
496 198
504 198
512 198
520 198
528 198
536 198
544 198
552 198
560 198
568 198
576 198
584 198
592 198
600 198
608 198
616 198
624 198
632 198
640 198
648 198
656 198
664 198
672 198
680 198
688 198
696 198
704 198
712 198
720 198
728 198
736 198
744 198
752 198
760 198
768 198
776 198
784 198
792 198
800 198
808 198
816 198
824 198
832 198
840 197
848 197
856 198
864 198
872 198
880 198
888 198
896 198
904 198
912 198
920 198
928 198
936 198
944 198
952 198
960 198
968 198
976 198
984 198
992 198
1000 198
1008 198
1016 197
1024 197
1032 198
1040 197
1048 197
1056 197
1064 198
1072 197
1080 197
1088 198
1096 197
1104 198
1112 198
1120 198
1128 198
1136 198
1144 198
1152 198
1160 198
1168 198
1176 198
1184 198
