0 203
8 203
16 199
24 193
32 186
40 183
48 182
56 185
64 191
69 199
73 207
78 215
86 222
92 230
100 231
108 226
116 223
108 231
116 229
124 225
125 217
132 209
139 201
147 193
155 189
163 186
171 184
179 183
187 184
195 186
203 191
210 199
214 207
217 215
223 223
231 229
239 231
247 230
255 225
252 233
244 235
236 236
244 240
239 248
237 256
245 251
248 259
251 251
255 259
263 257
255 265
260 273
268 270
261 278
253 270
249 278
241 286
249 284
242 292
234 287
234 279
227 287
221 295
213 288
208 280
204 272
196 280
188 288
181 280
173 288
165 280
157 272
151 280
157 288
149 296
156 304
148 312
140 320
146 328
154 324
159 332
151 330
155 338
149 346
157 344
149 340
141 348
134 340
129 332
121 327
129 326
121 318
115 326
108 318
105 326
97 330
89 338
91 330
83 327
75 319
67 327
61 319
53 325
54 333
50 341
43 349
35 344
38 336
33 328
27 320
21 328
13 322
11 330
3 322
1195 323
1187 326
1186 318
1180 326
1173 318
1167 326
1170 334
1174 326
1167 318
1161 310
1154 318
1150 326
1158 328
1160 320
1153 312
1145 310
1142 318
1134 326
1126 324
1118 325
1110 325
1102 322
1108 330
1111 338
1106 346
1114 343
1116 335
1120 343
1128 345
1120 348
1112 356
1104 364
1096 369
1088 371
1082 379
1078 387
1071 379
1066 387
1058 386
1063 378
1060 370
1052 367
1044 359
1045 367
1037 359
1031 367
1023 359
1015 351
1012 343
1010 335
1005 327
1006 319
1010 327
1018 321
1016 329
1008 321
1000 313
994 321
986 327
979 319
971 311
979 307
973 299
979 291
978 299
984 291
983 299
985 307
985 315
993 309
988 301
996 300
992 292
985 284
983 276
986 268
980 260
972 252
964 247
962 239
957 231
965 230
973 232
977 224
984 216
989 208
994 200
1000 192
1008 187
1016 184
1024 183
1032 183
1040 183
1048 182
1056 180
1064 178
1072 176
1080 177
1088 180
1096 188
1100 196
1101 204
1103 212
1107 220
1115 228
1123 236
1131 232
1139 231
1147 227
1155 219
1162 211
1170 205
1178 202
1186 202
