0 218
8 218
16 218
24 218
32 218
40 217
48 217
56 217
64 218
72 218
80 218
88 218
96 218
104 218
112 218
120 218
128 218
136 218
144 218
152 218
160 218
168 218
176 218
184 218
192 218
200 217
208 218
216 218
224 218
232 218
240 218
248 218
256 218
264 218
272 218
280 218
288 218
296 218
304 218
312 218
320 218
328 218
336 218
344 218
352 217
360 217
368 217
376 217
384 217
392 217
400 218
408 218
416 218
424 218
432 218
440 217
448 217
456 217
464 218
472 218
480 218
488 218
496 218
504 218
512 218
520 218
528 218
536 218
544 218
552 218
560 218
568 218
576 218
584 218
592 218
600 218
608 218
616 218
624 218
632 218
640 218
648 218
656 218
664 218
672 218
680 218
688 218
696 218
704 218
712 218
720 218
728 218
736 218
744 218
752 218
760 218
768 218
776 218
784 218
792 218
800 218
808 218
816 218
824 218
832 217
840 217
848 217
856 217
864 218
872 218
880 218
888 218
896 218
904 218
912 218
920 218
928 218
936 218
944 218
952 218
960 218
968 218
976 218
984 218
992 218
1000 217
1008 217
1016 217
1024 217
1032 217
1040 217
1048 217
1056 217
1064 217
1072 217
1080 217
1088 217
1096 217
1104 218
1112 218
1120 218
1128 218
1136 218
1144 218
1152 218
1160 218
1168 218
1176 218
1184 218
