0 218
8 216
16 211
16 219
24 212
21 204
25 196
28 188
36 180
44 177
52 178
60 181
67 189
71 197
72 205
73 213
72 221
71 229
71 237
69 245
74 253
82 256
90 264
98 263
106 263
114 264
122 256
129 248
128 256
120 261
112 257
104 256
108 248
101 240
95 248
89 256
81 249
76 241
76 233
78 225
79 217
78 209
81 201
77 193
74 185
66 177
58 170
50 170
58 175
65 183
73 179
74 171
81 179
81 171
86 163
94 162
102 165
97 173
98 181
90 189
86 181
87 173
80 165
85 157
85 149
77 157
70 149
62 145
55 137
51 145
45 137
37 145
29 137
27 145
19 137
13 129
5 127
1197 129
1189 129
1181 137
1173 131
1165 139
1160 131
1154 139
1147 131
1139 139
1147 139
1139 147
1133 155
1130 163
1127 155
1122 147
1114 149
1108 157
1100 165
1093 173
1101 181
1105 189
1106 197
1106 205
1104 213
1099 221
1095 229
1093 237
1094 245
1097 253
1103 261
1108 269
1116 270
1124 272
1132 271
1140 269
1148 264
1156 261
1155 253
1156 245
1158 237
1162 229
1170 222
1178 219
1186 218
