0 216
8 216
16 215
24 213
32 210
40 209
48 209
56 210
64 212
72 216
80 219
88 221
96 222
104 222
112 221
120 220
128 218
124 226
132 224
134 216
142 214
150 212
158 211
166 210
174 210
182 210
190 210
198 211
206 213
214 216
222 220
226 228
234 224
242 224
250 223
258 221
266 217
274 214
282 212
290 212
298 214
306 216
314 218
322 219
330 219
338 217
346 213
354 208
362 205
370 204
378 205
386 209
394 213
402 217
410 218
418 218
426 216
434 214
442 211
450 210
458 210
466 211
474 213
482 214
490 216
498 217
506 218
511 226
519 220
511 219
516 227
524 220
532 220
540 219
548 217
556 214
564 212
572 211
580 211
588 213
596 215
604 217
612 218
620 218
628 218
636 216
644 214
652 213
660 214
668 215
676 217
684 219
692 220
700 220
708 219
716 217
724 217
732 216
740 215
748 215
756 216
764 216
772 217
780 217
788 218
796 217
804 216
798 224
806 223
810 215
818 213
826 210
834 208
842 208
850 208
858 210
866 212
874 215
882 215
890 216
898 215
906 214
914 215
922 216
930 219
938 221
946 223
954 224
962 224
970 222
978 220
986 217
994 214
1002 212
1010 210
1018 209
1026 208
1034 209
1042 209
1050 209
1058 208
1066 207
1074 206
1082 207
1090 209
1098 213
1106 217
1114 221
1118 229
1126 224
1134 225
1142 224
1150 221
1158 219
1166 216
1174 215
1182 215
1190 215
