0 202
6 202
12 202
18 202
24 201
30 201
36 201
42 200
48 200
54 200
60 200
66 200
72 200
78 200
84 200
90 201
96 201
102 201
108 201
114 201
120 202
126 202
132 202
138 202
144 202
150 203
156 203
162 203
168 203
174 202
180 202
186 202
192 202
198 202
204 202
210 202
216 202
222 202
228 202
234 202
240 202
246 202
252 202
258 201
264 201
270 201
276 200
282 200
288 200
294 200
300 201
306 201
312 202
318 202
324 203
330 203
336 204
342 204
348 204
354 204
360 203
366 203
372 202
378 202
384 202
390 201
396 201
402 201
408 201
414 201
420 202
426 202
432 202
438 202
444 202
450 202
456 202
462 202
468 202
474 202
480 202
486 201
492 201
498 201
504 200
510 200
516 199
522 199
528 199
534 199
540 199
546 199
552 200
558 201
564 202
570 203
576 203
582 204
588 205
594 205
600 205
606 205
612 205
618 204
624 204
630 203
636 202
642 201
648 201
654 200
660 200
666 200
672 200
678 201
684 201
690 201
696 202
702 202
708 203
714 203
720 203
726 202
732 202
738 202
744 201
750 201
756 200
762 200
768 200
774 200
780 200
786 200
792 201
798 201
804 202
810 202
816 203
822 203
828 204
834 204
840 204
846 204
852 204
858 203
864 203
870 202
876 202
882 201
888 201
894 200
900 200
906 199
912 199
918 199
924 199
930 199
936 199
942 199
948 200
954 200
960 201
966 201
972 202
978 202
984 202
990 203
996 203
1002 203
1008 203
1014 203
1020 203
1026 203
1032 203
1038 203
1044 203
1050 203
1056 203
1062 202
1068 202
1074 202
1080 202
1086 201
1092 201
1098 201
1104 201
1110 202
1116 202
1122 202
1128 202
1134 202
1140 202
1146 203
1152 203
1158 203
1164 203
1170 203
1176 203
1182 203
1188 203
