0 181
1 184
2 187
3 190
4 193
5 196
6 199
7 202
8 205
9 208
10 211
11 214
13 217
16 220
19 219
21 216
22 213
23 210
23 207
24 204
24 201
25 198
25 195
25 192
25 189
26 186
26 183
26 180
26 177
27 174
27 171
28 168
28 165
29 162
29 159
30 156
30 153
31 150
31 147
32 144
33 141
33 138
35 135
36 132
39 129
42 127
45 128
48 131
49 134
50 137
50 140
50 143
50 146
50 149
50 152
50 155
50 158
50 161
50 164
50 167
50 170
50 173
50 176
49 179
49 182
49 185
49 188
49 191
49 194
49 197
49 200
49 203
49 206
49 209
49 212
49 215
49 218
49 221
48 224
48 227
48 230
48 233
47 236
47 239
46 242
46 245
45 248
45 251
44 254
44 257
43 260
42 263
42 266
41 269
40 272
39 275
38 278
37 281
36 284
35 287
34 290
33 293
32 296
30 299
28 302
26 305
24 308
22 311
19 314
16 317
13 319
10 321
7 323
4 325
1 326
1198 327
1195 328
1192 329
1189 329
1186 330
1183 330
1180 330
1177 330
1174 329
1171 329
1168 328
1165 328
1162 327
1159 325
1156 324
1153 323
1150 321
1147 319
1144 317
1141 314
1138 311
1135 308
1132 305
1130 302
1128 299
1126 296
1124 293
1122 290
1121 287
1119 284
1118 281
1116 278
1115 275
1114 272
1113 269
1112 266
1110 263
1109 260
1108 257
1107 254
1106 251
1106 248
1105 245
1104 242
1103 239
1103 236
1102 233
1101 230
1101 227
1101 224
1101 221
1101 218
1102 215
1103 212
1105 209
1108 207
1111 207
1114 207
1117 208
1120 209
1123 212
1126 215
1128 218
1130 221
1132 224
1134 227
1136 230
1138 233
1140 236
1142 239
1144 242
1145 245
1147 248
1149 251
1151 254
1154 256
1157 258
1160 259
1163 260
1166 259
1169 258
1172 256
1175 253
1177 250
1178 247
1178 244
1178 241
1178 238
1178 235
1177 232
1177 229
1176 226
1175 223
1174 220
1173 217
1172 214
1170 211
1169 208
1168 205
1166 202
1164 199
1163 196
1161 193
1159 190
1157 187
1155 184
1153 181
1151 178
1149 175
1146 172
1144 169
1141 166
1138 163
1135 160
1132 158
1129 155
1126 153
1123 151
1120 150
1117 148
1114 147
1111 146
1108 145
1105 144
1102 143
1099 143
1096 143
1093 143
1090 143
1087 143
1084 144
1081 144
1078 145
1075 146
1072 147
1069 148
1066 149
1063 150
1060 152
1057 153
1054 155
1051 156
1048 158
1045 160
1042 162
1039 164
1036 166
1033 168
1030 171
1027 173
1024 175
1021 178
1018 180
1015 183
1012 186
1009 189
1006 192
1003 195
1000 198
998 201
995 204
993 207
990 210
988 213
986 216
984 219
982 222
981 225
979 228
978 231
976 234
975 237
974 240
973 243
973 246
972 249
972 252
973 255
973 258
974 261
975 264
977 267
979 270
981 273
984 275
987 278
990 279
993 281
996 282
999 282
1002 283
1005 282
1008 282
1011 280
1014 278
1016 275
1018 272
1018 269
1019 266
1020 263
1020 260
1021 257
1022 254
1024 251
1025 248
1026 245
1028 242
1029 239
1030 236
1031 233
1032 230
1034 227
1037 224
1040 222
1043 220
1046 220
1049 220
1052 220
1055 222
1058 225
1060 228
1062 231
1063 234
1064 237
1065 240
1066 243
1067 246
1067 249
1068 252
1068 255
1068 258
1069 261
1069 264
1069 267
1070 270
1070 273
1070 276
1070 279
1070 282
1070 285
1069 288
1069 291
1069 294
1068 297
1068 300
1067 303
1066 306
1066 309
1065 312
1063 315
1062 318
1060 321
1058 324
1056 327
1054 330
1051 333
1048 335
1045 338
1042 339
1039 341
1036 342
1033 343
1030 344
1027 345
1024 346
1021 346
1018 346
1015 346
1012 346
1009 346
1006 345
1003 345
1000 344
997 343
994 342
991 341
988 339
985 337
982 335
979 332
976 330
974 327
971 324
969 321
967 318
965 315
964 312
962 309
960 306
959 303
957 300
955 297
953 294
951 291
949 288
947 285
945 282
942 279
940 276
938 273
937 270
935 267
933 264
932 261
930 258
929 255
928 252
927 249
927 246
926 243
926 240
925 237
925 234
925 231
925 228
925 225
926 222
926 219
926 216
927 213
927 210
928 207
929 204
929 201
930 198
930 195
931 192
931 189
932 186
932 183
932 180
933 177
933 174
933 171
934 168
934 165
934 162
934 159
934 156
934 153
934 150
934 147
934 144
934 141
934 138
934 135
934 132
934 129
934 126
934 123
935 120
935 117
935 114
935 111
935 108
936 105
936 102
936 99
937 96
938 93
939 90
942 88
945 87
948 89
951 91
953 94
954 97
954 100
955 103
955 106
955 109
955 112
955 115
955 118
955 121
955 124
955 127
955 130
955 133
955 136
955 139
955 142
955 145
955 148
955 151
954 154
954 157
954 160
953 163
953 166
952 169
952 172
951 175
951 178
950 181
950 184
949 187
949 190
948 193
948 196
948 199
948 202
948 205
948 208
951 210
954 208
956 205
958 202
959 199
961 196
963 193
965 190
967 187
969 184
971 181
973 178
975 175
977 172
979 169
981 166
983 163
986 160
988 157
990 154
992 151
994 148
996 145
998 142
999 139
1001 136
1002 133
1004 130
1005 127
1006 124
1007 121
1008 118
1009 115
1010 112
1010 109
1010 106
1011 103
1011 100
1010 97
1010 94
1010 91
1009 88
1009 85
1008 82
1007 79
1005 76
1004 73
1002 70
1000 67
998 64
995 61
993 58
990 56
987 53
984 51
981 49
978 47
975 46
972 44
969 43
966 42
963 41
960 40
957 39
954 38
951 37
948 37
945 36
942 36
939 36
936 35
933 35
930 35
927 35
924 35
921 35
918 36
915 36
912 36
909 37
906 37
903 38
900 39
897 40
894 41
891 42
888 43
885 44
882 46
879 48
876 50
873 52
870 54
867 57
864 60
862 63
860 66
858 69
857 72
855 75
854 78
853 81
853 84
852 87
852 90
852 93
852 96
852 99
853 102
854 105
855 108
856 111
857 114
859 117
861 120
863 123
866 126
869 129
872 132
875 134
878 136
881 138
884 140
887 142
890 144
893 145
896 147
899 148
902 151
905 154
907 157
908 160
909 163
910 166
910 169
910 172
910 175
910 178
910 181
910 184
913 186
912 189
909 189
908 192
911 193
908 194
907 197
906 200
905 203
904 206
903 209
902 212
905 215
906 218
905 221
904 224
902 227
901 230
900 233
898 236
897 239
896 242
895 245
894 248
893 251
892 254
891 257
890 260
889 263
889 266
888 269
887 272
887 275
887 278
887 281
887 284
888 287
888 290
889 293
889 296
889 299
889 302
889 305
889 308
889 311
889 314
889 317
889 320
888 323
887 326
886 329
885 332
883 335
881 338
879 341
876 344
873 347
870 349
867 351
864 353
861 354
858 355
855 357
852 357
849 358
846 359
843 359
840 359
837 359
834 359
831 359
828 359
825 359
822 358
819 357
816 357
813 356
810 354
807 353
804 351
801 350
798 348
795 345
792 342
789 339
787 336
785 333
783 330
782 327
781 324
780 321
779 318
779 315
778 312
778 309
778 306
779 303
779 300
780 297
781 294
782 291
783 288
785 285
786 282
788 279
791 276
793 273
796 270
798 267
801 264
804 261
807 258
810 256
813 253
816 250
819 248
822 245
825 243
828 240
831 237
834 234
837 232
840 230
843 229
845 232
845 235
845 238
845 241
844 244
843 247
842 250
842 253
841 256
840 259
840 262
839 265
838 268
838 271
838 274
837 277
837 280
836 283
836 286
835 289
835 292
835 295
835 298
836 301
837 304
839 307
842 308
845 309
848 308
851 306
854 304
856 301
858 298
859 295
860 292
861 289
862 286
862 283
863 280
863 277
864 274
864 271
864 268
865 265
866 262
866 259
868 256
869 253
870 250
871 247
873 244
874 241
875 238
876 235
878 232
879 229
880 226
881 223
882 220
882 217
883 214
884 211
884 208
885 205
885 202
885 199
884 196
884 193
883 190
882 187
881 184
879 181
876 178
874 175
871 173
868 170
865 168
862 167
859 165
856 163
853 162
850 161
847 160
844 159
841 158
838 156
835 156
832 155
829 154
826 153
823 151
820 150
817 149
814 148
811 146
808 145
805 143
802 141
799 139
796 136
793 134
790 132
787 131
784 129
781 128
778 127
775 126
772 125
769 125
766 125
763 125
760 126
757 126
754 128
751 129
748 131
745 134
743 137
741 140
739 143
737 146
736 149
735 152
735 155
734 158
734 161
733 164
733 167
733 170
733 173
733 176
733 179
734 182
734 185
734 188
735 191
735 194
736 197
736 200
737 203
738 206
738 209
740 212
741 215
743 218
746 220
749 220
752 220
755 218
758 216
761 213
763 210
765 207
767 204
769 201
771 198
773 195
776 192
779 189
782 186
785 183
788 180
791 178
794 176
797 174
800 173
803 173
806 172
809 172
812 173
815 173
818 174
821 175
824 176
827 178
830 181
831 184
832 187
832 190
831 193
829 196
827 199
825 202
822 205
819 208
816 210
813 213
810 215
807 218
804 220
801 222
798 225
795 227
792 229
789 231
786 234
783 236
780 238
777 240
774 242
771 244
768 246
765 247
762 249
759 251
756 252
753 253
750 255
747 256
744 257
741 258
738 259
735 260
732 260
729 261
726 261
723 262
720 262
717 262
714 262
711 262
708 262
705 262
702 261
699 261
696 260
693 260
690 259
687 258
684 258
681 257
678 256
675 255
672 254
669 253
666 252
663 251
660 250
657 249
654 248
651 247
648 246
645 244
642 243
639 242
636 241
633 240
630 238
627 236
624 235
621 232
618 229
615 226
614 223
613 220
613 217
612 214
613 211
613 208
614 205
616 202
618 199
621 196
624 193
627 192
630 190
633 190
636 190
639 190
642 191
645 192
648 194
651 196
654 199
657 202
660 204
663 206
666 209
669 211
672 213
675 216
678 218
681 221
684 224
687 226
690 228
693 230
696 231
699 232
702 232
705 231
708 230
711 227
712 224
713 221
713 218
713 215
712 212
712 209
711 206
710 203
709 200
708 197
707 194
706 191
705 188
704 185
702 182
701 179
700 176
698 173
696 170
694 167
692 164
690 161
687 158
684 156
681 153
678 152
675 150
672 149
669 148
666 148
663 147
660 147
657 147
654 147
651 148
648 149
645 149
642 150
639 151
636 152
633 153
630 154
627 155
624 157
621 158
618 159
615 160
612 161
609 163
606 165
603 167
600 170
598 173
596 176
595 179
594 182
593 185
592 188
591 191
590 194
589 197
588 200
587 203
586 206
585 209
584 212
584 215
583 218
582 221
582 224
581 227
581 230
581 233
581 236
580 239
580 242
580 245
580 248
580 251
580 254
581 257
581 260
581 263
581 266
581 269
579 272
577 275
577 278
580 278
582 281
582 278
582 275
582 272
579 275
576 272
577 269
576 266
576 263
576 260
576 257
575 254
575 251
575 248
575 245
574 242
574 239
574 236
574 233
574 230
574 227
574 224
573 221
573 218
573 215
573 212
573 209
573 206
573 203
572 200
572 197
571 194
571 191
570 188
569 185
568 182
567 179
566 176
566 173
565 170
564 167
563 164
562 161
561 158
560 155
559 152
558 149
557 146
557 143
556 140
555 137
555 134
555 131
554 128
554 125
554 122
554 119
554 116
554 113
555 110
555 107
555 104
556 101
557 98
558 95
561 93
564 93
567 95
569 98
571 101
573 104
575 107
578 110
581 111
584 111
587 110
590 109
593 106
595 103
597 100
598 97
599 94
599 91
599 88
599 85
599 82
599 79
598 76
597 73
596 70
594 67
593 64
591 61
588 58
585 55
582 52
579 49
576 47
573 46
570 44
567 43
564 41
561 40
558 40
555 39
552 38
549 38
546 37
543 37
540 37
537 37
534 37
531 37
528 37
525 37
522 37
519 38
516 38
513 39
510 40
507 41
504 42
501 43
498 44
495 45
492 47
489 48
486 50
483 52
480 55
477 57
474 60
472 63
469 66
467 69
466 72
464 75
463 78
461 81
460 84
460 87
459 90
459 93
458 96
458 99
458 102
458 105
458 108
459 111
459 114
460 117
461 120
462 123
463 126
465 129
467 132
469 135
471 138
474 141
477 144
480 147
483 149
486 152
489 154
492 156
495 157
498 159
501 161
504 162
507 164
510 165
513 166
516 166
519 163
519 160
519 157
518 154
518 151
517 148
516 145
516 142
515 139
514 136
514 133
513 130
513 127
513 124
513 121
513 118
513 115
513 112
514 109
514 106
514 103
514 100
515 97
515 94
516 91
518 88
520 85
523 82
526 80
529 79
532 79
535 79
538 79
541 81
544 84
545 87
546 90
546 93
546 96
546 99
545 102
545 105
545 108
545 111
545 114
545 117
544 120
544 123
545 126
545 129
545 132
545 135
546 138
546 141
547 144
547 147
548 150
549 153
549 156
550 159
551 162
552 165
552 168
553 171
554 174
554 177
555 180
556 183
556 186
556 189
557 192
557 195
557 198
557 201
557 204
557 207
557 210
557 213
557 216
557 219
556 222
556 225
556 228
555 231
555 234
554 237
553 240
552 243
551 246
550 249
548 252
546 255
543 258
540 260
537 262
534 263
531 264
528 265
525 265
522 266
519 266
516 267
513 267
510 267
507 267
504 267
501 267
498 267
495 267
492 267
489 267
486 267
483 267
480 267
477 267
474 266
471 266
468 265
465 265
462 264
459 263
456 262
453 261
450 260
447 258
444 257
441 255
438 253
435 251
432 249
429 247
426 244
423 241
421 238
419 235
417 232
416 229
415 226
415 223
416 220
419 217
422 215
425 214
428 214
431 214
434 214
437 215
440 215
443 216
446 217
449 219
452 220
455 221
458 222
461 223
464 224
467 225
470 226
473 228
476 229
479 230
482 231
485 232
488 233
491 234
494 235
497 235
500 234
503 233
506 232
509 229
511 226
512 223
512 220
512 217
511 214
509 211
507 208
504 205
501 202
498 200
495 199
492 197
489 196
486 194
483 193
480 192
477 190
474 189
471 188
468 187
465 186
462 185
459 184
456 183
453 182
450 181
447 181
444 180
441 179
438 179
435 178
432 178
429 178
426 177
423 177
420 177
417 177
414 178
411 178
408 178
405 179
402 180
399 180
396 181
393 182
390 183
387 184
384 186
381 187
378 188
375 190
372 191
369 193
366 195
363 197
360 199
357 201
354 203
351 205
348 208
345 211
342 213
339 216
337 219
334 222
332 225
330 228
329 231
327 234
326 237
325 240
324 243
323 246
322 249
322 252
321 255
321 258
321 261
320 264
320 267
320 270
320 273
320 276
320 279
320 282
320 285
320 288
320 291
321 294
322 297
324 300
327 303
330 305
333 306
336 306
339 305
342 304
345 301
347 298
349 295
350 292
352 289
353 286
355 283
357 280
358 277
359 274
360 271
361 268
362 265
364 262
365 259
368 256
371 255
374 255
377 256
380 259
383 262
385 265
387 268
389 271
390 274
391 277
392 280
393 283
394 286
394 289
395 292
395 295
395 298
395 301
394 304
394 307
393 310
392 313
391 316
390 319
388 322
386 325
384 328
382 331
379 334
376 336
373 338
370 340
367 342
364 343
361 344
358 345
355 346
352 347
349 347
346 348
343 348
340 348
337 347
334 347
331 347
328 346
325 345
322 344
319 343
316 341
313 340
310 338
307 336
304 333
301 330
298 327
296 324
294 321
293 318
291 315
290 312
289 309
288 306
287 303
286 300
286 297
285 294
285 291
285 288
284 285
284 282
284 279
284 276
285 273
285 270
285 267
285 264
285 261
285 258
286 255
286 252
286 249
286 246
287 243
287 240
287 237
288 234
288 231
288 228
289 225
289 222
290 219
290 216
291 213
291 210
292 207
292 204
292 201
293 198
293 195
293 192
294 189
297 186
299 189
300 192
300 195
300 198
300 201
300 204
299 207
299 210
299 213
298 216
298 219
298 222
297 225
297 228
297 231
297 234
297 237
297 240
297 243
297 246
297 249
297 252
297 255
298 258
298 261
299 264
300 267
302 270
305 270
306 267
305 264
304 261
304 258
303 255
303 252
303 249
303 246
303 243
303 240
304 237
304 234
304 231
305 228
306 225
306 222
307 219
308 216
309 213
311 210
312 207
314 204
315 201
318 198
320 195
322 192
324 189
327 186
329 183
332 180
334 177
336 174
338 171
340 168
342 165
344 162
345 159
346 156
347 153
348 150
349 147
350 144
350 141
350 138
350 135
350 132
349 129
349 126
348 123
347 120
346 117
345 114
344 111
342 108
340 105
338 102
336 99
334 96
331 93
328 90
325 87
322 85
319 83
316 81
313 79
310 78
307 77
304 76
301 75
298 74
295 73
292 73
289 73
286 72
283 72
280 72
277 72
274 73
271 73
268 74
265 75
262 76
259 77
256 78
253 79
250 81
247 83
244 85
241 87
238 90
235 93
232 96
229 99
227 102
225 105
223 108
221 111
220 114
218 117
217 120
216 123
214 126
213 129
212 132
211 135
211 138
210 141
209 144
209 147
208 150
208 153
207 156
207 159
207 162
207 165
207 168
207 171
207 174
207 177
207 180
208 183
209 186
210 189
211 192
213 195
216 197
219 197
222 196
225 194
228 191
230 188
231 185
233 182
234 179
236 176
237 173
238 170
239 167
241 164
242 161
243 158
245 155
246 152
248 149
250 146
253 144
256 143
259 143
262 144
265 147
266 150
267 153
267 156
267 159
267 162
266 165
266 168
265 171
264 174
263 177
263 180
262 183
261 186
260 189
259 192
257 195
256 198
255 201
254 204
253 207
251 210
250 213
248 216
247 219
245 222
244 225
242 228
240 231
239 234
237 237
235 240
233 243
232 246
230 249
228 252
227 255
225 258
224 261
222 264
221 267
220 270
218 273
217 276
216 279
215 282
213 285
212 288
210 291
208 294
207 297
205 300
202 303
200 306
197 309
194 312
191 314
188 316
185 318
182 320
179 321
176 323
173 324
170 324
167 325
164 326
161 326
158 326
155 326
152 326
149 326
146 326
143 325
140 325
137 324
134 323
131 322
128 320
125 319
122 317
119 315
116 312
113 309
110 306
107 303
105 300
103 297
101 294
99 291
98 288
96 285
95 282
94 279
93 276
92 273
91 270
90 267
89 264
88 261
87 258
86 255
86 252
85 249
84 246
84 243
83 240
82 237
82 234
81 231
81 228
80 225
79 222
79 219
79 216
78 213
78 210
77 207
77 204
77 201
77 198
76 195
76 192
76 189
76 186
75 183
75 180
75 177
75 174
75 171
75 168
75 165
75 162
75 159
75 156
75 153
75 150
75 147
75 144
75 141
75 138
76 135
77 132
78 129
80 126
83 123
86 123
89 123
92 124
95 126
97 129
99 132
101 135
102 138
103 141
103 144
104 147
105 150
106 153
107 156
108 159
108 162
109 165
110 168
111 171
111 174
112 177
112 180
112 183
113 186
113 189
114 192
115 195
116 198
118 201
121 203
124 205
127 205
130 205
133 204
136 202
139 199
142 196
143 193
145 190
146 187
147 184
148 181
148 178
149 175
149 172
149 169
150 166
150 163
150 160
150 157
150 154
150 151
149 148
149 145
149 142
148 139
148 136
148 133
147 130
147 127
146 124
145 121
144 118
144 115
143 112
142 109
141 106
139 103
138 100
136 97
135 94
133 91
131 88
129 85
127 82
124 79
121 76
118 73
115 70
112 68
109 66
106 64
103 63
100 61
97 60
94 59
91 58
88 57
85 56
82 56
79 55
76 55
73 54
70 54
67 54
64 54
61 54
58 54
55 55
52 55
49 56
46 56
43 57
40 58
37 59
34 60
31 61
28 63
25 65
22 67
19 69
16 71
13 74
10 76
8 79
5 82
3 85
1 88
1199 91
1198 94
1196 97
1195 100
1194 103
1193 106
1192 109
1192 112
1191 115
1191 118
1190 121
1190 124
1190 127
1190 130
1190 133
1190 136
1190 139
1191 142
1191 145
1192 148
1192 151
1193 154
1194 157
1194 160
1195 163
1196 166
1197 169
1197 172
1198 175
