0 208
6 207
12 206
18 204
24 203
30 201
36 200
42 198
48 197
54 196
60 196
66 196
72 196
78 197
84 198
90 199
96 200
102 201
108 202
114 204
120 205
126 206
132 207
138 208
144 209
150 209
156 209
162 209
168 209
174 208
180 208
186 207
192 207
198 206
204 206
210 206
216 206
222 206
228 206
234 205
240 204
246 203
252 202
258 201
264 200
270 198
276 197
282 197
288 197
294 198
300 200
306 202
312 204
318 207
324 210
330 212
336 213
342 214
348 214
354 214
360 212
366 211
372 208
378 206
384 204
390 203
396 202
402 201
408 201
414 202
420 203
426 204
432 206
438 207
444 208
450 209
456 210
462 210
468 209
474 208
480 206
486 204
492 201
498 198
504 195
510 193
516 191
522 190
528 189
534 189
540 190
546 192
552 195
558 199
564 204
570 210
576 214
582 218
588 221
594 222
600 222
606 222
612 220
618 218
624 214
630 210
636 206
642 202
648 199
654 197
660 196
666 196
672 197
678 198
684 200
690 202
696 205
702 207
708 208
714 209
720 209
726 208
732 207
738 205
744 203
750 201
756 199
762 197
768 196
774 196
780 196
786 198
792 200
798 202
804 205
810 208
816 211
822 213
828 215
834 216
840 217
846 216
852 216
858 214
864 212
870 210
876 207
882 203
888 200
894 198
900 195
906 193
912 192
918 191
924 191
930 191
936 192
942 193
948 195
954 197
960 199
966 202
972 204
978 206
984 208
990 210
996 212
1002 213
1008 213
1014 214
1020 214
1026 213
1032 212
1038 211
1044 210
1050 209
1056 207
1062 206
1068 204
1074 203
1080 202
1086 202
1092 201
1098 202
1104 202
1110 203
1116 203
1122 204
1128 205
1134 206
1140 207
1146 208
1152 209
1158 209
1164 210
1170 210
1176 210
1182 210
1188 209
