0 203
6 203
12 203
18 203
24 203
30 203
36 203
42 203
48 203
54 203
60 203
66 203
72 203
78 203
84 203
90 203
96 203
102 203
108 203
114 203
120 203
126 203
132 203
138 203
144 203
150 203
156 204
162 204
168 204
174 204
180 204
186 203
192 203
198 203
204 203
210 203
216 203
222 203
228 203
234 203
240 204
246 204
252 204
258 203
264 203
270 203
276 203
282 203
288 203
294 203
300 203
306 203
312 203
318 204
324 204
330 204
336 204
342 204
348 204
354 204
360 204
366 204
372 203
378 203
384 203
390 203
396 203
402 203
408 203
414 203
420 204
426 204
432 204
438 204
444 203
450 203
456 203
462 203
468 203
474 203
480 203
486 203
492 203
498 203
504 203
510 203
516 203
522 203
528 203
534 203
540 203
546 203
552 203
558 203
564 203
570 204
576 204
582 204
588 204
594 204
600 204
606 204
612 204
618 204
624 204
630 204
636 203
642 203
648 203
654 203
660 203
666 203
672 203
678 203
684 203
690 203
696 203
702 203
708 204
714 204
720 204
726 204
732 203
738 203
744 203
750 203
756 203
762 203
768 203
774 203
780 203
786 203
792 203
798 203
804 203
810 203
816 204
822 204
828 204
834 204
840 204
846 204
852 204
858 204
864 203
870 203
876 203
882 203
888 203
894 203
900 203
906 203
912 203
918 203
924 203
930 203
936 203
942 203
948 203
954 203
960 203
966 203
972 203
978 203
984 203
990 203
996 204
1002 203
1008 204
1014 204
1020 204
1026 204
1032 204
1038 204
1044 204
1050 204
1056 204
1062 204
1068 203
1074 203
1080 203
1086 203
1092 203
1098 203
1104 203
1110 203
1116 203
1122 204
1128 204
1134 204
1140 204
1146 204
1152 204
1158 203
1164 203
1170 203
1176 203
1182 203
1188 203
