0 200
6 199
12 199
18 199
24 198
30 198
36 197
42 197
48 197
54 197
60 197
66 197
72 197
78 197
84 197
90 197
96 198
102 198
108 198
114 198
120 199
126 199
132 199
138 200
144 200
150 200
156 200
162 200
168 200
174 200
180 200
186 199
192 199
198 199
204 199
210 199
216 199
222 199
228 199
234 199
240 199
246 199
252 199
258 198
264 198
270 197
276 197
282 197
288 197
294 197
300 198
306 198
312 199
318 200
324 200
330 201
336 201
342 202
348 202
354 201
360 201
366 200
372 200
378 199
384 199
390 198
396 198
402 198
408 198
414 198
420 199
426 199
432 199
438 200
444 200
450 200
456 200
462 200
468 200
474 199
480 199
486 199
492 198
498 197
504 197
510 196
516 195
522 195
528 195
534 195
540 195
546 196
552 197
558 198
564 199
570 200
576 201
582 202
588 203
594 203
600 204
606 203
612 203
618 202
624 201
630 200
636 199
642 198
648 198
654 197
660 197
666 197
672 197
678 197
684 198
690 198
696 199
702 199
708 200
714 200
720 200
726 200
732 199
738 199
744 198
750 198
756 197
762 197
768 197
774 197
780 197
786 197
792 198
798 198
804 199
810 200
816 200
822 201
828 201
834 202
840 202
846 202
852 201
858 201
864 200
870 200
876 199
882 198
888 198
894 197
900 196
906 196
912 196
918 195
924 195
930 195
936 196
942 196
948 196
954 197
960 197
966 198
972 199
978 199
984 200
990 200
996 200
1002 201
1008 201
1014 201
1020 201
1026 201
1032 201
1038 201
1044 200
1050 200
1056 200
1062 199
1068 199
1074 199
1080 199
1086 198
1092 198
1098 198
1104 198
1110 199
1116 199
1122 199
1128 199
1134 200
1140 200
1146 200
1152 200
1158 200
1164 200
1170 200
1176 200
1182 200
1188 200
