0 205
6 203
12 201
18 199
24 197
30 195
36 192
42 190
48 189
54 188
60 187
66 187
72 187
78 188
84 189
90 191
96 193
102 195
108 197
114 199
120 201
126 203
132 204
138 206
144 206
150 207
156 207
162 207
168 206
174 206
180 205
186 204
192 204
198 203
204 203
210 202
216 202
222 202
228 201
234 200
240 199
246 198
252 196
258 194
264 192
270 190
276 189
282 188
288 189
294 190
300 192
306 195
312 199
318 204
324 208
330 211
336 213
342 214
348 214
354 213
360 211
366 209
372 206
378 202
384 199
390 197
396 195
402 195
408 195
414 196
420 197
426 199
432 202
438 204
444 206
450 207
456 208
462 208
468 207
474 205
480 203
486 199
492 195
498 190
504 186
510 182
516 179
522 178
528 177
534 177
540 178
546 181
552 185
558 190
562 196
566 202
570 208
574 214
580 220
586 223
592 225
598 226
604 226
610 224
616 221
622 217
628 211
633 205
638 199
644 194
650 190
656 188
662 187
668 187
674 189
680 191
686 194
692 198
698 201
704 204
710 206
716 206
722 206
728 205
734 203
740 200
746 196
752 193
758 190
764 188
770 187
776 187
782 188
788 190
794 193
800 197
806 202
812 206
818 211
824 214
830 216
836 218
842 218
848 218
854 216
860 214
866 211
872 207
878 202
884 197
890 192
896 188
902 184
908 182
914 180
920 179
926 179
932 180
938 181
944 183
950 185
956 189
962 192
968 196
974 200
980 204
986 207
992 210
998 211
1004 213
1010 213
1016 214
1022 213
1028 212
1034 211
1040 209
1046 207
1052 205
1058 203
1064 200
1070 198
1076 197
1082 196
1088 195
1094 195
1100 195
1106 196
1112 197
1118 198
1124 200
1130 201
1136 203
1142 204
1148 205
1154 207
1160 207
1166 208
1172 208
1178 208
1184 208
1190 207
