0 204
6 203
12 201
18 199
24 197
30 195
36 193
42 191
48 190
54 189
60 188
66 188
72 188
78 189
84 190
90 191
96 193
102 195
108 197
114 199
120 200
126 202
132 203
138 205
144 205
150 206
156 206
162 206
168 205
174 205
180 204
186 203
192 203
198 202
204 202
210 202
216 201
222 201
228 201
234 200
240 199
246 198
252 196
258 194
264 192
270 191
276 190
282 189
288 190
294 191
300 193
306 195
312 199
318 203
324 207
330 209
336 211
342 212
348 213
354 212
360 210
366 208
372 205
378 202
384 199
390 197
396 196
402 195
408 195
414 196
420 197
426 199
432 201
438 203
444 205
450 206
456 207
462 207
468 206
474 204
480 202
486 199
492 195
498 191
504 187
510 184
516 181
522 179
528 179
534 179
540 180
546 182
552 186
558 192
563 198
568 204
573 210
579 216
585 220
591 222
597 223
603 223
609 222
615 219
621 215
627 210
633 204
639 198
645 194
651 191
657 189
663 188
669 188
675 190
681 192
687 195
693 198
699 201
705 203
711 205
717 206
723 205
729 204
735 202
741 199
747 196
753 193
759 190
765 189
771 188
777 188
783 189
789 191
795 194
801 198
807 202
813 206
819 210
825 213
831 215
837 216
843 216
849 215
855 214
861 212
867 209
873 205
879 200
885 196
891 192
897 188
903 185
909 183
915 182
921 181
927 181
933 181
939 183
945 185
951 187
957 190
963 194
969 197
975 201
981 204
987 206
993 208
999 210
1005 211
1011 212
1017 212
1023 212
1029 211
1035 209
1041 208
1047 206
1053 204
1059 202
1065 200
1071 198
1077 197
1083 196
1089 195
1095 195
1101 195
1107 196
1113 197
1119 198
1125 200
1131 201
1137 202
1143 204
1149 205
1155 206
1161 206
1167 207
1173 207
1179 207
1185 206
1191 206
