0 186
1 189
2 192
3 195
5 198
6 201
8 204
10 207
13 209
16 208
19 206
21 203
22 200
23 197
23 194
24 191
24 188
25 185
25 182
26 179
26 176
26 173
27 170
27 167
28 164
29 161
29 158
30 155
31 152
33 149
36 146
39 145
42 145
45 148
46 151
47 154
48 157
48 160
48 163
48 166
49 169
49 172
49 175
49 178
49 181
49 184
49 187
49 190
49 193
49 196
49 199
49 202
48 205
48 208
48 211
48 214
48 217
48 220
47 223
47 226
47 229
46 232
46 235
45 238
45 241
44 244
43 247
43 250
42 253
41 256
41 259
40 262
39 265
38 268
37 271
36 274
35 277
34 280
32 283
31 286
29 289
27 292
25 295
23 298
20 301
17 304
14 307
11 309
8 311
5 313
2 314
1199 315
1196 316
1193 317
1190 318
1187 318
1184 318
1181 318
1178 318
1175 318
1172 318
1169 317
1166 316
1163 315
1160 314
1157 313
1154 311
1151 310
1148 308
1145 305
1142 303
1139 300
1136 297
1133 294
1131 291
1129 288
1127 285
1125 282
1123 279
1121 276
1120 273
1118 270
1117 267
1116 264
1114 261
1113 258
1112 255
1111 252
1110 249
1109 246
1108 243
1108 240
1107 237
1106 234
1106 231
1106 228
1106 225
1106 222
1106 219
1107 216
1109 213
1112 210
1115 209
1118 209
1121 210
1124 212
1127 214
1129 217
1132 220
1134 223
1136 226
1138 229
1140 232
1142 235
1145 238
1148 241
1151 243
1154 244
1157 244
1160 243
1163 242
1166 239
1168 236
1169 233
1170 230
1170 227
1170 224
1170 221
1169 218
1169 215
1168 212
1167 209
1166 206
1165 203
1163 200
1162 197
1161 194
1159 191
1157 188
1156 185
1154 182
1152 179
1150 176
1148 173
1145 170
1143 167
1140 164
1137 161
1134 158
1131 155
1128 152
1125 150
1122 148
1119 147
1116 145
1113 144
1110 143
1107 142
1104 141
1101 140
1098 140
1095 140
1092 140
1089 140
1086 140
1083 141
1080 141
1077 142
1074 143
1071 144
1068 146
1065 147
1062 148
1059 150
1056 152
1053 154
1050 155
1047 158
1044 160
1041 162
1038 164
1035 167
1032 169
1029 171
1026 174
1023 177
1020 180
1017 182
1014 185
1011 188
1009 191
1006 194
1003 197
1001 200
998 203
996 206
994 209
992 212
990 215
988 218
986 221
985 224
984 227
983 230
982 233
981 236
981 239
981 242
981 245
982 248
983 251
985 254
987 257
989 260
992 263
995 265
998 266
1001 267
1004 268
1007 268
1010 268
1013 267
1016 265
1019 262
1021 259
1022 256
1024 253
1025 250
1026 247
1028 244
1029 241
1031 238
1032 235
1034 232
1036 229
1038 226
1041 224
1044 222
1047 222
1050 222
1053 223
1056 225
1059 228
1061 231
1063 234
1064 237
1065 240
1066 243
1067 246
1067 249
1068 252
1068 255
1068 258
1069 261
1069 264
1069 267
1069 270
1069 273
1069 276
1069 279
1068 282
1068 285
1067 288
1067 291
1066 294
1065 297
1064 300
1063 303
1062 306
1060 309
1058 312
1056 315
1054 318
1051 321
1048 324
1045 326
1042 328
1039 330
1036 332
1033 333
1030 334
1027 335
1024 335
1021 336
1018 336
1015 336
1012 336
1009 336
1006 335
1003 335
1000 334
997 333
994 332
991 331
988 329
985 328
982 326
979 323
976 321
973 318
971 315
968 312
966 309
964 306
962 303
960 300
959 297
957 294
955 291
954 288
952 285
950 282
949 279
947 276
946 273
944 270
943 267
941 264
940 261
938 258
937 255
936 252
935 249
934 246
933 243
932 240
931 237
930 234
929 231
929 228
929 225
928 222
928 219
928 216
928 213
928 210
928 207
928 204
928 201
928 198
928 195
929 192
929 189
929 186
929 183
929 180
930 177
930 174
930 171
930 168
931 165
931 162
931 159
931 156
931 153
931 150
932 147
932 144
932 141
932 138
932 135
932 132
933 129
933 126
933 123
933 120
934 117
935 114
936 111
938 108
941 107
944 107
947 109
950 112
951 115
952 118
952 121
952 124
953 127
953 130
953 133
953 136
953 139
953 142
953 145
953 148
953 151
953 154
953 157
953 160
953 163
952 166
952 169
952 172
951 175
951 178
951 181
951 184
950 187
950 190
950 193
951 196
951 199
953 202
956 203
959 201
962 198
964 195
966 192
968 189
970 186
972 183
974 180
976 177
978 174
980 171
982 168
984 165
986 162
988 159
990 156
992 153
994 150
995 147
997 144
998 141
999 138
1001 135
1002 132
1003 129
1003 126
1004 123
1005 120
1005 117
1006 114
1006 111
1006 108
1006 105
1005 102
1005 99
1004 96
1004 93
1003 90
1002 87
1000 84
999 81
997 78
995 75
993 72
991 69
988 66
985 64
982 61
979 59
976 57
973 55
970 54
967 52
964 51
961 50
958 49
955 48
952 47
949 46
946 46
943 45
940 45
937 45
934 45
931 44
928 44
925 44
922 45
919 45
916 45
913 46
910 46
907 47
904 48
901 49
898 50
895 51
892 52
889 53
886 55
883 57
880 59
877 61
874 64
871 67
868 70
866 73
864 76
862 79
861 82
860 85
859 88
858 91
857 94
857 97
857 100
857 103
857 106
857 109
858 112
859 115
860 118
861 121
862 124
864 127
865 130
867 133
869 136
871 139
874 142
876 145
879 148
881 151
884 154
886 157
889 160
891 163
893 166
894 169
895 172
896 175
897 178
897 181
898 184
898 187
898 190
898 193
898 196
897 199
897 202
896 205
896 208
895 211
894 214
894 217
893 220
892 223
891 226
890 229
889 232
888 235
887 238
886 241
884 244
883 247
882 250
885 252
888 249
889 246
890 243
891 240
892 237
893 234
894 231
895 228
896 225
897 222
898 219
899 216
900 213
900 210
901 207
902 204
902 201
903 198
903 195
904 192
904 189
905 186
905 183
905 180
905 177
906 174
906 171
906 168
906 165
906 162
906 159
906 156
905 153
905 150
905 147
905 144
905 141
905 138
905 135
905 132
906 129
906 126
907 123
908 120
909 117
912 114
915 114
916 117
916 120
916 123
915 126
915 129
915 132
914 135
914 138
914 141
914 144
914 147
914 150
914 153
913 156
913 159
913 162
913 165
913 168
913 171
912 174
912 177
912 180
911 183
911 186
911 189
910 192
910 195
909 198
908 201
908 204
907 207
906 210
906 213
905 216
904 219
904 222
903 225
902 228
902 231
901 234
900 237
900 240
899 243
898 246
898 249
898 252
897 255
897 258
897 261
897 264
897 267
896 270
896 273
896 276
896 279
896 282
895 285
895 288
894 291
894 294
893 297
893 300
892 303
892 306
891 309
890 312
889 315
887 318
886 321
884 324
882 327
880 330
877 333
874 336
871 338
868 340
865 342
862 343
859 344
856 345
853 346
850 347
847 348
844 348
841 348
838 348
835 348
832 348
829 348
826 347
823 347
820 346
817 345
814 344
811 342
808 340
805 339
802 336
799 334
796 331
794 328
791 325
789 322
788 319
786 316
785 313
784 310
784 307
783 304
783 301
783 298
783 295
783 292
783 289
784 286
785 283
786 280
787 277
788 274
789 271
791 268
793 265
795 262
797 259
800 256
802 253
805 250
807 247
810 244
813 241
816 238
819 236
822 233
825 230
828 228
831 226
834 225
837 225
839 228
839 231
839 234
839 237
839 240
839 243
839 246
838 249
838 252
838 255
838 258
838 261
837 264
837 267
837 270
837 273
837 276
837 279
837 282
838 285
840 288
843 291
846 291
849 291
852 290
855 288
858 286
860 283
862 280
863 277
864 274
865 271
866 268
867 265
867 262
868 259
868 256
869 253
869 250
870 247
870 244
871 241
872 238
872 235
873 232
873 229
874 226
874 223
875 220
875 217
875 214
875 211
875 208
875 205
874 202
874 199
873 196
872 193
870 190
869 187
867 184
865 181
862 178
860 175
857 172
854 170
851 167
848 165
845 162
842 160
839 158
836 156
833 154
830 153
827 151
824 149
821 147
818 145
815 143
812 141
809 139
806 137
803 135
800 133
797 131
794 129
791 127
788 126
785 124
782 123
779 122
776 122
773 122
770 121
767 122
764 122
761 123
758 124
755 125
752 127
749 129
746 132
743 135
741 138
739 141
738 144
737 147
736 150
735 153
734 156
734 159
734 162
733 165
733 168
733 171
733 174
733 177
733 180
734 183
734 186
734 189
735 192
736 195
736 198
738 201
739 204
742 207
745 209
748 209
751 208
754 207
757 204
760 201
763 198
765 195
768 192
771 189
773 186
776 184
779 181
782 178
785 175
788 173
791 172
794 172
797 171
800 172
803 172
806 173
809 174
812 176
815 179
817 182
818 185
818 188
817 191
816 194
815 197
812 200
810 203
807 206
804 209
801 211
798 214
795 216
792 219
789 221
786 223
783 225
780 228
777 230
774 232
771 234
768 236
765 238
762 240
759 242
756 243
753 245
750 246
747 248
744 249
741 250
738 251
735 252
732 253
729 253
726 254
723 254
720 255
717 255
714 255
711 255
708 255
705 255
702 255
699 254
696 254
693 253
690 253
687 252
684 251
681 250
678 249
675 248
672 247
669 246
666 245
663 244
660 242
657 241
654 240
651 239
648 237
645 236
642 234
639 233
636 231
633 229
630 227
627 225
624 222
622 219
621 216
620 213
619 210
620 207
620 204
621 201
623 198
625 195
628 193
631 191
634 189
637 189
640 188
643 188
646 189
649 190
652 192
655 194
658 196
661 198
664 200
667 202
670 204
673 207
676 209
679 212
682 214
685 216
688 217
691 219
694 219
697 219
700 219
703 218
706 215
707 212
708 209
708 206
708 203
708 200
708 197
707 194
706 191
705 188
705 185
704 182
702 179
701 176
700 173
699 170
697 167
695 164
693 161
691 158
689 155
686 152
683 150
680 148
677 146
674 145
671 144
668 143
665 143
662 142
659 142
656 143
653 143
650 144
647 145
644 146
641 147
638 148
635 150
632 151
629 153
626 154
623 156
620 158
617 159
614 161
611 163
608 165
605 168
602 171
599 174
597 177
596 180
594 183
593 186
592 189
590 192
589 195
588 198
587 201
587 204
586 207
585 210
584 213
584 216
583 219
582 222
582 225
581 228
581 231
581 234
580 237
580 240
580 243
580 246
580 249
579 252
579 255
579 258
579 261
579 264
579 267
579 270
579 273
579 276
579 279
579 282
579 285
579 288
579 291
580 294
581 297
581 300
582 303
583 306
584 309
584 312
584 315
584 318
583 321
583 324
582 327
582 330
583 333
586 335
589 336
592 336
595 335
598 333
601 330
603 327
605 324
607 321
608 318
609 315
611 312
612 309
613 306
613 303
614 300
614 297
614 294
614 291
614 288
614 285
613 282
613 279
613 276
613 273
613 270
615 267
618 266
621 267
624 268
627 270
630 271
633 273
636 275
639 277
642 280
645 282
647 285
650 288
652 291
654 294
656 297
657 300
658 303
659 306
659 309
660 312
660 315
660 318
660 321
659 324
659 327
658 330
657 333
655 336
654 339
652 342
650 345
647 348
644 351
641 354
638 356
635 358
632 360
629 361
626 362
623 364
620 365
617 366
614 366
611 367
608 368
605 368
602 369
599 369
596 369
593 369
590 369
587 369
584 369
581 369
578 369
575 368
572 368
569 367
566 367
563 366
560 365
557 364
554 362
551 361
548 359
545 357
542 354
539 352
537 349
534 346
532 343
531 340
530 337
528 334
528 331
527 328
527 325
527 322
527 319
527 316
528 313
529 310
530 307
532 304
535 301
538 299
541 297
544 297
547 297
550 297
553 297
556 297
559 295
562 292
565 293
567 296
566 299
565 302
564 305
563 308
562 311
561 314
561 317
561 320
563 323
566 326
569 327
572 324
573 321
573 318
573 315
572 312
572 309
572 306
572 303
571 300
571 297
570 294
567 293
570 290
570 287
570 284
571 281
571 278
572 275
572 272
572 269
573 266
573 263
573 260
573 257
573 254
573 251
573 248
573 245
574 242
574 239
574 236
574 233
574 230
574 227
574 224
574 221
574 218
574 215
574 212
574 209
573 206
573 203
573 200
573 197
572 194
572 191
572 188
571 185
571 182
570 179
570 176
569 173
568 170
568 167
567 164
566 161
566 158
565 155
565 152
564 149
564 146
563 143
563 140
562 137
562 134
562 131
562 128
562 125
563 122
564 119
565 116
568 115
571 115
574 116
577 117
580 118
583 117
586 116
589 114
591 111
593 108
594 105
595 102
595 99
596 96
596 93
595 90
595 87
594 84
593 81
592 78
590 75
588 72
586 69
584 66
581 63
578 61
575 58
572 56
569 54
566 53
563 51
560 50
557 49
554 48
551 47
548 47
545 46
542 46
539 46
536 45
533 45
530 45
527 46
524 46
521 46
518 47
515 47
512 48
509 49
506 50
503 51
500 52
497 53
494 55
491 56
488 58
485 61
482 63
479 66
476 69
474 72
471 75
470 78
468 81
467 84
465 87
464 90
463 93
463 96
462 99
462 102
462 105
462 108
462 111
462 114
463 117
464 120
465 123
466 126
467 129
469 132
470 135
472 138
475 141
477 144
480 147
483 150
486 152
489 155
492 157
495 159
498 161
501 163
504 164
507 165
510 166
513 166
516 164
518 161
518 158
518 155
518 152
518 149
517 146
517 143
517 140
516 137
516 134
516 131
516 128
516 125
516 122
516 119
516 116
516 113
517 110
517 107
518 104
520 101
523 98
526 96
529 95
532 95
535 96
538 97
541 100
544 103
545 106
546 109
547 112
548 115
548 118
548 121
548 124
549 127
549 130
549 133
549 136
550 139
550 142
550 145
551 148
551 151
551 154
552 157
552 160
553 163
553 166
553 169
554 172
554 175
554 178
554 181
554 184
555 187
555 190
555 193
554 196
554 199
554 202
554 205
553 208
553 211
552 214
551 217
551 220
550 223
549 226
547 229
546 232
544 235
542 238
539 241
536 244
533 247
530 248
527 250
524 252
521 253
518 254
515 255
512 256
509 257
506 258
503 259
500 259
497 260
494 261
491 261
488 261
485 262
482 262
479 262
476 262
473 262
470 262
467 261
464 261
461 260
458 259
455 258
452 257
449 256
446 254
443 252
440 250
437 248
434 245
431 242
428 239
426 236
424 233
423 230
422 227
421 224
422 221
423 218
425 215
428 213
431 212
434 212
437 212
440 212
443 213
446 214
449 215
452 216
455 217
458 218
461 219
464 220
467 221
470 223
473 224
476 224
479 225
482 225
485 225
488 225
491 224
494 223
497 220
499 217
500 214
500 211
499 208
498 205
496 202
493 199
490 197
487 194
484 193
481 191
478 189
475 187
472 186
469 184
466 183
463 182
460 181
457 179
454 178
451 177
448 176
445 175
442 174
439 173
436 173
433 172
430 172
427 171
424 171
421 171
418 171
415 171
412 171
409 171
406 172
403 173
400 173
397 174
394 175
391 177
388 178
385 179
382 181
379 183
376 185
373 187
370 189
367 191
364 194
361 196
358 199
355 202
352 204
350 207
347 210
344 213
342 216
340 219
338 222
336 225
334 228
333 231
331 234
330 237
329 240
328 243
327 246
326 249
325 252
325 255
324 258
324 261
323 264
323 267
323 270
323 273
323 276
324 279
325 282
327 285
330 288
333 290
336 290
339 290
342 289
345 287
348 284
350 281
352 278
354 275
356 272
358 269
360 266
361 263
363 260
365 257
367 254
370 251
373 250
376 250
379 251
382 254
385 257
386 260
388 263
389 266
390 269
391 272
392 275
392 278
392 281
393 284
393 287
392 290
392 293
392 296
391 299
390 302
389 305
388 308
386 311
384 314
382 317
380 320
377 323
374 325
371 328
368 330
365 331
362 333
359 334
356 335
353 336
350 336
347 337
344 337
341 337
338 337
335 337
332 336
329 336
326 335
323 334
320 333
317 331
314 330
311 328
308 326
305 323
302 320
299 317
297 314
295 311
293 308
291 305
290 302
289 299
288 296
287 293
286 290
285 287
285 284
284 281
284 278
284 275
284 272
284 269
284 266
284 263
284 260
284 257
285 254
285 251
285 248
286 245
286 242
287 239
287 236
288 233
289 230
289 227
290 224
291 221
291 218
292 215
293 212
293 209
294 206
295 203
295 200
298 197
301 200
302 203
302 206
302 209
302 212
302 215
301 218
301 221
301 224
301 227
301 230
301 233
301 236
301 239
301 242
301 245
302 248
303 251
304 254
307 255
309 252
309 249
309 246
309 243
309 240
309 237
310 234
310 231
311 228
312 225
313 222
314 219
315 216
316 213
318 210
319 207
321 204
322 201
324 198
326 195
327 192
329 189
331 186
332 183
334 180
335 177
337 174
338 171
340 168
341 165
342 162
343 159
344 156
345 153
345 150
346 147
346 144
346 141
346 138
346 135
345 132
345 129
344 126
343 123
342 120
341 117
339 114
337 111
335 108
333 105
331 102
328 99
325 96
322 94
319 92
316 90
313 88
310 86
307 85
304 84
301 83
298 82
295 81
292 81
289 81
286 80
283 80
280 80
277 80
274 81
271 81
268 82
265 83
262 84
259 85
256 86
253 87
250 89
247 91
244 93
241 95
238 98
235 101
232 104
230 107
228 110
226 113
224 116
222 119
221 122
219 125
218 128
217 131
216 134
215 137
214 140
214 143
213 146
213 149
212 152
212 155
212 158
212 161
212 164
212 167
213 170
213 173
214 176
216 179
218 182
221 184
224 185
227 184
230 183
233 180
235 177
237 174
239 171
240 168
242 165
243 162
245 159
247 156
250 153
253 152
256 152
259 153
262 156
264 159
264 162
264 165
264 168
264 171
264 174
263 177
262 180
261 183
260 186
259 189
258 192
257 195
255 198
254 201
252 204
251 207
249 210
247 213
245 216
244 219
242 222
240 225
238 228
236 231
234 234
232 237
230 240
228 243
226 246
224 249
223 252
221 255
219 258
218 261
216 264
215 267
213 270
211 273
210 276
208 279
206 282
204 285
202 288
199 291
197 294
194 297
191 299
188 302
185 304
182 306
179 307
176 309
173 310
170 311
167 312
164 312
161 313
158 313
155 313
152 313
149 313
146 313
143 312
140 312
137 311
134 310
131 308
128 307
125 305
122 304
119 301
116 299
113 296
110 293
108 290
105 287
103 284
101 281
100 278
98 275
97 272
95 269
94 266
93 263
92 260
91 257
90 254
89 251
88 248
87 245
86 242
86 239
85 236
84 233
83 230
83 227
82 224
82 221
81 218
80 215
80 212
79 209
79 206
79 203
78 200
78 197
77 194
77 191
77 188
77 185
76 182
76 179
76 176
76 173
76 170
76 167
76 164
76 161
76 158
77 155
77 152
78 149
79 146
81 143
84 140
87 138
90 138
93 139
96 141
99 144
101 147
103 150
104 153
105 156
105 159
106 162
107 165
108 168
108 171
109 174
110 177
110 180
111 183
112 186
114 189
116 192
119 194
122 195
125 195
128 195
131 194
134 191
137 188
140 185
141 182
143 179
144 176
145 173
145 170
146 167
146 164
147 161
147 158
147 155
147 152
147 149
147 146
146 143
146 140
146 137
145 134
145 131
144 128
143 125
142 122
141 119
140 116
139 113
138 110
136 107
135 104
133 101
131 98
129 95
127 92
124 89
122 86
119 83
116 81
113 78
110 76
107 74
104 72
101 71
98 70
95 68
92 67
89 66
86 65
83 65
80 64
77 64
74 63
71 63
68 63
65 63
62 63
59 63
56 63
53 64
50 64
47 65
44 66
41 67
38 68
35 69
32 70
29 72
26 73
23 75
20 77
17 80
14 82
11 85
9 88
6 91
4 94
2 97
0 100
1199 103
1197 106
1196 109
1195 112
1194 115
1193 118
1193 121
1192 124
1192 127
1191 130
1191 133
1191 136
1191 139
1191 142
1191 145
1192 148
1192 151
1192 154
1193 157
1193 160
1194 163
1194 166
1195 169
1196 172
1197 175
1198 178
1198 181
