0 120
1 117
3 114
4 111
6 108
8 105
11 102
13 99
16 96
19 94
22 91
25 89
28 87
31 86
34 84
37 83
40 82
43 81
46 80
49 79
52 78
55 78
58 77
61 77
64 77
67 77
70 77
73 77
76 78
79 78
82 79
85 80
88 80
91 81
94 83
97 84
100 85
103 87
106 89
109 91
112 93
115 95
118 98
121 101
123 104
126 107
128 110
130 113
131 116
133 119
134 122
135 125
136 128
137 131
138 134
139 137
139 140
140 143
140 146
140 149
140 152
140 155
140 158
139 161
138 164
138 167
136 170
135 173
133 176
131 179
128 182
125 183
122 184
119 184
116 183
113 181
111 178
109 175
108 172
106 169
105 166
103 163
100 160
97 159
94 159
91 160
88 162
86 165
84 168
83 171
83 174
82 177
82 180
82 183
82 186
82 189
82 192
82 195
82 198
83 201
83 204
84 207
84 210
85 213
85 216
86 219
87 222
88 225
88 228
89 231
90 234
91 237
92 240
93 243
94 246
96 249
97 252
98 255
100 258
102 261
103 264
105 267
108 270
110 273
113 276
116 279
119 282
122 284
125 286
128 288
131 289
134 290
137 291
140 292
143 293
146 293
149 294
152 294
155 294
158 294
161 293
164 293
167 292
170 291
173 290
176 289
179 287
182 285
185 283
188 281
191 278
194 276
197 273
199 270
202 267
204 264
206 261
209 258
211 255
213 252
215 249
217 246
219 243
221 240
223 237
225 234
227 231
229 228
231 225
233 222
236 219
238 216
240 213
242 210
244 207
246 204
247 201
249 198
251 195
252 192
253 189
255 186
256 183
256 180
257 177
257 174
257 171
256 168
255 165
252 163
249 162
246 163
243 165
240 167
237 169
234 170
231 171
228 170
225 167
223 164
222 161
221 158
221 155
221 152
221 149
221 146
222 143
223 140
223 137
225 134
226 131
227 128
229 125
230 122
232 119
235 116
237 113
240 110
243 108
246 105
249 103
252 101
255 100
258 98
261 97
264 96
267 95
270 94
273 94
276 93
279 93
282 93
285 93
288 93
291 94
294 94
297 95
300 96
303 97
306 98
309 99
312 101
315 103
318 105
321 107
324 110
327 113
329 116
332 119
333 122
335 125
336 128
338 131
338 134
339 137
340 140
340 143
340 146
341 149
340 152
340 155
340 158
339 161
339 164
338 167
337 170
337 173
336 176
335 179
334 182
333 185
332 188
331 191
330 194
329 197
328 200
327 203
326 206
324 209
323 212
322 215
321 218
320 221
320 224
319 227
318 230
316 233
313 234
310 231
309 228
308 225
308 222
307 219
306 216
306 213
305 210
304 207
301 204
298 206
296 209
295 212
293 215
292 218
291 221
290 224
290 227
289 230
288 233
288 236
287 239
287 242
287 245
286 248
286 251
286 254
286 257
286 260
287 263
287 266
287 269
288 272
289 275
290 278
291 281
292 284
293 287
294 290
296 293
298 296
300 299
303 302
305 305
308 307
311 310
314 312
317 314
320 315
323 316
326 317
329 318
332 319
335 319
338 320
341 320
344 320
347 319
350 319
353 318
356 317
359 316
362 315
365 313
368 311
371 309
374 307
377 304
379 301
381 298
383 295
385 292
386 289
387 286
388 283
388 280
389 277
389 274
389 271
389 268
389 265
389 262
388 259
387 256
386 253
385 250
382 247
379 244
376 244
373 244
370 246
367 248
364 251
361 254
358 257
355 260
352 262
349 264
346 265
343 265
340 264
337 262
335 259
334 256
333 253
333 250
333 247
334 244
334 241
335 238
336 235
337 232
338 229
339 226
341 223
342 220
344 217
346 214
347 211
349 208
351 205
353 202
356 199
358 196
361 193
363 190
366 187
369 184
372 181
375 179
378 176
381 174
384 172
387 171
390 169
393 168
396 166
399 166
402 165
405 164
408 164
411 164
414 163
417 164
420 164
423 164
426 165
429 165
432 166
435 167
438 168
441 169
444 170
447 172
450 173
453 175
456 176
459 178
462 180
465 182
468 185
471 187
474 190
476 193
478 196
478 199
479 202
478 205
476 208
473 211
470 212
467 213
464 213
461 213
458 212
455 212
452 211
449 210
446 210
443 210
440 210
437 210
434 212
431 215
430 218
429 221
429 224
430 227
431 230
432 233
434 236
436 239
439 242
442 245
445 247
448 249
451 251
454 253
457 254
460 255
463 255
466 256
469 256
472 256
475 256
478 255
481 255
484 254
487 253
490 252
493 251
496 250
499 249
502 247
505 246
508 244
511 242
514 240
517 238
520 236
523 233
526 230
529 227
532 224
534 221
536 218
538 215
540 212
542 209
543 206
545 203
546 200
547 197
548 194
549 191
549 188
550 185
551 182
551 179
551 176
552 173
552 170
552 167
552 164
552 161
552 158
551 155
551 152
551 149
550 146
550 143
549 140
548 137
547 134
546 131
544 128
542 125
540 122
537 120
534 119
531 118
528 118
525 119
522 121
520 124
518 127
518 130
517 133
517 136
517 139
516 142
516 145
516 148
515 151
515 154
514 157
512 160
509 163
506 163
503 163
500 162
497 161
494 159
491 157
488 154
485 151
482 148
479 145
477 142
475 139
474 136
472 133
471 130
470 127
469 124
469 121
468 118
468 115
468 112
468 109
469 106
469 103
470 100
471 97
472 94
474 91
476 88
478 85
480 82
483 79
486 76
489 73
492 71
495 69
498 68
501 66
504 65
507 64
510 63
513 62
516 61
519 61
522 60
525 60
528 60
531 60
534 60
537 60
540 60
543 61
546 61
549 62
552 63
555 64
558 65
561 67
564 68
567 70
570 72
573 74
576 77
579 80
582 83
584 86
585 89
587 92
588 95
589 98
590 101
590 104
590 107
590 110
590 113
589 116
589 119
587 122
586 125
584 128
582 131
580 134
578 137
577 140
576 143
575 146
575 149
575 152
574 155
574 158
574 161
574 164
575 167
575 170
575 173
575 176
575 179
575 182
575 185
575 188
575 191
575 194
575 197
575 200
575 203
574 206
574 209
574 212
573 215
573 218
572 221
572 224
571 227
571 230
570 233
570 236
570 239
570 242
570 245
571 248
571 251
571 254
571 257
571 260
571 263
572 266
572 269
572 272
573 275
573 278
573 281
573 284
573 287
570 289
567 287
565 284
565 281
564 278
564 275
564 272
565 269
565 266
565 263
565 260
565 257
565 254
565 251
565 248
565 245
564 242
561 241
560 244
560 247
560 250
559 253
558 256
557 259
556 262
554 265
551 268
548 271
545 274
543 277
541 280
539 283
537 286
536 289
535 292
535 295
534 298
534 301
534 304
534 307
535 310
536 313
536 316
537 319
539 322
540 325
542 328
544 331
547 334
550 337
553 340
556 342
559 344
562 346
565 347
568 348
571 349
574 350
577 351
580 352
583 352
586 353
589 353
592 353
595 353
598 353
601 353
604 352
607 352
610 351
613 350
616 350
619 349
622 347
625 346
628 344
631 342
634 340
637 338
640 335
643 332
645 329
647 326
649 323
650 320
652 317
653 314
654 311
654 308
655 305
655 302
655 299
655 296
654 293
654 290
653 287
652 284
651 281
650 278
648 275
646 272
644 269
642 266
639 263
636 260
633 258
630 255
627 253
624 252
621 251
618 252
616 255
615 258
614 261
614 264
614 267
613 270
613 273
612 276
612 279
611 282
610 285
609 288
608 291
607 294
606 297
605 300
603 303
601 306
598 308
595 310
592 311
589 310
586 309
583 306
582 303
581 300
581 297
581 294
582 291
582 288
583 285
583 282
583 279
583 276
583 273
582 270
582 267
582 264
581 261
581 258
581 255
581 252
581 249
581 246
581 243
581 240
581 237
581 234
582 231
582 228
583 225
583 222
584 219
585 216
586 213
587 210
588 207
589 204
590 201
591 198
592 195
593 192
594 189
596 186
598 183
599 180
601 177
603 174
606 171
608 168
611 165
614 162
617 160
620 157
623 154
626 152
629 150
632 148
635 146
638 144
641 142
644 141
647 139
650 138
653 138
656 137
659 137
662 137
665 137
668 137
671 138
674 139
677 140
680 142
683 144
686 147
689 150
691 153
693 156
695 159
696 162
697 165
699 168
700 171
700 174
701 177
701 180
702 183
702 186
702 189
701 192
700 195
698 198
695 200
692 201
689 201
686 201
683 200
680 199
677 197
674 196
671 194
668 192
665 190
662 189
659 188
656 187
653 186
650 186
647 187
644 188
641 190
638 193
636 196
635 199
634 202
635 205
635 208
637 211
638 214
641 217
644 220
647 222
650 224
653 226
656 228
659 230
662 232
665 233
668 235
671 236
674 237
677 239
680 240
683 241
686 242
689 243
692 244
695 244
698 245
701 245
704 246
707 246
710 246
713 246
716 246
719 246
722 245
725 245
728 244
731 243
734 242
737 241
740 240
743 239
746 238
749 236
752 234
755 233
758 231
761 229
764 226
767 224
770 222
773 219
776 217
779 214
782 211
785 208
788 205
790 202
793 199
794 196
796 193
797 190
797 187
797 184
796 181
794 178
791 175
788 174
785 173
782 173
779 173
776 174
773 176
770 178
767 180
764 182
761 185
758 188
755 190
752 191
749 192
746 193
743 192
740 190
738 187
736 184
735 181
735 178
734 175
734 172
734 169
734 166
734 163
735 160
735 157
736 154
736 151
737 148
738 145
740 142
741 139
743 136
745 133
748 130
751 128
754 125
757 124
760 122
763 121
766 120
769 120
772 119
775 119
778 120
781 120
784 121
787 121
790 122
793 124
796 125
799 127
802 129
805 131
808 133
811 136
814 138
817 141
820 144
823 147
826 150
829 153
832 156
835 159
837 162
840 165
842 168
845 171
847 174
849 177
851 180
853 183
855 186
856 189
858 192
859 195
860 198
861 201
862 204
863 207
863 210
864 213
864 216
865 219
865 222
865 225
865 228
865 231
865 234
865 237
865 240
865 243
864 246
864 249
863 252
862 255
860 258
858 261
855 264
852 266
849 267
846 267
843 266
840 264
838 261
837 258
836 255
835 252
834 249
834 246
833 243
833 240
832 237
832 234
831 231
830 228
829 225
827 222
824 220
821 221
818 222
815 224
812 227
809 230
807 233
805 236
802 239
800 242
798 245
797 248
795 251
794 254
792 257
791 260
790 263
790 266
789 269
788 272
788 275
788 278
788 281
788 284
788 287
789 290
790 293
791 296
792 299
793 302
795 305
796 308
798 311
801 314
804 317
807 320
810 322
813 324
816 326
819 327
822 328
825 329
828 330
831 331
834 331
837 331
840 331
843 331
846 331
849 331
852 330
855 329
858 328
861 327
864 326
867 324
870 323
873 320
876 318
879 315
882 312
884 309
886 306
888 303
890 300
891 297
893 294
894 291
895 288
896 285
897 282
898 279
899 276
899 273
900 270
901 267
901 264
902 261
902 258
903 255
903 252
903 249
904 246
904 243
904 240
904 237
904 234
905 231
905 228
905 225
905 222
905 219
905 216
905 213
905 210
906 207
906 204
906 201
906 198
906 195
906 192
907 189
907 186
907 183
907 180
907 177
908 174
908 171
908 168
908 165
908 162
908 159
909 156
908 153
907 150
904 150
902 153
901 156
900 159
899 162
899 165
898 168
898 171
898 174
897 177
897 180
897 183
896 186
896 189
896 192
895 195
895 198
894 201
894 204
894 207
893 210
892 213
892 216
891 219
890 222
889 225
887 228
884 229
883 226
883 223
883 220
884 217
884 214
884 211
884 208
884 205
884 202
884 199
884 196
883 193
883 190
882 187
882 184
881 181
880 178
879 175
878 172
877 169
876 166
874 163
873 160
872 157
871 154
870 151
869 148
868 145
867 142
866 139
865 136
864 133
863 130
863 127
862 124
862 121
862 118
862 115
862 112
863 109
863 106
864 103
865 100
866 97
867 94
869 91
870 88
872 85
875 82
878 79
881 76
884 74
887 71
890 70
893 68
896 66
899 65
902 64
905 63
908 62
911 61
914 61
917 60
920 60
923 60
926 59
929 59
932 59
935 60
938 60
941 60
944 61
947 61
950 62
953 63
956 64
959 65
962 66
965 68
968 70
971 71
974 73
977 76
980 78
983 81
985 84
988 87
990 90
992 93
993 96
995 99
996 102
997 105
998 108
998 111
999 114
999 117
999 120
999 123
999 126
999 129
998 132
998 135
997 138
996 141
996 144
995 147
993 150
992 153
991 156
989 159
988 162
986 165
985 168
983 171
981 174
979 177
978 180
975 183
973 186
971 189
968 192
965 194
962 194
959 192
957 189
956 186
956 183
955 180
955 177
954 174
954 171
954 168
954 165
954 162
953 159
953 156
953 153
953 150
952 147
951 144
950 141
948 138
945 136
942 135
939 136
936 138
934 141
933 144
932 147
931 150
931 153
930 156
930 159
930 162
930 165
930 168
930 171
930 174
930 177
930 180
930 183
930 186
930 189
930 192
930 195
931 198
931 201
931 204
932 207
932 210
933 213
933 216
934 219
935 222
936 225
936 228
937 231
938 234
939 237
940 240
941 243
942 246
943 249
945 252
946 255
947 258
948 261
949 264
951 267
952 270
954 273
955 276
957 279
958 282
960 285
962 288
964 291
966 294
968 297
971 300
974 303
977 306
980 309
983 311
986 313
989 314
992 316
995 317
998 318
1001 319
1004 319
1007 320
1010 320
1013 320
1016 320
1019 320
1022 319
1025 318
1028 318
1031 317
1034 315
1037 314
1040 312
1043 310
1046 308
1049 305
1052 302
1054 299
1056 296
1058 293
1059 290
1061 287
1062 284
1063 281
1064 278
1064 275
1065 272
1065 269
1066 266
1066 263
1066 260
1066 257
1066 254
1066 251
1065 248
1065 245
1064 242
1063 239
1062 236
1060 233
1058 230
1055 227
1052 225
1049 225
1046 225
1043 226
1040 229
1037 232
1034 235
1032 238
1030 241
1027 244
1024 246
1021 247
1018 248
1015 247
1012 247
1009 245
1006 243
1004 240
1002 237
1000 234
999 231
999 228
999 225
999 222
999 219
1000 216
1001 213
1002 210
1003 207
1005 204
1007 201
1008 198
1011 195
1013 192
1015 189
1018 186
1020 183
1023 180
1026 177
1029 174
1032 171
1035 168
1038 165
1041 162
1044 160
1047 157
1050 155
1053 153
1056 151
1059 149
1062 147
1065 146
1068 144
1071 143
1074 142
1077 141
1080 140
1083 139
1086 139
1089 139
1092 138
1095 139
1098 139
1101 139
1104 140
1107 141
1110 141
1113 143
1116 144
1119 146
1122 148
1125 150
1128 152
1131 155
1134 158
1137 161
1139 164
1142 167
1144 170
1146 173
1148 176
1149 179
1151 182
1152 185
1153 188
1154 191
1155 194
1156 197
1157 200
1157 203
1157 206
1157 209
1157 212
1156 215
1154 218
1151 221
1148 222
1145 222
1142 221
1139 220
1136 218
1133 216
1130 214
1127 213
1124 212
1121 213
1118 215
1116 218
1115 221
1115 224
1114 227
1115 230
1115 233
1115 236
1116 239
1117 242
1117 245
1118 248
1120 251
1121 254
1122 257
1124 260
1125 263
1127 266
1129 269
1131 272
1133 275
1136 278
1138 281
1141 284
1144 286
1147 289
1150 291
1153 293
1156 295
1159 296
1162 297
1165 298
1168 299
1171 300
1174 300
1177 300
1180 301
1183 301
1186 300
1189 300
1192 299
1195 298
1198 297
1 296
4 295
7 293
10 291
13 289
16 286
19 283
22 280
24 277
26 274
28 271
30 268
31 265
33 262
34 259
35 256
36 253
37 250
38 247
39 244
40 241
41 238
41 235
42 232
43 229
43 226
44 223
44 220
45 217
45 214
45 211
46 208
46 205
46 202
46 199
46 196
46 193
46 190
45 187
45 184
45 181
44 178
43 175
42 172
40 169
37 166
34 166
31 167
28 170
27 173
25 176
24 179
23 182
22 185
20 188
19 191
16 194
13 195
10 194
7 192
4 189
3 186
1 183
0 180
1199 177
1198 174
1197 171
1196 168
1196 165
1195 162
1195 159
1195 156
1194 153
1194 150
1194 147
1194 144
1195 141
1195 138
1195 135
1196 132
1197 129
1198 126
