0 200
6 200
12 199
18 199
24 199
30 199
36 199
42 199
48 199
54 199
60 199
66 199
72 199
78 199
84 199
90 199
96 199
102 199
108 199
114 199
120 199
126 199
132 199
138 199
144 200
150 200
156 200
162 200
168 200
174 200
180 200
186 200
192 199
198 199
204 199
210 199
216 199
222 199
228 199
234 200
240 200
246 200
252 200
258 199
264 199
270 199
276 199
282 199
288 199
294 199
300 199
306 199
312 199
318 200
324 200
330 200
336 200
342 200
348 200
354 200
360 200
366 200
372 200
378 199
384 199
390 199
396 199
402 199
408 199
414 199
420 199
426 200
432 200
438 200
444 200
450 200
456 200
462 200
468 200
474 199
480 199
486 199
492 199
498 199
504 199
510 199
516 199
522 199
528 199
534 199
540 199
546 199
552 199
558 199
564 199
570 200
576 200
582 200
588 200
594 200
600 200
606 200
612 200
618 200
624 200
630 200
636 200
642 199
648 199
654 199
660 199
666 199
672 199
678 199
684 199
690 199
696 199
702 200
708 200
714 200
720 200
726 200
732 200
738 199
744 199
750 199
756 199
762 199
768 199
774 199
780 199
786 199
792 199
798 199
804 199
810 200
816 200
822 200
828 200
834 200
840 200
846 200
852 200
858 200
864 200
870 200
876 199
882 199
888 199
894 199
900 199
906 199
912 199
918 199
924 199
930 199
936 199
942 199
948 199
954 199
960 199
966 199
972 199
978 199
984 200
990 200
996 200
1002 200
1008 200
1014 200
1020 200
1026 200
1032 200
1038 200
1044 200
1050 200
1056 200
1062 200
1068 200
1074 200
1080 199
1086 199
1092 199
1098 199
1104 199
1110 199
1116 200
1122 200
1128 200
1134 200
1140 200
1146 200
1152 200
1158 200
1164 200
1170 200
1176 200
1182 200
1188 200
