0 223
6 220
12 216
18 211
24 207
30 202
36 198
42 194
48 192
54 190
60 189
66 189
72 189
78 190
84 192
90 195
96 198
102 202
108 207
114 211
120 215
126 219
132 221
138 224
144 225
150 226
156 226
162 226
168 225
174 224
180 222
186 221
192 220
198 219
204 218
210 217
216 217
222 216
228 214
234 213
240 210
246 207
252 203
258 199
264 196
270 194
276 192
282 191
288 192
294 194
300 197
306 202
311 208
314 214
318 220
322 226
328 232
334 235
340 237
346 237
352 237
358 234
364 231
370 225
375 219
381 213
387 208
393 205
399 203
405 203
411 203
417 206
423 209
429 213
435 218
441 222
447 225
453 227
459 228
465 227
471 226
477 222
483 218
487 212
491 206
494 200
498 194
502 188
507 182
513 178
519 175
525 173
531 173
537 174
543 175
549 179
555 184
560 190
563 196
564 202
565 208
566 214
566 220
566 226
568 232
570 238
574 244
580 249
586 253
592 255
598 255
604 255
610 253
616 250
622 245
626 239
629 233
630 227
632 221
633 215
635 209
639 203
644 197
650 193
656 191
662 190
668 190
674 192
680 196
686 201
691 207
696 213
702 218
708 222
714 224
720 224
726 223
732 220
738 215
743 209
748 203
754 197
760 193
766 190
772 189
778 189
784 191
790 194
796 198
801 204
804 210
807 216
810 222
814 228
818 234
824 239
830 242
836 244
842 245
848 244
854 243
860 240
866 236
872 230
876 224
879 218
881 212
883 206
886 200
890 194
895 188
901 183
907 180
913 177
919 176
925 176
931 176
937 178
943 180
949 183
955 188
960 194
965 200
968 206
972 212
976 218
982 224
988 229
994 233
1000 235
1006 237
1012 237
1018 237
1024 236
1030 234
1036 232
1042 228
1048 224
1054 219
1060 215
1066 210
1072 207
1078 204
1084 202
1090 201
1096 201
1102 202
1108 203
1114 205
1120 208
1126 211
1132 215
1138 218
1144 221
1150 223
1156 225
1162 227
1168 228
1174 228
1180 228
1186 227
1192 226
