0 187
6 189
12 194
18 200
21 206
24 212
27 218
30 224
34 230
40 235
46 238
52 239
58 239
64 238
70 235
76 231
82 225
85 219
87 213
89 207
89 201
88 195
87 189
85 183
84 177
83 171
83 165
85 159
88 153
94 147
100 142
106 139
112 138
118 137
124 137
130 138
136 140
142 142
148 147
154 153
158 159
160 165
161 171
161 177
160 183
157 189
154 195
152 201
150 207
150 213
150 219
151 225
154 231
157 237
163 243
169 247
175 250
181 251
187 251
193 250
199 247
205 243
210 237
214 231
218 225
223 219
229 215
235 212
241 211
247 211
253 212
259 213
265 214
271 214
277 214
283 212
289 209
295 203
299 197
301 191
302 185
302 179
301 173
300 167
300 161
302 155
306 149
312 143
318 140
324 138
330 136
336 136
342 137
348 138
354 140
360 144
366 149
371 155
374 161
377 167
378 173
379 179
379 185
378 191
376 197
372 203
368 209
365 215
364 221
363 227
363 233
364 239
366 245
370 251
374 257
380 262
386 266
392 268
398 270
404 270
410 270
416 269
422 267
428 263
434 258
439 252
443 246
445 240
446 234
446 228
445 222
443 216
441 210
439 204
438 198
437 192
438 186
439 180
441 174
444 168
449 162
455 156
461 152
467 149
473 147
479 146
485 145
491 146
497 147
503 150
509 153
515 158
520 164
524 170
527 176
530 182
534 188
537 194
542 200
547 206
553 212
559 217
564 223
570 229
574 235
578 241
583 247
589 253
595 257
601 260
607 262
613 263
619 263
625 262
631 260
637 256
643 252
648 246
652 240
654 234
657 228
658 222
659 216
660 210
659 204
658 198
656 192
650 187
644 183
639 177
636 171
635 165
635 159
636 153
639 147
642 141
647 135
653 130
659 126
665 124
671 123
677 122
683 122
689 123
695 125
701 128
707 133
713 139
717 145
719 151
721 157
721 163
721 169
720 175
718 181
713 187
707 192
703 198
701 204
701 210
701 216
702 222
703 228
705 234
708 240
712 246
717 252
723 257
729 260
735 261
741 262
747 261
753 259
759 256
765 251
769 245
773 239
775 233
776 227
776 221
775 215
772 209
768 203
765 197
764 191
764 185
765 179
766 173
769 167
773 161
778 155
784 150
790 146
796 144
802 143
808 143
814 144
820 146
826 149
832 153
838 159
842 165
845 171
847 177
848 183
848 189
848 195
846 201
843 207
839 213
836 219
834 225
834 231
835 237
836 243
838 249
841 255
846 261
852 267
858 271
864 273
870 275
876 276
882 276
888 275
894 273
900 270
906 267
912 261
917 255
920 249
923 243
924 237
925 231
925 225
924 219
922 213
919 207
913 201
910 195
908 189
907 183
907 177
908 171
909 165
911 159
914 153
918 147
924 141
930 136
936 133
942 130
948 128
954 127
960 127
966 127
972 128
978 130
984 132
990 136
996 141
1002 147
1005 153
1008 159
1009 165
1010 171
1009 177
1008 183
1006 189
1004 195
1002 201
1002 207
1002 213
1004 219
1006 225
1008 231
1012 237
1017 243
1023 248
1029 252
1035 254
1041 256
1047 257
1053 256
1059 255
1065 253
1071 249
1076 243
1080 237
1082 231
1084 225
1086 219
1087 213
1090 207
1094 201
1100 195
1106 191
1112 189
1118 188
1124 188
1130 189
1136 190
1142 191
1148 192
1154 193
1160 192
1166 191
1172 190
1178 188
1184 187
1190 186
