0 187
6 189
12 193
17 199
21 205
24 211
26 217
28 223
31 229
36 235
42 239
48 241
54 242
60 242
66 241
72 238
78 234
83 228
87 222
89 216
91 210
92 204
91 198
90 192
87 186
84 180
82 174
81 168
82 162
84 156
87 150
92 144
98 139
104 136
110 134
116 133
122 133
128 133
134 135
140 137
146 141
152 146
157 152
160 158
162 164
163 170
163 176
162 182
159 188
154 194
150 200
148 206
147 212
147 218
148 224
150 230
153 236
157 242
163 248
169 252
175 254
181 255
187 255
193 254
199 251
205 247
210 241
214 235
217 229
222 223
228 218
234 215
240 214
246 213
252 214
258 215
264 215
270 216
276 215
282 214
288 211
294 207
299 201
303 195
304 189
304 183
302 177
300 171
299 165
299 159
301 153
304 147
310 141
316 137
322 134
328 133
334 132
340 132
346 134
352 136
358 139
364 143
370 149
374 155
377 161
379 167
381 173
381 179
381 185
381 191
379 197
375 203
369 209
364 215
362 221
361 227
361 233
361 239
363 245
366 251
369 257
375 263
381 268
387 271
393 273
399 275
405 275
411 274
417 273
423 271
429 268
435 263
440 257
444 251
446 245
448 239
448 233
448 227
446 221
443 215
439 209
436 203
435 197
435 191
436 185
437 179
440 173
443 167
447 161
452 155
458 150
464 147
470 144
476 143
482 142
488 142
494 143
500 145
506 148
512 152
518 158
523 164
526 170
529 176
531 182
534 188
537 194
541 200
546 206
551 212
557 218
563 224
568 230
572 236
576 242
580 248
585 254
591 259
597 263
603 265
609 267
615 267
621 267
627 265
633 263
639 259
645 254
650 248
654 242
656 236
659 230
660 224
662 218
662 212
662 206
662 200
660 194
656 188
650 185
644 184
638 179
634 173
633 167
633 161
633 155
635 149
637 143
641 137
646 131
652 126
658 123
664 120
670 119
676 118
682 118
688 119
694 121
700 124
706 128
712 134
716 140
719 146
721 152
722 158
723 164
723 170
722 176
719 182
713 188
707 190
701 196
699 202
699 208
699 214
700 220
701 226
703 232
705 238
708 244
712 250
718 256
724 260
730 263
736 264
742 265
748 264
754 262
760 258
766 253
771 247
774 241
777 235
778 229
778 223
777 217
774 211
768 205
763 199
761 193
761 187
762 181
764 175
766 169
770 163
774 157
780 151
786 147
792 144
798 142
804 141
810 141
816 142
822 144
828 148
834 152
839 158
843 164
846 170
848 176
850 182
851 188
851 194
849 200
846 206
840 212
835 218
833 224
832 230
832 236
833 242
835 248
837 254
841 260
846 266
852 271
858 275
864 278
870 279
876 280
882 280
888 279
894 278
900 275
906 271
912 266
917 260
921 254
924 248
926 242
927 236
928 230
928 224
927 218
924 212
918 207
912 202
907 196
905 190
905 184
905 178
905 172
906 166
908 160
911 154
914 148
919 142
925 136
931 131
937 128
943 125
949 124
955 123
961 123
967 123
973 124
979 126
985 128
991 132
997 137
1003 143
1007 149
1009 155
1011 161
1012 167
1011 173
1010 179
1007 185
1004 191
1001 197
999 203
998 209
999 215
1000 221
1002 227
1005 233
1009 239
1014 245
1020 251
1026 255
1032 258
1038 260
1044 261
1050 261
1056 260
1062 258
1068 255
1074 250
1079 244
1082 238
1083 232
1084 226
1085 220
1086 214
1088 208
1092 202
1098 196
1104 192
1110 190
1116 189
1122 189
1128 189
1134 190
1140 191
1146 192
1152 193
1158 193
1164 192
1170 190
1176 189
1182 187
1188 186
