0 198
6 198
12 199
18 199
24 199
30 199
36 200
42 200
48 200
54 200
60 200
66 200
72 200
78 199
84 198
90 198
96 197
102 197
108 196
114 196
120 196
126 196
132 196
138 197
144 197
150 198
156 199
162 200
168 200
174 201
180 201
186 201
192 201
198 201
204 201
210 200
216 200
222 199
228 199
234 199
240 199
246 199
252 199
258 199
264 200
270 200
276 200
282 200
288 199
294 199
300 198
306 198
312 197
318 196
324 196
330 195
336 195
342 196
348 196
354 197
360 198
366 199
372 200
378 200
384 201
390 202
396 202
402 202
408 202
414 202
420 201
426 201
432 200
438 200
444 199
450 199
456 198
462 197
468 197
474 197
480 197
486 197
492 197
498 197
504 197
510 198
516 198
522 198
528 199
534 199
540 199
546 200
552 200
558 200
564 200
570 200
576 200
582 200
588 200
594 201
600 201
606 202
612 202
618 202
624 202
630 202
636 201
642 200
648 199
654 198
660 196
666 195
672 194
678 194
684 194
690 194
696 195
702 196
708 197
714 199
720 200
726 201
732 202
738 203
744 203
750 202
756 201
762 200
768 199
774 198
780 197
786 196
792 196
798 196
804 196
810 196
816 197
822 197
828 198
834 199
840 200
846 200
852 201
858 202
864 202
870 202
876 203
882 202
888 202
894 202
900 201
906 200
912 200
918 199
924 198
930 197
936 196
942 196
948 195
954 195
960 195
966 195
972 196
978 196
984 196
990 197
996 197
1002 198
1008 198
1014 199
1020 199
1026 200
1032 200
1038 201
1044 201
1050 201
1056 201
1062 201
1068 201
1074 201
1080 201
1086 200
1092 200
1098 199
1104 199
1110 199
1116 199
1122 199
1128 199
1134 199
1140 199
1146 199
1152 199
1158 199
1164 199
1170 199
1176 199
1182 199
1188 199
