0 198
6 198
12 199
18 199
24 199
30 199
36 199
42 199
48 199
54 199
60 199
66 199
72 199
78 199
84 198
90 198
96 198
102 198
108 198
114 198
120 198
126 198
132 198
138 198
144 198
150 198
156 199
162 199
168 199
174 199
180 199
186 199
192 199
198 199
204 199
210 199
216 199
222 199
228 199
234 198
240 198
246 198
252 199
258 199
264 199
270 199
276 199
282 199
288 199
294 199
300 198
306 198
312 198
318 198
324 198
330 198
336 198
342 198
348 198
354 198
360 198
366 199
372 199
378 199
384 199
390 199
396 199
402 199
408 199
414 199
420 199
426 199
432 199
438 199
444 199
450 199
456 198
462 198
468 198
474 198
480 198
486 198
492 198
498 198
504 198
510 198
516 198
522 199
528 199
534 199
540 199
546 199
552 199
558 199
564 199
570 199
576 199
582 199
588 199
594 199
600 199
606 199
612 199
618 199
624 199
630 199
636 199
642 199
648 199
654 198
660 198
666 198
672 198
678 198
684 198
690 198
696 198
702 198
708 198
714 199
720 199
726 199
732 199
738 199
744 199
750 199
756 199
762 199
768 198
774 198
780 198
786 198
792 198
798 198
804 198
810 198
816 198
822 198
828 199
834 199
840 199
846 199
852 199
858 199
864 199
870 199
876 199
882 199
888 199
894 199
900 199
906 199
912 199
918 199
924 198
930 198
936 198
942 198
948 198
954 198
960 198
966 198
972 198
978 198
984 198
990 198
996 198
1002 198
1008 198
1014 199
1020 199
1026 199
1032 199
1038 199
1044 199
1050 199
1056 199
1062 199
1068 199
1074 199
1080 199
1086 199
1092 199
1098 199
1104 199
1110 199
1116 199
1122 199
1128 199
1134 199
1140 199
1146 199
1152 199
1158 199
1164 199
1170 199
1176 199
1182 199
1188 199
