0 167
5 167
10 168
15 169
20 171
25 173
30 175
35 177
40 180
45 183
50 187
55 192
59 197
62 202
64 207
64 212
63 217
60 222
56 227
51 230
46 231
41 231
36 231
31 230
26 231
21 233
16 237
14 242
13 247
12 252
13 257
15 262
17 267
20 272
25 277
30 281
35 284
40 286
45 287
50 287
55 287
60 285
65 284
70 281
75 277
80 272
85 267
88 262
91 257
94 252
97 247
99 242
102 237
104 232
107 227
109 222
111 217
113 212
115 207
117 202
119 197
121 192
122 187
124 182
125 177
126 172
127 167
128 162
129 157
129 152
130 147
130 142
130 137
130 132
129 127
125 122
120 121
115 123
111 128
108 133
106 138
105 143
104 148
102 153
99 158
94 162
89 161
84 159
79 155
75 150
71 145
68 140
66 135
65 130
64 125
64 120
64 115
65 110
67 105
69 100
72 95
76 90
81 85
86 82
91 79
96 76
101 74
106 73
111 72
116 71
121 71
126 71
131 72
136 73
141 74
146 76
151 78
156 81
161 84
166 88
171 92
175 97
179 102
182 107
185 112
187 117
189 122
190 127
192 132
193 137
193 142
193 147
193 152
192 157
191 162
190 167
187 172
184 177
179 181
174 184
169 184
165 179
164 174
163 169
163 164
162 159
161 154
160 149
159 144
157 139
153 134
148 133
146 138
145 143
145 148
144 153
144 158
143 163
142 168
141 173
140 178
139 183
139 188
138 193
137 198
136 203
136 208
135 213
135 218
134 223
134 228
134 233
133 238
133 243
133 248
133 253
133 258
133 263
133 268
134 273
135 278
136 283
138 288
141 293
144 298
148 303
153 308
158 311
163 314
168 316
173 317
178 318
183 318
188 318
193 317
198 316
203 313
208 310
213 306
217 301
220 296
221 291
222 286
220 281
216 276
211 274
206 271
201 268
198 263
197 258
198 253
201 248
205 243
210 239
215 236
220 234
225 232
230 230
235 228
240 227
245 226
250 224
255 223
260 222
265 221
270 219
275 218
280 216
285 214
290 213
295 210
300 208
305 206
310 203
315 200
320 196
325 193
330 188
335 183
340 178
343 173
345 168
347 163
347 158
347 153
346 148
343 143
340 138
335 134
330 132
325 132
320 133
315 137
311 142
307 147
303 152
299 157
294 161
289 163
284 163
279 160
274 155
271 150
270 145
269 140
269 135
269 130
270 125
271 120
272 115
274 110
277 105
280 100
284 95
289 90
294 86
299 83
304 80
309 78
314 77
319 76
324 75
329 75
334 75
339 76
344 77
349 79
354 81
359 84
364 87
369 92
373 97
376 102
379 107
381 112
383 117
385 122
386 127
388 132
389 137
390 142
391 147
392 152
394 157
395 162
396 167
397 172
398 177
399 182
399 187
400 192
400 197
400 202
400 207
400 212
400 217
400 222
399 227
399 232
398 237
398 242
397 247
397 252
397 257
397 262
397 267
397 272
395 277
390 277
386 272
383 267
382 262
381 257
380 252
379 247
379 242
379 237
378 232
378 227
377 222
373 217
368 220
364 225
360 230
357 235
354 240
351 245
349 250
347 255
346 260
345 265
344 270
344 275
344 280
344 285
345 290
346 295
348 300
350 305
353 310
356 315
360 320
365 325
370 328
375 331
380 334
385 336
390 337
395 338
400 338
405 338
410 338
415 337
420 336
425 335
430 332
435 330
440 326
445 322
450 317
454 312
457 307
460 302
462 297
464 292
466 287
467 282
468 277
469 272
470 267
471 262
471 257
471 252
471 247
470 242
469 237
468 232
466 227
464 222
459 217
454 216
449 220
447 225
445 230
444 235
442 240
441 245
439 250
437 255
435 260
433 265
431 270
429 275
425 280
420 283
415 280
413 275
413 270
413 265
413 260
414 255
414 250
414 245
415 240
415 235
416 230
416 225
417 220
417 215
418 210
418 205
419 200
420 195
421 190
421 185
422 180
423 175
424 170
425 165
426 160
427 155
429 150
430 145
431 140
433 135
435 130
437 125
440 120
443 115
446 110
451 105
456 100
461 97
466 94
471 92
476 91
481 90
486 89
491 89
496 89
501 90
506 91
511 92
516 94
521 97
526 100
531 104
536 108
541 113
545 118
549 123
552 128
555 133
558 138
560 143
562 148
564 153
566 158
568 163
569 168
570 173
571 178
571 183
571 188
571 193
568 198
563 198
558 195
553 193
549 198
550 203
550 208
552 213
553 218
554 223
555 228
556 233
556 238
553 243
548 246
544 251
542 256
542 261
542 266
542 271
543 276
544 281
546 286
548 291
550 296
553 301
556 306
560 311
565 316
570 320
575 324
580 326
585 329
590 330
595 331
600 332
605 332
610 332
615 332
620 331
625 329
630 328
635 325
640 322
645 318
650 313
654 308
657 303
660 298
662 293
664 288
665 283
667 278
668 273
669 268
670 263
670 258
671 253
672 248
672 243
673 238
673 233
674 228
674 223
674 218
674 213
674 208
674 203
674 198
673 193
673 188
672 183
671 178
670 173
669 168
668 163
667 158
666 153
665 148
664 143
663 138
662 133
662 128
661 123
659 118
654 117
650 122
649 127
647 132
647 137
646 142
645 147
644 152
644 157
643 162
643 167
642 172
642 177
642 182
642 187
641 192
639 197
634 200
629 198
625 193
622 188
620 183
618 178
617 173
616 168
615 163
615 158
614 153
614 148
614 143
613 138
614 133
614 128
614 123
615 118
616 113
617 108
619 103
621 98
623 93
626 88
630 83
635 78
640 74
645 71
650 68
655 67
660 65
665 64
670 64
675 64
680 64
685 65
690 67
695 69
700 71
705 75
710 79
714 84
717 89
719 94
721 99
722 104
722 109
722 114
722 119
721 124
720 129
718 134
717 139
715 144
713 149
712 154
710 159
709 164
708 169
707 174
708 179
709 184
710 189
705 190
702 185
701 180
699 175
698 170
697 165
696 160
695 155
694 150
693 145
692 140
691 135
690 130
689 125
686 120
681 116
678 121
679 126
680 131
681 136
682 141
683 146
684 151
685 156
686 161
687 166
689 171
690 176
691 181
693 186
694 191
695 196
696 201
697 206
699 211
700 216
701 221
702 226
704 231
705 236
706 241
707 246
708 251
709 256
710 261
711 266
713 271
715 276
717 281
721 286
725 291
730 294
735 297
740 298
745 298
750 298
755 296
760 294
765 291
770 287
775 282
779 277
782 272
785 267
788 262
790 257
792 252
794 247
796 242
798 237
799 232
800 227
801 222
803 217
803 212
804 207
805 202
806 197
806 192
806 187
806 182
805 177
801 172
796 170
791 171
786 176
783 181
781 186
778 191
775 196
773 201
770 206
768 211
766 216
764 221
762 226
757 231
752 233
747 231
742 226
740 221
738 216
737 211
737 206
737 201
737 196
737 191
737 186
738 181
739 176
741 171
742 166
744 161
747 156
749 151
752 146
756 141
759 136
763 131
768 126
773 121
778 117
783 114
788 111
793 110
798 109
803 108
808 108
813 109
818 110
823 112
828 115
833 118
838 122
842 127
846 132
849 137
853 142
855 147
858 152
860 157
862 162
864 167
866 172
867 177
868 182
870 187
871 192
871 197
872 202
873 207
873 212
874 217
874 222
875 227
875 232
875 237
876 242
876 247
876 252
877 257
877 262
877 267
874 272
869 273
864 268
862 263
860 258
859 253
858 248
856 243
855 238
854 233
852 228
851 223
849 218
848 213
847 208
845 203
844 198
842 193
838 188
833 190
832 195
832 200
832 205
831 210
831 215
830 220
830 225
829 230
829 235
828 240
828 245
827 250
826 255
826 260
826 265
825 270
825 275
825 280
826 285
826 290
827 295
828 300
830 305
832 310
835 315
838 320
843 325
848 330
853 333
858 336
863 338
868 339
873 340
878 341
883 341
888 340
893 339
898 338
903 336
908 334
913 331
918 327
923 322
927 317
930 312
932 307
934 302
935 297
936 292
937 287
937 282
937 277
937 272
937 267
936 262
936 257
935 252
934 247
933 242
933 237
932 232
931 227
930 222
929 217
929 212
928 207
928 202
927 197
927 192
927 187
927 182
927 177
927 172
927 167
922 165
920 170
918 175
917 180
916 185
916 190
915 195
914 200
913 205
913 210
912 215
912 220
911 225
910 230
910 235
909 240
908 245
907 250
906 255
904 260
899 264
895 259
896 254
896 249
896 244
896 239
896 234
896 229
897 224
897 219
897 214
897 209
897 204
897 199
897 194
896 189
896 184
896 179
896 174
896 169
896 164
895 159
895 154
895 149
895 144
895 139
896 134
896 129
896 124
897 119
898 114
899 109
901 104
903 99
905 94
908 89
912 84
916 79
921 75
926 71
931 68
936 66
941 64
946 62
951 61
956 60
961 60
966 59
971 60
976 60
981 61
986 61
991 63
996 64
1001 67
1006 69
1011 72
1016 76
1021 81
1026 86
1029 91
1032 96
1034 101
1036 106
1037 111
1038 116
1038 121
1038 126
1037 131
1036 136
1035 141
1033 146
1031 151
1028 156
1025 161
1021 166
1016 171
1011 176
1006 180
1001 183
996 185
991 184
986 179
984 174
984 169
983 164
984 159
984 154
984 149
983 144
982 139
977 134
972 133
967 133
962 135
957 140
954 145
952 150
952 155
951 160
951 165
951 170
951 175
951 180
952 185
953 190
954 195
955 200
956 205
957 210
959 215
961 220
963 225
965 230
968 235
970 240
973 245
975 250
978 255
981 260
984 265
987 270
991 275
994 280
998 285
1002 290
1006 295
1011 300
1016 305
1021 309
1026 312
1031 314
1036 316
1041 318
1046 319
1051 319
1056 319
1061 319
1066 318
1071 317
1076 315
1081 312
1086 308
1091 303
1095 298
1098 293
1100 288
1101 283
1102 278
1102 273
1102 268
1101 263
1098 258
1095 253
1090 250
1085 248
1080 249
1075 250
1070 253
1065 256
1060 258
1055 259
1050 259
1045 258
1040 255
1036 250
1033 245
1031 240
1030 235
1031 230
1032 225
1035 220
1038 215
1043 210
1048 205
1053 202
1058 198
1063 195
1068 192
1073 189
1078 187
1083 185
1088 183
1093 182
1098 180
1103 179
1108 178
1113 177
1118 177
1123 176
1128 176
1133 175
1138 175
1143 174
1148 174
1153 173
1158 172
1163 171
1168 170
1173 169
1178 168
1183 167
1188 167
1193 166
