0 189
6 191
12 195
18 200
22 206
24 212
26 218
26 224
27 230
28 236
31 242
35 248
41 253
47 255
53 256
59 256
65 255
71 253
77 249
83 244
88 238
91 232
94 226
96 220
97 214
97 208
97 202
95 196
92 190
86 185
81 179
79 173
78 167
78 161
79 155
81 149
85 143
90 137
96 132
102 129
108 127
114 126
120 125
126 125
132 127
138 128
144 131
150 135
156 140
161 146
164 152
167 158
168 164
169 170
169 176
167 182
164 188
158 194
152 197
147 203
144 209
143 215
142 221
142 227
143 233
145 239
147 245
150 251
154 257
160 263
166 267
172 269
178 270
184 271
190 270
196 268
202 265
208 259
211 253
213 247
216 241
219 235
225 229
231 225
237 223
243 222
249 222
255 222
261 223
267 223
273 223
279 222
285 220
291 218
297 213
303 207
307 201
309 195
310 189
309 183
305 177
299 171
295 165
294 159
295 153
297 147
301 141
307 135
313 131
319 128
325 126
331 125
337 125
343 126
349 127
355 130
361 133
367 138
372 144
376 150
380 156
382 162
384 168
385 174
386 180
387 186
387 192
386 198
384 204
381 210
375 214
369 216
363 220
359 226
357 232
357 238
356 244
357 250
358 256
360 262
363 268
367 274
373 280
379 284
385 287
391 289
397 291
403 291
409 291
415 290
421 289
427 286
433 283
439 278
444 272
448 266
450 260
452 254
453 248
453 242
452 236
449 230
443 225
437 221
432 215
430 209
429 203
430 197
430 191
432 185
434 179
436 173
439 167
442 161
447 155
453 149
459 144
465 141
471 139
477 137
483 137
489 137
495 138
501 139
507 142
513 146
519 151
524 157
528 163
531 169
533 175
534 181
536 187
537 193
539 199
542 205
546 211
550 217
554 223
559 229
563 235
566 241
569 247
572 253
575 259
579 265
584 271
590 276
596 279
602 282
608 283
614 283
620 283
626 282
632 280
638 276
644 272
650 266
654 260
657 254
660 248
662 242
663 236
665 230
666 224
666 218
667 212
667 206
667 200
666 194
664 188
658 183
652 184
646 187
640 187
634 183
630 177
628 171
628 165
628 159
628 153
630 147
632 141
635 135
639 129
645 123
651 119
657 115
663 113
669 112
675 111
681 111
687 112
693 114
699 116
705 120
711 126
716 132
719 138
722 144
723 150
724 156
725 162
725 168
725 174
724 180
722 186
717 192
711 192
705 189
699 191
696 197
696 203
696 209
696 215
697 221
698 227
699 233
701 239
702 245
705 251
708 257
712 263
718 269
724 273
730 276
736 277
742 278
748 277
754 275
760 272
766 267
772 261
776 255
779 249
781 243
782 237
783 231
783 225
781 219
775 214
769 213
763 212
757 207
755 201
755 195
756 189
758 183
760 177
763 171
766 165
770 159
775 153
781 147
787 143
793 140
799 139
805 138
811 138
817 139
823 142
829 145
835 150
841 156
845 162
848 168
851 174
853 180
855 186
856 192
856 198
856 204
855 210
852 216
846 219
840 220
834 222
830 228
828 234
828 240
828 246
829 252
831 258
833 264
836 270
839 276
845 282
851 287
857 291
863 293
869 295
875 296
881 296
887 296
893 294
899 292
905 289
911 285
917 279
922 273
926 267
928 261
930 255
932 249
932 243
933 237
932 231
931 225
929 219
924 213
918 212
912 213
906 210
902 204
900 198
900 192
899 186
900 180
900 174
902 168
903 162
905 156
908 150
911 144
915 138
920 132
926 127
932 123
938 119
944 117
950 116
956 115
962 114
968 115
974 116
980 117
986 120
992 123
998 128
1004 134
1009 140
1012 146
1014 152
1016 158
1017 164
1016 170
1015 176
1013 182
1009 188
1003 191
997 195
993 201
991 207
991 213
991 219
992 225
994 231
996 237
998 243
1002 249
1006 255
1011 261
1017 266
1023 270
1029 273
1035 276
1041 277
1047 277
1053 277
1059 276
1065 273
1071 270
1077 264
1081 258
1083 252
1084 246
1083 240
1082 234
1081 228
1081 222
1083 216
1086 210
1090 204
1096 199
1102 195
1108 193
1114 191
1120 191
1126 191
1132 192
1138 193
1144 194
1150 195
1156 194
1162 194
1168 192
1174 191
1180 189
1186 188
1192 188
