0 182
6 184
12 186
18 189
24 192
30 197
35 203
39 209
41 215
42 221
40 227
35 233
29 238
25 244
23 250
23 256
25 262
29 268
35 273
41 276
47 278
53 279
59 279
65 278
71 275
77 272
83 267
88 261
92 255
96 249
99 243
101 237
104 231
106 225
108 219
110 213
111 207
113 201
114 195
115 189
115 183
115 177
113 171
107 167
101 168
95 174
89 178
83 178
77 173
73 167
71 161
69 155
69 149
69 143
70 137
72 131
75 125
80 119
86 113
92 109
98 106
104 103
110 102
116 101
122 101
128 101
134 102
140 104
146 106
152 109
158 113
164 118
169 124
174 130
177 136
180 142
182 148
183 154
184 160
183 166
183 172
181 178
178 184
174 190
168 194
162 192
157 186
152 180
146 178
140 184
138 190
137 196
136 202
136 208
135 214
135 220
135 226
135 232
135 238
135 244
136 250
137 256
138 262
140 268
143 274
146 280
151 286
157 292
163 295
169 298
175 299
181 300
187 300
193 299
199 296
205 292
210 286
212 280
213 274
211 268
209 262
209 256
210 250
215 244
221 239
227 236
233 234
239 232
245 231
251 230
257 229
263 228
269 227
275 226
281 225
287 223
293 221
299 218
305 214
311 210
317 205
322 199
326 193
329 187
331 181
331 175
329 169
324 163
318 161
312 161
306 164
300 167
294 169
288 167
282 161
281 155
280 149
281 143
282 137
285 131
288 125
293 119
299 114
305 110
311 107
317 105
323 104
329 103
335 103
341 104
347 105
353 107
359 110
365 114
371 119
376 125
380 131
383 137
385 143
387 149
389 155
390 161
392 167
393 173
394 179
394 185
395 191
395 197
396 203
396 209
396 215
395 221
395 227
394 233
393 239
389 245
383 244
379 238
376 232
374 226
368 221
362 224
358 230
355 236
352 242
350 248
349 254
348 260
348 266
349 272
350 278
351 284
354 290
357 296
362 302
368 308
374 313
380 316
386 319
392 320
398 321
404 322
410 321
416 320
422 319
428 317
434 314
440 310
446 304
451 298
455 292
459 286
461 280
463 274
464 268
464 262
464 256
464 250
462 244
460 238
456 232
450 230
444 233
439 239
436 245
430 251
424 253
418 248
416 242
416 236
416 230
417 224
417 218
418 212
419 206
420 200
422 194
423 188
425 182
427 176
429 170
431 164
433 158
436 152
439 146
443 140
448 134
454 128
460 124
466 121
472 119
478 117
484 117
490 116
496 117
502 118
508 120
514 123
520 126
526 131
532 136
537 142
541 148
545 154
547 160
550 166
551 172
552 178
551 184
549 190
545 196
544 202
545 208
547 214
550 220
553 226
556 232
559 238
560 244
561 250
560 256
560 262
559 268
560 274
561 280
564 286
568 292
573 298
579 304
585 307
591 310
597 312
603 313
609 314
615 314
621 313
627 311
633 309
639 305
645 301
650 295
655 289
658 283
661 277
663 271
665 265
666 259
668 253
669 247
670 241
671 235
671 229
672 223
672 217
673 211
673 205
673 199
673 193
673 187
672 181
672 175
671 169
670 163
668 157
662 152
656 156
653 162
651 168
649 174
648 180
646 186
643 192
637 195
631 193
626 187
622 181
620 175
619 169
618 163
617 157
617 151
617 145
618 139
620 133
622 127
624 121
628 115
633 109
639 103
645 99
651 95
657 93
663 91
669 90
675 90
681 90
687 91
693 93
699 96
705 100
711 105
716 111
719 117
722 123
723 129
724 135
725 141
725 147
724 153
724 159
723 165
722 171
720 177
719 183
719 189
718 195
716 201
710 198
708 192
706 186
704 180
702 174
700 168
697 162
691 158
689 164
690 170
690 176
691 182
692 188
693 194
693 200
694 206
695 212
696 218
697 224
698 230
699 236
700 242
702 248
703 254
705 260
707 266
710 272
713 278
718 284
724 290
730 293
736 295
742 295
748 295
754 293
760 290
766 286
772 281
777 275
780 269
784 263
786 257
789 251
791 245
792 239
794 233
795 227
795 221
796 215
795 209
792 203
786 200
780 202
774 208
770 214
766 220
761 226
755 230
749 230
743 224
742 218
741 212
742 206
743 200
744 194
746 188
749 182
751 176
754 170
757 164
761 158
765 152
770 146
775 140
781 135
787 132
793 129
799 127
805 127
811 127
817 128
823 130
829 133
835 138
841 144
846 150
850 156
853 162
856 168
858 174
860 180
862 186
864 192
865 198
867 204
868 210
869 216
870 222
870 228
870 234
870 240
868 246
862 249
856 246
852 240
849 234
846 228
843 222
840 216
834 212
828 218
826 224
825 230
825 236
824 242
824 248
824 254
824 260
825 266
825 272
827 278
828 284
830 290
833 296
837 302
842 308
848 313
854 317
860 320
866 322
872 324
878 324
884 324
890 323
896 322
902 320
908 317
914 313
920 307
925 301
929 295
931 289
934 283
935 277
937 271
937 265
938 259
938 253
938 247
938 241
937 235
936 229
935 223
934 217
933 211
930 205
924 200
918 206
916 212
915 218
913 224
911 230
909 236
903 241
897 235
896 229
895 223
894 217
894 211
893 205
893 199
893 193
893 187
893 181
894 175
894 169
895 163
896 157
897 151
898 145
900 139
902 133
904 127
908 121
912 115
917 109
923 104
929 100
935 96
941 94
947 92
953 91
959 90
965 90
971 90
977 91
983 92
989 94
995 97
1001 100
1007 104
1013 110
1018 116
1022 122
1024 128
1026 134
1028 140
1028 146
1029 152
1028 158
1027 164
1025 170
1023 176
1019 182
1015 188
1009 193
1003 194
997 189
994 183
990 177
984 173
978 174
972 180
969 186
968 192
968 198
968 204
969 210
970 216
972 222
974 228
976 234
979 240
981 246
984 252
987 258
990 264
994 270
998 276
1003 282
1008 288
1014 293
1020 297
1026 300
1032 303
1038 305
1044 306
1050 306
1056 306
1062 304
1068 302
1074 299
1080 295
1086 289
1089 283
1091 277
1092 271
1091 265
1089 259
1083 255
1077 253
1071 252
1065 250
1059 244
1058 238
1058 232
1059 226
1062 220
1066 214
1072 208
1078 203
1084 199
1090 195
1096 193
1102 191
1108 190
1114 189
1120 189
1126 189
1132 189
1138 189
1144 189
1150 189
1156 188
1162 187
1168 186
1174 184
1180 183
1186 182
1192 182
