0 204
6 204
12 204
18 205
24 205
30 205
36 205
42 205
48 206
54 206
60 206
66 205
72 205
78 205
84 204
90 204
96 204
102 203
108 203
114 203
120 203
126 203
132 203
138 203
144 204
150 204
156 205
162 205
168 206
174 206
180 206
186 206
192 206
198 206
204 206
210 206
216 205
222 205
228 205
234 205
240 205
246 205
252 205
258 205
264 205
270 205
276 205
282 205
288 205
294 205
300 204
306 204
312 203
318 203
324 203
330 202
336 202
342 203
348 203
354 203
360 204
366 205
372 205
378 206
384 206
390 206
396 207
402 207
408 207
414 206
420 206
426 206
432 206
438 205
444 205
450 204
456 204
462 204
468 204
474 203
480 203
486 203
492 203
498 203
504 204
510 204
516 204
522 204
528 205
534 205
540 205
546 205
552 205
558 205
564 205
570 205
576 205
582 205
588 206
594 206
600 206
606 206
612 207
618 207
624 207
630 207
636 206
642 206
648 205
654 204
660 203
666 202
672 202
678 201
684 201
690 201
696 202
702 203
708 204
714 205
720 206
726 206
732 207
738 207
744 207
750 207
756 206
762 206
768 205
774 204
780 203
786 203
792 203
798 203
804 203
810 203
816 203
822 204
828 204
834 205
840 205
846 206
852 206
858 206
864 207
870 207
876 207
882 207
888 207
894 207
900 206
906 206
912 205
918 205
924 204
930 203
936 203
942 203
948 202
954 202
960 202
966 202
972 203
978 203
984 203
990 203
996 204
1002 204
1008 204
1014 205
1020 205
1026 205
1032 206
1038 206
1044 206
1050 206
1056 206
1062 206
1068 206
1074 206
1080 206
1086 206
1092 205
1098 205
1104 205
1110 205
1116 205
1122 205
1128 205
1134 205
1140 205
1146 205
1152 205
1158 205
1164 205
1170 205
1176 205
1182 205
1188 204
