0 207
6 208
12 211
18 215
24 220
30 225
36 229
42 232
48 234
54 234
60 234
66 232
72 228
78 222
81 216
84 210
86 204
88 198
91 192
95 186
101 181
107 178
113 176
119 175
125 175
131 177
137 179
143 184
148 190
151 196
153 202
155 208
156 214
157 220
160 226
164 232
170 237
176 240
182 242
188 242
194 241
200 239
206 236
212 231
218 226
224 222
230 220
236 218
242 218
248 218
254 220
260 221
266 222
272 222
278 221
284 219
290 215
296 209
299 203
302 197
305 191
310 185
316 180
322 176
328 174
334 174
340 174
346 176
352 178
358 183
364 189
367 195
369 201
370 207
370 213
370 219
371 225
372 231
374 237
378 243
384 248
390 252
396 254
402 255
408 255
414 254
420 251
426 248
432 242
436 236
439 230
441 224
443 218
444 212
446 206
449 200
454 194
460 188
466 185
472 182
478 181
484 181
490 181
496 183
502 185
508 189
514 193
520 198
526 204
532 209
538 212
544 216
550 218
556 221
562 224
568 227
574 230
580 234
586 239
592 243
598 247
604 249
610 250
616 251
622 250
628 248
634 245
640 240
644 234
647 228
648 222
649 216
648 210
647 204
646 198
646 192
647 186
649 180
652 174
658 168
664 165
670 162
676 161
682 161
688 162
694 164
700 167
706 173
710 179
713 185
714 191
714 197
713 203
712 209
711 215
710 221
711 227
712 233
715 239
720 245
726 249
732 252
738 253
744 253
750 251
756 248
762 243
766 237
769 231
770 225
770 219
771 213
771 207
772 201
774 195
778 189
784 183
790 179
796 177
802 176
808 176
814 177
820 180
826 184
832 190
835 196
838 202
839 208
840 214
840 220
841 226
842 232
844 238
847 244
852 250
858 254
864 257
870 259
876 260
882 259
888 258
894 256
900 253
906 247
911 241
913 235
915 229
916 223
916 217
916 211
916 205
917 199
919 193
922 187
927 181
933 176
939 172
945 169
951 168
957 167
963 167
969 168
975 170
981 172
987 176
993 181
998 187
1001 193
1004 199
1007 205
1009 211
1011 217
1015 223
1019 229
1024 235
1030 239
1036 242
1042 244
1048 245
1054 244
1060 243
1066 241
1072 238
1078 234
1084 228
1090 222
1096 216
1102 212
1108 210
1114 208
1120 208
1126 208
1132 208
1138 209
1144 210
1150 211
1156 211
1162 211
1168 210
1174 209
1180 208
1186 207
1192 206
