0 208
6 208
12 209
18 209
24 209
30 210
36 211
42 211
48 211
54 211
60 211
66 211
72 210
78 209
84 208
90 207
96 206
102 205
108 205
114 204
120 204
126 204
132 205
138 206
144 207
150 208
156 209
162 210
168 211
174 212
180 212
186 213
192 213
198 212
204 212
210 211
216 210
222 210
228 209
234 209
240 209
246 209
252 209
258 210
264 210
270 210
276 210
282 210
288 210
294 209
300 208
306 207
312 206
318 205
324 204
330 204
336 204
342 204
348 205
354 206
360 207
366 209
372 210
378 211
384 213
390 213
396 214
402 214
408 214
414 214
420 213
426 212
432 211
438 210
444 209
450 208
456 208
462 207
468 206
474 206
480 205
486 205
492 205
498 206
504 206
510 207
516 208
522 208
528 209
534 209
540 210
546 210
552 210
558 210
564 210
570 210
576 211
582 211
588 212
594 212
600 213
606 213
612 214
618 214
624 214
630 213
636 212
642 211
648 209
654 207
660 205
666 203
672 202
678 201
684 201
690 201
696 202
702 204
708 206
714 209
720 211
726 213
732 214
738 215
744 215
750 214
756 213
762 211
768 210
774 208
780 206
786 205
792 204
798 204
804 204
810 205
816 206
822 207
828 208
834 209
840 210
846 212
852 213
858 214
864 214
870 215
876 215
882 215
888 214
894 214
900 213
906 212
912 210
918 209
924 207
930 206
936 205
942 204
948 203
954 203
960 203
966 203
972 204
978 204
984 205
990 206
996 206
1002 207
1008 208
1014 209
1020 210
1026 211
1032 211
1038 212
1044 212
1050 213
1056 213
1062 213
1068 212
1074 212
1080 211
1086 211
1092 210
1098 210
1104 209
1110 209
1116 209
1122 209
1128 209
1134 209
1140 209
1146 210
1152 210
1158 210
1164 210
1170 209
1176 209
1182 209
1188 208
