0 168
3 168
6 168
9 169
12 169
15 170
18 170
21 171
24 172
27 173
30 174
33 175
36 177
39 178
42 179
45 181
48 183
51 184
54 186
57 188
60 190
63 192
66 195
69 198
72 201
73 204
75 207
76 210
76 213
76 216
75 219
74 222
73 225
71 228
68 231
65 234
62 236
59 237
56 238
53 239
50 239
47 238
44 237
41 236
38 235
35 234
32 233
29 232
26 232
23 232
20 232
17 233
14 235
11 238
9 241
8 244
7 247
6 250
6 253
6 256
6 259
7 262
8 265
9 268
10 271
12 274
14 277
16 280
19 283
22 286
25 288
28 289
31 291
34 292
37 293
40 293
43 294
46 294
49 294
52 293
55 293
58 292
61 291
64 289
67 287
70 285
73 283
76 280
79 277
81 274
83 271
85 268
87 265
89 262
91 259
93 256
95 253
97 250
99 247
101 244
103 241
105 238
106 235
108 232
110 229
112 226
113 223
115 220
116 217
118 214
119 211
121 208
122 205
123 202
125 199
126 196
127 193
128 190
129 187
130 184
131 181
132 178
132 175
133 172
134 169
134 166
135 163
135 160
136 157
136 154
136 151
136 148
137 145
137 142
137 139
137 136
136 133
136 130
136 127
136 124
136 121
135 118
135 115
134 112
133 109
130 106
127 105
124 105
121 106
118 108
115 111
114 114
112 117
111 120
110 123
110 126
109 129
108 132
108 135
107 138
107 141
107 144
107 147
106 150
105 153
104 156
102 159
99 161
96 161
93 160
90 159
87 158
84 156
81 153
78 151
75 148
73 145
71 142
69 139
67 136
66 133
65 130
64 127
63 124
62 121
62 118
62 115
62 112
62 109
63 106
63 103
64 100
65 97
67 94
68 91
70 88
72 85
75 82
78 79
81 76
84 74
87 72
90 70
93 69
96 68
99 66
102 66
105 65
108 64
111 63
114 63
117 63
120 63
123 63
126 63
129 63
132 63
135 64
138 64
141 65
144 66
147 67
150 69
153 70
156 72
159 73
162 75
165 78
168 80
171 83
174 86
176 89
179 92
181 95
183 98
184 101
186 104
187 107
189 110
190 113
191 116
192 119
193 122
194 125
195 128
195 131
196 134
196 137
197 140
197 143
197 146
198 149
198 152
198 155
197 158
197 161
196 164
196 167
195 170
194 173
192 176
190 179
188 182
185 185
182 188
179 189
176 190
173 189
170 186
169 183
169 180
169 177
169 174
169 171
169 168
169 165
169 162
169 159
169 156
168 153
168 150
167 147
167 144
166 141
165 138
164 135
163 132
162 129
161 126
160 123
158 120
155 117
152 117
150 120
150 123
150 126
150 129
150 132
151 135
150 138
150 141
150 144
150 147
150 150
149 153
149 156
149 159
148 162
148 165
147 168
146 171
146 174
145 177
145 180
144 183
143 186
143 189
142 192
141 195
141 198
140 201
139 204
139 207
138 210
138 213
137 216
137 219
136 222
136 225
135 228
135 231
134 234
134 237
134 240
133 243
133 246
132 249
132 252
132 255
131 258
131 261
131 264
131 267
130 270
130 273
130 276
130 279
131 282
131 285
131 288
132 291
133 294
134 297
135 300
136 303
138 306
140 309
142 312
145 315
148 318
151 321
154 323
157 324
160 326
163 327
166 328
169 329
172 330
175 330
178 330
181 331
184 331
187 330
190 330
193 330
196 329
199 328
202 327
205 326
208 324
211 322
214 320
217 318
220 315
222 312
224 309
226 306
227 303
228 300
228 297
228 294
228 291
227 288
225 285
222 283
219 282
216 282
213 282
210 282
207 282
204 282
201 282
198 281
195 279
192 276
191 273
190 270
190 267
191 264
192 261
194 258
196 255
199 252
202 250
205 248
208 246
211 244
214 243
217 241
220 240
223 239
226 238
229 237
232 236
235 235
238 234
241 233
244 232
247 231
250 231
253 230
256 229
259 228
262 227
265 226
268 225
271 224
274 223
277 222
280 221
283 220
286 219
289 218
292 216
295 215
298 214
301 212
304 211
307 209
310 207
313 206
316 204
319 202
322 200
325 198
328 196
331 193
334 191
337 188
340 185
343 182
346 179
348 176
349 173
351 170
352 167
353 164
353 161
353 158
353 155
353 152
352 149
351 146
350 143
348 140
347 137
344 134
341 131
338 128
335 127
332 126
329 125
326 125
323 125
320 127
317 129
314 132
312 135
311 138
309 141
307 144
305 147
304 150
302 153
300 156
299 159
297 162
294 165
291 167
288 169
285 170
282 170
279 170
276 169
273 167
270 164
268 161
266 158
265 155
264 152
264 149
263 146
263 143
263 140
263 137
263 134
263 131
263 128
264 125
264 122
265 119
266 116
267 113
268 110
269 107
270 104
272 101
273 98
275 95
278 92
280 89
283 86
286 83
289 80
292 78
295 76
298 74
301 73
304 72
307 71
310 70
313 69
316 68
319 68
322 68
325 68
328 68
331 68
334 68
337 69
340 69
343 70
346 71
349 73
352 74
355 76
358 78
361 80
364 83
367 86
369 89
371 92
373 95
375 98
376 101
377 104
378 107
379 110
380 113
381 116
382 119
383 122
383 125
384 128
385 131
386 134
387 137
388 140
389 143
390 146
391 149
392 152
393 155
394 158
395 161
396 164
397 167
397 170
398 173
399 176
400 179
400 182
401 185
402 188
402 191
403 194
403 197
404 200
404 203
404 206
404 209
404 212
404 215
404 218
404 221
404 224
404 227
404 230
403 233
403 236
403 239
402 242
402 245
401 248
401 251
400 254
400 257
399 260
399 263
398 266
398 269
397 272
397 275
397 278
397 281
397 284
397 287
397 290
397 293
396 296
393 298
390 297
387 294
386 291
384 288
383 285
382 282
382 279
381 276
380 273
380 270
380 267
379 264
379 261
379 258
379 255
380 252
380 249
380 246
380 243
381 240
381 237
380 234
380 231
379 228
376 227
373 228
370 230
367 233
364 236
362 239
359 242
357 245
355 248
353 251
351 254
349 257
348 260
347 263
346 266
345 269
344 272
343 275
343 278
342 281
342 284
342 287
342 290
342 293
342 296
343 299
343 302
344 305
345 308
346 311
348 314
349 317
351 320
353 323
355 326
358 329
361 332
364 335
367 337
370 339
373 341
376 342
379 344
382 345
385 346
388 346
391 347
394 347
397 348
400 348
403 348
406 348
409 348
412 347
415 347
418 346
421 345
424 344
427 343
430 342
433 340
436 338
439 336
442 334
445 331
448 328
451 325
453 322
455 319
457 316
459 313
460 310
462 307
463 304
464 301
465 298
466 295
467 292
468 289
469 286
469 283
470 280
471 277
471 274
472 271
472 268
472 265
473 262
473 259
473 256
473 253
473 250
473 247
473 244
473 241
473 238
472 235
472 232
471 229
470 226
469 223
467 220
465 217
462 215
459 214
456 215
454 218
452 221
451 224
451 227
450 230
450 233
449 236
449 239
448 242
447 245
446 248
445 251
444 254
443 257
442 260
441 263
439 266
438 269
437 272
436 275
435 278
433 281
432 284
431 287
429 290
428 293
426 296
423 299
420 300
417 300
414 297
414 294
414 291
414 288
414 285
414 282
414 279
414 276
415 273
415 270
415 267
415 264
416 261
416 258
416 255
417 252
417 249
417 246
418 243
418 240
419 237
419 234
419 231
420 228
420 225
420 222
421 219
421 216
421 213
421 210
422 207
422 204
422 201
423 198
423 195
423 192
423 189
424 186
424 183
424 180
425 177
425 174
425 171
426 168
426 165
427 162
427 159
427 156
428 153
428 150
429 147
429 144
430 141
431 138
431 135
432 132
433 129
434 126
435 123
436 120
437 117
439 114
441 111
442 108
445 105
447 102
449 99
452 96
455 94
458 92
461 89
464 88
467 86
470 85
473 84
476 83
479 82
482 82
485 81
488 81
491 81
494 81
497 81
500 81
503 82
506 83
509 83
512 84
515 86
518 87
521 88
524 90
527 92
530 94
533 96
536 99
539 102
542 105
545 108
547 111
550 114
552 117
554 120
556 123
557 126
559 129
561 132
562 135
564 138
565 141
567 144
568 147
569 150
570 153
572 156
573 159
574 162
575 165
576 168
576 171
577 174
578 177
579 180
579 183
580 186
580 189
580 192
581 195
581 198
581 201
581 204
581 207
580 210
580 213
579 216
578 219
575 222
572 223
569 221
567 218
566 215
565 212
563 209
562 206
559 203
556 203
554 206
554 209
554 212
554 215
554 218
554 221
554 224
554 227
553 230
553 233
552 236
550 239
547 240
544 239
541 238
538 239
535 242
534 245
533 248
532 251
532 254
531 257
531 260
531 263
531 266
532 269
532 272
533 275
533 278
534 281
534 284
535 287
536 290
537 293
539 296
540 299
541 302
543 305
544 308
546 311
548 314
551 317
553 320
556 323
559 326
562 329
565 331
568 333
571 335
574 337
577 338
580 339
583 340
586 341
589 342
592 343
595 343
598 343
601 344
604 344
607 344
610 344
613 343
616 343
619 342
622 341
625 341
628 339
631 338
634 337
637 335
640 333
643 331
646 329
649 326
652 323
655 320
657 317
659 314
660 311
662 308
663 305
665 302
666 299
666 296
667 293
668 290
669 287
669 284
670 281
670 278
671 275
671 272
672 269
672 266
672 263
673 260
673 257
673 254
674 251
674 248
674 245
674 242
674 239
674 236
674 233
674 230
674 227
674 224
674 221
674 218
673 215
673 212
673 209
672 206
672 203
671 200
671 197
670 194
669 191
669 188
668 185
667 182
667 179
666 176
665 173
665 170
664 167
664 164
663 161
662 158
662 155
661 152
661 149
660 146
660 143
659 140
659 137
658 134
658 131
657 128
657 125
657 122
656 119
656 116
656 113
654 110
651 110
648 113
647 116
646 119
645 122
644 125
644 128
643 131
643 134
643 137
642 140
642 143
642 146
641 149
641 152
640 155
640 158
640 161
639 164
639 167
639 170
639 173
638 176
638 179
638 182
638 185
638 188
638 191
638 194
638 197
638 200
638 203
638 206
638 209
637 212
636 215
633 217
630 218
627 216
624 213
622 210
621 207
620 204
619 201
618 198
618 195
617 192
617 189
617 186
616 183
616 180
616 177
616 174
615 171
615 168
615 165
615 162
615 159
614 156
614 153
614 150
614 147
614 144
614 141
614 138
614 135
614 132
614 129
614 126
614 123
614 120
615 117
615 114
615 111
616 108
617 105
617 102
618 99
619 96
620 93
621 90
623 87
624 84
626 81
628 78
631 75
634 72
637 69
640 67
643 65
646 63
649 61
652 60
655 59
658 58
661 57
664 57
667 57
670 56
673 56
676 56
679 57
682 57
685 58
688 59
691 60
694 61
697 63
700 64
703 67
706 69
709 72
712 75
714 78
716 81
717 84
718 87
719 90
720 93
721 96
721 99
721 102
721 105
721 108
721 111
721 114
720 117
720 120
719 123
718 126
717 129
716 132
715 135
714 138
712 141
711 144
709 147
708 150
706 153
705 156
703 159
701 162
700 165
700 168
699 171
699 174
699 177
700 180
701 183
702 186
703 189
704 192
701 194
699 191
697 188
696 185
695 182
694 179
693 176
692 173
692 170
691 167
691 164
690 161
690 158
690 155
689 152
689 149
689 146
689 143
689 140
689 137
688 134
688 131
688 128
688 125
687 122
687 119
686 116
685 113
683 110
681 107
678 104
675 105
673 108
673 111
674 114
674 117
675 120
676 123
676 126
677 129
677 132
678 135
678 138
678 141
679 144
679 147
680 150
680 153
681 156
681 159
682 162
683 165
683 168
684 171
685 174
686 177
687 180
688 183
689 186
690 189
692 192
693 195
694 198
695 201
696 204
697 207
698 210
699 213
700 216
701 219
702 222
703 225
704 228
705 231
706 234
707 237
708 240
708 243
709 246
709 249
710 252
710 255
711 258
711 261
712 264
712 267
713 270
714 273
715 276
716 279
717 282
719 285
721 288
723 291
726 294
729 297
732 298
735 300
738 301
741 301
744 302
747 302
750 302
753 301
756 300
759 299
762 298
765 296
768 294
771 292
774 289
777 286
779 283
782 280
784 277
786 274
788 271
789 268
791 265
793 262
794 259
795 256
797 253
798 250
799 247
800 244
801 241
802 238
803 235
804 232
804 229
805 226
806 223
806 220
807 217
807 214
808 211
808 208
809 205
809 202
809 199
810 196
810 193
810 190
810 187
810 184
810 181
810 178
809 175
809 172
808 169
806 166
803 164
800 163
797 163
794 164
791 166
789 169
787 172
786 175
785 178
784 181
783 184
782 187
781 190
779 193
778 196
776 199
774 202
772 205
771 208
770 211
769 214
768 217
767 220
766 223
766 226
765 229
764 232
762 235
760 238
757 239
754 239
751 238
748 236
745 233
743 230
741 227
740 224
738 221
737 218
736 215
736 212
735 209
734 206
734 203
734 200
733 197
733 194
733 191
733 188
734 185
734 182
735 179
736 176
736 173
737 170
739 167
740 164
741 161
743 158
744 155
746 152
748 149
749 146
751 143
753 140
755 137
758 134
760 131
763 128
765 125
768 122
771 120
774 117
777 115
780 113
783 111
786 110
789 108
792 108
795 107
798 106
801 106
804 106
807 106
810 106
813 107
816 107
819 108
822 110
825 111
828 113
831 115
834 117
837 120
840 123
843 126
845 129
848 132
850 135
852 138
854 141
855 144
857 147
859 150
860 153
862 156
863 159
864 162
865 165
866 168
867 171
868 174
869 177
870 180
870 183
871 186
871 189
872 192
872 195
873 198
873 201
873 204
874 207
874 210
874 213
874 216
874 219
875 222
875 225
875 228
875 231
875 234
875 237
875 240
875 243
875 246
875 249
875 252
875 255
876 258
876 261
876 264
876 267
876 270
876 273
877 276
877 279
877 282
877 285
877 288
875 291
872 292
869 290
866 287
865 284
864 281
863 278
862 275
862 272
861 269
860 266
860 263
859 260
859 257
858 254
857 251
857 248
856 245
855 242
855 239
854 236
853 233
853 230
852 227
852 224
851 221
850 218
850 215
849 212
849 209
848 206
848 203
847 200
846 197
845 194
845 191
843 188
842 185
839 182
836 183
835 186
835 189
835 192
835 195
836 198
836 201
836 204
835 207
835 210
835 213
835 216
835 219
834 222
834 225
834 228
833 231
833 234
832 237
832 240
831 243
831 246
830 249
830 252
829 255
829 258
828 261
828 264
827 267
827 270
826 273
826 276
826 279
825 282
825 285
825 288
825 291
825 294
825 297
825 300
826 303
826 306
827 309
827 312
828 315
830 318
831 321
833 324
835 327
837 330
839 333
842 336
845 338
848 340
851 342
854 344
857 345
860 347
863 348
866 348
869 349
872 350
875 350
878 350
881 350
884 350
887 350
890 350
893 350
896 349
899 348
902 347
905 346
908 345
911 343
914 341
917 339
920 337
923 334
926 331
928 328
930 325
932 322
933 319
935 316
936 313
936 310
937 307
938 304
938 301
938 298
938 295
938 292
938 289
937 286
937 283
937 280
936 277
935 274
935 271
934 268
933 265
932 262
932 259
931 256
930 253
929 250
928 247
928 244
927 241
926 238
925 235
925 232
924 229
924 226
923 223
923 220
923 217
923 214
922 211
922 208
922 205
922 202
922 199
922 196
922 193
923 190
923 187
923 184
923 181
924 178
924 175
924 172
925 169
925 166
926 163
926 160
927 157
928 154
928 151
928 148
925 146
923 149
922 152
921 155
920 158
919 161
918 164
918 167
917 170
916 173
916 176
915 179
915 182
914 185
914 188
914 191
913 194
913 197
912 200
912 203
912 206
911 209
911 212
911 215
910 218
910 221
910 224
910 227
909 230
909 233
909 236
909 239
908 242
908 245
908 248
908 251
907 254
907 257
907 260
906 263
906 266
905 269
905 272
904 275
903 278
901 281
899 284
896 284
894 281
894 278
894 275
895 272
895 269
896 266
896 263
896 260
896 257
896 254
896 251
896 248
897 245
897 242
897 239
897 236
897 233
897 230
897 227
897 224
898 221
898 218
898 215
898 212
898 209
898 206
898 203
899 200
899 197
899 194
899 191
899 188
899 185
899 182
899 179
899 176
899 173
899 170
899 167
899 164
899 161
899 158
898 155
898 152
898 149
898 146
897 143
897 140
897 137
897 134
896 131
896 128
896 125
896 122
896 119
896 116
897 113
897 110
897 107
898 104
898 101
899 98
900 95
901 92
902 89
904 86
905 83
907 80
909 77
912 74
914 71
917 68
920 66
923 64
926 62
929 60
932 58
935 57
938 56
941 55
944 54
947 53
950 52
953 51
956 51
959 51
962 50
965 50
968 50
971 50
974 50
977 50
980 51
983 51
986 51
989 52
992 53
995 54
998 55
1001 56
1004 57
1007 58
1010 60
1013 61
1016 63
1019 66
1022 68
1025 71
1028 74
1031 77
1033 80
1035 83
1036 86
1038 89
1039 92
1040 95
1041 98
1042 101
1043 104
1043 107
1043 110
1043 113
1043 116
1043 119
1043 122
1043 125
1042 128
1041 131
1040 134
1039 137
1038 140
1037 143
1035 146
1034 149
1032 152
1030 155
1028 158
1026 161
1023 164
1020 167
1018 170
1015 172
1012 175
1009 178
1006 180
1003 182
1000 184
997 185
994 187
991 187
988 188
985 187
982 185
980 182
979 179
979 176
979 173
979 170
979 167
979 164
980 161
980 158
981 155
981 152
981 149
982 146
982 143
983 140
983 137
983 134
983 131
982 128
981 125
979 122
976 120
973 118
970 117
967 117
964 118
961 119
958 121
955 124
953 127
952 130
950 133
950 136
949 139
948 142
948 145
948 148
947 151
947 154
947 157
946 160
946 163
946 166
946 169
945 172
945 175
945 178
945 181
945 184
945 187
945 190
946 193
946 196
946 199
947 202
947 205
948 208
949 211
950 214
950 217
951 220
953 223
954 226
955 229
956 232
958 235
960 238
961 241
963 244
965 247
967 250
969 253
971 256
973 259
975 262
977 265
979 268
982 271
984 274
986 277
989 280
991 283
994 286
996 289
999 292
1001 295
1004 298
1007 301
1010 304
1013 307
1016 310
1019 312
1022 315
1025 317
1028 319
1031 320
1034 322
1037 323
1040 324
1043 325
1046 326
1049 327
1052 327
1055 327
1058 327
1061 327
1064 327
1067 327
1070 326
1073 325
1076 324
1079 323
1082 322
1085 320
1088 318
1091 316
1094 313
1097 310
1099 307
1101 304
1103 301
1104 298
1105 295
1106 292
1107 289
1107 286
1108 283
1108 280
1108 277
1107 274
1107 271
1106 268
1105 265
1103 262
1101 259
1099 256
1096 254
1093 252
1090 251
1087 250
1084 250
1081 251
1078 252
1075 253
1072 255
1069 257
1066 260
1063 262
1060 264
1057 266
1054 268
1051 269
1048 270
1045 270
1042 269
1039 269
1036 268
1033 266
1030 265
1027 263
1024 260
1021 257
1019 254
1018 251
1017 248
1016 245
1015 242
1016 239
1016 236
1017 233
1019 230
1020 227
1023 224
1026 221
1029 218
1032 216
1035 213
1038 211
1041 209
1044 207
1047 205
1050 204
1053 202
1056 200
1059 199
1062 197
1065 196
1068 194
1071 193
1074 192
1077 190
1080 189
1083 188
1086 187
1089 186
1092 185
1095 184
1098 184
1101 183
1104 182
1107 182
1110 181
1113 181
1116 180
1119 180
1122 179
1125 179
1128 178
1131 178
1134 177
1137 177
1140 176
1143 176
1146 175
1149 174
1152 174
1155 173
1158 173
1161 172
1164 171
1167 171
1170 170
1173 170
1176 169
1179 169
1182 168
1185 168
1188 168
1191 167
1194 167
