0 203
6 203
12 204
18 205
24 206
30 207
36 209
42 210
48 210
54 211
60 210
66 209
72 208
78 205
84 203
90 200
96 198
102 196
108 194
114 193
120 193
126 193
132 194
138 196
144 199
150 201
156 204
162 207
168 210
174 212
180 213
186 213
192 213
198 213
204 211
210 210
216 209
222 207
228 206
234 205
240 205
246 205
252 206
258 207
264 207
270 207
276 207
282 207
288 206
294 204
300 202
306 199
312 197
318 194
324 193
330 192
336 192
342 193
348 194
354 196
360 200
366 203
372 207
378 211
384 213
390 216
396 217
402 218
408 218
414 217
420 215
426 213
432 211
438 208
444 206
450 203
456 200
462 198
468 197
474 196
480 195
486 195
492 196
498 196
504 198
510 199
516 201
522 202
528 204
534 205
540 206
546 206
552 207
558 207
564 208
570 208
576 209
582 210
588 212
594 213
600 215
606 216
612 217
618 217
624 216
630 215
636 212
642 208
648 203
654 198
660 193
666 189
672 187
678 186
684 186
690 187
696 189
702 193
708 198
713 204
719 210
725 214
731 217
737 219
743 219
749 218
755 216
761 212
767 208
773 203
779 199
785 196
791 194
797 193
803 192
809 193
815 194
821 197
827 200
833 203
839 207
845 210
851 213
857 216
863 218
869 219
875 220
881 219
887 219
893 217
899 215
905 212
911 208
917 205
923 201
929 197
935 195
941 192
947 191
953 190
959 190
965 190
971 191
977 192
983 194
989 196
995 198
1001 200
1007 202
1013 205
1019 207
1025 209
1031 211
1037 212
1043 213
1049 214
1055 214
1061 214
1067 213
1073 212
1079 211
1085 209
1091 208
1097 206
1103 205
1109 204
1115 204
1121 204
1127 204
1133 204
1139 205
1145 205
1151 205
1157 205
1163 205
1169 205
1175 204
1181 204
1187 203
1193 203
