0 169
6 169
12 171
18 173
24 175
30 178
36 182
42 186
48 192
53 198
56 204
58 210
58 216
56 222
50 228
44 231
38 232
32 232
26 233
20 238
17 244
16 250
16 256
18 262
21 268
25 274
31 279
37 282
43 284
49 285
55 285
61 284
67 281
73 278
79 273
85 267
89 261
93 255
96 249
99 243
102 237
105 231
107 225
110 219
112 213
114 207
116 201
118 195
120 189
122 183
123 177
124 171
125 165
126 159
127 153
127 147
127 141
125 135
119 130
113 131
108 137
105 143
102 149
100 155
97 161
91 164
85 163
79 158
74 152
70 146
68 140
66 134
65 128
65 122
66 116
67 110
70 104
74 98
79 92
85 87
91 84
97 81
103 79
109 77
115 76
121 76
127 76
133 77
139 78
145 80
151 83
157 86
163 90
169 96
175 102
179 108
183 114
186 120
188 126
189 132
191 138
191 144
191 150
191 156
189 162
187 168
184 174
180 180
174 185
168 185
164 179
162 173
161 167
160 161
158 155
156 149
152 143
146 143
144 149
143 155
142 161
141 167
140 173
139 179
138 185
137 191
137 197
136 203
135 209
135 215
134 221
134 227
134 233
133 239
133 245
133 251
134 257
134 263
135 269
136 275
138 281
141 287
144 293
149 299
155 304
161 308
167 311
173 312
179 313
185 313
191 312
197 311
203 308
209 304
214 298
217 292
219 286
218 280
213 274
207 269
202 263
201 257
202 251
206 245
212 239
218 236
224 233
230 231
236 229
242 227
248 226
254 224
260 223
266 222
272 220
278 218
284 216
290 214
296 212
302 209
308 206
314 202
320 197
326 192
332 186
337 180
341 174
343 168
344 162
344 156
342 150
339 144
333 139
327 136
321 137
315 140
309 146
304 152
298 158
292 161
286 161
280 159
275 153
273 147
272 141
271 135
272 129
273 123
275 117
277 111
281 105
285 99
291 94
297 89
303 86
309 83
315 81
321 80
327 79
333 79
339 80
345 81
351 83
357 86
363 90
369 95
374 101
378 107
381 113
384 119
386 125
388 131
389 137
391 143
392 149
393 155
394 161
395 167
396 173
397 179
398 185
398 191
399 197
399 203
399 209
399 215
398 221
398 227
397 233
397 239
397 245
396 251
396 257
396 263
393 269
387 267
383 261
381 255
380 249
379 243
378 237
378 231
377 225
375 219
369 218
363 224
359 230
355 236
352 242
350 248
348 254
346 260
345 266
345 272
345 278
346 284
347 290
349 296
352 302
355 308
359 314
365 320
371 324
377 328
383 330
389 332
395 333
401 334
407 334
413 333
419 332
425 330
431 328
437 324
443 320
449 314
454 308
458 302
461 296
463 290
465 284
467 278
468 272
469 266
469 260
470 254
469 248
468 242
467 236
465 230
461 224
455 220
449 222
445 228
443 234
441 240
439 246
437 252
434 258
431 264
428 270
422 274
416 273
413 267
413 261
413 255
414 249
414 243
414 237
415 231
415 225
416 219
417 213
417 207
418 201
419 195
420 189
422 183
423 177
424 171
425 165
427 159
428 153
430 147
432 141
434 135
437 129
440 123
444 117
449 111
455 105
461 101
467 98
473 96
479 94
485 93
491 93
497 93
503 94
509 96
515 98
521 101
527 105
533 110
539 116
544 122
548 128
552 134
555 140
558 146
561 152
563 158
564 164
566 170
567 176
567 182
566 188
560 193
554 192
548 197
548 203
549 209
551 215
553 221
555 227
557 233
557 239
556 245
551 251
547 257
546 263
546 269
547 275
549 281
551 287
553 293
557 299
561 305
567 311
573 316
579 320
585 323
591 325
597 327
603 327
609 328
615 327
621 326
627 324
633 321
639 318
645 313
651 307
655 301
659 295
662 289
664 283
666 277
667 271
668 265
669 259
670 253
671 247
672 241
673 235
673 229
674 223
674 217
674 211
674 205
674 199
673 193
673 187
672 181
671 175
670 169
669 163
668 157
667 151
666 145
665 139
664 133
663 127
657 122
651 128
649 134
648 140
647 146
646 152
645 158
644 164
644 170
643 176
643 182
642 188
639 194
633 196
627 192
623 186
620 180
618 174
617 168
616 162
615 156
614 150
614 144
614 138
614 132
614 126
615 120
617 114
618 108
621 102
624 96
628 90
633 84
639 79
645 75
651 72
657 70
663 69
669 68
675 68
681 68
687 70
693 71
699 74
705 78
711 84
716 90
719 96
721 102
722 108
723 114
723 120
722 126
721 132
720 138
718 144
716 150
715 156
713 162
712 168
711 174
711 180
712 186
706 190
704 184
702 178
700 172
699 166
698 160
697 154
695 148
694 142
692 136
690 130
686 124
681 130
681 124
685 130
682 136
684 142
685 148
686 154
687 160
688 166
690 172
691 178
692 184
694 190
695 196
696 202
697 208
698 214
699 220
701 226
702 232
704 238
705 244
706 250
708 256
709 262
711 268
713 274
716 280
720 286
726 291
732 295
738 297
744 298
750 297
756 295
762 292
768 288
774 282
778 276
782 270
786 264
789 258
791 252
793 246
795 240
797 234
799 228
800 222
801 216
802 210
803 204
804 198
804 192
803 186
801 180
795 176
789 177
783 183
780 189
776 195
773 201
770 207
767 213
765 219
762 225
756 231
750 232
744 229
741 223
739 217
738 211
738 205
738 199
738 193
739 187
740 181
742 175
744 169
746 163
749 157
752 151
755 145
759 139
764 133
769 127
775 122
781 117
787 114
793 112
799 110
805 110
811 110
817 111
823 113
829 117
835 121
841 127
846 133
850 139
853 145
856 151
859 157
861 163
863 169
865 175
867 181
868 187
870 193
871 199
872 205
872 211
873 217
874 223
874 229
875 235
875 241
876 247
876 253
876 259
873 265
867 266
862 260
859 254
857 248
855 242
853 236
852 230
850 224
848 218
846 212
844 206
842 200
838 194
832 196
831 202
830 208
829 214
829 220
828 226
828 232
827 238
826 244
826 250
825 256
825 262
825 268
825 274
826 280
826 286
827 292
829 298
831 304
835 310
839 316
844 322
850 327
856 330
862 333
868 335
874 336
880 336
886 336
892 335
898 334
904 331
910 328
916 324
922 318
926 312
930 306
932 300
934 294
936 288
937 282
937 276
937 270
937 264
937 258
936 252
936 246
935 240
934 234
933 228
932 222
931 216
931 210
930 204
929 198
929 192
928 186
928 180
922 174
919 180
917 186
916 192
915 198
914 204
914 210
913 216
912 222
911 228
910 234
909 240
908 246
905 252
899 257
896 251
896 245
896 239
896 233
896 227
896 221
896 215
896 209
896 203
895 197
895 191
895 185
895 179
894 173
894 167
894 161
894 155
894 149
895 143
895 137
896 131
897 125
898 119
899 113
901 107
904 101
907 95
912 89
918 83
924 78
930 74
936 71
942 69
948 67
954 66
960 65
966 65
972 65
978 65
984 66
990 68
996 70
1002 73
1008 76
1014 81
1020 86
1025 92
1028 98
1031 104
1033 110
1035 116
1035 122
1035 128
1035 134
1034 140
1032 146
1030 152
1027 158
1024 164
1020 170
1015 176
1009 181
1003 185
997 187
991 184
988 178
987 172
986 166
986 160
986 154
984 148
978 142
972 141
966 143
960 148
957 154
955 160
954 166
954 172
954 178
955 184
956 190
957 196
958 202
960 208
962 214
964 220
966 226
969 232
971 238
974 244
977 250
981 256
984 262
987 268
991 274
995 280
1000 286
1005 292
1011 298
1017 303
1023 307
1029 311
1035 313
1041 315
1047 316
1053 316
1059 316
1065 315
1071 313
1077 310
1083 306
1089 300
1094 294
1097 288
1098 282
1099 276
1099 270
1098 264
1096 258
1090 252
1084 250
1078 251
1072 253
1066 255
1060 257
1054 257
1048 254
1042 249
1039 243
1038 237
1038 231
1039 225
1042 219
1047 213
1052 207
1058 202
1064 198
1070 194
1076 190
1082 187
1088 185
1094 183
1100 181
1106 180
1112 179
1118 178
1124 178
1130 177
1136 177
1142 176
1148 176
1154 175
1160 174
1166 172
1172 171
1178 170
1184 169
1190 168
