0 201
6 201
12 201
18 202
24 202
30 202
36 202
42 203
48 203
54 203
60 203
66 203
72 202
78 202
84 201
90 201
96 200
102 200
108 200
114 199
120 199
126 199
132 200
138 200
144 201
150 201
156 202
162 202
168 203
174 203
180 203
186 203
192 203
198 203
204 203
210 203
216 202
222 202
228 202
234 202
240 202
246 202
252 202
258 202
264 202
270 202
276 202
282 202
288 202
294 202
300 201
306 201
312 200
318 200
324 199
330 199
336 199
342 199
348 200
354 200
360 201
366 202
372 202
378 203
384 203
390 204
396 204
402 204
408 204
414 204
420 204
426 203
432 203
438 202
444 202
450 202
456 201
462 201
468 200
474 200
480 200
486 200
492 200
498 200
504 200
510 201
516 201
522 201
528 202
534 202
540 202
546 202
552 202
558 202
564 202
570 202
576 202
582 203
588 203
594 203
600 203
606 204
612 204
618 204
624 204
630 204
636 203
642 203
648 202
654 201
660 200
666 199
672 198
678 198
684 198
690 198
696 198
702 199
708 200
714 202
720 203
726 204
732 204
738 205
744 205
750 204
756 204
762 203
768 202
774 201
780 200
786 200
792 200
798 199
804 200
810 200
816 200
822 201
828 201
834 202
840 202
846 203
852 203
858 204
864 204
870 204
876 204
882 204
888 204
894 204
900 203
906 203
912 202
918 202
924 201
930 200
936 200
942 199
948 199
954 199
960 199
966 199
972 199
978 200
984 200
990 200
996 201
1002 201
1008 201
1014 202
1020 202
1026 202
1032 203
1038 203
1044 203
1050 204
1056 204
1062 204
1068 203
1074 203
1080 203
1086 203
1092 202
1098 202
1104 202
1110 202
1116 202
1122 202
1128 202
1134 202
1140 202
1146 202
1152 202
1158 202
1164 202
1170 202
1176 202
1182 202
1188 202
