0 201
6 201
12 201
18 201
24 201
30 201
36 201
42 201
48 201
54 201
60 201
66 201
72 201
78 201
84 201
90 200
96 200
102 200
108 200
114 200
120 200
126 200
132 200
138 200
144 200
150 200
156 201
162 201
168 201
174 201
180 201
186 201
192 201
198 201
204 201
210 201
216 201
222 201
228 201
234 201
240 201
246 201
252 201
258 201
264 201
270 201
276 201
282 201
288 201
294 201
300 201
306 200
312 200
318 200
324 200
330 200
336 200
342 200
348 200
354 200
360 200
366 201
372 201
378 201
384 201
390 201
396 201
402 201
408 201
414 201
420 201
426 201
432 201
438 201
444 201
450 201
456 201
462 200
468 200
474 200
480 200
486 200
492 200
498 200
504 200
510 200
516 201
522 201
528 201
534 201
540 201
546 201
552 201
558 201
564 201
570 201
576 201
582 201
588 201
594 201
600 201
606 201
612 201
618 201
624 201
630 201
636 201
642 201
648 201
654 200
660 200
666 200
672 200
678 200
684 199
690 200
696 200
702 200
708 200
714 201
720 201
726 201
732 201
738 201
744 201
750 201
756 201
762 201
768 201
774 200
780 200
786 200
792 200
798 200
804 200
810 200
816 200
822 201
828 201
834 201
840 201
846 201
852 201
858 201
864 201
870 201
876 201
882 201
888 201
894 201
900 201
906 201
912 201
918 201
924 200
930 200
936 200
942 200
948 200
954 200
960 200
966 200
972 200
978 200
984 200
990 200
996 200
1002 200
1008 200
1014 201
1020 201
1026 201
1032 201
1038 201
1044 201
1050 201
1056 201
1062 201
1068 201
1074 201
1080 201
1086 201
1092 201
1098 201
1104 201
1110 201
1116 201
1122 201
1128 201
1134 201
1140 201
1146 201
1152 201
1158 201
1164 201
1170 201
1176 201
1182 201
1188 201
