0 195
6 197
12 201
18 207
23 213
27 219
31 225
37 230
43 234
49 236
55 236
61 236
67 234
73 230
79 224
82 218
84 212
85 206
86 200
85 194
85 188
85 182
86 176
89 170
92 164
98 158
104 155
110 152
116 151
122 151
128 152
134 153
140 156
146 161
151 167
154 173
156 179
157 185
157 191
156 197
154 203
154 209
154 215
154 221
156 227
160 233
165 239
171 243
177 246
183 247
189 246
195 245
201 242
207 238
212 232
217 226
223 220
229 216
235 214
241 213
247 214
253 214
259 216
265 217
271 217
277 216
283 215
289 211
294 205
298 199
300 193
301 187
301 181
302 175
304 169
308 163
314 157
320 153
326 151
332 150
338 150
344 151
350 153
356 156
362 161
367 167
371 173
373 179
374 185
374 191
374 197
372 203
370 209
368 215
367 221
367 227
367 233
369 239
372 245
376 251
382 256
388 260
394 262
400 263
406 263
412 263
418 261
424 258
430 254
435 248
439 242
441 236
443 230
443 224
443 218
442 212
441 206
441 200
442 194
443 188
446 182
449 176
455 170
461 165
467 162
473 160
479 159
485 158
491 159
497 161
503 163
509 167
515 173
520 179
525 185
529 191
533 197
539 203
545 208
551 213
557 217
563 222
569 227
575 233
581 239
587 245
593 250
599 254
605 256
611 257
617 257
623 257
629 255
635 252
641 247
646 241
650 235
652 229
654 223
655 217
654 211
653 205
651 199
647 193
643 187
641 181
640 175
640 169
641 163
644 157
647 151
653 145
659 141
665 138
671 136
677 135
683 135
689 137
695 139
701 142
707 147
712 153
715 159
717 165
718 171
718 177
718 183
716 189
712 195
709 201
706 207
705 213
705 219
706 225
707 231
709 237
713 243
718 249
724 253
730 256
736 258
742 258
748 257
754 255
760 251
766 245
769 239
772 233
773 227
773 221
772 215
770 209
768 203
767 197
767 191
769 185
771 179
774 173
778 167
784 161
790 158
796 155
802 154
808 154
814 155
820 157
826 161
832 166
837 172
840 178
842 184
843 190
844 196
843 202
842 208
840 214
838 220
838 226
838 232
839 238
841 244
844 250
849 256
855 262
861 265
867 267
873 268
879 269
885 268
891 267
897 264
903 261
909 255
914 249
917 243
919 237
920 231
921 225
920 219
918 213
916 207
913 201
912 195
911 189
912 183
913 177
915 171
918 165
922 159
928 153
934 149
940 145
946 143
952 142
958 141
964 141
970 142
976 144
982 146
988 150
994 155
999 161
1002 167
1005 173
1006 179
1007 185
1007 191
1007 197
1007 203
1007 209
1008 215
1009 221
1012 227
1015 233
1021 239
1027 244
1033 247
1039 250
1045 251
1051 251
1057 250
1063 248
1069 245
1075 240
1080 234
1083 228
1086 222
1089 216
1093 210
1099 204
1105 200
1111 197
1117 196
1123 196
1129 196
1135 197
1141 199
1147 200
1153 200
1159 200
1165 199
1171 198
1177 196
1183 195
1189 194
