0 211
6 209
12 207
18 205
24 203
30 201
36 199
42 198
48 197
54 196
60 196
66 196
72 197
78 198
84 200
90 202
96 204
102 206
108 209
114 211
120 213
126 215
132 216
138 217
144 218
150 218
156 218
162 217
168 216
174 215
180 214
186 212
192 211
198 211
204 210
210 210
216 210
222 211
228 211
234 212
240 213
246 214
252 215
258 216
264 216
270 216
276 215
282 214
288 213
294 211
300 209
306 207
312 205
318 203
324 201
330 199
336 198
342 198
348 197
354 197
360 198
366 199
372 200
378 202
384 204
390 206
396 208
402 210
408 213
414 215
420 217
426 218
432 220
438 221
444 222
450 223
456 223
462 223
468 223
474 223
480 222
486 221
492 220
498 219
504 217
510 214
516 212
522 209
528 207
534 204
540 201
546 199
552 197
558 196
564 195
570 194
576 194
582 194
588 195
594 196
600 197
606 199
612 202
618 204
624 207
630 209
636 212
642 214
648 216
654 218
660 219
666 220
672 220
678 220
684 220
690 219
696 219
702 217
708 216
714 214
720 212
726 210
732 208
738 206
744 204
750 202
756 200
762 199
768 198
774 197
780 197
786 197
792 198
798 199
804 200
810 203
816 205
822 209
828 212
834 216
840 220
846 223
852 226
858 228
864 229
870 230
876 231
882 230
888 229
894 228
900 226
906 223
912 220
918 216
924 212
930 209
936 206
942 203
948 200
954 199
960 197
966 196
972 196
978 196
984 196
990 197
996 198
1002 198
1008 200
1014 201
1020 202
1026 203
1032 204
1038 205
1044 206
1050 207
1056 207
1062 208
1068 209
1074 210
1080 211
1086 212
1092 213
1098 214
1104 215
1110 216
1116 217
1122 218
1128 219
1134 219
1140 220
1146 220
1152 220
1158 220
1164 220
1170 219
1176 218
1182 217
1188 215
