0 217
6 214
12 211
18 208
24 205
30 202
36 200
42 199
48 197
54 197
60 197
66 197
72 198
78 199
84 201
90 204
96 207
102 210
108 214
114 217
120 220
126 222
132 224
138 225
144 226
150 226
156 225
162 224
168 223
174 222
180 220
186 219
192 217
198 216
204 216
210 215
216 216
222 216
228 217
234 218
240 220
246 221
252 222
258 223
264 223
270 223
276 222
282 221
288 219
294 217
300 214
306 211
312 208
318 206
324 203
330 201
336 200
342 199
348 198
354 198
360 199
366 200
372 202
378 204
384 207
390 209
396 212
402 216
408 219
414 221
420 224
426 226
432 228
438 230
444 231
450 232
456 233
462 233
468 233
474 233
480 232
486 231
492 229
498 227
504 224
510 221
516 218
522 214
528 210
534 207
540 203
546 200
552 198
558 196
564 195
570 194
576 194
582 194
588 195
594 196
600 198
606 201
612 204
618 207
624 211
630 214
636 218
642 221
648 224
654 226
660 227
666 228
672 229
678 229
684 229
690 228
696 227
702 226
708 224
714 221
720 219
726 216
732 213
738 210
744 207
750 204
756 202
762 200
768 199
774 198
780 197
786 198
792 198
798 200
804 202
810 205
816 208
822 213
828 218
834 223
840 228
846 232
852 236
858 239
864 241
870 242
876 242
882 242
888 241
894 239
900 236
906 233
912 229
918 224
924 218
930 213
936 209
942 205
948 202
954 200
960 198
966 197
972 196
978 196
984 197
990 197
996 198
1002 200
1008 201
1014 203
1020 204
1026 206
1032 207
1038 208
1044 210
1050 211
1056 212
1062 213
1068 214
1074 215
1080 216
1086 218
1092 219
1098 220
1104 222
1110 223
1116 224
1122 226
1128 227
1134 228
1140 228
1146 229
1152 229
1158 229
1164 228
1170 227
1176 226
1182 224
1188 222
