0 215
6 215
12 215
18 215
24 215
30 214
36 214
42 214
48 214
54 214
60 214
66 214
72 214
78 214
84 214
90 214
96 214
102 215
108 215
114 215
120 215
126 215
132 215
138 215
144 215
150 215
156 215
162 215
168 215
174 215
180 215
186 215
192 215
198 215
204 215
210 215
216 215
222 215
228 215
234 215
240 215
246 215
252 215
258 215
264 215
270 215
276 215
282 215
288 215
294 215
300 215
306 215
312 215
318 214
324 214
330 214
336 214
342 214
348 214
354 214
360 214
366 214
372 215
378 215
384 215
390 215
396 215
402 215
408 215
414 215
420 215
426 215
432 215
438 215
444 215
450 215
456 215
462 215
468 215
474 215
480 215
486 215
492 215
498 215
504 215
510 215
516 215
522 215
528 215
534 215
540 215
546 214
552 214
558 214
564 214
570 214
576 214
582 214
588 214
594 214
600 214
606 214
612 214
618 215
624 215
630 215
636 215
642 215
648 215
654 215
660 215
666 215
672 215
678 215
684 215
690 215
696 215
702 215
708 215
714 215
720 215
726 215
732 215
738 215
744 215
750 215
756 215
762 215
768 215
774 214
780 214
786 214
792 214
798 214
804 215
810 215
816 215
822 215
828 215
834 215
840 215
846 215
852 216
858 216
864 216
870 216
876 216
882 216
888 216
894 216
900 215
906 215
912 215
918 215
924 215
930 215
936 215
942 215
948 214
954 214
960 214
966 214
972 214
978 214
984 214
990 214
996 214
1002 214
1008 214
1014 214
1020 214
1026 215
1032 215
1038 215
1044 215
1050 215
1056 215
1062 215
1068 215
1074 215
1080 215
1086 215
1092 215
1098 215
1104 215
1110 215
1116 215
1122 215
1128 215
1134 215
1140 215
1146 215
1152 215
1158 215
1164 215
1170 215
1176 215
1182 215
1188 215
