0 215
6 215
12 215
18 215
24 215
30 215
36 215
42 215
48 215
54 215
60 215
66 215
72 215
78 215
84 215
90 215
96 215
102 215
108 215
114 215
120 215
126 216
132 216
138 216
144 216
150 216
156 216
162 216
168 216
174 216
180 215
186 215
192 215
198 215
204 215
210 215
216 215
222 215
228 215
234 215
240 215
246 216
252 216
258 216
264 216
270 216
276 216
282 216
288 216
294 215
300 215
306 215
312 215
318 215
324 215
330 215
336 215
342 215
348 215
354 215
360 215
366 215
372 215
378 215
384 215
390 215
396 215
402 215
408 216
414 216
420 216
426 216
432 216
438 216
444 216
450 216
456 216
462 216
468 216
474 216
480 216
486 216
492 216
498 216
504 216
510 216
516 215
522 215
528 215
534 215
540 215
546 215
552 215
558 215
564 215
570 214
576 214
582 214
588 215
594 215
600 215
606 215
612 215
618 215
624 215
630 215
636 215
642 215
648 215
654 216
660 216
666 216
672 216
678 216
684 216
690 216
696 216
702 215
708 215
714 215
720 215
726 215
732 215
738 215
744 215
750 215
756 215
762 215
768 215
774 215
780 215
786 215
792 215
798 215
804 215
810 215
816 215
822 215
828 215
834 216
840 216
846 216
852 216
858 216
864 216
870 216
876 216
882 216
888 216
894 216
900 216
906 216
912 216
918 216
924 215
930 215
936 215
942 215
948 215
954 215
960 215
966 215
972 215
978 215
984 215
990 215
996 215
1002 215
1008 215
1014 215
1020 215
1026 215
1032 215
1038 215
1044 215
1050 215
1056 215
1062 215
1068 215
1074 215
1080 215
1086 215
1092 215
1098 215
1104 215
1110 216
1116 216
1122 216
1128 216
1134 216
1140 216
1146 216
1152 216
1158 216
1164 216
1170 216
1176 216
1182 216
1188 215
