0 207
4 201
8 195
11 189
16 183
21 177
27 172
33 168
39 166
45 164
51 162
57 162
63 162
69 163
75 165
81 168
87 172
93 177
98 183
102 189
105 195
109 201
112 207
117 213
123 219
129 223
135 225
141 227
147 227
153 226
159 225
165 223
171 220
177 216
183 212
189 209
195 207
201 205
207 204
213 204
219 205
225 207
231 209
237 212
243 215
249 217
255 219
261 220
267 221
273 220
279 219
285 216
291 212
297 206
302 200
306 194
310 188
315 182
321 176
327 172
333 169
339 167
345 165
351 165
357 165
363 166
369 168
375 171
381 175
387 179
392 185
397 191
401 197
404 203
408 209
411 215
416 221
421 227
427 232
433 236
439 240
445 242
451 244
457 245
463 245
469 245
475 244
481 243
487 240
493 237
499 233
505 227
510 221
514 215
517 209
519 203
522 197
524 191
528 185
532 179
537 173
543 167
549 163
555 161
561 159
567 157
573 157
579 157
585 158
591 159
597 162
603 165
609 170
615 176
620 182
623 188
626 194
629 200
632 206
635 212
639 218
644 224
650 229
656 233
662 235
668 237
674 237
680 237
686 237
692 235
698 233
704 229
710 225
716 219
720 213
724 207
728 201
732 195
736 189
741 183
746 177
752 173
758 169
764 166
770 165
776 164
782 163
788 164
794 165
800 167
806 170
812 174
818 180
823 186
826 192
828 198
829 204
831 210
832 216
833 222
835 228
837 234
840 240
845 246
851 252
857 256
863 258
869 260
875 260
881 260
887 259
893 257
899 254
905 250
911 244
915 238
918 232
920 226
921 220
922 214
923 208
924 202
926 196
929 190
932 184
937 178
943 172
949 168
955 166
961 164
967 163
973 162
979 162
985 163
991 164
997 166
1003 168
1009 171
1015 174
1021 177
1027 181
1033 184
1039 187
1045 191
1051 193
1057 196
1063 199
1069 202
1075 205
1081 207
1087 210
1093 214
1099 217
1105 220
1111 223
1117 227
1123 229
1129 232
1135 233
1141 235
1147 235
1153 236
1159 235
1165 234
1171 232
1177 229
1183 226
1189 221
1194 215
