0 221
2 215
3 209
4 203
5 197
7 191
9 185
11 179
15 173
20 167
26 162
32 158
38 155
44 153
50 152
56 151
62 151
68 152
74 154
80 156
86 160
92 165
97 171
100 177
103 183
104 189
105 195
106 201
107 207
108 213
110 219
113 225
118 231
124 236
130 239
136 241
142 242
148 242
154 240
160 238
166 235
172 231
178 226
184 220
190 216
196 213
202 211
208 210
214 210
220 212
226 214
232 217
238 221
244 225
250 228
256 231
262 232
268 233
274 232
280 231
286 228
292 224
297 218
300 212
303 206
304 200
306 194
308 188
310 182
313 176
318 170
324 164
330 160
336 158
342 156
348 155
354 155
360 156
366 157
372 159
378 162
384 166
390 172
395 178
399 184
401 190
403 196
405 202
406 208
407 214
408 220
409 226
412 232
414 238
418 244
424 250
430 255
436 259
442 262
448 264
454 265
460 266
466 266
472 265
478 264
484 262
490 260
496 256
502 252
507 246
512 240
515 234
517 228
518 222
519 216
519 210
519 204
519 198
520 192
521 186
523 180
526 174
530 168
534 162
540 157
546 153
552 150
558 147
564 146
570 145
576 145
582 145
588 147
594 149
600 151
606 155
612 160
617 166
621 172
624 178
626 184
627 190
628 196
628 202
628 208
629 214
630 220
632 226
635 232
639 238
645 244
651 249
657 252
663 254
669 255
675 256
681 256
687 255
693 253
699 251
705 247
711 242
716 236
720 230
723 224
725 218
727 212
728 206
729 200
731 194
733 188
736 182
740 176
744 170
750 165
756 161
762 158
768 156
774 154
780 154
786 154
792 155
798 156
804 159
810 162
816 167
822 173
826 179
829 185
831 191
833 197
833 203
833 209
833 215
832 221
830 227
829 233
829 239
830 245
831 251
834 257
838 263
843 269
849 274
855 277
861 280
867 281
873 282
879 282
885 282
891 281
897 279
903 276
909 272
915 266
919 260
923 254
925 248
926 242
926 236
925 230
924 224
922 218
921 212
920 206
920 200
921 194
923 188
925 182
929 176
933 170
939 165
945 160
951 157
957 155
963 153
969 152
975 152
981 152
987 153
993 155
999 157
1005 160
1011 163
1017 167
1023 172
1029 177
1035 182
1041 187
1047 191
1053 196
1059 200
1065 204
1071 209
1077 213
1083 217
1089 222
1095 227
1101 232
1107 237
1113 241
1119 245
1125 248
1131 251
1137 252
1143 254
1149 254
1155 254
1161 253
1167 252
1173 250
1179 247
1185 243
1191 237
1195 231
