0 202
6 200
12 199
18 198
24 196
30 195
36 194
42 193
48 193
54 192
60 192
66 192
72 193
78 194
84 194
90 196
96 197
102 199
108 200
114 202
120 203
126 204
132 205
138 206
144 206
150 206
156 206
162 205
168 205
174 204
180 203
186 203
192 202
198 201
204 201
210 201
216 201
222 201
228 202
234 203
240 203
246 204
252 204
258 205
264 205
270 205
276 205
282 204
288 203
294 202
300 201
306 199
312 198
318 196
324 195
330 194
336 194
342 193
348 193
354 193
360 194
366 194
372 195
378 196
384 198
390 199
396 200
402 202
408 203
414 204
420 205
426 206
432 207
438 208
444 208
450 209
456 209
462 209
468 209
474 209
480 209
486 208
492 207
498 206
504 205
510 204
516 202
522 201
528 199
534 197
540 196
546 194
552 193
558 192
564 191
570 191
576 191
582 191
588 191
594 192
600 193
606 194
612 196
618 197
624 199
630 200
636 202
642 203
648 205
654 206
660 206
666 207
672 207
678 207
684 207
690 207
696 206
702 205
708 205
714 204
720 203
726 201
732 200
738 199
744 198
750 196
756 195
762 194
768 194
774 193
780 193
786 193
792 194
798 194
804 195
810 197
816 198
822 200
828 203
834 205
840 207
846 209
852 211
858 212
864 213
870 214
876 214
882 214
888 213
894 212
900 211
906 209
912 207
918 205
924 203
930 200
936 198
942 197
948 195
954 194
960 193
966 193
972 192
978 192
984 192
990 193
996 193
1002 194
1008 194
1014 195
1020 196
1026 197
1032 197
1038 198
1044 198
1050 199
1056 199
1062 200
1068 200
1074 201
1080 201
1086 202
1092 203
1098 203
1104 204
1110 205
1116 205
1122 206
1128 206
1134 207
1140 207
1146 207
1152 207
1158 207
1164 207
1170 207
1176 206
1182 205
1188 204
