0 209
3 203
6 197
9 191
12 185
16 179
22 173
28 168
34 164
40 161
46 160
52 159
58 158
64 159
70 160
76 162
82 165
88 169
94 174
98 180
102 186
104 192
107 198
109 204
113 210
117 216
123 222
129 226
135 228
141 229
147 229
153 229
159 227
165 225
171 221
177 217
183 213
189 210
195 207
201 205
207 204
213 204
219 205
225 207
231 210
237 213
243 216
249 219
255 221
261 222
267 222
273 222
279 220
285 218
291 213
297 207
301 201
305 195
308 189
312 183
316 177
322 172
328 168
334 165
340 163
346 162
352 161
358 162
364 163
370 165
376 168
382 172
388 177
393 183
397 189
401 195
404 201
406 207
409 213
412 219
416 225
421 231
427 236
433 241
439 244
445 246
451 248
457 249
463 249
469 249
475 248
481 247
487 244
493 241
499 237
505 231
510 225
513 219
516 213
518 207
520 201
522 195
524 189
526 183
530 177
534 171
540 165
546 161
552 158
558 155
564 154
570 153
576 153
582 153
588 154
594 156
600 159
606 163
612 168
617 174
621 180
624 186
626 192
628 198
630 204
632 210
635 216
639 222
644 228
650 233
656 236
662 239
668 240
674 241
680 241
686 240
692 239
698 236
704 233
710 228
716 222
720 216
724 210
727 204
730 198
733 192
736 186
741 180
746 174
752 169
758 166
764 163
770 161
776 160
782 160
788 160
794 161
800 163
806 166
812 170
818 176
823 182
826 188
828 194
830 200
831 206
831 212
831 218
832 224
833 230
835 236
838 242
842 248
847 254
853 258
859 262
865 264
871 265
877 265
883 265
889 264
895 262
901 258
907 254
913 248
917 242
919 236
921 230
922 224
923 218
923 212
923 206
924 200
925 194
927 188
931 182
935 176
941 170
947 166
953 163
959 161
965 159
971 159
977 159
983 159
989 160
995 162
1001 164
1007 167
1013 170
1019 173
1025 177
1031 181
1037 185
1043 188
1049 192
1055 195
1061 198
1067 201
1073 204
1079 207
1085 211
1091 214
1097 218
1103 221
1109 225
1115 228
1121 232
1127 234
1133 236
1139 238
1145 239
1151 239
1157 239
1163 238
1169 236
1175 234
1181 231
1187 226
1193 220
