0 115
6 109
12 104
18 101
24 97
30 95
36 93
42 91
48 90
54 90
60 90
66 90
72 91
78 93
84 94
90 97
96 100
102 104
108 109
113 115
118 121
121 127
124 133
125 139
126 145
127 151
126 157
124 163
122 169
117 175
111 179
105 180
99 180
93 181
87 183
81 189
79 195
78 201
78 207
78 213
79 219
81 225
82 231
85 237
87 243
90 249
94 255
98 261
103 267
109 272
115 276
121 279
127 280
133 281
139 281
145 280
151 277
157 273
162 267
165 261
166 255
167 249
168 243
169 237
172 231
176 225
182 219
188 215
194 212
200 211
206 210
212 211
218 212
224 214
230 217
236 222
241 228
245 234
249 240
253 246
259 252
265 256
271 258
277 260
283 260
289 259
295 257
301 254
307 250
313 244
318 238
322 232
325 226
328 220
330 214
331 208
332 202
332 196
330 190
327 184
321 179
315 177
309 176
303 174
297 170
292 164
290 158
289 152
289 146
290 140
292 134
295 128
299 122
304 116
310 110
316 106
322 103
328 101
334 99
340 98
346 97
352 97
358 98
364 99
370 100
376 102
382 105
388 108
394 112
400 117
406 123
411 129
416 135
419 141
423 147
425 153
428 159
430 165
432 171
433 177
434 183
435 189
435 195
435 201
434 207
431 213
426 219
420 221
414 221
408 220
402 222
396 228
394 234
392 240
391 246
391 252
391 258
392 264
393 270
395 276
397 282
400 288
404 294
408 300
414 306
420 311
426 315
432 318
438 321
444 323
450 324
456 325
462 325
468 325
474 324
480 323
486 321
492 319
498 316
504 313
510 308
516 303
521 297
526 291
529 285
533 279
535 273
537 267
539 261
541 255
542 249
543 243
544 237
544 231
543 225
543 219
541 213
538 207
532 203
526 204
520 207
514 210
508 211
502 207
498 201
496 195
495 189
494 183
494 177
494 171
494 165
495 159
496 153
498 147
500 141
502 135
505 129
508 123
512 117
517 111
523 105
529 101
535 97
541 94
547 91
553 89
559 88
565 87
571 86
577 87
583 87
589 88
595 90
601 92
607 94
613 98
619 102
625 107
630 113
635 119
639 125
642 131
644 137
646 143
648 149
649 155
650 161
650 167
650 173
649 179
648 185
646 191
641 197
635 199
629 198
623 195
617 194
611 195
605 201
604 207
603 213
603 219
603 225
604 231
606 237
607 243
609 249
612 255
615 261
618 267
622 273
626 279
631 285
637 290
643 294
649 298
655 300
661 302
667 304
673 304
679 304
685 303
691 302
697 300
703 297
709 294
715 289
721 284
727 278
731 272
735 266
739 260
742 254
745 248
747 242
749 236
750 230
751 224
750 218
749 212
743 206
737 205
731 205
725 206
719 204
714 198
712 192
711 186
711 180
711 174
712 168
714 162
716 156
718 150
721 144
724 138
728 132
733 126
739 120
745 116
751 112
757 109
763 107
769 105
775 104
781 104
787 104
793 105
799 107
805 109
811 112
817 116
823 121
829 127
834 133
838 139
841 145
844 151
846 157
848 163
850 169
852 175
854 181
855 187
856 193
858 199
859 205
860 211
860 217
861 223
861 229
860 235
860 241
857 247
851 252
845 251
839 247
834 241
828 236
822 232
816 234
811 240
809 246
807 252
806 258
806 264
806 270
806 276
807 282
808 288
810 294
812 300
815 306
819 312
823 318
829 324
835 329
841 333
847 336
853 338
859 340
865 342
871 343
877 343
883 343
889 343
895 342
901 341
907 339
913 336
919 333
925 330
931 325
937 319
942 313
946 307
949 301
951 295
953 289
954 283
955 277
956 271
955 265
955 259
954 253
952 247
949 241
944 235
938 232
932 234
926 238
921 244
915 250
909 253
903 253
897 248
895 242
893 236
893 230
892 224
892 218
893 212
893 206
894 200
894 194
895 188
896 182
898 176
899 170
901 164
902 158
904 152
907 146
909 140
912 134
916 128
920 122
926 116
932 110
938 106
944 102
950 100
956 98
962 96
968 95
974 94
980 94
986 95
992 95
998 97
1004 99
1010 101
1016 104
1022 108
1028 113
1034 119
1039 125
1043 131
1046 137
1049 143
1051 149
1052 155
1054 161
1055 167
1056 173
1058 179
1059 185
1061 191
1064 197
1066 203
1068 209
1070 215
1072 221
1073 227
1074 233
1075 239
1076 245
1078 251
1079 257
1081 263
1084 269
1087 275
1091 281
1096 287
1102 293
1108 298
1114 302
1120 305
1126 308
1132 309
1138 311
1144 311
1150 312
1156 311
1162 310
1168 309
1174 307
1180 304
1186 301
1192 297
1198 292
3 286
7 280
11 274
14 268
16 262
18 256
20 250
21 244
22 238
23 232
23 226
23 220
22 214
20 208
17 202
11 198
5 197
1199 197
1193 196
1187 191
1183 185
1181 179
1180 173
1180 167
1180 161
1181 155
1182 149
1184 143
1186 137
1189 131
1192 125
