0 202
6 201
12 200
18 198
24 197
30 196
36 195
42 194
48 194
54 193
60 193
66 193
72 194
78 194
84 195
90 196
96 198
102 199
108 200
114 202
120 203
126 204
132 205
138 205
144 206
150 206
156 206
162 205
168 205
174 204
180 203
186 203
192 202
198 202
204 201
210 201
216 201
222 202
228 202
234 203
240 203
246 204
252 204
258 205
264 205
270 205
276 204
282 204
288 203
294 202
300 201
306 200
312 198
318 197
324 196
330 195
336 195
342 194
348 194
354 194
360 195
366 195
372 196
378 197
384 198
390 199
396 201
402 202
408 203
414 204
420 205
426 206
432 207
438 207
444 208
450 208
456 209
462 209
468 209
474 208
480 208
486 208
492 207
498 206
504 205
510 204
516 202
522 201
528 200
534 198
540 197
546 195
552 194
558 193
564 193
570 192
576 192
582 192
588 193
594 193
600 194
606 195
612 197
618 198
624 199
630 201
636 202
642 203
648 204
654 205
660 206
666 206
672 207
678 207
684 207
690 206
696 206
702 205
708 204
714 204
720 203
726 202
732 200
738 199
744 198
750 197
756 196
762 195
768 195
774 194
780 194
786 194
792 195
798 195
804 196
810 198
816 199
822 201
828 203
834 205
840 207
846 209
852 210
858 211
864 212
870 213
876 213
882 213
888 212
894 211
900 210
906 208
912 207
918 205
924 203
930 201
936 199
942 197
948 196
954 195
960 194
966 194
972 193
978 193
984 194
990 194
996 194
1002 195
1008 195
1014 196
1020 197
1026 197
1032 198
1038 198
1044 199
1050 199
1056 200
1062 200
1068 201
1074 201
1080 202
1086 202
1092 203
1098 203
1104 204
1110 204
1116 205
1122 206
1128 206
1134 206
1140 207
1146 207
1152 207
1158 207
1164 207
1170 206
1176 206
1182 205
1188 204
