0 199
6 199
12 199
18 199
24 199
30 199
36 199
42 199
48 199
54 199
60 199
66 199
72 199
78 199
84 199
90 199
96 199
102 199
108 199
114 199
120 199
126 199
132 200
138 200
144 200
150 200
156 200
162 200
168 200
174 200
180 199
186 199
192 199
198 199
204 199
210 199
216 199
222 199
228 199
234 199
240 199
246 200
252 200
258 200
264 200
270 200
276 200
282 200
288 200
294 199
300 199
306 199
312 199
318 199
324 199
330 199
336 199
342 199
348 199
354 199
360 199
366 199
372 199
378 199
384 199
390 199
396 199
402 199
408 200
414 199
420 199
426 199
432 199
438 199
444 199
450 199
456 199
462 199
468 200
474 200
480 200
486 200
492 199
498 199
504 199
510 199
516 199
522 199
528 199
534 199
540 199
546 199
552 199
558 199
564 199
570 199
576 199
582 199
588 199
594 199
600 199
606 199
612 199
618 199
624 199
630 199
636 199
642 199
648 199
654 199
660 199
666 199
672 199
678 199
684 199
690 199
696 199
702 199
708 199
714 199
720 199
726 199
732 199
738 199
744 199
750 199
756 199
762 199
768 199
774 199
780 199
786 199
792 199
798 199
804 199
810 199
816 199
822 199
828 199
834 200
840 200
846 200
852 200
858 200
864 200
870 200
876 200
882 200
888 200
894 200
900 200
906 200
912 199
918 199
924 199
930 199
936 199
942 199
948 199
954 199
960 199
966 199
972 199
978 199
984 199
990 199
996 199
1002 199
1008 199
1014 199
1020 199
1026 199
1032 199
1038 199
1044 199
1050 199
1056 199
1062 199
1068 199
1074 199
1080 199
1086 199
1092 199
1098 199
1104 199
1110 199
1116 199
1122 199
1128 200
1134 200
1140 200
1146 200
1152 200
1158 200
1164 199
1170 199
1176 199
1182 199
1188 199
