0 344
6 339
12 333
16 327
19 321
22 315
24 309
25 303
26 297
27 291
27 285
28 279
28 273
28 267
27 261
27 255
27 249
27 243
26 237
26 231
25 225
25 219
24 213
23 207
22 201
21 195
20 189
19 183
18 177
17 171
17 165
16 159
15 153
9 149
3 155
1 161
1199 167
1197 173
1195 179
1193 185
1192 191
1190 197
1189 203
1189 209
1188 215
1187 221
1182 227
1176 228
1170 225
1165 219
1162 213
1159 207
1158 201
1157 195
1156 189
1156 183
1156 177
1157 171
1157 165
1158 159
1159 153
1160 147
1162 141
1163 135
1165 129
1167 123
1170 117
1172 111
1175 105
1179 99
1183 93
1188 87
1193 81
1199 75
5 71
11 67
17 63
23 61
29 58
35 57
41 55
47 54
53 54
59 54
65 54
71 54
77 55
83 56
89 58
95 60
101 63
107 66
113 70
119 75
125 81
130 87
134 93
137 99
140 105
142 111
144 117
145 123
146 129
146 135
146 141
145 147
144 153
142 159
139 165
135 171
130 177
124 181
118 185
112 187
106 187
100 185
95 179
92 173
90 167
88 161
84 155
81 149
77 143
74 137
69 131
63 128
57 127
51 128
45 132
41 138
40 144
40 150
40 156
41 162
42 168
43 174
45 180
46 186
48 192
50 198
51 204
53 210
55 216
58 222
60 228
62 234
65 240
67 246
70 252
73 258
76 264
79 270
82 276
86 282
90 288
94 294
99 300
105 305
111 310
117 314
123 316
129 318
135 319
141 319
147 318
153 316
159 313
165 307
168 301
170 295
170 289
168 283
162 277
156 273
150 270
144 267
138 262
134 256
133 250
134 244
138 238
144 233
150 230
156 228
162 226
168 224
174 223
180 222
186 222
192 221
198 221
204 221
210 221
216 221
222 222
228 222
234 224
240 225
246 227
252 229
258 233
264 239
266 245
266 251
265 257
265 263
267 269
270 275
276 280
282 282
288 283
294 283
300 282
306 280
312 277
318 273
324 269
330 263
336 257
342 251
347 245
352 239
357 233
362 227
366 221
371 215
375 209
378 203
381 197
384 191
385 185
386 179
385 173
382 167
378 161
372 156
366 152
360 149
354 148
348 149
342 151
336 156
331 162
326 168
321 174
317 180
311 185
305 187
299 187
293 185
287 182
281 178
276 172
272 166
269 160
267 154
266 148
266 142
266 136
267 130
268 124
269 118
272 112
274 106
278 100
282 94
287 88
293 83
299 78
305 75
311 72
317 70
323 68
329 67
335 67
341 66
347 67
353 68
359 69
365 71
371 73
377 76
383 80
389 84
395 89
401 95
406 101
411 107
415 113
419 119
422 125
426 131
430 137
433 143
436 149
440 155
443 161
446 167
448 173
451 179
453 185
455 191
457 197
459 203
460 209
462 215
463 221
464 227
465 233
466 239
466 245
467 251
468 257
468 263
467 269
466 275
464 281
458 286
452 287
446 285
440 279
439 273
438 267
437 261
436 255
434 249
433 243
431 237
430 231
429 225
427 219
424 213
418 212
413 218
409 224
405 230
401 236
398 242
395 248
392 254
389 260
387 266
385 272
383 278
381 284
380 290
379 296
379 302
379 308
379 314
380 320
382 326
384 332
388 338
392 344
398 350
404 354
410 357
416 360
422 362
428 364
434 365
440 366
446 367
452 367
458 367
464 367
470 367
476 366
482 366
488 364
494 363
500 361
506 358
512 355
518 351
524 346
530 340
534 334
537 328
540 322
542 316
544 310
546 304
547 298
548 292
549 286
549 280
550 274
550 268
550 262
550 256
550 250
550 244
550 238
550 232
550 226
550 220
550 214
550 208
550 202
550 196
550 190
549 184
549 178
549 172
547 166
541 161
535 166
533 172
531 178
530 184
529 190
527 196
526 202
524 208
522 214
520 220
518 226
517 232
515 238
514 244
513 250
512 256
511 262
508 268
502 274
496 271
494 265
493 259
493 253
493 247
493 241
493 235
493 229
493 223
492 217
492 211
492 205
491 199
491 193
490 187
490 181
490 175
489 169
489 163
489 157
489 151
489 145
490 139
490 133
491 127
492 121
493 115
495 109
497 103
500 97
503 91
507 85
511 79
517 73
523 68
529 64
535 61
541 59
547 57
553 55
559 54
565 53
571 53
577 53
583 54
589 55
595 57
601 59
607 61
613 65
619 69
625 74
631 80
636 86
640 92
643 98
645 104
647 110
649 116
651 122
652 128
653 134
654 140
655 146
655 152
656 158
656 164
656 170
657 176
657 182
657 188
657 194
657 200
657 206
657 212
657 218
657 224
657 230
656 236
654 242
649 248
643 248
637 243
634 237
632 231
631 225
629 219
627 213
625 207
622 201
618 195
615 189
612 183
610 177
608 171
606 165
604 159
599 153
593 150
587 152
583 158
581 164
581 170
582 176
582 182
583 188
584 194
585 200
586 206
587 212
589 218
590 224
591 230
592 236
594 242
595 248
597 254
598 260
600 266
602 272
604 278
607 284
609 290
612 296
616 302
619 308
623 314
628 320
634 326
640 331
646 335
652 338
658 340
664 341
670 342
676 343
682 343
688 342
694 340
700 338
706 335
712 332
718 328
724 322
730 316
735 310
739 304
743 298
747 292
750 286
754 280
757 274
760 268
762 262
765 256
768 250
770 244
772 238
775 232
777 226
779 220
780 214
781 208
781 202
780 196
778 190
772 184
766 182
760 182
754 186
750 192
747 198
744 204
740 210
736 216
732 222
728 228
725 234
723 240
720 246
716 252
710 257
704 258
698 257
692 251
690 245
690 239
689 233
690 227
690 221
691 215
692 209
693 203
694 197
696 191
697 185
698 179
700 173
701 167
703 161
705 155
707 149
709 143
712 137
714 131
717 125
720 119
724 113
729 107
734 101
740 95
746 91
752 87
758 84
764 83
770 81
776 81
782 81
788 82
794 83
800 86
806 89
812 93
818 99
824 105
828 111
831 117
834 123
837 129
839 135
841 141
843 147
845 153
847 159
848 165
850 171
852 177
854 183
855 189
856 195
858 201
859 207
860 213
861 219
862 225
862 231
863 237
864 243
864 249
865 255
866 261
866 267
867 273
868 279
868 285
869 291
870 297
871 303
872 309
873 315
875 321
876 327
877 333
871 337
865 334
860 328
857 322
855 316
853 310
851 304
849 298
846 292
844 286
841 280
839 274
837 268
835 262
834 256
833 250
832 244
831 238
829 232
828 226
823 220
817 226
816 232
815 238
814 244
812 250
811 256
810 262
808 268
807 274
806 280
805 286
804 292
803 298
802 304
802 310
802 316
802 322
802 328
803 334
805 340
807 346
811 352
816 358
822 363
828 367
834 370
840 372
846 374
852 375
858 376
864 377
870 378
876 378
882 378
888 378
894 378
900 378
906 377
912 376
918 375
924 373
930 371
936 369
942 366
948 362
954 357
959 351
963 345
966 339
968 333
970 327
971 321
972 315
972 309
972 303
972 297
972 291
972 285
971 279
971 273
970 267
968 261
967 255
965 249
962 243
959 237
954 231
948 227
942 226
936 229
934 235
933 241
933 247
933 253
932 259
931 265
929 271
926 277
924 283
921 289
919 295
918 301
917 307
915 313
914 319
913 325
909 331
903 336
897 336
894 330
893 324
893 318
893 312
893 306
892 300
892 294
891 288
891 282
891 276
890 270
890 264
889 258
889 252
889 246
889 240
889 234
889 228
889 222
890 216
890 210
891 204
891 198
892 192
892 186
893 180
894 174
895 168
896 162
896 156
897 150
898 144
900 138
901 132
902 126
904 120
906 114
908 108
911 102
914 96
918 90
923 84
929 78
935 73
941 69
947 66
953 63
959 61
965 59
971 58
977 57
983 56
989 56
995 56
1001 57
1007 58
1013 59
1019 61
1025 64
1031 67
1037 70
1043 74
1049 79
1054 85
1059 91
1063 97
1067 103
1070 109
1073 115
1075 121
1077 127
1079 133
1080 139
1081 145
1082 151
1083 157
1083 163
1084 169
1083 175
1083 181
1081 187
1079 193
1073 199
1067 204
1063 210
1062 216
1060 222
1057 228
1051 232
1045 236
1042 242
1041 248
1041 254
1041 260
1042 266
1043 272
1044 278
1046 284
1048 290
1051 296
1053 302
1056 308
1060 314
1063 320
1068 326
1073 332
1079 338
1085 343
1091 347
1097 350
1103 353
1109 355
1115 357
1121 358
1127 359
1133 360
1139 360
1145 360
1151 360
1157 359
1163 358
1169 357
1175 356
1181 354
1187 351
1193 348
