0 213
6 213
12 212
18 212
24 212
30 212
36 212
42 212
48 212
54 212
60 212
66 212
72 212
78 212
84 212
90 212
96 212
102 212
108 212
114 213
120 213
126 213
132 213
138 213
144 213
150 213
156 213
162 213
168 213
174 213
180 213
186 213
192 213
198 213
204 212
210 212
216 212
222 213
228 213
234 213
240 213
246 213
252 213
258 213
264 213
270 213
276 213
282 213
288 213
294 213
300 213
306 212
312 212
318 212
324 212
330 212
336 212
342 212
348 212
354 212
360 212
366 212
372 212
378 212
384 212
390 213
396 213
402 213
408 213
414 213
420 213
426 213
432 213
438 213
444 213
450 213
456 213
462 213
468 213
474 213
480 213
486 213
492 213
498 213
504 213
510 213
516 213
522 213
528 212
534 212
540 212
546 212
552 212
558 212
564 212
570 212
576 212
582 212
588 212
594 212
600 212
606 212
612 212
618 212
624 212
630 213
636 213
642 213
648 213
654 213
660 213
666 213
672 213
678 213
684 213
690 213
696 213
702 213
708 213
714 213
720 213
726 213
732 213
738 213
744 212
750 212
756 212
762 212
768 212
774 212
780 212
786 212
792 212
798 212
804 212
810 212
816 212
822 213
828 213
834 213
840 213
846 213
852 213
858 213
864 213
870 213
876 213
882 213
888 213
894 213
900 213
906 213
912 213
918 213
924 213
930 213
936 212
942 212
948 212
954 212
960 212
966 212
972 212
978 212
984 212
990 212
996 212
1002 212
1008 212
1014 212
1020 212
1026 212
1032 212
1038 212
1044 212
1050 212
1056 212
1062 212
1068 212
1074 212
1080 213
1086 213
1092 213
1098 213
1104 213
1110 213
1116 213
1122 213
1128 213
1134 213
1140 213
1146 213
1152 213
1158 213
1164 213
1170 213
1176 213
1182 213
1188 213
