0 200
6 199
12 199
18 199
24 199
30 199
36 199
42 198
48 199
54 199
60 199
66 199
72 199
78 199
84 199
90 199
96 199
102 199
108 199
114 199
120 199
126 199
132 199
138 199
144 199
150 199
156 199
162 199
168 199
174 200
180 200
186 200
192 201
198 200
204 200
210 200
216 199
222 199
228 199
234 199
240 198
246 198
252 199
258 199
264 199
270 199
276 199
282 199
288 199
294 199
300 199
306 198
312 198
318 199
324 199
330 199
336 199
342 199
348 199
354 199
360 199
366 199
372 199
378 199
384 199
390 200
396 200
402 200
408 200
414 200
420 200
426 200
432 200
438 199
444 199
450 198
456 198
462 198
468 198
474 199
480 199
486 199
492 199
498 199
504 199
510 199
516 198
522 198
528 197
534 197
540 197
546 197
552 198
558 198
564 199
570 200
576 200
582 201
588 201
594 201
600 201
606 201
612 200
618 200
624 199
630 198
636 198
642 198
648 198
654 198
660 198
666 199
672 199
678 199
684 200
690 200
696 200
702 200
708 200
714 199
720 199
726 199
732 199
738 198
744 198
750 198
756 198
762 198
768 198
774 198
780 198
786 199
792 199
798 200
804 201
810 202
816 202
822 202
828 202
834 202
840 201
846 200
852 199
858 199
864 198
870 197
876 197
882 197
888 197
894 198
900 199
906 200
912 200
918 201
924 201
930 201
936 201
942 200
948 199
954 199
960 198
966 197
972 197
978 196
984 196
990 197
996 197
1002 198
1008 199
1014 199
1020 200
1026 200
1032 200
1038 200
1044 199
1050 199
1056 199
1062 200
1068 200
1074 200
1080 200
1086 200
1092 199
1098 199
1104 198
1110 198
1116 198
1122 197
1128 198
1134 198
1140 199
1146 199
1152 200
1158 200
1164 200
1170 201
1176 201
1182 201
1188 201
