0 219
6 217
12 215
18 214
24 213
30 212
36 212
42 212
48 212
54 213
60 213
66 214
72 214
78 215
84 215
90 215
96 216
102 216
108 216
114 216
120 215
126 215
132 214
138 213
144 213
150 212
156 213
162 213
168 215
174 218
180 219
186 221
192 222
198 221
204 221
210 219
216 217
222 215
228 214
234 212
240 212
246 212
252 212
258 213
264 214
270 214
276 214
282 215
288 214
294 214
300 213
306 213
312 212
318 212
324 213
330 213
336 214
342 214
348 215
354 215
360 215
366 215
372 215
378 216
384 217
390 218
396 219
402 221
408 221
414 221
420 221
426 220
432 217
438 216
444 214
450 212
456 212
462 212
468 212
474 214
480 215
486 216
492 217
498 217
504 216
510 214
516 212
522 209
528 207
534 205
540 205
546 206
552 208
558 211
564 215
570 219
576 222
582 224
588 226
594 226
600 225
606 223
612 221
618 218
624 214
630 212
636 210
642 208
648 208
654 209
660 210
666 212
672 214
678 216
684 218
690 219
696 219
702 219
708 218
714 217
720 216
726 214
732 213
738 211
744 210
750 209
756 208
762 208
768 208
774 209
780 211
786 213
792 216
798 220
804 224
810 226
816 228
822 229
828 229
834 227
840 224
846 220
852 216
858 211
864 207
870 205
876 204
882 205
888 207
894 210
900 214
906 218
912 221
918 224
924 225
930 225
936 224
942 221
948 218
954 214
960 209
966 206
972 203
978 203
984 203
990 204
996 207
1002 211
1008 214
1014 216
1020 218
1026 219
1032 219
1038 218
1044 218
1050 218
1056 218
1062 219
1068 219
1074 220
1080 219
1086 218
1092 216
1098 213
1104 211
1110 209
1116 207
1122 207
1128 208
1134 209
1140 212
1146 214
1152 217
1158 220
1164 222
1170 223
1176 223
1182 223
1188 222
