0 199
6 198
12 199
18 198
24 198
30 198
36 198
42 198
48 198
54 198
60 198
66 198
72 198
78 198
84 198
90 198
96 198
102 198
108 198
114 198
120 198
126 198
132 198
138 198
144 198
150 198
156 198
162 198
168 198
174 198
180 199
186 199
192 199
198 199
204 199
210 199
216 198
222 198
228 198
234 198
240 198
246 198
252 198
258 198
264 198
270 198
276 198
282 198
288 198
294 198
300 198
306 198
312 198
318 198
324 198
330 198
336 198
342 198
348 198
354 198
360 198
366 198
372 198
378 198
384 198
390 198
396 198
402 199
408 199
414 199
420 199
426 199
432 198
438 198
444 198
450 198
456 198
462 198
468 198
474 198
480 198
486 198
492 198
498 198
504 198
510 198
516 198
522 198
528 198
534 198
540 198
546 198
552 198
558 198
564 198
570 198
576 199
582 199
588 199
594 199
600 199
606 199
612 199
618 198
624 198
630 198
636 198
642 198
648 198
654 198
660 198
666 198
672 198
678 198
684 198
690 199
696 199
702 199
708 198
714 199
720 198
726 198
732 198
738 198
744 198
750 198
756 198
762 198
768 198
774 198
780 198
786 198
792 198
798 199
804 199
810 199
816 199
822 199
828 199
834 199
840 199
846 199
852 199
858 198
864 198
870 198
876 198
882 198
888 198
894 198
900 198
906 198
912 199
918 199
924 199
930 199
936 199
942 199
948 198
954 198
960 198
966 198
972 198
978 198
984 198
990 198
996 198
1002 198
1008 198
1014 198
1020 198
1026 198
1032 198
1038 198
1044 198
1050 198
1056 198
1062 198
1068 199
1074 199
1080 199
1086 199
1092 198
1098 198
1104 198
1110 198
1116 198
1122 198
1128 198
1134 198
1140 198
1146 198
1152 198
1158 199
1164 199
1170 199
1176 199
1182 199
1188 199
