0 206
6 206
12 205
18 205
24 205
30 204
36 204
42 204
48 204
54 205
60 205
66 205
72 205
78 205
84 205
90 205
96 206
102 206
108 206
114 206
120 206
126 205
132 205
138 205
144 205
150 204
156 204
162 205
168 205
174 206
180 207
186 207
192 208
198 208
204 207
210 207
216 206
222 205
228 205
234 204
240 204
246 204
252 204
258 205
264 205
270 205
276 205
282 205
288 205
294 205
300 204
306 204
312 204
318 204
324 205
330 205
336 205
342 205
348 205
354 205
360 205
366 205
372 205
378 205
384 206
390 206
396 207
402 207
408 208
414 208
420 207
426 207
432 206
438 205
444 205
450 204
456 204
462 204
468 204
474 205
480 205
486 206
492 206
498 206
504 206
510 205
516 204
522 203
528 203
534 202
540 202
546 202
552 203
558 204
564 205
570 206
576 207
582 208
588 209
594 209
600 209
606 208
612 207
618 206
624 205
630 204
636 204
642 203
648 203
654 203
660 204
666 204
672 205
678 206
684 206
690 207
696 207
702 207
708 206
714 206
720 205
726 205
732 204
738 204
744 204
750 203
756 203
762 203
768 203
774 204
780 204
786 205
792 206
798 207
804 208
810 209
816 210
822 210
828 210
834 209
840 209
846 207
852 206
858 204
864 203
870 202
876 202
882 202
888 203
894 204
900 205
906 206
912 207
918 208
924 209
930 209
936 208
942 207
948 206
954 205
960 203
966 202
972 201
978 201
984 201
990 202
996 203
1002 204
1008 205
1014 206
1020 206
1026 206
1032 206
1038 206
1044 206
1050 206
1056 206
1062 206
1068 207
1074 207
1080 207
1086 206
1092 206
1098 205
1104 204
1110 203
1116 203
1122 203
1128 203
1134 204
1140 204
1146 205
1152 206
1158 207
1164 208
1170 208
1176 208
1182 208
1188 207
