0 202
6 202
12 202
18 202
24 201
30 201
36 201
42 201
48 201
54 201
60 201
66 202
72 202
78 202
84 202
90 202
96 202
102 202
108 202
114 202
120 202
126 202
132 202
138 201
144 201
150 201
156 201
162 202
168 202
174 202
180 202
186 203
192 203
198 203
204 203
210 202
216 202
222 202
228 201
234 201
240 201
246 201
252 201
258 201
264 201
270 202
276 202
282 202
288 201
294 201
300 201
306 201
312 201
318 201
324 201
330 201
336 201
342 202
348 202
354 202
360 202
366 202
372 202
378 202
384 202
390 202
396 202
402 203
408 203
414 203
420 203
426 202
432 202
438 202
444 201
450 201
456 201
462 201
468 201
474 201
480 202
486 202
492 202
498 202
504 202
510 201
516 201
522 201
528 200
534 200
540 200
546 200
552 201
558 201
564 202
570 202
576 203
582 203
588 204
594 204
600 203
606 203
612 203
618 202
624 202
630 201
636 201
642 201
648 201
654 201
660 201
666 201
672 202
678 202
684 202
690 202
696 202
702 202
708 202
714 202
720 202
726 201
732 201
738 201
744 201
750 201
756 201
762 201
768 201
774 201
780 201
786 202
792 202
798 203
804 203
810 204
816 204
822 204
828 204
834 204
840 203
846 203
852 202
858 201
864 201
870 200
876 200
882 200
888 200
894 201
900 202
906 202
912 203
918 203
924 203
930 203
936 203
942 203
948 202
954 201
960 201
966 200
972 200
978 199
984 200
990 200
996 200
1002 201
1008 202
1014 202
1020 202
1026 202
1032 202
1038 202
1044 202
1050 202
1056 202
1062 202
1068 202
1074 203
1080 202
1086 202
1092 202
1098 201
1104 201
1110 201
1116 200
1122 200
1128 200
1134 201
1140 201
1146 202
1152 202
1158 202
1164 203
1170 203
1176 203
1182 203
1188 203
