0 176
2 173
3 170
5 167
8 164
10 161
13 158
16 155
19 153
22 151
25 150
28 149
31 148
34 147
37 147
40 148
43 148
46 149
49 151
52 153
54 156
56 159
58 162
59 165
59 168
60 171
60 174
60 177
61 180
61 183
62 186
63 189
63 192
65 195
66 198
68 201
70 204
73 207
76 210
79 212
82 214
85 216
88 217
91 218
94 218
97 219
100 219
103 218
106 217
109 216
112 215
115 213
118 211
121 208
124 205
126 202
128 199
129 196
131 193
132 190
133 187
133 184
134 181
135 178
135 175
137 172
139 169
141 166
144 164
147 163
150 162
153 162
156 162
159 163
162 165
165 167
168 170
170 173
172 176
174 179
175 182
176 185
177 188
178 191
179 194
179 197
180 200
180 203
180 206
180 209
180 212
180 215
180 218
179 221
178 224
176 227
173 230
170 233
167 236
166 239
165 242
165 245
164 248
164 251
165 254
166 257
167 260
168 263
170 266
173 269
176 272
179 274
182 276
185 277
188 278
191 279
194 279
197 279
200 279
203 278
206 278
209 277
212 275
215 274
218 272
221 269
224 266
226 263
227 260
229 257
230 254
230 251
231 248
231 245
231 242
230 239
229 236
228 233
225 230
222 228
219 226
216 223
214 220
213 217
212 214
211 211
211 208
211 205
211 202
211 199
211 196
211 193
211 190
212 187
212 184
213 181
214 178
215 175
216 172
218 169
220 166
223 163
226 161
229 160
232 159
235 159
238 159
241 160
244 162
247 165
249 168
251 171
253 174
255 177
257 180
260 183
263 185
266 187
269 188
272 189
275 190
278 190
281 189
284 189
287 187
290 185
293 182
296 179
298 176
300 173
302 170
304 167
307 164
310 161
313 159
316 158
319 158
322 158
325 158
328 158
331 159
334 161
337 163
340 166
343 169
346 172
349 175
352 178
355 181
358 184
361 186
364 189
367 192
370 195
372 198
374 201
377 204
378 207
380 210
381 213
383 216
384 219
384 222
385 225
385 228
385 231
385 234
384 237
382 240
380 243
379 246
378 249
378 252
378 255
379 258
380 261
382 264
384 267
386 270
389 273
392 275
395 277
398 278
401 279
404 280
407 280
410 281
413 281
416 281
419 280
422 279
425 278
428 277
431 275
434 273
437 271
440 268
442 265
444 262
446 259
447 256
448 253
449 250
450 247
450 244
450 241
450 238
449 235
448 232
447 229
444 226
441 223
438 222
435 220
432 217
430 214
429 211
428 208
427 205
427 202
426 199
426 196
427 193
427 190
428 187
429 184
430 181
431 178
433 175
436 172
439 169
442 168
445 166
448 166
451 165
454 166
457 166
460 167
463 169
466 170
469 173
472 175
474 178
477 181
479 184
481 187
483 190
485 193
488 196
491 198
494 200
497 201
500 202
503 202
506 202
509 202
512 202
515 201
518 200
521 199
524 197
527 195
530 193
533 190
536 187
538 184
540 181
541 178
542 175
543 172
544 169
544 166
544 163
544 160
543 157
542 154
541 151
538 148
535 145
532 143
529 143
526 143
523 144
520 143
517 142
514 139
513 136
512 133
512 130
513 127
514 124
516 121
518 118
521 115
524 113
527 112
530 110
533 109
536 109
539 108
542 108
545 108
548 109
551 110
554 110
557 112
560 113
563 115
566 118
569 121
572 124
574 127
575 130
576 133
577 136
578 139
579 142
579 145
579 148
580 151
580 154
580 157
580 160
580 163
581 166
581 169
581 172
581 175
580 178
580 181
580 184
580 187
580 190
580 193
579 196
579 199
579 202
578 205
578 208
577 211
576 214
575 217
574 220
572 223
569 222
566 220
563 222
560 224
557 227
555 230
553 233
552 236
551 239
549 242
549 245
548 248
548 251
548 254
548 257
548 260
548 263
549 266
550 269
551 272
552 275
554 278
556 281
558 284
561 287
564 289
567 292
570 293
573 295
576 296
579 297
582 297
585 298
588 298
591 298
594 298
597 297
600 296
603 295
606 294
609 292
612 290
615 287
618 284
620 281
622 278
623 275
625 272
625 269
626 266
626 263
627 260
627 257
626 254
626 251
625 248
624 245
623 242
622 239
620 236
618 233
615 232
612 232
609 234
606 237
603 237
602 234
600 231
600 228
600 225
600 222
600 219
600 216
600 213
600 210
601 207
601 204
602 201
603 198
603 195
604 192
605 189
606 186
607 183
607 180
608 177
610 174
611 171
612 168
613 165
615 162
616 159
618 156
619 153
621 150
624 147
626 144
629 141
632 139
635 138
638 136
641 135
644 135
647 135
650 135
653 136
656 136
659 138
662 140
665 142
668 145
670 148
672 151
673 154
674 157
675 160
675 163
676 166
676 169
675 172
675 175
674 178
671 180
668 182
665 183
662 184
660 187
658 190
657 193
657 196
657 199
657 202
657 205
658 208
659 211
660 214
661 217
663 220
665 223
667 226
669 229
672 232
675 235
678 238
681 240
684 241
687 243
690 244
693 245
696 245
699 246
702 246
705 245
708 245
711 244
714 243
717 241
720 240
723 238
726 235
729 233
732 230
734 227
737 224
739 221
740 218
742 215
744 212
745 209
746 206
747 203
747 200
747 197
747 194
747 191
747 188
745 185
744 182
741 180
738 178
735 176
732 173
730 170
730 167
729 164
729 161
729 158
729 155
730 152
731 149
732 146
733 143
735 140
737 137
740 134
743 131
746 130
749 128
752 127
755 126
758 125
761 125
764 125
767 126
770 126
773 127
776 128
779 129
782 131
785 134
788 136
791 139
793 142
795 145
797 148
798 151
800 154
801 157
802 160
804 163
805 166
806 169
807 172
808 175
809 178
809 181
810 184
811 187
812 190
812 193
813 196
814 199
814 202
815 205
815 208
815 211
815 214
816 217
816 220
816 223
816 226
816 229
815 232
815 235
814 238
813 241
812 244
809 247
806 247
804 244
802 241
801 238
800 235
797 232
794 233
791 234
788 237
786 240
784 243
783 246
782 249
781 252
780 255
779 258
779 261
779 264
779 267
779 270
779 273
779 276
780 279
781 282
782 285
784 288
785 291
788 294
790 297
793 300
796 302
799 304
802 306
805 307
808 308
811 309
814 310
817 310
820 311
823 311
826 310
829 310
832 309
835 308
838 307
841 305
844 304
847 301
850 299
852 296
855 293
857 290
858 287
859 284
860 281
861 278
862 275
862 272
863 269
863 266
863 263
863 260
863 257
862 254
862 251
862 248
861 245
861 242
860 239
859 236
859 233
858 230
857 227
856 224
855 221
853 218
852 215
849 218
847 221
844 221
843 218
842 215
842 212
841 209
841 206
841 203
840 200
840 197
840 194
840 191
840 188
840 185
840 182
840 179
839 176
840 173
840 170
840 167
840 164
840 161
840 158
841 155
841 152
842 149
842 146
843 143
844 140
846 137
847 134
850 131
853 128
856 126
859 124
862 123
865 122
868 122
871 122
874 122
877 123
880 124
883 125
886 126
889 129
892 131
894 134
897 137
898 140
900 143
902 146
903 149
904 152
905 155
906 158
906 161
907 164
908 167
908 170
908 173
909 176
909 179
909 182
908 185
908 188
907 191
906 194
909 191
909 194
906 197
903 195
900 193
897 191
894 191
891 193
890 196
889 199
888 202
888 205
888 208
888 211
889 214
889 217
890 220
890 223
891 226
892 229
893 232
894 235
895 238
896 241
898 244
899 247
901 250
903 253
905 256
907 259
910 262
913 265
916 267
919 269
922 271
925 272
928 273
931 273
934 274
937 274
940 273
943 272
946 271
949 269
952 267
955 264
958 261
959 258
961 255
962 252
963 249
964 246
964 243
964 240
965 237
965 234
964 231
964 228
964 225
964 222
963 219
963 216
962 213
961 210
961 207
960 204
959 201
958 198
957 195
956 192
955 189
954 186
952 183
949 182
946 184
943 183
941 180
941 177
940 174
940 171
940 168
939 165
939 162
939 159
939 156
939 153
939 150
939 147
939 144
940 141
940 138
940 135
941 132
941 129
942 126
943 123
944 120
946 117
948 114
950 111
952 108
955 106
958 103
961 101
964 100
967 99
970 98
973 97
976 97
979 96
982 96
985 96
988 97
991 97
994 98
997 99
1000 101
1003 102
1006 104
1009 107
1012 110
1015 113
1017 116
1018 119
1020 122
1021 125
1022 128
1022 131
1022 134
1023 137
1022 140
1022 143
1021 146
1020 149
1018 152
1015 153
1012 153
1009 150
1006 147
1004 144
1001 142
998 142
995 143
992 145
989 148
988 151
987 154
986 157
986 160
986 163
985 166
986 169
986 172
986 175
987 178
987 181
988 184
989 187
990 190
991 193
992 196
994 199
995 202
996 205
998 208
999 211
1001 214
1003 217
1005 220
1007 223
1010 226
1012 229
1015 232
1018 235
1021 238
1024 240
1027 242
1030 244
1033 246
1036 247
1039 249
1042 250
1045 251
1048 252
1051 252
1054 253
1057 253
1060 253
1063 253
1066 253
1069 252
1072 251
1075 250
1078 249
1081 247
1084 245
1087 242
1090 239
1092 236
1094 233
1096 230
1098 227
1099 224
1101 221
1102 218
1103 215
1104 212
1105 209
1105 206
1106 203
1106 200
1107 197
1107 194
1107 191
1107 188
1107 185
1107 182
1106 179
1105 176
1104 173
1102 170
1099 169
1096 169
1093 170
1090 171
1087 170
1084 167
1083 164
1083 161
1083 158
1083 155
1084 152
1085 149
1086 146
1087 143
1089 140
1090 137
1093 134
1095 131
1098 128
1101 126
1104 124
1107 122
1110 121
1113 120
1116 119
1119 119
1122 118
1125 118
1128 118
1131 119
1134 119
1137 120
1140 122
1143 123
1146 126
1149 128
1151 131
1153 134
1155 137
1156 140
1157 143
1158 146
1158 149
1159 152
1159 155
1159 158
1159 161
1159 164
1158 167
1158 170
1157 173
1156 176
1156 179
1154 182
1153 185
1150 188
1147 189
1144 192
1142 195
1141 198
1140 201
1140 204
1139 207
1138 210
1138 213
1138 216
1137 219
1137 222
1137 225
1137 228
1137 231
1137 234
1137 237
1137 240
1137 243
1138 246
1138 249
1139 252
1140 255
1141 258
1142 261
1143 264
1145 267
1147 270
1149 273
1152 276
1155 278
1158 281
1161 282
1164 283
1167 284
1170 285
1173 286
1176 286
1179 286
1182 285
1185 285
1188 284
1191 283
1194 282
1197 280
0 278
3 275
5 272
8 269
9 266
11 263
12 260
12 257
13 254
13 251
13 248
13 245
12 242
11 239
10 236
8 233
5 230
2 229
1199 228
1196 226
1193 223
1192 220
1191 217
1191 214
1191 211
1191 208
1191 205
1191 202
1192 199
1193 196
1193 193
1194 190
1195 187
1197 184
1198 181
