0 223
4 217
8 211
13 205
19 199
25 195
31 193
37 192
43 192
49 194
55 196
61 199
67 202
73 204
79 207
85 209
91 210
97 211
103 211
109 210
115 209
121 207
127 204
133 200
139 197
145 195
151 195
157 197
163 201
168 207
171 213
175 219
179 225
185 229
191 231
197 231
203 229
209 226
214 220
218 214
221 208
226 202
232 197
238 194
244 194
250 195
256 197
262 200
268 202
274 204
280 205
286 204
292 202
298 200
304 198
310 197
316 196
322 197
328 198
334 200
340 202
346 203
352 203
358 204
364 204
370 206
376 208
382 213
388 218
394 224
400 228
406 230
412 231
418 230
424 227
430 222
434 216
437 210
440 204
446 198
452 194
458 194
464 195
470 198
476 203
482 208
488 211
494 213
500 212
506 210
512 204
515 198
518 192
521 186
525 180
531 175
537 172
543 172
549 174
555 177
560 183
563 189
564 195
565 201
565 207
565 213
565 219
567 225
569 231
574 237
580 241
586 243
592 244
598 243
604 241
610 236
615 230
617 224
619 218
620 212
621 206
622 200
625 194
629 188
635 184
641 181
647 181
653 183
659 186
664 192
668 198
672 204
676 210
681 216
687 220
693 223
699 223
705 222
711 220
717 216
723 210
727 204
732 198
736 192
742 187
748 183
754 180
760 179
766 179
772 181
778 183
784 189
788 195
791 201
793 207
793 213
794 219
795 225
796 231
799 237
803 243
809 247
815 250
821 251
827 250
833 249
839 245
845 240
848 234
851 228
852 222
852 216
851 210
851 204
851 198
852 192
854 186
857 180
863 175
869 172
875 171
881 172
887 175
893 181
896 187
898 193
900 199
901 205
901 211
903 217
905 223
909 229
915 235
921 238
927 239
933 239
939 237
945 232
950 226
952 220
954 214
954 208
954 202
954 196
954 190
956 184
958 178
962 172
968 167
974 165
980 164
986 165
992 169
998 175
1000 181
1002 187
1003 193
1004 199
1007 205
1010 211
1016 216
1022 219
1028 220
1034 221
1040 221
1046 221
1052 222
1058 223
1064 224
1070 224
1076 224
1082 221
1088 217
1093 211
1096 205
1098 199
1100 193
1103 187
1109 181
1115 178
1121 176
1127 177
1133 180
1139 185
1143 191
1145 197
1146 203
1148 209
1149 215
1152 221
1156 227
1162 232
1168 235
1174 236
1180 235
1186 234
1192 230
