0 209
6 203
12 198
18 194
24 191
30 189
36 188
42 188
48 189
54 190
60 192
66 194
72 196
78 198
84 199
90 200
96 200
102 201
108 201
114 200
120 199
126 197
132 194
138 192
144 191
150 190
156 191
162 194
168 199
174 205
180 211
186 214
192 216
198 216
204 214
210 210
216 204
222 198
228 193
234 191
240 189
246 189
252 191
258 192
264 194
270 195
276 197
282 197
288 196
294 195
300 193
306 192
312 191
318 191
324 192
330 193
336 194
342 195
348 196
354 196
360 196
366 197
372 198
378 200
384 203
390 207
396 211
402 214
408 215
414 215
420 214
426 211
432 206
437 200
443 194
449 191
455 189
461 189
467 191
473 194
479 197
485 201
491 202
497 203
503 201
509 197
515 191
519 185
525 179
531 175
537 173
543 173
549 175
555 179
560 185
563 191
565 197
566 203
568 209
571 215
577 221
583 225
589 226
595 226
601 225
607 221
613 215
617 209
619 203
622 197
625 191
631 185
637 181
643 180
649 180
655 182
661 185
667 190
672 196
678 202
684 206
690 209
696 210
702 210
708 208
714 206
720 201
726 196
732 191
738 187
744 183
750 181
756 179
762 178
768 179
774 181
780 184
786 190
790 196
793 202
795 208
798 214
801 220
806 226
812 230
818 232
824 232
830 231
836 229
842 224
846 218
849 212
850 206
851 200
852 194
854 188
857 182
863 176
869 173
875 172
881 172
887 175
893 180
897 186
899 192
902 198
904 204
907 210
911 216
917 220
923 223
929 223
935 222
941 219
947 213
950 207
952 201
954 195
955 189
957 183
960 177
966 171
972 168
978 167
984 167
990 169
996 175
1000 181
1003 187
1006 193
1010 199
1016 204
1022 207
1028 208
1034 208
1040 208
1046 208
1052 208
1058 209
1064 210
1070 211
1076 210
1082 208
1088 205
1093 199
1098 193
1102 187
1108 181
1114 178
1120 177
1126 177
1132 179
1138 184
1143 190
1146 196
1150 202
1154 208
1160 214
1166 218
1172 219
1178 219
1184 218
1190 216
