0 205
6 204
12 203
18 201
24 200
30 199
36 198
42 198
48 198
54 200
60 202
66 205
72 210
78 213
84 216
90 217
96 217
102 214
108 209
113 203
117 197
122 191
128 188
134 187
140 189
146 194
150 200
153 206
157 212
163 218
169 221
175 222
181 220
187 216
192 210
194 204
196 198
197 192
200 186
203 180
209 175
215 172
221 172
227 173
233 177
238 183
241 189
243 195
244 201
246 207
249 213
253 219
259 224
265 227
271 228
277 227
283 226
289 222
295 218
301 212
307 208
313 205
319 204
325 204
331 204
337 205
343 205
349 204
355 202
361 197
366 191
371 185
377 179
383 175
389 173
395 172
401 173
407 174
413 178
419 183
424 189
429 195
432 201
436 207
439 213
443 219
447 225
453 231
459 236
465 239
471 241
477 242
483 243
489 242
495 241
501 238
507 234
513 229
517 223
520 217
522 211
524 205
525 199
526 193
528 187
530 181
532 175
536 169
542 163
548 159
554 157
560 156
566 156
572 158
578 162
584 168
587 174
588 180
589 186
589 192
590 198
591 204
594 210
600 216
606 219
612 221
618 222
624 221
630 221
636 221
642 222
648 223
654 225
660 226
666 227
672 226
678 224
684 219
689 213
691 207
692 201
692 195
693 189
693 183
696 177
699 171
705 166
711 163
717 162
723 162
729 164
735 167
741 173
744 179
747 185
749 191
751 197
754 203
758 209
764 215
770 220
776 223
782 225
788 227
794 228
800 229
806 230
812 231
818 231
824 230
830 228
836 225
842 220
846 214
849 208
852 202
855 196
861 190
867 187
873 185
879 185
885 186
891 188
897 190
903 193
909 195
915 197
921 198
927 199
933 200
939 201
945 202
951 204
957 206
963 208
969 210
975 211
981 212
987 212
993 211
999 210
1005 207
1011 203
1017 197
1021 191
1025 185
1029 179
1035 173
1041 169
1047 168
1053 168
1059 169
1065 173
1070 179
1073 185
1074 191
1074 197
1074 203
1073 209
1072 215
1072 221
1073 227
1076 233
1081 239
1087 243
1093 245
1099 245
1105 245
1111 242
1117 238
1121 232
1123 226
1124 220
1125 214
1125 208
1126 202
1129 196
1133 190
1139 186
1145 184
1151 184
1157 186
1163 190
1169 195
1175 199
1181 202
1187 205
1193 205
