0 219
6 219
12 219
18 219
24 219
30 218
36 218
42 218
48 218
54 218
60 219
66 219
72 220
78 221
84 222
90 223
96 223
102 222
108 221
114 219
120 217
126 215
132 215
138 215
144 216
150 218
156 221
162 223
168 224
174 224
180 224
186 222
192 219
198 216
204 214
210 212
216 211
222 211
228 212
234 214
240 216
246 219
252 222
258 223
264 225
270 225
276 225
282 225
288 224
294 223
300 221
306 220
312 219
318 219
324 219
330 219
336 220
342 220
348 219
354 219
360 218
366 216
372 214
378 213
384 212
390 211
396 211
402 212
408 213
414 214
420 216
426 218
432 219
438 221
444 223
450 224
456 226
462 228
468 229
474 230
480 230
486 230
492 229
498 228
504 227
510 225
516 222
522 219
528 217
534 214
540 211
546 209
552 207
558 206
564 206
570 206
576 208
582 211
588 214
594 218
600 221
606 223
612 224
618 224
624 224
630 223
636 223
642 223
648 223
654 224
660 225
666 226
672 225
678 224
684 222
690 218
696 215
702 211
708 209
714 208
720 208
726 209
732 210
738 212
744 215
750 217
756 219
762 221
768 223
774 224
780 224
786 225
792 225
798 226
804 226
810 226
816 226
822 226
828 226
834 225
840 223
846 222
852 219
858 218
864 216
870 215
876 215
882 215
888 215
894 216
900 216
906 217
912 217
918 218
924 218
930 218
936 218
942 218
948 219
954 219
960 220
966 220
972 220
978 221
984 221
990 220
996 220
1002 220
1008 219
1014 218
1020 216
1026 214
1032 212
1038 210
1044 209
1050 209
1056 210
1062 212
1068 216
1074 220
1080 225
1086 229
1092 231
1098 232
1104 232
1110 231
1116 228
1122 224
1128 220
1134 217
1140 215
1146 214
1152 214
1158 215
1164 216
1170 218
1176 219
1182 219
1188 220
