0 221
6 219
12 217
18 214
24 211
30 209
36 208
42 207
48 208
54 211
60 216
65 222
68 228
73 234
79 240
85 243
91 244
97 243
103 240
108 234
111 228
113 222
115 216
115 210
117 204
119 198
125 192
131 190
137 191
143 194
148 200
151 206
153 212
154 218
154 224
156 230
158 236
162 242
168 247
174 248
180 247
186 244
192 239
195 233
198 227
199 221
200 215
200 209
199 203
199 197
198 191
198 185
200 179
203 173
209 168
215 165
221 165
227 166
233 168
239 173
243 179
245 185
246 191
246 197
245 203
243 209
242 215
242 221
242 227
243 233
244 239
247 245
251 251
257 256
263 259
269 261
275 261
281 259
287 256
293 251
297 245
300 239
303 233
308 227
314 222
320 220
326 220
332 220
338 220
344 220
350 219
356 216
362 210
366 204
368 198
370 192
371 186
372 180
376 174
382 168
388 165
394 164
400 163
406 165
412 167
418 171
424 177
428 183
431 189
433 195
435 201
436 207
436 213
436 219
436 225
436 231
437 237
438 243
439 249
441 255
444 261
449 267
455 273
461 277
467 280
473 281
479 282
485 282
491 282
497 280
503 277
509 274
515 268
520 262
523 256
525 250
527 244
528 238
529 232
529 226
528 220
527 214
526 208
524 202
522 196
521 190
521 184
521 178
522 172
525 166
528 160
532 154
538 149
544 145
550 143
556 142
562 142
568 142
574 144
580 148
586 153
590 159
593 165
594 171
594 177
591 183
587 189
584 195
583 201
582 207
583 213
585 219
587 225
590 231
595 237
601 242
607 245
613 247
619 248
625 249
631 250
637 251
643 252
649 253
655 255
661 256
667 256
673 255
679 253
685 249
690 243
694 237
696 231
697 225
698 219
697 213
697 207
694 201
691 195
688 189
687 183
687 177
689 171
692 165
697 159
703 155
709 152
715 150
721 150
727 151
733 153
739 156
745 162
749 168
751 174
752 180
751 186
750 192
749 198
749 204
749 210
750 216
752 222
753 228
756 234
760 240
765 246
771 252
777 256
783 259
789 262
795 264
801 266
807 267
813 267
819 267
825 266
831 263
837 260
843 254
847 248
849 242
850 236
850 230
849 224
848 218
848 212
848 206
850 200
854 194
860 188
866 185
872 184
878 184
884 186
890 189
896 193
902 197
908 201
914 204
920 207
926 209
932 211
938 214
944 217
950 221
956 225
962 229
968 232
974 234
980 235
986 235
992 234
998 232
1004 229
1010 224
1016 218
1020 212
1023 206
1025 200
1026 194
1027 188
1028 182
1029 176
1032 170
1037 164
1043 161
1049 159
1055 159
1061 161
1067 165
1073 170
1076 176
1079 182
1080 188
1081 194
1081 200
1080 206
1079 212
1077 218
1073 224
1069 230
1066 236
1065 242
1064 248
1065 254
1066 260
1068 266
1072 272
1078 278
1084 281
1090 283
1096 284
1102 284
1108 282
1114 280
1120 275
1125 269
1127 263
1128 257
1127 251
1124 245
1121 239
1119 233
1118 227
1118 221
1119 215
1121 209
1124 203
1128 197
1133 191
1139 188
1145 187
1151 188
1157 192
1162 198
1166 204
1170 210
1176 215
1182 219
1188 221
