0 221
6 221
12 221
18 221
24 221
30 221
36 221
42 221
48 221
54 221
60 221
66 221
72 221
78 221
84 221
90 221
96 221
102 221
108 221
114 221
120 221
126 220
132 220
138 220
144 220
150 221
156 221
162 221
168 221
174 221
180 221
186 221
192 221
198 220
204 220
210 220
216 220
222 220
228 220
234 220
240 221
246 221
252 221
258 221
264 221
270 221
276 221
282 221
288 221
294 221
300 221
306 221
312 221
318 221
324 221
330 221
336 221
342 221
348 221
354 221
360 220
366 220
372 220
378 220
384 220
390 220
396 220
402 220
408 220
414 220
420 221
426 221
432 221
438 221
444 221
450 221
456 221
462 221
468 221
474 221
480 221
486 221
492 221
498 221
504 221
510 221
516 221
522 221
528 220
534 220
540 220
546 220
552 220
558 220
564 220
570 220
576 220
582 220
588 220
594 220
600 221
606 221
612 221
618 221
624 221
630 221
636 221
642 221
648 221
654 221
660 221
666 221
672 221
678 221
684 221
690 221
696 220
702 220
708 220
714 220
720 220
726 220
732 220
738 220
744 220
750 221
756 221
762 221
768 221
774 221
780 221
786 221
792 221
798 221
804 221
810 221
816 221
822 221
828 221
834 221
840 221
846 221
852 221
858 221
864 220
870 220
876 220
882 220
888 220
894 221
900 220
906 220
912 220
918 221
924 221
930 221
936 221
942 221
948 220
954 220
960 221
966 221
972 221
978 221
984 221
990 221
996 221
1002 221
1008 221
1014 221
1020 220
1026 220
1032 220
1038 220
1044 220
1050 220
1056 220
1062 220
1068 220
1074 221
1080 221
1086 221
1092 221
1098 222
1104 222
1110 221
1116 221
1122 221
1128 221
1134 220
1140 220
1146 220
1152 220
1158 220
1164 221
1170 221
1176 221
1182 221
1188 221
