0 208
6 208
12 207
18 207
24 206
30 206
36 206
42 206
48 206
54 206
60 207
66 209
72 210
78 212
84 213
90 214
96 214
102 213
108 210
114 207
120 204
126 201
132 200
138 201
144 203
150 206
156 211
162 214
168 216
174 217
180 216
186 213
192 208
198 202
204 197
210 194
216 193
222 193
228 195
234 198
240 203
246 208
252 212
258 216
264 218
270 219
276 219
282 218
288 216
294 214
300 212
306 210
312 208
318 208
324 208
330 208
336 208
342 209
348 208
354 207
360 205
366 202
372 199
378 197
384 195
390 194
396 193
402 194
408 196
414 198
420 201
426 204
432 208
438 211
444 215
450 218
456 221
462 223
468 225
474 227
480 227
486 227
492 226
498 225
504 222
510 218
516 214
522 209
528 203
534 197
540 193
546 189
552 186
558 184
564 184
570 185
576 188
582 192
587 198
592 204
598 210
604 214
610 216
616 217
622 217
628 216
634 215
640 215
646 216
652 217
658 219
664 219
670 219
676 218
682 214
688 209
693 203
698 197
704 192
710 189
716 188
722 188
728 189
734 192
740 196
746 200
752 205
758 209
764 212
770 215
776 216
782 218
788 218
794 219
800 220
806 220
812 221
818 221
824 220
830 219
836 217
842 214
848 211
854 207
860 203
866 201
872 200
878 200
884 200
890 201
896 202
902 203
908 204
914 205
920 205
926 205
932 206
938 206
944 207
950 208
956 208
962 209
968 210
974 211
980 211
986 211
992 211
998 210
1004 209
1010 207
1016 204
1022 201
1028 197
1034 194
1040 191
1046 190
1052 190
1058 192
1064 196
1069 202
1073 208
1076 214
1080 220
1086 226
1092 229
1098 230
1104 230
1110 228
1116 224
1122 218
1126 212
1131 206
1137 201
1143 199
1149 198
1155 199
1161 201
1167 203
1173 205
1179 207
1185 208
1191 209
