0 200
6 200
12 200
18 200
24 200
30 200
36 200
42 200
48 200
54 200
60 200
66 200
72 201
78 201
84 201
90 201
96 201
102 201
108 201
114 200
120 199
126 199
132 199
138 199
144 199
150 200
156 201
162 201
168 202
174 202
180 202
186 201
192 200
198 199
204 198
210 198
216 197
222 197
228 198
234 198
240 199
246 200
252 201
258 202
264 202
270 202
276 202
282 202
288 201
294 201
300 201
306 200
312 200
318 200
324 200
330 200
336 200
342 200
348 200
354 200
360 200
366 199
372 198
378 198
384 198
390 197
396 198
402 198
408 198
414 198
420 199
426 200
432 200
438 201
444 201
450 202
456 203
462 203
468 204
474 204
480 204
486 204
492 204
498 203
504 202
510 202
516 201
522 200
528 199
534 198
540 197
546 197
552 196
558 196
564 196
570 196
576 196
582 197
588 198
594 200
600 200
606 201
612 202
618 202
624 202
630 201
636 201
642 201
648 201
654 202
660 202
666 202
672 202
678 202
684 201
690 200
696 198
702 197
708 197
714 196
720 196
726 197
732 197
738 198
744 199
750 199
756 200
762 201
768 201
774 202
780 202
786 202
792 202
798 202
804 202
810 203
816 203
822 203
828 203
834 202
840 202
846 201
852 200
858 200
864 199
870 199
876 199
882 199
888 199
894 199
900 199
906 199
912 199
918 200
924 200
930 199
936 200
942 200
948 200
954 200
960 200
966 200
972 200
978 200
984 200
990 200
996 200
1002 200
1008 200
1014 200
1020 199
1026 198
1032 198
1038 197
1044 197
1050 197
1056 197
1062 198
1068 199
1074 200
1080 202
1086 203
1092 204
1098 205
1104 205
1110 204
1116 203
1122 202
1128 200
1134 199
1140 199
1146 198
1152 199
1158 199
1164 199
1170 200
1176 200
1182 200
1188 200
