0 210
6 210
12 209
18 209
24 209
30 209
36 209
42 209
48 209
54 209
60 209
66 210
72 210
78 211
84 211
90 211
96 211
102 211
108 210
114 210
120 209
126 208
132 207
138 207
144 208
150 209
156 210
162 211
168 212
174 212
180 212
186 211
192 209
198 208
204 207
210 206
216 205
222 206
228 206
234 207
240 208
246 210
252 211
258 212
264 212
270 213
276 213
282 213
288 212
294 211
300 211
306 210
312 210
318 210
324 209
330 210
336 210
342 210
348 210
354 209
360 209
366 208
372 207
378 206
384 206
390 206
396 206
402 206
408 207
414 207
420 208
426 209
432 210
438 211
444 212
450 212
456 213
462 214
468 215
474 215
480 215
486 215
492 215
498 214
504 213
510 212
516 211
522 210
528 208
534 207
540 206
546 204
552 204
558 203
564 203
570 203
576 204
582 205
588 207
594 209
600 210
606 212
612 212
618 212
624 212
630 211
636 211
642 211
648 212
654 212
660 213
666 213
672 213
678 212
684 211
690 209
696 207
702 206
708 205
714 204
720 204
726 204
732 205
738 206
744 207
750 209
756 210
762 211
768 211
774 212
780 212
786 213
792 213
798 213
804 213
810 213
816 213
822 213
828 213
834 213
840 212
846 211
852 210
858 209
864 208
870 208
876 208
882 208
888 208
894 208
900 208
906 209
912 209
918 209
924 209
930 209
936 209
942 209
948 209
954 209
960 210
966 210
972 210
978 210
984 210
990 210
996 210
1002 210
1008 209
1014 209
1020 208
1026 207
1032 206
1038 205
1044 205
1050 205
1056 205
1062 206
1068 208
1074 210
1080 212
1086 214
1092 216
1098 217
1104 216
1110 216
1116 214
1122 212
1128 210
1134 209
1140 208
1146 207
1152 207
1158 208
1164 208
1170 209
1176 210
1182 210
1188 210
