0 200
6 199
12 198
18 197
24 196
30 195
36 194
42 194
48 194
54 195
60 197
66 200
72 204
78 207
84 209
90 210
96 210
102 207
108 203
113 197
119 191
125 187
131 185
137 185
143 188
149 194
153 200
158 206
164 212
170 214
176 214
182 212
188 207
192 201
195 195
197 189
200 183
206 177
212 173
218 172
224 172
230 175
236 180
240 186
243 192
246 198
248 204
253 210
259 216
265 218
271 219
277 219
283 217
289 214
295 210
301 206
307 202
313 200
319 199
325 199
331 199
337 200
343 200
349 199
355 197
361 193
367 187
373 181
379 177
385 174
391 172
397 172
403 173
409 176
415 179
421 184
427 190
431 196
436 202
441 208
446 214
451 220
457 225
463 228
469 231
475 233
481 233
487 233
493 232
499 230
505 226
511 221
516 215
519 209
522 203
524 197
526 191
528 185
531 179
534 173
540 167
546 162
552 159
558 158
564 158
570 159
576 162
582 167
586 173
588 179
589 185
591 191
592 197
595 203
601 209
607 213
613 214
619 214
625 214
631 214
637 214
643 214
649 216
655 217
661 218
667 219
673 218
679 215
685 210
689 204
691 198
692 192
693 186
695 180
698 174
704 168
710 165
716 164
722 164
728 165
734 168
740 173
744 179
748 185
751 191
754 197
759 203
765 209
771 213
777 215
783 217
789 219
795 220
801 221
807 222
813 222
819 222
825 221
831 219
837 216
843 210
848 204
852 198
856 192
862 187
868 185
874 183
880 183
886 184
892 186
898 188
904 190
910 192
916 193
922 194
928 195
934 195
940 196
946 198
952 199
958 201
964 203
970 204
976 205
982 206
988 206
994 205
1000 203
1006 201
1012 197
1018 191
1023 185
1028 179
1034 174
1040 170
1046 168
1052 168
1058 170
1064 173
1069 179
1072 185
1073 191
1074 197
1074 203
1074 209
1075 215
1076 221
1080 227
1086 233
1092 236
1098 237
1104 236
1110 234
1116 229
1120 223
1122 217
1124 211
1125 205
1127 199
1130 193
1135 187
1141 183
1147 182
1153 183
1159 185
1165 188
1171 192
1177 196
1183 198
1189 200
