0 209
6 209
12 208
18 208
24 208
30 208
36 208
42 208
48 208
54 208
60 208
66 208
72 209
78 209
84 209
90 209
96 209
102 209
108 209
114 208
120 208
126 208
132 208
138 208
144 208
150 208
156 209
162 209
168 209
174 209
180 209
186 209
192 208
198 208
204 208
210 207
216 207
222 207
228 208
234 208
240 208
246 209
252 209
258 209
264 209
270 209
276 209
282 209
288 209
294 209
300 209
306 209
312 208
318 208
324 208
330 208
336 209
342 209
348 209
354 208
360 208
366 208
372 208
378 208
384 207
390 207
396 207
402 208
408 208
414 208
420 208
426 208
432 209
438 209
444 209
450 209
456 210
462 210
468 210
474 210
480 210
486 210
492 210
498 210
504 210
510 209
516 209
522 209
528 208
534 208
540 207
546 207
552 207
558 207
564 207
570 207
576 207
582 207
588 208
594 208
600 209
606 209
612 209
618 209
624 209
630 209
636 209
642 209
648 209
654 209
660 209
666 209
672 209
678 209
684 209
690 208
696 208
702 207
708 207
714 207
720 207
726 207
732 207
738 208
744 208
750 208
756 209
762 209
768 209
774 209
780 209
786 209
792 209
798 209
804 209
810 210
816 210
822 210
828 210
834 209
840 209
846 209
852 209
858 208
864 208
870 208
876 208
882 208
888 208
894 208
900 208
906 208
912 208
918 208
924 208
930 208
936 208
942 208
948 208
954 208
960 208
966 209
972 209
978 209
984 209
990 209
996 208
1002 208
1008 208
1014 208
1020 208
1026 208
1032 208
1038 207
1044 207
1050 207
1056 207
1062 208
1068 208
1074 209
1080 209
1086 210
1092 210
1098 211
1104 210
1110 210
1116 210
1122 209
1128 209
1134 208
1140 208
1146 208
1152 208
1158 208
1164 208
1170 208
1176 209
1182 209
1188 209
