0 218
6 218
12 218
18 218
24 218
30 218
36 218
42 218
48 218
54 218
60 218
66 218
72 218
78 218
84 218
90 218
96 218
102 218
108 218
114 218
120 218
126 218
132 217
138 218
144 218
150 218
156 218
162 218
168 218
174 218
180 218
186 218
192 218
198 218
204 217
210 217
216 217
222 217
228 217
234 218
240 218
246 218
252 218
258 218
264 218
270 219
276 218
282 219
288 218
294 218
300 218
306 218
312 218
318 218
324 218
330 218
336 218
342 218
348 218
354 218
360 218
366 218
372 217
378 217
384 217
390 217
396 217
402 217
408 217
414 218
420 218
426 218
432 218
438 218
444 218
450 218
456 219
462 219
468 219
474 219
480 219
486 219
492 219
498 219
504 219
510 218
516 218
522 218
528 218
534 218
540 217
546 217
552 217
558 217
564 217
570 217
576 217
582 217
588 217
594 218
600 218
606 218
612 218
618 218
624 218
630 218
636 218
642 218
648 218
654 218
660 218
666 219
672 219
678 218
684 218
690 218
696 218
702 217
708 217
714 217
720 217
726 217
732 217
738 217
744 218
750 218
756 218
762 218
768 218
774 218
780 219
786 218
792 218
798 219
804 219
810 219
816 219
822 219
828 219
834 219
840 218
846 218
852 218
858 218
864 218
870 218
876 218
882 218
888 218
894 218
900 218
906 218
912 218
918 218
924 218
930 218
936 218
942 218
948 218
954 218
960 218
966 218
972 218
978 218
984 218
990 218
996 218
1002 218
1008 218
1014 218
1020 218
1026 218
1032 217
1038 217
1044 217
1050 217
1056 217
1062 217
1068 218
1074 218
1080 218
1086 219
1092 219
1098 219
1104 219
1110 219
1116 219
1122 218
1128 218
1134 218
1140 218
1146 218
1152 218
1158 218
1164 218
1170 218
1176 218
1182 218
1188 218
