0 206
6 205
12 205
18 205
24 205
30 205
36 205
42 205
48 205
54 205
60 205
66 205
72 206
78 206
84 207
90 207
96 207
102 207
108 206
114 205
120 204
126 204
132 203
138 204
144 204
150 205
156 206
162 207
168 208
174 208
180 207
186 206
192 205
198 204
204 203
210 202
216 202
222 202
228 202
234 203
240 204
246 206
252 206
258 207
264 208
270 208
276 208
282 208
288 207
294 207
300 206
306 206
312 206
318 205
324 205
330 205
336 206
342 206
348 205
354 205
360 205
366 204
372 203
378 203
384 202
390 202
396 202
402 203
408 203
414 204
420 204
426 205
432 206
438 206
444 207
450 208
456 208
462 209
468 210
474 210
480 210
486 210
492 210
498 209
504 209
510 208
516 207
522 206
528 204
534 203
540 202
546 201
552 200
558 200
564 200
570 200
576 201
582 202
588 203
594 205
600 206
606 207
612 207
618 207
624 207
630 207
636 207
642 207
648 207
654 207
660 208
666 208
672 208
678 208
684 206
690 205
696 204
702 202
708 201
714 201
720 201
726 201
732 202
738 203
744 204
750 204
756 206
762 206
768 207
774 207
780 208
786 208
792 208
798 208
804 208
810 208
816 208
822 209
828 208
834 208
840 207
846 207
852 206
858 205
864 204
870 204
876 204
882 204
888 204
894 204
900 204
906 204
912 205
918 205
924 205
930 205
936 205
942 205
948 205
954 205
960 206
966 206
972 206
978 206
984 206
990 206
996 206
1002 205
1008 205
1014 205
1020 204
1026 204
1032 203
1038 202
1044 201
1050 201
1056 202
1062 203
1068 204
1074 206
1080 208
1086 209
1092 211
1098 211
1104 211
1110 210
1116 209
1122 207
1128 206
1134 205
1140 204
1146 203
1152 204
1158 204
1164 205
1170 205
1176 205
1182 206
1188 206
