0 215
5 212
10 209
15 205
20 202
25 198
30 195
35 193
40 193
45 193
50 194
55 197
60 202
63 207
65 212
66 217
67 222
68 227
69 232
70 237
74 242
79 247
84 249
89 250
94 250
99 248
104 246
109 241
113 236
115 231
117 226
118 221
118 216
118 211
117 206
115 201
114 196
113 191
114 186
115 181
119 176
124 173
129 172
134 172
139 173
144 175
149 179
153 184
156 189
159 194
161 199
161 204
161 209
160 214
158 219
157 224
157 229
157 234
159 239
162 244
167 248
172 250
177 250
182 249
187 247
192 243
196 238
199 233
202 228
204 223
206 218
207 213
208 208
208 203
208 198
208 193
207 188
204 183
200 178
196 173
194 168
194 163
194 158
195 153
198 148
202 143
207 140
212 137
217 136
222 136
227 136
232 137
237 139
242 142
247 146
251 151
254 156
256 161
257 166
257 171
257 176
256 181
253 186
248 191
243 196
241 201
240 206
238 211
238 216
237 221
237 226
237 231
237 236
238 241
239 246
241 251
243 256
247 261
252 266
257 269
262 272
267 273
272 273
277 273
282 272
287 269
292 266
296 261
299 256
300 251
300 246
300 241
300 236
302 231
306 226
311 221
316 219
321 216
326 215
331 214
336 213
341 211
346 210
351 209
356 206
361 203
366 199
370 194
373 189
375 184
375 179
375 174
372 169
368 164
366 159
366 154
368 149
371 144
376 139
381 137
386 134
391 133
396 133
401 133
406 134
411 135
416 137
421 140
426 144
431 148
435 153
438 158
441 163
444 168
446 173
448 178
449 183
450 188
451 193
451 198
451 203
451 208
449 213
446 218
442 223
437 228
435 233
433 238
432 243
431 248
431 253
432 258
433 263
435 268
437 273
439 278
443 283
448 288
453 292
458 296
463 298
468 300
473 301
478 302
483 302
488 301
493 300
498 299
503 297
508 294
513 291
518 287
522 282
525 277
528 272
530 267
532 262
533 257
534 252
535 247
535 242
535 237
535 232
534 227
534 222
533 217
532 212
530 207
529 202
526 197
522 192
517 191
512 186
510 181
509 176
509 171
508 166
508 161
509 156
510 151
511 146
513 141
515 136
518 131
522 126
527 121
532 117
537 114
542 112
547 110
552 109
557 109
562 109
567 109
572 111
577 112
582 115
587 118
592 122
596 127
600 132
602 137
604 142
605 147
606 152
606 157
606 162
604 167
599 172
594 168
589 164
584 163
579 166
575 171
574 176
573 181
573 186
573 191
574 196
575 201
576 206
578 211
580 216
582 221
585 226
589 231
593 236
598 240
603 244
608 247
613 250
618 252
623 254
628 255
633 257
638 258
643 259
648 260
653 261
658 262
663 262
668 262
673 261
678 259
683 256
688 252
693 247
696 242
698 237
700 232
702 227
703 222
704 217
704 212
704 207
704 202
703 197
702 192
701 187
698 182
693 178
688 178
683 182
678 182
675 177
673 172
673 167
674 162
675 157
676 152
678 147
681 142
684 137
689 132
694 127
699 124
704 122
709 120
714 119
719 118
724 118
729 119
734 120
739 122
744 124
749 128
754 133
758 138
761 143
763 148
764 153
764 158
764 163
763 168
758 173
753 174
748 179
747 184
745 189
745 194
745 199
745 204
746 209
746 214
747 219
748 224
750 229
751 234
753 239
755 244
758 249
761 254
765 259
769 264
774 268
779 272
784 275
789 278
794 280
799 281
804 282
809 283
814 283
819 282
824 281
829 280
834 278
839 275
844 271
848 266
852 261
854 256
856 251
856 246
857 241
856 236
855 231
852 226
847 221
842 219
837 216
834 211
833 206
833 201
833 196
834 191
836 186
839 181
842 176
846 171
851 167
856 164
861 162
866 161
871 160
876 161
881 162
886 164
891 168
896 172
901 177
906 182
911 186
916 190
921 193
926 196
931 200
936 203
941 207
946 212
951 217
955 222
960 227
965 231
970 234
975 236
980 237
985 237
990 236
995 235
1000 233
1005 231
1010 227
1015 223
1020 218
1024 213
1027 208
1030 203
1032 198
1034 193
1035 188
1036 183
1036 178
1035 173
1032 168
1028 163
1023 158
1022 153
1023 148
1025 143
1029 138
1034 134
1039 131
1044 130
1049 129
1054 129
1059 129
1064 131
1069 133
1074 136
1079 141
1082 146
1084 151
1086 156
1087 161
1088 166
1088 171
1087 176
1087 181
1086 186
1086 191
1085 196
1084 201
1083 206
1082 211
1081 216
1079 221
1077 226
1072 229
1067 230
1063 235
1061 240
1059 245
1058 250
1057 255
1056 260
1057 265
1057 270
1059 275
1061 280
1064 285
1068 290
1073 294
1078 297
1083 300
1088 301
1093 302
1098 302
1103 301
1108 300
1113 298
1118 295
1123 291
1127 286
1130 281
1132 276
1133 271
1133 266
1132 261
1130 256
1126 251
1121 250
1116 252
1111 255
1106 252
1103 247
1103 242
1102 237
1103 232
1103 227
1104 222
1106 217
1107 212
1109 207
1111 202
1114 197
1116 192
1120 187
1123 182
1128 177
1133 173
1138 171
1143 169
1148 169
1153 171
1157 176
1158 181
1158 186
1158 191
1159 196
1161 201
1165 206
1170 210
1175 213
1180 215
1185 216
1190 217
