0 215
7 223
15 229
23 233
31 234
39 235
47 234
55 232
63 229
71 226
79 223
87 220
95 218
103 216
111 216
119 215
127 214
135 213
143 211
151 208
159 204
167 198
175 190
183 183
191 176
199 172
207 169
215 167
223 167
231 168
239 171
247 175
255 183
261 191
266 199
271 207
278 215
286 220
294 223
302 224
310 223
318 220
326 214
334 206
341 198
349 190
357 184
365 181
373 179
381 179
389 181
397 186
405 193
410 201
414 209
418 217
422 225
428 233
436 239
444 242
452 244
460 244
468 242
476 239
484 233
490 225
495 217
499 209
503 201
508 193
516 185
524 180
532 177
540 175
548 175
556 176
564 179
572 183
580 188
588 194
596 201
604 208
612 213
620 216
628 219
636 220
644 220
652 219
660 217
668 214
676 210
684 206
692 201
700 195
708 191
716 187
724 183
732 181
740 179
748 178
756 177
764 178
772 180
780 182
788 186
796 190
804 197
811 205
818 213
824 221
831 229
839 236
847 241
855 244
863 245
871 246
879 245
887 242
895 238
903 231
909 223
913 215
915 207
917 199
918 191
920 183
922 175
927 167
934 159
942 153
950 149
958 147
966 147
974 147
982 149
990 152
998 158
1006 166
1010 174
1013 182
1014 190
1014 198
1014 206
1013 214
1013 222
1014 230
1017 238
1022 246
1029 254
1037 259
1045 262
1053 263
1061 263
1069 261
1077 258
1085 252
1092 244
1096 236
1098 228
1099 220
1099 212
1099 204
1099 196
1100 188
1103 180
1108 172
1115 164
1123 159
1131 155
1139 154
1147 153
1155 154
1163 157
1171 161
1179 169
1185 177
1189 185
1191 193
1194 201
