0 210
8 211
16 212
24 213
32 213
40 213
48 213
56 212
64 212
72 212
80 211
88 211
96 211
104 211
112 211
120 211
128 211
136 211
144 210
152 210
160 210
168 209
176 208
184 208
192 207
200 206
208 206
216 205
224 205
232 205
240 206
248 206
256 207
264 208
272 209
280 210
288 211
296 211
304 211
312 211
320 211
328 210
336 209
344 209
352 208
360 207
368 207
376 207
384 207
392 208
400 209
408 210
416 211
424 212
432 213
440 214
448 214
456 214
464 214
472 213
480 213
488 212
496 211
504 210
512 209
520 208
528 207
536 207
544 207
552 207
560 207
568 208
576 208
584 209
592 209
600 210
608 210
616 210
624 210
632 211
640 211
648 211
656 210
664 210
672 210
680 209
688 209
696 209
704 208
712 208
720 208
728 207
736 207
744 207
752 207
760 207
768 207
776 207
784 208
792 208
800 209
808 210
816 210
824 211
832 212
840 212
848 213
856 213
864 213
872 214
880 213
888 213
896 212
904 211
912 210
920 208
928 207
936 205
944 204
952 203
960 203
968 202
976 203
984 203
992 205
1000 206
1008 208
1016 210
1024 212
1032 214
1040 215
1048 216
1056 217
1064 216
1072 216
1080 214
1088 213
1096 211
1104 209
1112 207
1120 206
1128 205
1136 204
1144 204
1152 204
1160 205
1168 206
1176 207
1184 208
