0 210
8 210
16 210
24 210
32 210
40 210
48 210
56 210
64 210
72 210
80 210
88 210
96 210
104 210
112 210
120 210
128 210
136 210
144 210
152 210
160 210
168 210
176 210
184 209
192 209
200 209
208 209
216 209
224 209
232 209
240 209
248 209
256 209
264 209
272 210
280 210
288 210
296 210
304 210
312 210
320 210
328 210
336 210
344 210
352 210
360 209
368 209
376 209
384 209
392 210
400 210
408 210
416 210
424 210
432 210
440 210
448 210
456 210
464 210
472 210
480 210
488 210
496 210
504 210
512 210
520 210
528 210
536 210
544 209
552 210
560 210
568 210
576 210
584 210
592 210
600 210
608 210
616 210
624 210
632 210
640 210
648 210
656 210
664 210
672 210
680 210
688 210
696 210
704 210
712 209
720 209
728 209
736 209
744 209
752 209
760 209
768 209
776 209
784 210
792 210
800 210
808 210
816 210
824 210
832 210
840 210
848 210
856 210
864 210
872 210
880 210
888 210
896 210
904 210
912 210
920 210
928 209
936 209
944 209
952 209
960 209
968 209
976 209
984 209
992 209
1000 209
1008 210
1016 210
1024 210
1032 210
1040 210
1048 210
1056 210
1064 210
1072 210
1080 210
1088 210
1096 210
1104 210
1112 209
1120 209
1128 209
1136 209
1144 209
1152 209
1160 209
1168 209
1176 210
1184 210
