0 205
8 206
16 208
24 208
32 208
40 208
48 208
56 208
64 207
72 207
80 206
88 206
96 206
104 206
112 206
120 206
128 206
136 205
144 205
152 205
160 204
168 203
176 202
184 201
192 200
200 199
208 199
216 198
224 198
232 198
240 199
248 200
256 201
264 202
272 203
280 205
288 206
296 206
304 206
312 206
320 206
328 205
336 204
344 203
352 202
360 201
368 201
376 201
384 201
392 202
400 203
408 204
416 206
424 207
432 209
440 210
448 210
456 210
464 210
472 209
480 208
488 207
496 205
504 204
512 203
520 202
528 201
536 201
544 200
552 200
560 201
568 201
576 202
584 203
592 203
600 204
608 205
616 205
624 205
632 205
640 206
648 205
656 205
664 205
672 204
680 204
688 203
696 203
704 202
712 202
720 201
728 201
736 201
744 201
752 200
760 201
768 201
776 201
784 202
792 202
800 203
808 204
816 205
824 206
832 207
840 208
848 209
856 209
864 210
872 210
880 209
888 209
896 207
904 206
912 204
920 202
928 200
936 198
944 197
952 195
960 195
968 194
976 195
984 196
992 197
1000 200
1008 202
1016 205
1024 208
1032 210
1040 212
1048 213
1056 214
1064 213
1072 212
1080 211
1088 208
1096 206
1104 203
1112 201
1120 199
1128 197
1136 196
1144 196
1152 196
1160 197
1168 198
1176 200
1184 202
