0 200
8 200
16 200
24 200
32 200
40 200
48 200
56 200
64 200
72 200
80 200
88 200
96 200
104 200
112 200
120 199
128 199
136 199
144 199
152 199
160 199
168 199
176 199
184 199
192 199
200 199
208 199
216 199
224 199
232 199
240 199
248 199
256 199
264 199
272 199
280 199
288 199
296 199
304 200
312 200
320 199
328 199
336 199
344 199
352 199
360 199
368 199
376 199
384 199
392 199
400 199
408 199
416 200
424 200
432 200
440 200
448 200
456 200
464 200
472 200
480 200
488 200
496 199
504 199
512 199
520 199
528 199
536 199
544 199
552 199
560 199
568 199
576 199
584 199
592 199
600 199
608 199
616 199
624 199
632 199
640 199
648 199
656 199
664 199
672 199
680 199
688 199
696 199
704 199
712 199
720 199
728 199
736 199
744 199
752 199
760 199
768 199
776 199
784 199
792 199
800 199
808 199
816 199
824 199
832 199
840 199
848 200
856 200
864 200
872 200
880 200
888 200
896 199
904 199
912 199
920 199
928 199
936 199
944 199
952 199
960 199
968 199
976 199
984 199
992 199
1000 199
1008 199
1016 199
1024 200
1032 200
1040 200
1048 200
1056 200
1064 200
1072 200
1080 200
1088 200
1096 199
1104 199
1112 199
1120 199
1128 199
1136 199
1144 199
1152 199
1160 199
1168 199
1176 199
1184 199
