0 209
8 209
16 209
24 209
32 209
40 209
48 209
56 209
64 209
72 209
80 209
88 209
96 209
104 209
112 209
120 209
128 209
136 209
144 209
152 209
160 209
168 209
176 209
184 209
192 209
200 209
208 209
216 209
224 209
232 209
240 209
248 209
256 209
264 209
272 209
280 209
288 209
296 209
304 209
312 209
320 209
328 209
336 209
344 209
352 209
360 209
368 209
376 209
384 209
392 209
400 209
408 209
416 209
424 209
432 209
440 209
448 209
456 209
464 209
472 209
480 209
488 209
496 209
504 209
512 209
520 209
528 209
536 209
544 209
552 209
560 209
568 209
576 209
584 209
592 209
600 209
608 209
616 209
624 209
632 209
640 209
648 209
656 209
664 209
672 209
680 209
688 209
696 209
704 209
712 209
720 209
728 209
736 209
744 209
752 209
760 209
768 209
776 209
784 209
792 209
800 209
808 209
816 209
824 209
832 209
840 209
848 209
856 209
864 209
872 209
880 209
888 209
896 209
904 209
912 209
920 209
928 209
936 209
944 209
952 209
960 209
968 208
976 209
984 209
992 209
1000 209
1008 209
1016 209
1024 209
1032 209
1040 209
1048 209
1056 209
1064 209
1072 209
1080 209
1088 209
1096 209
1104 209
1112 209
1120 209
1128 209
1136 209
1144 209
1152 209
1160 209
1168 209
1176 209
1184 209
