30 240
31 245
31 250
32 255
33 260
34 265
35 270
36 275
37 280
39 285
40 290
42 295
44 300
46 305
48 310
50 315
53 320
55 325
58 330
61 335
64 340
68 345
73 350
78 354
83 358
88 361
93 363
98 365
103 366
108 368
113 368
118 369
123 370
128 370
133 370
138 370
143 369
148 369
153 368
158 367
163 366
168 364
173 362
178 360
183 357
188 353
193 349
197 344
200 339
202 334
204 329
205 324
206 319
207 314
208 309
208 304
208 299
208 294
208 289
207 284
207 279
206 274
205 269
204 264
204 259
202 254
201 249
200 244
198 239
196 234
193 229
189 224
184 221
179 220
174 222
169 227
166 232
165 237
164 242
162 247
160 252
157 257
154 262
151 267
149 272
147 277
145 282
144 287
143 292
140 297
136 302
131 305
126 306
121 306
116 306
111 304
106 300
103 295
102 290
101 285
102 280
103 275
104 270
105 265
106 260
108 255
109 250
111 245
113 240
115 235
117 230
119 225
121 220
123 215
126 210
128 205
131 200
134 195
137 190
140 185
143 180
147 175
150 170
154 165
157 160
161 155
165 150
169 145
173 140
177 135
182 130
187 125
192 120
197 116
202 112
207 109
212 107
217 105
222 103
227 102
232 101
237 101
242 101
247 101
252 102
257 104
262 106
267 109
272 112
277 115
282 120
287 125
292 130
295 135
299 140
302 145
306 150
309 155
311 160
314 165
317 170
319 175
321 180
323 185
326 190
328 195
329 200
331 205
333 210
334 215
336 220
336 225
337 230
336 235
335 240
332 245
327 250
322 252
317 252
312 251
307 248
302 243
299 238
296 233
292 228
289 223
284 218
280 213
277 208
273 203
269 198
264 194
259 192
254 192
249 194
244 197
241 202
239 207
238 212
239 217
239 222
240 227
242 232
243 237
245 242
247 247
249 252
251 257
254 262
256 267
258 272
261 277
263 282
266 287
269 292
273 297
276 302
281 307
285 312
290 316
295 320
300 323
305 326
310 327
315 329
320 330
325 330
330 330
335 329
340 328
345 326
350 324
355 321
360 317
365 313
370 308
375 303
379 298
383 293
386 288
390 283
393 278
397 273
400 268
403 263
406 258
409 253
412 248
415 243
417 238
419 233
422 228
424 223
426 218
428 213
430 208
432 203
433 198
435 193
437 188
438 183
440 178
442 173
443 168
445 163
446 158
447 153
448 148
449 143
449 138
447 133
442 128
437 126
432 127
427 130
423 135
421 140
419 145
417 150
415 155
412 160
409 165
406 170
403 175
401 180
399 185
397 190
396 195
395 200
394 205
392 210
390 215
385 220
380 221
375 217
373 212
371 207
370 202
368 197
367 192
366 187
365 182
364 177
363 172
362 167
361 162
361 157
360 152
360 147
359 142
359 137
359 132
359 127
359 122
360 117
361 112
362 107
363 102
365 97
367 92
369 87
372 82
376 77
381 72
386 67
391 64
396 61
401 59
406 57
411 55
416 54
421 53
426 53
431 53
436 53
441 53
446 54
451 55
456 57
461 58
466 61
471 63
476 66
481 70
486 74
491 78
495 83
500 88
503 93
507 98
510 103
513 108
516 113
518 118
520 123
523 128
525 133
527 138
528 143
530 148
532 153
533 158
535 163
536 168
537 173
539 178
540 183
541 188
543 193
544 198
545 203
546 208
547 213
548 218
548 223
549 228
548 233
548 238
546 243
544 248
540 253
535 257
530 258
525 259
520 259
515 257
510 252
509 247
508 242
509 237
509 232
510 227
509 222
509 217
507 212
505 207
503 202
501 197
499 192
498 187
496 182
495 177
494 172
493 167
492 162
491 157
488 152
483 147
478 150
476 155
475 160
474 165
474 170
473 175
472 180
471 185
469 190
468 195
467 200
466 205
464 210
463 215
462 220
461 225
459 230
458 235
457 240
456 245
455 250
454 255
453 260
452 265
451 270
450 275
450 280
449 285
449 290
449 295
448 300
449 305
449 310
450 315
451 320
452 325
454 330
456 335
459 340
463 345
468 350
473 354
478 357
483 360
488 362
493 363
498 365
503 366
508 367
513 368
518 368
523 369
528 369
533 369
538 369
543 369
548 369
553 369
558 368
563 367
568 366
573 365
578 363
583 362
588 359
593 357
598 353
603 350
608 345
612 340
616 335
619 330
622 325
624 320
626 315
629 310
631 305
633 300
635 295
637 290
639 285
641 280
643 275
645 270
647 265
649 260
651 255
652 250
654 245
656 240
657 235
659 230
660 225
661 220
663 215
664 210
665 205
666 200
667 195
668 190
669 185
670 180
671 175
672 170
672 165
672 160
672 155
671 150
668 145
664 140
659 137
654 136
649 137
644 141
641 146
639 151
639 156
639 161
638 166
636 171
635 176
633 181
631 186
629 191
628 196
628 201
627 206
626 211
626 216
624 221
622 226
617 231
612 233
607 233
602 230
599 225
596 220
594 215
593 210
591 205
590 200
590 195
589 190
588 185
588 180
587 175
587 170
587 165
586 160
586 155
586 150
586 145
586 140
587 135
587 130
587 125
588 120
589 115
590 110
591 105
592 100
593 95
595 90
597 85
599 80
602 75
605 70
609 65
613 60
618 55
623 52
628 48
633 45
638 43
643 41
648 39
653 38
658 37
663 36
668 35
673 35
678 34
683 34
688 34
693 34
698 34
703 34
708 34
713 35
718 36
723 37
728 38
733 39
738 41
743 42
748 45
753 47
758 50
763 54
768 58
773 63
777 68
780 73
783 78
786 83
788 88
790 93
792 98
793 103
795 108
796 113
797 118
798 123
798 128
799 133
799 138
800 143
800 148
800 153
800 158
800 163
800 168
800 173
799 178
799 183
798 188
798 193
797 198
797 203
796 208
796 213
795 218
795 223
794 228
794 233
793 238
793 243
792 248
792 253
791 258
791 263
790 268
789 273
788 278
787 283
784 288
779 293
774 294
769 292
764 287
762 282
761 277
761 272
761 267
762 262
763 257
763 252
763 247
762 242
761 237
760 232
758 227
757 222
755 217
753 212
752 207
750 202
749 197
749 192
748 187
748 182
749 177
749 172
749 167
748 162
744 157
739 155
734 155
729 159
726 164
724 169
722 174
721 179
720 184
720 189
719 194
718 199
718 204
717 209
717 214
716 219
716 224
715 229
715 234
714 239
714 244
713 249
712 254
712 259
712 264
711 269
711 274
711 279
710 284
710 289
710 294
711 299
711 304
711 309
712 314
713 319
714 324
715 329
716 334
718 339
720 344
723 349
727 354
731 359
736 363
741 366
746 369
751 371
756 373
761 374
766 375
771 376
776 377
781 377
786 378
791 378
796 379
801 379
806 379
811 379
816 379
821 379
826 379
831 379
836 379
841 379
846 378
851 378
856 377
861 376
866 375
871 374
876 373
881 372
886 370
891 368
896 365
901 362
906 358
910 353
914 348
917 343
919 338
921 333
923 328
924 323
925 318
925 313
926 308
926 303
927 298
927 293
927 288
927 283
927 278
927 273
927 268
927 263
926 258
925 253
925 248
923 243
922 238
920 233
917 228
913 223
908 219
903 218
898 217
893 219
888 222
885 227
883 232
882 237
881 242
880 247
879 252
877 257
875 262
873 267
871 272
870 277
869 282
869 287
869 292
867 297
865 302
860 306
855 309
850 310
845 311
840 310
835 308
830 303
828 298
827 293
826 288
827 283
827 278
828 273
829 268
830 263
831 258
832 253
833 248
834 243
835 238
837 233
838 228
839 223
841 218
842 213
844 208
846 203
847 198
849 193
851 188
853 183
855 178
857 173
860 168
862 163
864 158
866 153
868 148
871 143
873 138
875 133
878 128
880 123
883 118
886 113
889 108
892 103
895 98
899 93
904 88
909 83
914 78
919 75
924 71
929 69
934 66
939 64
944 63
949 61
954 60
959 60
964 59
969 59
974 59
979 60
984 60
989 61
994 62
999 64
1004 66
1009 68
1014 71
1019 74
1024 78
1029 82
1034 87
1038 92
1042 97
1045 102
1049 107
1052 112
1054 117
1057 122
1059 127
1061 132
1063 137
1065 142
1067 147
1069 152
1071 157
1073 162
1074 167
1076 172
1078 177
1079 182
1080 187
1082 192
1083 197
1084 202
1085 207
1086 212
1087 217
1088 222
1089 227
1090 232
1090 237
1091 242
1092 247
1092 252
1093 257
1094 262
1094 267
1094 272
1094 277
1094 282
1094 287
1093 292
1091 297
1086 302
1081 304
1076 304
1071 303
1066 301
1061 298
1056 293
1053 288
1052 283
1051 278
1051 273
1050 268
1049 263
1047 258
1045 253
1042 248
1039 243
1037 238
1035 233
1034 228
1034 223
1033 218
1032 213
1028 208
1023 204
1018 202
1013 202
1008 202
1003 204
998 208
994 213
991 218
989 223
988 228
987 233
987 238
986 243
986 248
987 253
987 258
987 263
988 268
989 273
989 278
990 283
991 288
992 293
993 298
994 303
995 308
996 313
998 318
999 323
1001 328
1004 333
1006 338
1009 343
1013 348
1017 353
1022 357
1027 361
1032 363
1037 366
1042 368
1047 369
1052 370
1057 371
1062 372
1067 373
1072 374
1077 374
1082 375
1087 375
1092 375
1097 375
1102 375
1107 375
1112 375
1117 374
1122 373
1127 372
1132 371
1137 370
1142 368
1147 365
1152 363
1157 359
1162 355
1167 350
1170 345
1173 340
1175 335
1178 330
1179 325
1181 320
1182 315
1183 310
1184 305
1185 300
1186 295
1186 290
1187 285
1187 280
1187 275
1187 270
1187 265
1187 260
1187 255
1187 250
1187 245
1187 240
1187 235
1187 230
1187 225
1187 220
1187 215
1188 210
1188 205
1188 200
1188 195
1189 190
1189 185
1189 180
1189 175
1190 170
1190 165
1190 160
1189 155
1188 150
1183 146
1178 148
1175 153
1173 158
1172 163
1171 168
1170 173
1170 178
1169 183
1167 188
1166 193
1164 198
1163 203
1161 208
1159 213
1157 218
1156 223
1154 228
1153 233
1151 238
1150 243
1149 248
1149 253
1148 258
1148 263
1147 268
1147 273
1146 278
1144 283
1140 288
1135 290
1130 287
1128 282
1127 277
1127 272
1127 267
1127 262
1127 257
1127 252
1127 247
1127 242
1127 237
1128 232
1128 227
1128 222
1128 217
1127 212
1127 207
1127 202
1127 197
1127 192
1127 187
1127 182
1127 177
1127 172
1127 167
1127 162
1127 157
1127 152
1127 147
1128 142
1128 137
1129 132
1130 127
1131 122
1132 117
1133 112
1134 107
1136 102
1138 97
1140 92
1142 87
1145 82
1148 77
1152 72
1156 67
1161 62
1166 58
1171 55
1176 52
1181 49
1186 47
1191 45
1196 44
1 43
6 42
11 41
16 41
21 40
26 40
31 41
36 41
41 41
46 42
51 43
56 44
61 46
66 48
71 50
76 52
81 55
86 59
91 64
96 69
99 74
102 79
105 84
107 89
108 94
109 99
110 104
111 109
111 114
111 119
111 124
110 129
110 134
109 139
108 144
107 149
106 154
104 159
103 164
102 169
100 174
98 179
97 184
95 189
93 194
91 199
90 204
88 209
87 214
85 219
84 224
83 229
81 234
80 239
79 244
78 249
78 254
77 259
77 264
76 269
71 273
66 268
64 263
63 258
62 253
62 248
61 243
61 238
60 233
60 228
59 223
59 218
58 213
57 208
56 203
54 198
53 193
51 188
49 183
48 178
47 173
46 168
46 163
45 158
45 153
45 148
43 143
38 139
33 138
28 140
24 145
22 150
22 155
22 160
22 165
22 170
23 175
23 180
24 185
24 190
25 195
25 200
26 205
26 210
27 215
28 220
28 225
29 230
