0 199
6 199
12 199
18 199
24 199
30 199
36 199
42 199
48 199
54 199
60 199
66 199
72 199
78 199
84 199
90 199
96 199
102 200
108 200
114 200
120 200
126 200
132 200
138 200
144 200
150 200
156 200
162 200
168 200
174 199
180 199
186 199
192 199
198 199
204 199
210 199
216 199
222 199
228 199
234 199
240 199
246 199
252 199
258 199
264 199
270 199
276 199
282 199
288 199
294 199
300 199
306 199
312 199
318 199
324 199
330 199
336 199
342 199
348 199
354 199
360 199
366 199
372 199
378 199
384 199
390 199
396 199
402 199
408 199
414 199
420 199
426 199
432 199
438 199
444 199
450 199
456 199
462 199
468 199
474 199
480 199
486 200
492 200
498 200
504 200
510 200
516 200
522 200
528 200
534 200
540 200
546 200
552 199
558 199
564 199
570 199
576 199
582 199
588 199
594 199
600 200
606 200
612 200
618 200
624 199
630 199
636 199
642 199
648 199
654 199
660 199
666 199
672 199
678 199
684 199
690 199
696 199
702 199
708 199
714 199
720 199
726 199
732 199
738 199
744 199
750 199
756 199
762 199
768 200
774 200
780 200
786 200
792 200
798 200
804 200
810 200
816 200
822 200
828 200
834 200
840 200
846 200
852 200
858 200
864 199
870 200
876 200
882 199
888 199
894 199
900 199
906 199
912 199
918 199
924 199
930 199
936 199
942 199
948 199
954 199
960 199
966 199
972 199
978 199
984 199
990 199
996 199
1002 199
1008 199
1014 199
1020 199
1026 199
1032 199
1038 199
1044 200
1050 200
1056 200
1062 200
1068 200
1074 200
1080 200
1086 200
1092 200
1098 200
1104 200
1110 200
1116 199
1122 199
1128 199
1134 199
1140 199
1146 199
1152 199
1158 199
1164 199
1170 199
1176 199
1182 199
1188 199
