0 146
6 145
12 144
18 143
24 144
30 144
36 146
42 148
48 150
54 154
60 159
66 165
70 171
73 177
75 183
76 189
77 195
77 201
77 207
78 213
78 219
79 225
81 231
84 237
88 243
94 249
100 254
106 257
112 259
118 261
124 261
130 261
136 261
142 259
148 257
154 254
160 249
166 243
170 237
173 231
175 225
177 219
179 213
181 207
183 201
186 195
191 189
196 183
202 179
208 175
214 172
220 171
226 170
232 169
238 169
244 170
250 172
256 174
262 178
268 182
274 188
279 194
283 200
287 206
291 212
295 218
300 224
306 230
312 234
318 237
324 239
330 240
336 240
342 239
348 238
354 236
360 232
366 227
371 221
374 215
377 209
378 203
380 197
381 191
383 185
386 179
389 173
393 167
399 161
405 157
411 154
417 152
423 151
429 151
435 151
441 152
447 153
453 156
459 160
465 165
471 171
474 177
477 183
479 189
480 195
481 201
481 207
482 213
483 219
485 225
487 231
491 237
497 243
503 247
509 251
515 253
521 255
527 256
533 256
539 256
545 255
551 254
557 252
563 250
569 248
575 245
581 242
587 239
593 235
599 231
605 227
611 222
616 216
621 210
625 204
629 198
632 192
635 186
638 180
641 174
645 168
649 162
655 156
661 152
667 148
673 145
679 143
685 141
691 141
697 140
703 141
709 141
715 143
721 145
727 148
733 151
739 156
745 162
749 168
752 174
755 180
756 186
757 192
757 198
757 204
757 210
757 216
757 222
758 228
759 234
762 240
766 246
771 252
777 258
783 261
789 264
795 267
801 268
807 269
813 269
819 269
825 268
831 266
837 264
843 261
849 257
855 252
861 246
865 240
869 234
872 228
875 222
878 216
881 210
885 204
889 198
894 192
900 186
906 180
912 176
918 172
924 169
930 166
936 163
942 161
948 159
954 158
960 157
966 156
972 156
978 156
984 157
990 158
996 159
1002 162
1008 164
1014 168
1020 173
1026 179
1031 185
1034 191
1037 197
1039 203
1040 209
1042 215
1043 221
1045 227
1047 233
1050 239
1055 245
1061 251
1067 255
1073 259
1079 261
1085 263
1091 264
1097 264
1103 264
1109 263
1115 261
1121 259
1127 256
1133 252
1139 247
1144 241
1148 235
1150 229
1152 223
1154 217
1155 211
1156 205
1157 199
1158 193
1159 187
1162 181
1165 175
1169 169
1174 163
1180 157
1186 153
1192 150
