0 201
6 201
12 200
18 200
24 200
30 200
36 201
42 201
48 201
54 201
60 201
66 202
72 202
78 203
84 203
90 203
96 204
102 204
108 204
114 204
120 205
126 205
132 205
138 205
144 204
150 204
156 204
162 204
168 204
174 203
180 203
186 203
192 203
198 202
204 202
210 202
216 202
222 202
228 202
234 202
240 202
246 202
252 202
258 202
264 202
270 202
276 202
282 202
288 203
294 203
300 203
306 203
312 203
318 203
324 203
330 203
336 203
342 203
348 203
354 203
360 203
366 203
372 203
378 202
384 202
390 202
396 201
402 201
408 201
414 201
420 201
426 201
432 201
438 201
444 201
450 201
456 201
462 202
468 202
474 203
480 203
486 203
492 204
498 204
504 204
510 204
516 204
522 204
528 204
534 204
540 204
546 204
552 204
558 204
564 204
570 204
576 204
582 204
588 204
594 203
600 203
606 203
612 203
618 203
624 203
630 202
636 202
642 202
648 202
654 201
660 201
666 201
672 200
678 200
684 200
690 200
696 200
702 200
708 200
714 200
720 201
726 201
732 201
738 202
744 202
750 202
756 203
762 203
768 204
774 204
780 204
786 205
792 205
798 205
804 205
810 205
816 205
822 205
828 205
834 205
840 205
846 205
852 204
858 204
864 204
870 204
876 203
882 203
888 203
894 203
900 202
906 202
912 202
918 202
924 202
930 202
936 201
942 201
948 201
954 201
960 201
966 201
972 201
978 201
984 201
990 201
996 201
1002 201
1008 201
1014 202
1020 202
1026 202
1032 202
1038 203
1044 203
1050 203
1056 204
1062 204
1068 204
1074 204
1080 205
1086 205
1092 205
1098 205
1104 205
1110 204
1116 204
1122 204
1128 204
1134 204
1140 203
1146 203
1152 203
1158 203
1164 202
1170 202
1176 202
1182 201
1188 201
