0 204
6 204
12 204
18 204
24 204
30 204
36 204
42 204
48 204
54 205
60 205
66 205
72 205
78 205
84 206
90 206
96 206
102 206
108 206
114 206
120 206
126 207
132 207
138 206
144 206
150 206
156 206
162 206
168 206
174 206
180 206
186 205
192 205
198 205
204 205
210 205
216 205
222 205
228 205
234 205
240 205
246 205
252 205
258 205
264 205
270 205
276 205
282 205
288 205
294 205
300 205
306 206
312 206
318 206
324 206
330 206
336 206
342 206
348 206
354 206
360 206
366 206
372 205
378 205
384 205
390 205
396 205
402 205
408 204
414 204
420 204
426 204
432 204
438 204
444 204
450 205
456 205
462 205
468 205
474 205
480 206
486 206
492 206
498 206
504 206
510 206
516 206
522 206
528 206
534 206
540 206
546 206
552 206
558 206
564 206
570 206
576 206
582 206
588 206
594 206
600 206
606 206
612 206
618 206
624 205
630 205
636 205
642 205
648 205
654 205
660 204
666 204
672 204
678 204
684 204
690 204
696 204
702 204
708 204
714 204
720 204
726 204
732 205
738 205
744 205
750 205
756 206
762 206
768 206
774 206
780 206
786 206
792 207
798 207
804 207
810 207
816 207
822 207
828 207
834 207
840 207
846 207
852 206
858 206
864 206
870 206
876 206
882 206
888 206
894 205
900 205
906 205
912 205
918 205
924 205
930 205
936 205
942 205
948 205
954 205
960 205
966 204
972 204
978 204
984 204
990 204
996 205
1002 205
1008 205
1014 205
1020 205
1026 205
1032 205
1038 205
1044 206
1050 206
1056 206
1062 206
1068 206
1074 206
1080 206
1086 207
1092 207
1098 207
1104 206
1110 206
1116 206
1122 206
1128 206
1134 206
1140 206
1146 206
1152 205
1158 205
1164 205
1170 205
1176 205
1182 205
1188 205
