0 198
6 198
12 198
18 198
24 198
30 198
36 198
42 198
48 198
54 198
60 199
66 199
72 199
78 200
84 200
90 200
96 201
102 201
108 201
114 201
120 201
126 201
132 201
138 201
144 201
150 201
156 201
162 201
168 201
174 200
180 200
186 200
192 200
198 199
204 199
210 199
216 199
222 199
228 199
234 199
240 199
246 199
252 199
258 199
264 199
270 199
276 199
282 199
288 200
294 200
300 200
306 200
312 200
318 200
324 200
330 200
336 200
342 200
348 200
354 200
360 200
366 200
372 200
378 199
384 199
390 199
396 199
402 198
408 198
414 198
420 198
426 198
432 198
438 198
444 198
450 198
456 199
462 199
468 199
474 200
480 200
486 200
492 201
498 201
504 201
510 201
516 201
522 201
528 201
534 201
540 201
546 201
552 201
558 201
564 201
570 201
576 201
582 201
588 200
594 200
600 200
606 200
612 200
618 200
624 200
630 200
636 199
642 199
648 199
654 198
660 198
666 198
672 198
678 198
684 197
690 197
696 197
702 197
708 198
714 198
720 198
726 198
732 199
738 199
744 199
750 200
756 200
762 200
768 201
774 201
780 201
786 201
792 202
798 202
804 202
810 202
816 202
822 202
828 202
834 202
840 202
846 201
852 201
858 201
864 201
870 201
876 200
882 200
888 200
894 200
900 199
906 199
912 199
918 199
924 199
930 199
936 199
942 199
948 198
954 198
960 198
966 198
972 198
978 198
984 198
990 198
996 198
1002 198
1008 199
1014 199
1020 199
1026 199
1032 199
1038 200
1044 200
1050 200
1056 201
1062 201
1068 201
1074 201
1080 201
1086 201
1092 201
1098 201
1104 201
1110 201
1116 201
1122 201
1128 201
1134 201
1140 200
1146 200
1152 200
1158 200
1164 199
1170 199
1176 199
1182 199
1188 198
