0 199
6 199
12 199
18 199
24 199
30 199
36 199
42 199
48 199
54 199
60 199
66 200
72 200
78 200
84 201
90 201
96 201
102 201
108 202
114 202
120 202
126 202
132 202
138 202
144 202
150 202
156 201
162 201
168 201
174 201
180 201
186 201
192 200
198 200
204 200
210 200
216 200
222 200
228 200
234 200
240 200
246 200
252 200
258 200
264 200
270 200
276 200
282 200
288 200
294 200
300 200
306 201
312 201
318 201
324 201
330 201
336 201
342 201
348 201
354 201
360 201
366 201
372 200
378 200
384 200
390 200
396 199
402 199
408 199
414 199
420 199
426 199
432 199
438 199
444 199
450 199
456 199
462 200
468 200
474 200
480 201
486 201
492 201
498 201
504 202
510 202
516 202
522 202
528 202
534 202
540 202
546 202
552 202
558 201
564 201
570 201
576 201
582 201
588 201
594 201
600 201
606 201
612 201
618 201
624 200
630 200
636 200
642 200
648 200
654 199
660 199
666 199
672 199
678 199
684 198
690 198
696 198
702 198
708 199
714 199
720 199
726 199
732 199
738 200
744 200
750 200
756 201
762 201
768 201
774 201
780 202
786 202
792 202
798 202
804 202
810 202
816 202
822 202
828 202
834 202
840 202
846 202
852 202
858 202
864 201
870 201
876 201
882 201
888 201
894 200
900 200
906 200
912 200
918 200
924 200
930 200
936 199
942 199
948 199
954 199
960 199
966 199
972 199
978 199
984 199
990 199
996 199
1002 199
1008 199
1014 200
1020 200
1026 200
1032 200
1038 200
1044 201
1050 201
1056 201
1062 201
1068 202
1074 202
1080 202
1086 202
1092 202
1098 202
1104 202
1110 202
1116 202
1122 202
1128 201
1134 201
1140 201
1146 201
1152 201
1158 200
1164 200
1170 200
1176 200
1182 199
1188 199
