0 96
6 95
12 94
18 93
24 94
30 94
36 95
42 97
48 99
54 101
60 105
66 109
72 114
78 120
83 126
86 132
89 138
92 144
94 150
95 156
96 162
97 168
97 174
97 180
97 186
96 192
94 198
91 204
85 210
79 211
73 211
67 210
61 212
55 218
53 224
52 230
52 236
52 242
53 248
54 254
56 260
58 266
60 272
63 278
67 284
71 290
76 296
82 301
88 306
94 310
100 313
106 315
112 317
118 318
124 318
130 319
136 318
142 317
148 315
154 313
160 310
166 306
172 301
177 295
181 289
184 283
186 277
188 271
188 265
188 259
187 253
184 247
178 241
172 238
166 234
161 228
159 222
158 216
158 210
158 204
160 198
162 192
164 186
166 180
170 174
173 168
178 162
183 156
189 150
195 145
201 142
207 139
213 136
219 135
225 134
231 133
237 134
243 135
249 136
255 138
261 141
267 145
273 150
279 156
283 162
287 168
289 174
292 180
293 186
294 192
293 198
292 204
290 210
286 216
284 222
282 228
281 234
282 240
283 246
285 252
288 258
293 264
298 270
304 275
310 279
316 282
322 283
328 285
334 285
340 285
346 284
352 282
358 280
364 276
370 272
376 266
381 260
385 254
389 248
391 242
394 236
395 230
397 224
397 218
397 212
396 206
392 200
386 195
380 191
374 186
371 180
369 174
368 168
368 162
369 156
370 150
372 144
374 138
378 132
382 126
388 120
394 115
400 111
406 108
412 106
418 105
424 104
430 103
436 103
442 104
448 105
454 107
460 109
466 112
472 116
478 120
484 126
489 132
494 138
497 144
500 150
502 156
504 162
505 168
506 174
506 180
506 186
504 192
502 198
498 204
492 208
486 210
480 211
474 213
468 218
465 224
464 230
463 236
463 242
464 248
465 254
466 260
468 266
471 272
474 278
478 284
482 290
488 296
494 300
500 304
506 307
512 309
518 311
524 312
530 313
536 313
542 313
548 312
554 311
560 309
566 307
572 304
578 301
584 298
590 293
596 288
602 282
607 276
612 270
616 264
620 258
623 252
626 246
629 240
631 234
633 228
635 222
635 216
636 210
635 204
633 198
628 192
622 186
618 180
616 174
615 168
614 162
615 156
616 150
617 144
619 138
622 132
625 126
629 120
634 114
640 108
646 103
652 99
658 96
664 93
670 91
676 90
682 88
688 88
694 87
700 87
706 88
712 89
718 90
724 92
730 94
736 97
742 100
748 105
754 110
760 116
765 122
769 128
773 134
776 140
778 146
780 152
781 158
783 164
783 170
784 176
784 182
784 188
783 194
781 200
779 206
776 212
770 217
764 218
758 217
752 215
746 214
740 216
735 222
733 228
731 234
731 240
730 246
731 252
731 258
732 264
734 270
736 276
738 282
741 288
745 294
749 300
754 306
760 311
766 316
772 320
778 323
784 325
790 327
796 329
802 330
808 331
814 331
820 331
826 330
832 329
838 327
844 325
850 323
856 320
862 316
868 311
874 305
879 299
883 293
886 287
888 281
890 275
891 269
891 263
890 257
888 251
884 245
878 240
872 236
868 230
866 224
866 218
866 212
867 206
868 200
870 194
872 188
874 182
877 176
880 170
883 164
887 158
891 152
896 146
902 140
908 134
914 129
920 125
926 121
932 118
938 116
944 114
950 112
956 111
962 110
968 110
974 110
980 110
986 111
992 112
998 114
1004 116
1010 119
1016 123
1022 127
1028 132
1034 138
1039 144
1044 150
1047 156
1051 162
1053 168
1056 174
1057 180
1059 186
1060 192
1061 198
1061 204
1060 210
1058 216
1055 222
1049 227
1043 229
1037 230
1031 233
1025 239
1023 245
1022 251
1022 257
1023 263
1024 269
1026 275
1028 281
1031 287
1035 293
1040 299
1046 305
1052 309
1058 313
1064 316
1070 319
1076 321
1082 322
1088 323
1094 323
1100 323
1106 323
1112 322
1118 320
1124 318
1130 316
1136 312
1142 308
1148 303
1154 297
1159 291
1163 285
1166 279
1169 273
1171 267
1173 261
1174 255
1175 249
1176 243
1176 237
1175 231
1174 225
1171 219
1165 215
1159 214
1153 214
1147 213
1141 207
1139 201
1137 195
1136 189
1136 183
1136 177
1137 171
1138 165
1139 159
1141 153
1144 147
1146 141
1149 135
1153 129
1158 123
1163 117
1169 112
1175 107
1181 103
1187 100
1193 98
