0 203
6 203
12 203
18 203
24 203
30 203
36 203
42 204
48 204
54 205
60 206
66 207
72 208
78 209
84 210
90 211
96 212
102 213
108 213
114 214
120 214
126 215
132 215
138 214
144 214
150 214
156 213
162 212
168 212
174 211
180 210
186 209
192 209
198 208
204 208
210 207
216 207
222 206
228 206
234 206
240 206
246 206
252 207
258 207
264 207
270 208
276 208
282 208
288 209
294 209
300 210
306 210
312 211
318 211
324 211
330 211
336 212
342 211
348 211
354 211
360 210
366 210
372 209
378 208
384 207
390 207
396 206
402 205
408 204
414 204
420 204
426 203
432 203
438 204
444 204
450 205
456 206
462 207
468 208
474 209
480 210
486 211
492 212
498 212
504 213
510 213
516 214
522 214
528 214
534 214
540 214
546 214
552 213
558 213
564 213
570 213
576 212
582 212
588 212
594 211
600 211
606 211
612 210
618 210
624 209
630 208
636 208
642 207
648 206
654 205
660 204
666 204
672 203
678 203
684 202
690 202
696 202
702 202
708 202
714 203
720 203
726 204
732 205
738 206
744 207
750 208
756 209
762 211
768 212
774 213
780 214
786 214
792 215
798 215
804 216
810 216
816 216
822 216
828 216
834 215
840 215
846 214
852 214
858 213
864 212
870 211
876 211
882 210
888 209
894 209
900 208
906 208
912 207
918 207
924 206
930 206
936 206
942 205
948 205
954 205
960 205
966 204
972 204
978 204
984 204
990 205
996 205
1002 205
1008 206
1014 206
1020 207
1026 208
1032 209
1038 209
1044 210
1050 211
1056 212
1062 213
1068 213
1074 214
1080 214
1086 215
1092 215
1098 215
1104 215
1110 214
1116 214
1122 214
1128 213
1134 212
1140 211
1146 211
1152 210
1158 209
1164 208
1170 207
1176 206
1182 205
1188 205
