0 193
6 192
12 192
18 191
24 191
30 192
36 193
42 194
48 195
54 197
60 199
66 202
72 204
78 207
84 209
90 212
96 214
102 216
108 218
114 219
120 220
126 220
132 220
138 220
144 219
150 218
156 217
162 215
168 213
174 211
180 209
186 207
192 206
198 204
204 203
210 202
216 201
222 200
228 200
234 200
240 200
246 200
252 201
258 201
264 202
270 203
276 204
282 206
288 207
294 208
300 209
306 211
312 212
318 212
324 213
330 214
336 214
342 213
348 213
354 212
360 211
366 209
372 207
378 205
384 203
390 201
396 199
402 197
408 196
414 195
420 194
426 193
432 194
438 194
444 195
450 196
456 198
462 200
468 203
474 205
480 208
486 210
492 212
498 214
504 216
510 217
516 218
522 218
528 219
534 219
540 218
546 218
552 217
558 217
564 216
570 215
576 215
582 214
588 213
594 212
600 212
606 211
612 209
618 208
624 207
630 205
636 203
642 201
648 200
654 198
660 196
666 194
672 193
678 192
684 191
690 190
696 190
702 190
708 191
714 192
720 193
726 195
732 197
738 199
744 202
750 205
756 207
762 210
768 213
774 215
780 217
786 219
792 221
798 222
804 222
810 223
816 223
822 223
828 222
834 221
840 220
846 219
852 217
858 216
864 214
870 212
876 210
882 209
888 207
894 206
900 204
906 203
912 202
918 201
924 200
930 199
936 198
942 197
948 197
954 196
960 196
966 195
972 195
978 195
984 196
990 196
996 197
1002 198
1008 199
1014 200
1020 202
1026 203
1032 205
1038 208
1044 210
1050 212
1056 214
1062 216
1068 217
1074 219
1080 220
1086 220
1092 221
1098 221
1104 221
1110 220
1116 219
1122 218
1128 216
1134 215
1140 213
1146 211
1152 209
1158 206
1164 204
1170 202
1176 200
1182 198
1188 196
