0 192
6 192
12 191
18 191
24 191
30 191
36 192
42 193
48 194
54 195
60 196
66 198
72 199
78 201
84 203
90 205
96 206
102 207
108 208
114 209
120 210
126 210
132 210
138 210
144 209
150 209
156 208
162 207
168 205
174 204
180 203
186 202
192 201
198 200
204 199
210 198
216 197
222 197
228 197
234 197
240 197
246 197
252 197
258 198
264 198
270 199
276 200
282 200
288 201
294 202
300 203
306 203
312 204
318 205
324 205
330 205
336 205
342 205
348 205
354 204
360 204
366 203
372 201
378 200
384 199
390 197
396 196
402 195
408 194
414 193
420 193
426 192
432 192
438 193
444 193
450 194
456 196
462 197
468 199
474 200
480 202
486 204
492 205
498 206
504 207
510 208
516 209
522 209
528 209
534 209
540 209
546 209
552 208
558 208
564 207
570 207
576 206
582 206
588 205
594 205
600 204
606 204
612 203
618 202
624 201
630 200
636 199
642 198
648 196
654 195
660 194
666 193
672 192
678 191
684 190
690 190
696 190
702 190
708 191
714 191
720 192
726 193
732 195
738 196
744 198
750 200
756 202
762 204
768 205
774 207
780 208
786 209
792 210
798 211
804 212
810 212
816 212
822 212
828 211
834 211
840 210
846 209
852 208
858 207
864 206
870 205
876 204
882 203
888 202
894 201
900 200
906 199
912 198
918 197
924 197
930 196
936 196
942 195
948 195
954 194
960 194
966 194
972 194
978 194
984 194
990 194
996 195
1002 195
1008 196
1014 197
1020 198
1026 199
1032 200
1038 202
1044 203
1050 205
1056 206
1062 207
1068 208
1074 209
1080 210
1086 210
1092 211
1098 211
1104 210
1110 210
1116 209
1122 208
1128 207
1134 206
1140 205
1146 204
1152 202
1158 201
1164 199
1170 198
1176 197
1182 195
1188 194
