0 211
6 210
12 210
18 210
24 210
30 210
36 210
42 211
48 211
54 212
60 212
66 213
72 214
78 215
84 215
90 216
96 217
102 218
108 218
114 218
120 219
126 219
132 219
138 219
144 218
150 218
156 218
162 217
168 217
174 216
180 216
186 215
192 215
198 214
204 214
210 213
216 213
222 213
228 213
234 213
240 213
246 213
252 213
258 213
264 213
270 214
276 214
282 214
288 215
294 215
300 215
306 216
312 216
318 216
324 216
330 217
336 217
342 217
348 216
354 216
360 216
366 215
372 215
378 214
384 214
390 213
396 212
402 212
408 211
414 211
420 211
426 211
432 211
438 211
444 211
450 212
456 212
462 213
468 214
474 215
480 215
486 216
492 217
498 217
504 218
510 218
516 218
522 218
528 219
534 218
540 218
546 218
552 218
558 218
564 218
570 217
576 217
582 217
588 217
594 217
600 216
606 216
612 216
618 215
624 215
630 214
636 214
642 213
648 213
654 212
660 211
666 211
672 210
678 210
684 210
690 210
696 210
702 210
708 210
714 210
720 211
726 211
732 212
738 213
744 214
750 214
756 215
762 216
768 217
774 217
780 218
786 219
792 219
798 219
804 220
810 220
816 220
822 220
828 220
834 219
840 219
846 219
852 218
858 218
864 217
870 217
876 216
882 216
888 215
894 215
900 214
906 214
912 213
918 213
924 213
930 213
936 212
942 212
948 212
954 212
960 212
966 211
972 211
978 211
984 211
990 212
996 212
1002 212
1008 212
1014 213
1020 213
1026 214
1032 214
1038 215
1044 216
1050 216
1056 217
1062 218
1068 218
1074 218
1080 219
1086 219
1092 219
1098 219
1104 219
1110 219
1116 218
1122 218
1128 218
1134 217
1140 217
1146 216
1152 215
1158 215
1164 214
1170 213
1176 213
1182 212
1188 212
