0 196
6 195
12 195
18 195
24 195
30 195
36 195
42 196
48 197
54 198
60 199
66 200
72 202
78 203
84 205
90 206
96 207
102 209
108 210
114 210
120 211
126 211
132 211
138 211
144 210
150 210
156 209
162 208
168 207
174 206
180 205
186 204
192 203
198 202
204 201
210 201
216 200
222 200
228 200
234 200
240 200
246 200
252 200
258 200
264 201
270 201
276 202
282 203
288 203
294 204
300 205
306 205
312 206
318 206
324 207
330 207
336 207
342 207
348 207
354 206
360 205
366 205
372 204
378 202
384 201
390 200
396 199
402 198
408 197
414 196
420 196
426 196
432 196
438 196
444 197
450 198
456 199
462 200
468 201
474 203
480 204
486 206
492 207
498 208
504 209
510 209
516 210
522 210
528 210
534 210
540 210
546 210
552 209
558 209
564 209
570 208
576 208
582 207
588 207
594 207
600 206
606 206
612 205
618 204
624 203
630 202
636 201
642 200
648 199
654 198
660 197
666 196
672 195
678 195
684 194
690 194
696 194
702 194
708 194
714 195
720 196
726 197
732 198
738 199
744 201
750 202
756 204
762 205
768 207
774 208
780 209
786 211
792 211
798 212
804 212
810 213
816 213
822 213
828 212
834 212
840 211
846 210
852 209
858 209
864 208
870 207
876 206
882 205
888 204
894 203
900 202
906 201
912 201
918 200
924 200
930 199
936 199
942 198
948 198
954 197
960 197
966 197
972 197
978 197
984 197
990 197
996 198
1002 198
1008 199
1014 200
1020 201
1026 202
1032 203
1038 204
1044 205
1050 206
1056 207
1062 208
1068 209
1074 210
1080 211
1086 211
1092 211
1098 211
1104 211
1110 211
1116 210
1122 210
1128 209
1134 208
1140 207
1146 206
1152 204
1158 203
1164 202
1170 201
1176 200
1182 198
1188 197
