0 330
6 328
12 324
18 318
23 312
26 306
28 300
29 294
29 288
28 282
27 276
25 270
21 264
17 258
11 252
5 248
1199 246
1193 248
1191 254
1191 260
1192 266
1193 272
1192 278
1186 279
1180 274
1176 268
1173 262
1171 256
1169 250
1167 244
1166 238
1165 232
1165 226
1165 220
1165 214
1167 208
1168 202
1171 196
1174 190
1178 184
1183 178
1188 172
1193 166
1199 160
5 155
11 150
17 146
23 142
29 140
35 138
41 138
47 139
53 141
59 145
64 151
66 157
67 163
67 169
64 175
58 178
52 177
46 177
40 180
36 186
34 192
34 198
36 204
39 210
44 216
50 222
56 227
62 231
68 235
74 237
80 239
86 241
92 241
98 242
104 241
110 240
116 238
122 236
128 232
134 228
140 222
144 216
146 210
145 204
142 198
136 193
130 190
127 184
128 178
131 172
136 166
142 162
148 161
154 162
160 165
166 170
170 176
174 182
176 188
179 194
181 200
183 206
185 212
187 218
189 224
190 230
191 236
193 242
194 248
194 254
195 260
195 266
195 272
194 278
193 284
188 290
182 287
180 281
179 275
176 269
170 266
164 269
158 275
156 281
155 287
155 293
156 299
159 305
162 311
168 317
174 322
180 325
186 327
192 329
198 329
204 329
210 328
216 327
222 324
228 321
234 316
239 310
243 304
246 298
248 292
249 286
249 280
249 274
247 268
244 262
238 257
232 257
228 263
227 269
226 275
224 281
218 284
214 278
212 272
211 266
210 260
209 254
208 248
207 242
206 236
206 230
205 224
205 218
204 212
204 206
204 200
204 194
205 188
205 182
207 176
209 170
212 164
217 158
223 155
229 154
235 156
239 162
238 168
237 174
236 180
238 186
244 192
250 195
256 197
262 197
268 197
274 196
280 195
286 192
292 188
297 182
301 176
302 170
303 164
303 158
304 152
309 146
315 141
321 139
327 139
333 140
339 141
345 145
351 150
356 156
359 162
362 168
364 174
366 180
368 186
369 192
371 198
373 204
375 210
377 216
379 222
381 228
382 234
384 240
386 246
388 252
389 258
390 264
391 270
392 276
391 282
385 286
380 280
376 274
370 268
364 271
361 277
360 283
360 289
361 295
363 301
365 307
369 313
375 319
381 324
387 327
393 330
399 331
405 332
411 333
417 332
423 331
429 329
435 327
441 323
447 319
453 313
457 307
461 301
464 295
466 289
467 283
468 277
469 271
468 265
467 259
465 253
460 247
454 244
448 244
443 250
441 256
441 262
441 268
435 274
429 270
425 264
423 258
421 252
419 246
418 240
417 234
417 228
417 222
417 216
418 210
420 204
422 198
424 192
428 186
434 180
440 177
446 175
452 174
458 174
464 176
470 178
476 181
482 187
487 193
493 197
499 199
505 200
511 201
517 202
523 202
529 202
535 202
541 201
547 199
553 197
559 193
563 187
565 181
566 175
566 169
565 163
564 157
562 151
561 145
558 139
556 133
552 127
548 121
542 116
536 114
530 113
524 116
519 122
518 128
518 134
519 140
513 142
507 140
501 134
497 128
496 122
495 116
496 110
498 104
501 98
506 92
512 87
518 83
524 81
530 80
536 79
542 79
548 81
554 83
560 86
566 92
570 98
572 104
573 110
572 116
572 122
572 128
573 134
574 140
575 146
577 152
579 158
580 164
582 170
583 176
584 182
585 188
585 194
586 200
585 206
585 212
584 218
583 224
582 230
581 236
580 242
579 248
578 254
576 260
575 266
573 272
572 278
570 284
567 290
561 284
561 278
561 272
561 266
559 260
553 256
547 258
541 263
538 269
535 275
534 281
533 287
533 293
534 299
535 305
537 311
540 317
543 323
548 329
554 334
560 338
566 341
572 343
578 344
584 344
590 344
596 343
602 341
608 338
614 334
620 329
625 323
628 317
630 311
631 305
630 299
629 293
627 287
624 281
620 275
615 269
609 265
603 266
599 272
597 278
597 284
597 290
598 296
598 302
592 308
586 302
584 296
584 290
584 284
584 278
585 272
586 266
586 260
587 254
589 248
590 242
591 236
593 230
595 224
597 218
599 212
602 206
604 200
607 194
609 188
612 182
614 176
617 170
619 164
621 158
624 152
627 146
631 140
637 135
643 132
649 130
655 130
661 132
667 136
673 141
678 147
681 153
684 159
686 165
688 171
689 177
691 183
691 189
692 195
692 201
691 207
690 213
685 219
679 219
673 213
673 207
672 201
671 195
667 189
661 186
655 186
649 189
643 195
639 201
637 207
636 213
636 219
637 225
639 231
643 237
647 243
652 249
658 254
664 259
670 263
676 266
682 269
688 271
694 272
700 272
706 272
712 271
718 270
724 268
730 265
736 262
742 259
748 255
754 250
760 245
766 239
770 233
774 227
777 221
779 215
780 209
780 203
779 197
777 191
773 185
767 179
761 176
755 175
749 177
745 183
744 189
744 195
744 201
741 207
735 209
729 203
726 197
724 191
723 185
722 179
721 173
721 167
721 161
721 155
722 149
723 143
724 137
727 131
730 125
736 119
742 115
748 112
754 111
760 111
766 112
772 115
778 119
783 125
787 131
791 137
794 143
797 149
800 155
803 161
807 167
811 173
815 179
819 185
822 191
825 197
827 203
829 209
830 215
830 221
830 227
830 233
829 239
828 245
827 251
825 257
824 263
823 269
821 275
820 281
819 287
817 293
816 299
814 305
810 311
804 315
798 309
799 303
802 297
804 291
806 285
808 279
809 273
810 267
809 261
803 257
797 261
791 266
785 272
780 278
776 284
772 290
769 296
766 302
765 308
765 314
765 320
767 326
770 332
774 338
779 344
785 349
791 352
797 355
803 356
809 358
815 358
821 358
827 357
833 356
839 354
845 352
851 348
857 342
862 336
864 330
866 324
866 318
865 312
863 306
860 300
856 294
851 288
845 282
840 276
840 270
840 264
842 258
843 252
845 246
847 240
849 234
851 228
853 222
855 216
857 210
858 204
858 198
857 192
856 186
853 180
850 174
847 168
844 162
843 156
841 150
841 144
841 138
842 132
844 126
848 120
854 114
860 111
866 110
872 110
878 112
884 114
890 118
896 124
901 130
906 136
909 142
912 148
915 154
916 160
917 166
918 172
918 178
917 184
917 190
916 196
915 202
914 208
913 214
911 220
909 226
907 232
901 226
901 220
901 214
902 208
902 202
902 196
900 190
894 187
889 193
886 199
884 205
882 211
880 217
879 223
877 229
876 235
876 241
876 247
877 253
879 259
881 265
885 271
890 277
895 283
901 289
907 293
913 298
919 301
925 303
931 305
937 306
943 305
949 304
955 301
961 296
965 290
967 284
968 278
968 272
968 266
967 260
965 254
964 248
961 242
959 236
956 230
953 224
951 218
948 212
946 206
944 200
942 194
942 188
943 182
944 176
946 170
947 164
948 158
949 152
950 146
951 140
950 134
950 128
948 122
946 116
945 110
944 104
944 98
946 92
948 86
952 80
958 74
964 70
970 68
976 66
982 65
988 65
994 66
1000 67
1006 69
1012 73
1018 77
1023 83
1027 89
1030 95
1032 101
1033 107
1034 113
1034 119
1034 125
1033 131
1032 137
1031 143
1030 149
1028 155
1026 161
1024 167
1022 173
1017 179
1011 173
1010 167
1011 161
1012 155
1013 149
1014 143
1014 137
1013 131
1012 125
1009 119
1003 115
997 115
991 119
987 125
984 131
981 137
979 143
978 149
976 155
975 161
975 167
974 173
974 179
974 185
975 191
976 197
978 203
980 209
983 215
986 221
989 227
993 233
996 239
1000 245
1004 251
1009 257
1014 263
1019 269
1025 275
1031 279
1037 283
1043 286
1049 287
1055 288
1061 288
1067 288
1073 286
1079 283
1085 279
1091 274
1096 268
1100 262
1103 256
1106 250
1108 244
1109 238
1111 232
1111 226
1111 220
1111 214
1111 208
1111 202
1110 196
1110 190
1109 184
1109 178
1108 172
1107 166
1105 160
1103 154
1097 151
1091 154
1087 160
1084 166
1082 172
1080 178
1079 184
1078 190
1077 196
1071 202
1067 196
1066 190
1066 184
1066 178
1067 172
1069 166
1070 160
1072 154
1074 148
1076 142
1079 136
1081 130
1085 124
1089 118
1095 112
1101 106
1107 102
1113 99
1119 97
1125 96
1131 96
1137 97
1143 99
1149 102
1155 107
1160 113
1162 119
1163 125
1164 131
1163 137
1161 143
1159 149
1156 155
1152 161
1148 167
1142 173
1136 167
1132 173
1131 179
1131 185
1131 191
1132 197
1132 203
1133 209
1134 215
1136 221
1137 227
1138 233
1139 239
1141 245
1141 251
1142 257
1142 263
1141 269
1141 275
1139 281
1139 287
1138 293
1139 299
1140 305
1142 311
1146 317
1152 323
1158 327
1164 330
1170 332
1176 333
1182 334
1188 333
