0 310
4 308
8 305
12 301
16 297
18 293
20 289
22 285
23 281
23 277
23 273
23 269
23 265
22 261
20 257
18 253
16 249
13 245
9 242
5 240
1 239
1197 242
1195 246
1194 250
1193 254
1189 258
1185 257
1181 253
1179 249
1177 245
1175 241
1174 237
1174 233
1173 229
1173 225
1173 221
1174 217
1174 213
1175 209
1176 205
1177 201
1179 197
1181 193
1182 189
1185 185
1187 181
1189 177
1192 173
1195 169
1198 165
1 161
5 157
9 153
13 150
17 147
21 144
25 142
29 141
33 140
37 140
41 140
45 140
49 142
53 144
57 147
60 151
62 155
64 159
64 163
63 167
61 171
57 174
53 177
49 181
47 185
47 189
47 193
48 197
49 201
51 205
54 209
57 213
61 217
65 220
69 223
73 225
77 227
81 229
85 230
89 231
93 231
97 232
101 231
105 231
109 230
113 228
117 226
121 224
125 222
129 219
133 215
136 211
138 207
139 203
140 199
139 195
137 191
135 187
133 183
132 179
132 175
134 171
136 167
140 163
144 161
148 160
152 160
156 161
160 162
164 164
168 168
171 172
174 176
176 180
177 184
179 188
180 192
182 196
183 200
184 204
185 208
186 212
187 216
187 220
188 224
189 228
189 232
189 236
190 240
190 244
190 248
189 252
188 256
187 260
183 263
179 262
176 258
173 254
169 253
165 255
161 259
159 263
158 267
157 271
157 275
158 279
159 283
161 287
163 291
166 295
170 299
174 302
178 304
182 306
186 307
190 308
194 309
198 309
202 309
206 308
210 308
214 306
218 305
222 303
226 300
230 296
234 292
237 288
239 284
241 280
242 276
243 272
243 268
243 264
242 260
241 256
240 252
236 248
232 245
228 246
225 250
223 254
220 258
216 258
213 254
211 250
210 246
209 242
208 238
207 234
207 230
207 226
206 222
206 218
206 214
205 210
205 206
205 202
206 198
206 194
206 190
207 186
207 182
208 178
209 174
211 170
213 166
216 162
220 158
224 156
228 155
232 155
236 156
240 160
241 164
242 168
242 172
243 176
244 180
247 184
251 187
255 189
259 191
263 192
267 192
271 193
275 192
279 191
283 190
287 188
291 185
295 181
297 177
299 173
300 169
301 165
303 161
304 157
307 153
311 150
315 147
319 146
323 145
327 145
331 146
335 147
339 149
343 151
347 155
351 159
354 163
356 167
358 171
360 175
362 179
364 183
366 187
368 191
370 195
371 199
373 203
375 207
377 211
379 215
380 219
382 223
383 227
385 231
386 235
387 239
388 243
389 247
389 251
390 255
389 259
388 263
384 265
380 263
376 260
372 259
368 262
366 266
366 270
366 274
366 278
367 282
369 286
371 290
374 294
377 298
381 301
385 304
389 307
393 308
397 310
401 311
405 311
409 312
413 312
417 312
421 311
425 310
429 309
433 307
437 305
441 302
445 299
449 295
452 291
455 287
457 283
459 279
460 275
461 271
462 267
463 263
463 259
462 255
462 251
460 247
458 243
455 239
451 236
447 236
443 239
440 243
439 247
435 250
431 249
427 245
425 241
423 237
422 233
421 229
420 225
420 221
419 217
419 213
419 209
420 205
420 201
421 197
422 193
424 189
426 185
428 181
432 177
436 173
440 171
444 170
448 169
452 169
456 170
460 170
464 172
468 173
472 176
476 179
480 183
482 187
485 191
489 194
493 196
497 198
501 199
505 200
509 200
513 201
517 201
521 201
525 200
529 200
533 199
537 198
541 196
545 194
549 192
553 188
556 184
558 180
559 176
560 172
560 168
560 164
559 160
559 156
558 152
557 148
555 144
553 140
551 136
547 132
543 128
539 126
535 126
531 126
527 128
524 132
522 136
521 140
517 144
513 143
509 141
506 137
503 133
502 129
501 125
501 121
502 117
503 113
505 109
507 105
511 101
515 97
519 95
523 93
527 91
531 90
535 89
539 89
543 89
547 90
551 91
555 92
559 95
563 97
567 101
570 105
573 109
575 113
576 117
577 121
577 125
577 129
578 133
578 137
578 141
578 145
579 149
579 153
580 157
580 161
581 165
581 169
582 173
582 177
583 181
583 185
583 189
583 193
583 197
583 201
583 205
583 209
582 213
582 217
581 221
581 225
580 229
580 233
579 237
578 241
577 245
576 249
575 253
573 257
572 261
569 265
566 261
566 257
565 253
564 249
560 245
556 245
552 246
548 249
545 253
542 257
540 261
539 265
538 269
538 273
538 277
538 281
538 285
539 289
540 293
542 297
544 301
546 305
549 309
552 313
556 316
560 319
564 321
568 323
572 325
576 326
580 326
584 327
588 327
592 326
596 326
600 324
604 323
608 321
612 319
616 316
620 312
623 308
625 304
627 300
629 296
629 292
630 288
630 284
630 280
629 276
628 272
626 268
624 264
622 260
619 256
615 252
611 250
607 251
604 255
603 259
602 263
602 267
601 271
601 275
599 279
595 280
592 276
590 272
590 268
590 264
590 260
590 256
590 252
590 248
591 244
591 240
592 236
593 232
593 228
594 224
595 220
596 216
597 212
598 208
599 204
601 200
602 196
603 192
605 188
606 184
608 180
609 176
611 172
613 168
615 164
617 160
619 156
621 152
623 148
626 144
630 140
634 137
638 134
642 132
646 131
650 131
654 131
658 132
662 134
666 136
670 140
674 144
676 148
679 152
680 156
682 160
683 164
684 168
685 172
686 176
686 180
686 184
686 188
686 192
685 196
683 200
679 204
675 203
671 199
669 195
667 191
664 187
660 185
656 185
652 186
648 190
645 194
643 198
642 202
642 206
642 210
643 214
644 218
646 222
648 226
650 230
653 234
656 238
660 242
664 245
668 249
672 251
676 254
680 256
684 258
688 259
692 260
696 260
700 261
704 260
708 260
712 259
716 258
720 257
724 255
728 253
732 251
736 248
740 245
744 242
748 238
752 234
756 230
759 226
762 222
764 218
766 214
767 210
768 206
769 202
769 198
768 194
767 190
766 186
763 182
759 179
755 177
751 176
747 178
744 182
742 186
740 190
738 194
734 195
730 193
727 189
725 185
724 181
723 177
723 173
722 169
722 165
722 161
723 157
723 153
724 149
725 145
726 141
728 137
730 133
732 129
736 125
740 122
744 119
748 117
752 116
756 115
760 115
764 115
768 116
772 118
776 120
780 122
784 126
788 130
791 134
793 138
796 142
798 146
800 150
802 154
804 158
806 162
808 166
810 170
811 174
813 178
815 182
816 186
818 190
819 194
821 198
822 202
823 206
823 210
824 214
824 218
825 222
825 226
825 230
825 234
824 238
824 242
824 246
823 250
823 254
822 258
821 262
820 266
819 270
818 274
816 278
815 282
812 286
808 289
804 288
803 284
803 280
803 276
804 272
805 268
806 264
806 260
807 256
806 252
805 248
801 245
797 246
793 249
789 253
786 257
783 261
780 265
777 269
775 273
774 277
772 281
771 285
770 289
770 293
770 297
770 301
771 305
772 309
774 313
776 317
778 321
781 325
785 329
789 332
793 334
797 336
801 338
805 339
809 340
813 341
817 341
821 341
825 341
829 340
833 339
837 338
841 336
845 334
849 332
853 328
857 324
860 320
862 316
863 312
864 308
865 304
865 300
865 296
865 292
864 288
863 284
861 280
860 276
858 272
856 268
855 264
853 260
852 256
851 252
849 248
845 244
844 240
845 236
845 232
845 228
846 224
846 220
847 216
847 212
847 208
847 204
847 200
847 196
847 192
846 188
846 184
845 180
844 176
844 172
843 168
842 164
841 160
841 156
841 152
841 148
841 144
841 140
842 136
844 132
845 128
848 124
852 120
856 117
860 115
864 114
868 114
872 114
876 115
880 116
884 118
888 121
892 124
896 128
899 132
902 136
904 140
906 144
908 148
909 152
911 156
912 160
913 164
913 168
914 172
914 176
915 180
915 184
915 188
914 192
914 196
913 200
913 204
912 208
911 212
909 216
906 220
902 217
901 213
900 209
900 205
899 201
899 197
898 193
896 189
892 188
888 191
885 195
884 199
883 203
882 207
881 211
880 215
880 219
880 223
880 227
881 231
881 235
882 239
884 243
885 247
887 251
889 255
891 259
894 263
897 267
900 271
903 275
907 279
911 282
915 285
919 287
923 289
927 291
931 292
935 292
939 292
943 292
947 291
951 289
955 286
959 283
962 279
964 275
965 271
966 267
967 263
967 259
967 255
967 251
966 247
966 243
965 239
964 235
963 231
961 227
960 223
958 219
957 215
956 211
954 207
953 203
951 199
950 195
949 191
948 187
946 191
942 195
941 191
941 187
941 183
941 179
941 175
941 171
942 167
942 163
942 159
942 155
942 151
942 147
942 143
942 139
942 135
942 131
942 127
942 123
941 119
942 115
942 111
943 107
944 103
946 99
948 95
951 91
954 87
958 84
962 81
966 79
970 78
974 77
978 76
982 76
986 76
990 76
994 77
998 78
1002 79
1006 81
1010 84
1014 87
1018 91
1021 95
1024 99
1026 103
1027 107
1029 111
1029 115
1030 119
1030 123
1031 127
1031 131
1030 135
1030 139
1029 143
1029 147
1028 151
1027 155
1025 159
1024 163
1021 167
1017 170
1013 169
1010 165
1010 161
1010 157
1011 153
1011 149
1011 145
1010 141
1009 137
1008 133
1006 129
1002 126
998 125
994 125
990 127
986 131
984 135
982 139
980 143
979 147
978 151
978 155
977 159
977 163
977 167
977 171
977 175
978 179
979 183
980 187
981 191
982 195
984 199
985 203
987 207
989 211
991 215
993 219
996 223
998 227
1001 231
1003 235
1006 239
1009 243
1012 247
1016 251
1020 255
1024 259
1028 262
1032 265
1036 267
1040 269
1044 271
1048 272
1052 273
1056 273
1060 273
1064 273
1068 272
1072 271
1076 269
1080 267
1084 264
1088 260
1092 256
1095 252
1098 248
1100 244
1102 240
1104 236
1105 232
1107 228
1108 224
1109 220
1110 216
1110 212
1111 208
1111 204
1112 200
1112 196
1112 192
1112 188
1112 184
1111 180
1111 176
1110 172
1109 168
1108 164
1105 160
1101 157
1097 158
1093 162
1090 166
1088 170
1087 174
1086 178
1084 182
1083 186
1079 190
1075 188
1073 184
1072 180
1072 176
1072 172
1072 168
1073 164
1073 160
1074 156
1076 152
1077 148
1078 144
1080 140
1082 136
1084 132
1087 128
1089 124
1093 120
1097 116
1101 113
1105 110
1109 108
1113 106
1117 105
1121 104
1125 104
1129 104
1133 104
1137 105
1141 106
1145 108
1149 111
1153 115
1156 119
1159 123
1160 127
1161 131
1162 135
1162 139
1162 143
1162 147
1161 151
1160 155
1159 159
1157 163
1156 167
1154 171
1152 175
1151 179
1149 183
1146 187
1145 191
1145 195
1141 199
1137 203
1137 207
1137 211
1137 215
1137 219
1137 223
1137 227
1137 231
1137 235
1137 239
1137 243
1137 247
1137 251
1137 255
1136 259
1136 263
1136 267
1136 271
1136 275
1137 279
1138 283
1139 287
1141 291
1143 295
1146 299
1149 303
1153 306
1157 309
1161 311
1165 313
1169 314
1173 315
1177 315
1181 315
1185 315
1189 314
1193 313
