0 247
3 241
5 235
7 229
8 223
10 217
12 211
16 205
21 199
27 196
33 194
39 193
45 194
51 197
57 201
63 206
69 211
75 216
81 220
87 222
93 224
99 225
105 224
111 223
117 220
123 216
129 211
135 205
141 201
147 199
153 199
159 202
165 208
168 214
169 220
170 226
171 232
173 238
175 244
181 250
187 254
193 255
199 255
205 253
211 249
215 243
218 237
219 231
220 225
221 219
223 213
225 207
231 201
237 198
243 197
249 199
255 202
261 206
267 210
273 213
279 214
285 213
291 211
297 208
303 205
309 202
315 201
321 201
327 203
333 205
339 208
345 210
351 211
357 212
363 214
369 216
375 220
380 226
384 232
387 238
391 244
397 250
403 254
409 255
415 255
421 254
427 250
432 244
435 238
437 232
437 226
438 220
439 214
441 208
445 202
451 198
457 198
463 200
469 204
475 210
480 216
486 221
492 224
498 225
504 224
510 220
515 214
518 208
520 202
521 196
522 190
523 184
525 178
529 172
535 168
541 166
547 167
553 169
559 174
564 180
566 186
568 192
569 198
568 204
567 210
565 216
564 222
562 228
561 234
561 240
562 246
564 252
567 258
572 264
578 268
584 270
590 271
596 270
602 269
608 265
614 259
618 253
620 247
620 241
620 235
620 229
618 223
618 217
618 211
619 205
621 199
624 193
628 187
634 182
640 180
646 180
652 181
658 185
663 191
666 197
667 203
669 209
670 215
672 221
675 227
679 233
685 238
691 241
697 242
703 242
709 240
715 237
721 231
725 225
728 219
730 213
732 207
734 201
736 195
740 189
745 183
751 179
757 177
763 176
769 177
775 179
781 182
787 188
791 194
793 200
795 206
796 212
796 218
796 224
794 230
792 236
791 242
791 248
791 254
793 260
796 266
802 272
808 276
814 278
820 279
826 279
832 278
838 275
844 271
849 265
852 259
854 253
855 247
856 241
855 235
854 229
852 223
850 217
848 211
847 205
847 199
848 193
849 187
852 181
857 175
863 170
869 168
875 168
881 169
887 172
893 178
896 184
898 190
899 196
900 202
899 208
899 214
899 220
899 226
900 232
902 238
904 244
908 250
913 256
919 260
925 262
931 262
937 261
943 258
949 253
953 247
956 241
957 235
958 229
957 223
957 217
955 211
953 205
951 199
951 193
950 187
951 181
953 175
956 169
962 163
968 159
974 157
980 156
986 157
992 160
998 165
1002 171
1003 177
1003 183
1002 189
1001 195
1000 201
1001 207
1002 213
1005 219
1008 225
1014 231
1020 235
1026 238
1032 239
1038 240
1044 241
1050 242
1056 243
1062 244
1068 244
1074 244
1080 242
1086 238
1091 232
1095 226
1097 220
1098 214
1098 208
1099 202
1099 196
1100 190
1103 184
1107 178
1113 174
1119 172
1125 172
1131 174
1137 177
1142 183
1145 189
1147 195
1147 201
1147 207
1146 213
1146 219
1145 225
1146 231
1147 237
1149 243
1153 249
1158 255
1164 258
1170 260
1176 261
1182 260
1188 258
