0 209
6 209
12 209
18 209
24 208
30 208
36 208
42 208
48 208
54 208
60 208
66 208
72 209
78 208
84 209
90 208
96 209
102 209
108 209
114 209
120 209
126 209
132 209
138 208
144 208
150 208
156 208
162 208
168 209
174 209
180 209
186 209
192 209
198 209
204 209
210 209
216 209
222 208
228 208
234 208
240 208
246 208
252 208
258 208
264 208
270 208
276 208
282 208
288 208
294 208
300 208
306 208
312 208
318 208
324 208
330 208
336 208
342 208
348 209
354 209
360 209
366 208
372 208
378 209
384 209
390 209
396 209
402 209
408 209
414 209
420 209
426 209
432 209
438 209
444 208
450 208
456 208
462 208
468 208
474 208
480 208
486 209
492 209
498 209
504 209
510 208
516 208
522 208
528 208
534 207
540 207
546 207
552 208
558 208
564 208
570 209
576 209
582 209
588 210
594 210
600 210
606 209
612 209
618 209
624 208
630 208
636 208
642 208
648 208
654 208
660 208
666 208
672 208
678 209
684 209
690 209
696 209
702 209
708 209
714 209
720 209
726 208
732 208
738 208
744 208
750 208
756 208
762 208
768 208
774 208
780 208
786 208
792 209
798 209
804 209
810 210
816 210
822 210
828 210
834 210
840 210
846 209
852 209
858 208
864 208
870 208
876 207
882 208
888 208
894 208
900 208
906 209
912 209
918 209
924 210
930 210
936 209
942 209
948 209
954 208
960 208
966 208
972 207
978 207
984 207
990 207
996 208
1002 208
1008 208
1014 209
1020 209
1026 209
1032 209
1038 209
1044 209
1050 209
1056 209
1062 209
1068 209
1074 209
1080 209
1086 209
1092 209
1098 208
1104 208
1110 208
1116 208
1122 208
1128 208
1134 208
1140 208
1146 209
1152 209
1158 209
1164 209
1170 209
1176 209
1182 209
1188 209
