0 263
3 260
5 257
6 254
7 251
8 248
8 245
8 242
8 239
7 236
6 233
5 230
4 227
2 224
2 221
1 218
1 215
1 212
1 209
2 206
3 203
4 200
5 197
6 194
7 191
9 188
11 185
13 182
16 179
19 177
22 175
25 173
28 172
31 171
34 171
37 171
40 171
43 172
46 173
49 174
52 177
55 180
58 183
60 186
61 189
63 192
64 195
66 198
68 201
70 204
72 207
74 210
77 213
80 216
83 218
86 219
89 221
92 221
95 222
98 222
101 222
104 222
107 221
110 220
113 219
116 217
119 214
122 211
125 208
127 205
128 202
130 199
132 196
133 193
135 190
138 187
141 184
144 182
147 181
150 181
153 181
156 181
159 182
162 184
165 187
168 190
170 193
171 196
172 199
173 202
174 205
174 208
175 211
175 214
174 217
174 220
173 223
172 226
171 229
170 232
169 235
169 238
169 241
169 244
169 247
170 250
172 253
173 256
176 259
179 262
182 264
185 265
188 266
191 267
194 267
197 267
200 267
203 267
206 266
209 264
212 262
215 260
218 257
220 254
222 251
223 248
224 245
224 242
224 239
224 236
223 233
222 230
221 227
219 224
218 221
217 218
216 215
216 212
216 209
216 206
216 203
217 200
217 197
218 194
220 191
222 188
224 185
227 182
230 181
233 179
236 179
239 179
242 179
245 180
248 182
251 184
254 187
257 190
260 193
263 196
266 198
269 200
272 201
275 202
278 203
281 203
284 202
287 201
290 200
293 197
296 195
299 192
302 189
305 186
308 184
311 183
314 182
317 181
320 181
323 181
326 182
329 183
332 185
335 186
338 189
341 190
344 192
347 194
350 196
353 197
356 199
359 200
362 201
365 203
368 205
371 207
374 210
376 213
378 216
380 219
381 222
382 225
383 228
383 231
383 234
383 237
383 240
383 243
384 246
385 249
386 252
387 255
389 258
392 261
395 263
398 265
401 266
404 267
407 268
410 268
413 268
416 268
419 268
422 267
425 265
428 264
431 262
434 259
437 256
439 253
440 250
441 247
442 244
442 241
442 238
442 235
441 232
440 229
439 226
437 223
436 220
434 217
433 214
433 211
432 208
432 205
432 202
433 199
434 196
435 193
437 190
439 187
442 185
445 183
448 182
451 182
454 182
457 182
460 183
463 184
466 186
469 189
472 192
474 195
477 198
479 201
481 204
484 207
487 210
490 212
493 214
496 215
499 216
502 216
505 215
508 215
511 213
514 212
517 210
520 207
523 204
525 201
527 198
528 195
529 192
530 189
531 186
531 183
531 180
531 177
530 174
528 171
526 168
523 165
520 162
519 159
519 156
519 153
521 150
522 147
525 144
528 142
531 140
534 139
537 138
540 138
543 138
546 138
549 138
552 139
555 140
558 142
561 144
564 146
567 149
569 152
571 155
572 158
573 161
574 164
575 167
576 170
576 173
577 176
577 179
577 182
577 185
577 188
577 191
577 194
577 197
576 200
576 203
575 206
574 209
573 212
571 215
568 218
565 220
562 223
559 226
558 229
556 232
556 235
555 238
554 241
554 244
554 247
554 250
554 253
555 256
555 259
557 262
558 265
560 268
562 271
564 274
567 277
570 279
573 281
576 282
579 283
582 284
585 285
588 285
591 285
594 285
597 284
600 283
603 282
606 281
609 279
612 277
615 274
617 271
619 268
621 265
622 262
623 259
624 256
624 253
624 250
624 247
624 244
623 241
622 238
620 235
618 232
615 230
612 228
610 225
608 222
608 219
608 216
608 213
608 210
608 207
609 204
609 201
610 198
611 195
611 192
612 189
613 186
615 183
616 180
617 177
619 174
621 171
624 168
626 165
629 163
632 161
635 159
638 158
641 157
644 157
647 157
650 158
653 158
656 160
659 162
662 164
665 167
667 170
668 173
669 176
670 179
670 182
670 185
669 188
668 191
667 194
666 197
665 200
665 203
665 206
665 209
665 212
666 215
667 218
668 221
669 224
671 227
673 230
675 233
678 236
681 239
684 241
687 242
690 244
693 245
696 245
699 245
702 245
705 245
708 244
711 243
714 242
717 240
720 238
723 235
726 232
728 229
730 226
732 223
733 220
734 217
735 214
736 211
736 208
737 205
737 202
736 199
736 196
735 193
734 190
734 187
733 184
733 181
733 178
734 175
735 172
736 169
737 166
739 163
741 160
744 158
747 155
750 154
753 152
756 151
759 151
762 151
765 151
768 151
771 151
774 152
777 154
780 155
783 157
786 160
789 163
792 166
794 169
796 172
797 175
799 178
800 181
801 184
802 187
803 190
804 193
805 196
805 199
806 202
807 205
807 208
807 211
807 214
807 217
807 220
807 223
807 226
806 229
805 232
802 235
799 235
796 235
793 235
790 237
788 240
786 243
785 246
784 249
784 252
784 255
784 258
784 261
784 264
785 267
786 270
787 273
789 276
790 279
793 282
796 285
799 288
802 290
805 292
808 293
811 294
814 295
817 295
820 296
823 296
826 295
829 295
832 294
835 293
838 292
841 290
844 288
847 286
850 283
852 280
854 277
856 274
857 271
858 268
859 265
860 262
860 259
860 256
861 253
861 250
861 247
860 244
860 241
860 238
859 235
858 232
857 229
856 226
854 223
851 220
848 219
845 217
843 214
842 211
841 208
841 205
841 202
840 199
840 196
840 193
840 190
840 187
840 184
841 181
841 178
842 175
842 172
843 169
844 166
845 163
847 160
849 157
851 154
854 152
857 149
860 148
863 146
866 145
869 145
872 145
875 145
878 146
881 147
884 148
887 150
890 152
893 155
895 158
897 161
899 164
900 167
901 170
902 173
903 176
904 179
904 182
905 185
905 188
905 191
904 194
904 197
902 200
899 203
896 206
895 209
894 212
894 215
894 218
894 221
894 224
895 227
896 230
896 233
897 236
898 239
899 242
901 245
902 248
904 251
906 254
909 257
911 260
914 262
917 264
920 266
923 267
926 268
929 269
932 269
935 269
938 268
941 267
944 266
947 264
950 262
953 259
955 256
957 253
959 250
960 247
961 244
961 241
962 238
962 235
962 232
962 229
962 226
962 223
961 220
961 217
960 214
959 211
958 208
957 205
956 202
953 199
950 196
947 194
945 191
944 188
943 185
943 182
942 179
942 176
942 173
942 170
942 167
943 164
943 161
944 158
944 155
945 152
946 149
948 146
949 143
952 140
954 137
957 134
960 132
963 130
966 129
969 127
972 127
975 126
978 126
981 126
984 126
987 126
990 127
993 128
996 129
999 131
1002 133
1005 136
1008 139
1010 142
1011 145
1013 148
1013 151
1014 154
1014 157
1014 160
1013 163
1010 166
1007 167
1004 167
1001 168
998 170
996 173
994 176
994 179
993 182
993 185
993 188
993 191
994 194
994 197
995 200
996 203
997 206
998 209
1000 212
1001 215
1003 218
1005 221
1007 224
1009 227
1012 230
1015 233
1018 235
1021 237
1024 239
1027 240
1030 242
1033 243
1036 244
1039 245
1042 246
1045 247
1048 248
1051 248
1054 249
1057 249
1060 249
1063 250
1066 249
1069 249
1072 249
1075 248
1078 247
1081 245
1084 243
1087 241
1090 238
1092 235
1094 232
1096 229
1097 226
1099 223
1100 220
1101 217
1101 214
1102 211
1102 208
1102 205
1102 202
1102 199
1101 196
1100 193
1099 190
1097 187
1094 184
1092 181
1091 178
1091 175
1091 172
1092 169
1093 166
1094 163
1096 160
1098 157
1101 154
1104 152
1107 150
1110 148
1113 147
1116 146
1119 145
1122 145
1125 145
1128 145
1131 146
1134 147
1137 148
1140 150
1143 152
1146 155
1148 158
1150 161
1152 164
1153 167
1154 170
1154 173
1155 176
1155 179
1155 182
1155 185
1155 188
1154 191
1153 194
1151 197
1150 200
1147 203
1146 206
1144 209
1143 212
1142 215
1141 218
1141 221
1140 224
1140 227
1140 230
1140 233
1140 236
1141 239
1141 242
1142 245
1143 248
1144 251
1145 254
1147 257
1149 260
1152 263
1155 266
1158 268
1161 270
1164 272
1167 273
1170 273
1173 274
1176 274
1179 274
1182 273
1185 273
1188 272
1191 270
1194 269
