0 216
5 210
11 204
17 198
23 194
29 192
35 191
41 191
47 191
53 193
59 195
65 198
71 200
77 202
83 204
89 205
95 206
101 206
107 206
113 205
119 204
125 201
131 199
137 196
143 194
149 193
155 194
161 197
167 202
171 208
176 214
182 220
188 223
194 224
200 223
206 220
212 215
217 209
222 203
228 197
234 194
240 192
246 192
252 194
258 196
264 198
270 200
276 201
282 201
288 200
294 199
300 197
306 195
312 195
318 194
324 195
330 196
336 198
342 199
348 200
354 200
360 201
366 201
372 203
378 205
384 209
390 214
396 218
402 222
408 223
414 223
420 222
426 219
432 213
436 207
440 201
446 195
452 192
458 192
464 193
470 196
476 200
482 204
488 207
494 208
500 208
506 205
512 199
516 193
520 187
524 181
530 176
536 174
542 173
548 174
554 178
559 184
562 190
563 196
564 202
565 208
566 214
568 220
572 226
578 231
584 234
590 235
596 235
602 233
608 229
614 223
617 217
619 211
621 205
623 199
626 193
630 187
636 183
642 181
648 181
654 183
660 186
666 192
670 198
675 204
681 210
687 214
693 216
699 217
705 216
711 214
717 210
723 205
728 199
734 193
740 188
746 184
752 181
758 180
764 179
770 180
776 183
782 187
787 193
790 199
792 205
794 211
795 217
797 223
800 229
805 235
811 239
817 241
823 241
829 241
835 238
841 234
846 228
849 222
851 216
851 210
851 204
852 198
853 192
855 186
858 180
864 175
870 172
876 172
882 173
888 176
894 182
897 188
899 194
900 200
902 206
904 212
907 218
911 224
917 228
923 231
929 231
935 230
941 227
947 222
950 216
953 210
954 204
954 198
955 192
956 186
958 180
962 174
968 169
974 167
980 166
986 167
992 170
997 176
1000 182
1002 188
1004 194
1007 200
1011 206
1017 211
1023 214
1029 215
1035 215
1041 215
1047 215
1053 215
1059 216
1065 217
1071 218
1077 217
1083 215
1089 210
1094 204
1097 198
1100 192
1104 186
1110 181
1116 178
1122 177
1128 178
1134 181
1140 187
1143 193
1146 199
1148 205
1151 211
1154 217
1160 222
1166 226
1172 227
1178 227
1184 226
1190 224
