0 211
6 208
12 205
18 202
24 200
30 199
36 198
42 198
48 199
54 200
60 201
66 202
72 203
78 204
84 205
90 205
96 206
102 206
108 206
114 206
120 205
126 204
132 202
138 201
144 200
150 199
156 200
162 202
168 205
174 209
180 212
186 215
192 216
198 216
204 214
210 211
216 208
222 205
228 202
234 200
240 199
246 199
252 200
258 201
264 202
270 203
276 203
282 203
288 203
294 202
300 201
306 200
312 200
318 200
324 200
330 201
336 202
342 203
348 203
354 203
360 203
366 204
372 204
378 206
384 207
390 210
396 212
402 214
408 215
414 216
420 215
426 212
432 209
438 205
444 202
450 199
456 198
462 198
468 200
474 202
480 204
486 206
492 207
498 207
504 206
510 203
516 198
522 194
528 190
534 188
540 187
546 188
552 191
558 196
563 202
567 208
572 214
578 219
584 222
590 223
596 223
602 221
608 218
614 213
620 207
626 201
632 196
638 193
644 192
650 192
656 194
662 197
668 200
674 204
680 207
686 210
692 211
698 212
704 211
710 210
716 208
722 205
728 202
734 199
740 196
746 194
752 193
758 192
764 192
770 192
776 194
782 197
788 202
793 208
798 214
804 220
810 224
816 227
822 228
828 227
834 225
840 221
846 215
850 209
853 203
857 197
863 191
869 187
875 186
881 186
887 189
893 193
898 199
902 205
907 211
913 217
919 220
925 221
931 221
937 219
943 216
949 210
953 204
957 198
961 192
967 187
973 184
979 183
985 183
991 186
997 191
1003 197
1009 203
1015 208
1021 210
1027 211
1033 211
1039 210
1045 210
1051 210
1057 211
1063 212
1069 212
1075 212
1081 211
1087 209
1093 205
1099 200
1105 196
1111 192
1117 190
1123 190
1129 191
1135 194
1141 199
1147 204
1153 209
1159 214
1165 216
1171 218
1177 218
1183 217
1189 216
