0 322
6 319
12 314
18 308
21 302
24 296
26 290
26 284
26 278
25 272
24 266
21 260
17 254
12 248
6 243
0 242
1194 246
1192 252
1192 258
1192 264
1186 267
1180 262
1176 256
1173 250
1172 244
1170 238
1170 232
1169 226
1169 220
1170 214
1171 208
1173 202
1176 196
1179 190
1182 184
1186 178
1190 172
1195 166
1 160
7 154
13 149
19 145
25 142
31 140
37 139
43 139
49 141
55 144
61 150
64 156
65 162
65 168
60 174
54 175
48 177
43 183
40 189
41 195
42 201
45 207
49 213
55 219
61 224
67 228
73 231
79 234
85 235
91 236
97 237
103 236
109 235
115 233
121 230
127 227
133 222
138 216
142 210
143 204
142 198
139 192
133 187
130 181
131 175
134 169
140 164
146 161
152 161
158 162
164 166
169 172
173 178
176 184
179 190
181 196
183 202
184 208
186 214
188 220
189 226
190 232
191 238
192 244
192 250
192 256
192 262
191 268
188 274
182 274
179 268
176 262
170 259
164 261
159 267
157 273
156 279
156 285
157 291
160 297
163 303
168 309
174 313
180 317
186 319
192 321
198 321
204 321
210 320
216 318
222 315
228 311
234 305
239 299
242 293
244 287
246 281
246 275
246 269
245 263
242 257
236 251
230 251
226 257
224 263
222 269
216 269
212 263
210 257
209 251
208 245
207 239
207 233
206 227
206 221
205 215
205 209
205 203
205 197
205 191
206 185
207 179
209 173
211 167
216 161
222 156
228 155
234 156
239 162
239 168
239 174
240 180
243 186
249 191
255 193
261 195
267 195
273 195
279 193
285 191
291 187
297 181
300 175
302 169
303 163
304 157
307 151
313 146
319 143
325 142
331 143
337 145
343 148
349 153
354 159
357 165
360 171
363 177
365 183
367 189
370 195
372 201
374 207
376 213
379 219
381 225
383 231
385 237
387 243
388 249
390 255
390 261
390 267
389 273
383 273
377 267
371 263
365 267
363 273
362 279
363 285
364 291
367 297
370 303
375 309
381 314
387 318
393 321
399 323
405 324
411 324
417 324
423 323
429 321
435 318
441 314
447 309
453 303
457 297
460 291
462 285
464 279
465 273
466 267
466 261
465 255
462 249
458 243
452 239
446 240
441 246
440 252
438 258
432 260
426 254
423 248
421 242
420 236
419 230
418 224
418 218
419 212
419 206
421 200
423 194
425 188
430 182
436 176
442 173
448 172
454 172
460 173
466 175
472 177
478 182
482 188
488 194
494 197
500 199
506 200
512 201
518 202
524 202
530 201
536 200
542 199
548 197
554 193
559 187
562 181
563 175
563 169
563 163
562 157
560 151
559 145
556 139
553 133
549 127
543 122
537 120
531 119
525 122
521 128
519 134
518 140
512 142
506 138
501 132
499 126
499 120
499 114
501 108
504 102
509 96
515 91
521 88
527 86
533 85
539 84
545 85
551 87
557 89
563 93
568 99
572 105
574 111
575 117
575 123
575 129
575 135
576 141
577 147
578 153
579 159
581 165
582 171
583 177
583 183
584 189
584 195
584 201
584 207
583 213
583 219
582 225
581 231
580 237
579 243
578 249
576 255
574 261
573 267
570 273
564 267
564 261
562 255
556 250
550 252
544 256
540 262
538 268
536 274
535 280
535 286
536 292
537 298
539 304
541 310
544 316
549 322
555 327
561 332
567 334
573 336
579 337
585 338
591 337
597 336
603 334
609 332
615 328
621 322
625 316
628 310
630 304
630 298
630 292
630 286
628 280
625 274
622 268
617 262
611 257
605 257
601 263
599 269
599 275
598 281
598 287
593 293
589 287
588 281
587 275
587 269
588 263
588 257
589 251
590 245
591 239
592 233
594 227
595 221
597 215
599 209
601 203
603 197
605 191
608 185
610 179
613 173
615 167
618 161
621 155
624 149
628 143
634 137
640 133
646 131
652 131
658 132
664 135
670 139
675 145
679 151
682 157
684 163
686 169
687 175
688 181
689 187
689 193
688 199
687 205
681 211
675 209
672 203
670 197
668 191
662 185
656 185
650 187
644 193
641 199
639 205
639 211
639 217
641 223
643 229
647 235
652 241
658 247
664 253
670 257
676 260
682 263
688 265
694 266
700 267
706 266
712 265
718 264
724 262
730 259
736 256
742 252
748 247
754 242
760 236
765 230
769 224
772 218
774 212
775 206
775 200
774 194
772 188
768 182
762 177
756 175
750 176
744 182
742 188
741 194
739 200
733 201
727 195
725 189
724 183
723 177
722 171
722 165
722 159
722 153
723 147
725 141
727 135
730 129
735 123
741 118
747 115
753 114
759 113
765 114
771 116
777 119
783 125
788 131
792 137
795 143
798 149
801 155
805 161
808 167
811 173
814 179
817 185
820 191
822 197
824 203
826 209
827 215
827 221
827 227
827 233
827 239
826 245
825 251
824 257
822 263
821 269
820 275
818 281
816 287
814 293
810 299
804 301
802 295
803 289
805 283
807 277
808 271
808 265
809 259
807 253
801 251
795 255
789 260
784 266
779 272
776 278
772 284
770 290
768 296
767 302
767 308
768 314
770 320
772 326
776 332
781 338
787 342
793 346
799 348
805 350
811 351
817 352
823 351
829 351
835 349
841 347
847 344
853 340
858 334
862 328
864 322
866 316
866 310
865 304
864 298
862 292
859 286
856 280
852 274
849 268
847 262
845 256
845 250
845 244
846 238
847 232
849 226
850 220
851 214
852 208
852 202
852 196
851 190
850 184
848 178
846 172
844 166
843 160
842 154
841 148
841 142
842 136
844 130
847 124
852 118
858 114
864 112
870 112
876 113
882 115
888 119
894 124
899 130
903 136
907 142
910 148
912 154
914 160
915 166
916 172
916 178
916 184
915 190
915 196
914 202
913 208
911 214
909 220
904 226
901 220
901 214
901 208
901 202
900 196
899 190
893 186
887 192
885 198
882 204
881 210
879 216
878 222
878 228
878 234
878 240
880 246
881 252
884 258
887 264
892 270
896 276
902 282
908 288
914 292
920 296
926 298
932 300
938 300
944 300
950 298
956 294
962 288
965 282
967 276
968 270
968 264
968 258
967 252
965 246
964 240
961 234
959 228
957 222
954 216
952 210
950 204
948 198
947 192
942 186
943 180
943 174
944 168
945 162
945 156
946 150
946 144
946 138
945 132
945 126
944 120
943 114
943 108
944 102
946 96
949 90
953 84
959 79
965 75
971 73
977 71
983 71
989 71
995 72
1001 73
1007 76
1013 80
1019 86
1024 92
1027 98
1029 104
1031 110
1032 116
1032 122
1032 128
1031 134
1031 140
1030 146
1028 152
1026 158
1024 164
1021 170
1016 176
1011 170
1011 164
1012 158
1013 152
1013 146
1013 140
1012 134
1010 128
1006 122
1000 119
994 120
988 125
984 131
981 137
979 143
978 149
976 155
976 161
975 167
975 173
976 179
976 185
978 191
979 197
982 203
984 209
987 215
990 221
994 227
997 233
1001 239
1005 245
1010 251
1015 257
1020 263
1026 268
1032 273
1038 276
1044 279
1050 280
1056 281
1062 281
1068 280
1074 278
1080 275
1086 270
1092 264
1097 258
1100 252
1104 246
1106 240
1108 234
1109 228
1111 222
1111 216
1112 210
1112 204
1112 198
1112 192
1111 186
1111 180
1110 174
1109 168
1108 162
1104 156
1098 154
1092 158
1088 164
1085 170
1083 176
1082 182
1080 188
1079 194
1073 194
1070 188
1069 182
1069 176
1070 170
1071 164
1072 158
1074 152
1076 146
1079 140
1081 134
1085 128
1089 122
1094 116
1100 110
1106 106
1112 103
1118 101
1124 100
1130 100
1136 101
1142 103
1148 106
1154 111
1158 117
1161 123
1162 129
1163 135
1162 141
1161 147
1159 153
1156 159
1154 165
1150 171
1146 177
1142 183
1136 177
1135 183
1135 189
1135 195
1135 201
1135 207
1136 213
1137 219
1137 225
1138 231
1138 237
1139 243
1139 249
1139 255
1138 261
1138 267
1137 273
1137 279
1137 285
1138 291
1139 297
1142 303
1145 309
1151 315
1157 320
1163 323
1169 325
1175 326
1181 326
1187 326
1193 325
