0 213
6 210
12 208
18 206
24 204
30 203
36 203
42 203
48 203
54 204
60 205
66 206
72 207
78 207
84 208
90 208
96 209
102 209
108 209
114 209
120 208
126 207
132 206
138 204
144 203
150 203
156 204
162 206
168 208
174 211
180 214
186 216
192 217
198 217
204 216
210 213
216 211
222 208
228 205
234 204
240 203
246 203
252 204
258 205
264 206
270 206
276 207
282 207
288 206
294 206
300 205
306 204
312 204
318 204
324 204
330 205
336 205
342 206
348 207
354 207
360 207
366 207
372 207
378 209
384 210
390 212
396 214
402 216
408 217
414 217
420 216
426 214
432 211
438 208
444 205
450 203
456 202
462 203
468 204
474 206
480 208
486 209
492 210
498 210
504 209
510 206
516 203
522 199
528 196
534 194
540 193
546 194
552 197
558 201
564 207
570 213
576 218
582 221
588 223
594 223
600 222
606 220
612 216
618 212
624 206
630 202
636 199
642 198
648 198
654 199
660 200
666 203
672 206
678 209
684 212
690 213
696 214
702 214
708 213
714 211
720 209
726 206
732 204
738 202
744 200
750 198
756 198
762 197
768 198
774 199
780 201
786 205
792 210
798 215
804 220
810 224
816 227
822 227
828 227
834 225
840 222
846 216
851 210
855 204
861 198
867 194
873 192
879 192
885 194
891 197
897 203
903 209
909 215
915 219
921 221
927 222
933 221
939 219
945 215
951 209
956 203
962 197
968 192
974 190
980 189
986 190
992 193
998 197
1004 203
1010 207
1016 211
1022 212
1028 213
1034 213
1040 212
1046 212
1052 212
1058 213
1064 214
1070 214
1076 214
1082 213
1088 211
1094 208
1100 204
1106 200
1112 197
1118 196
1124 196
1130 197
1136 200
1142 204
1148 208
1154 212
1160 216
1166 218
1172 219
1178 219
1184 218
1190 217
