0 218
6 218
12 218
18 218
24 218
30 218
36 218
42 218
48 218
54 218
60 218
66 218
72 218
78 218
84 218
90 218
96 218
102 218
108 218
114 218
120 218
126 218
132 218
138 218
144 218
150 218
156 218
162 218
168 218
174 218
180 218
186 218
192 218
198 218
204 218
210 218
216 218
222 218
228 218
234 218
240 218
246 218
252 218
258 218
264 218
270 218
276 218
282 218
288 218
294 218
300 218
306 218
312 218
318 218
324 218
330 218
336 218
342 218
348 218
354 218
360 218
366 218
372 218
378 218
384 218
390 218
396 218
402 218
408 218
414 219
420 218
426 218
432 218
438 218
444 218
450 218
456 218
462 218
468 218
474 218
480 218
486 218
492 218
498 218
504 218
510 218
516 218
522 217
528 217
534 217
540 217
546 217
552 217
558 218
564 218
570 218
576 218
582 219
588 219
594 219
600 219
606 219
612 218
618 218
624 218
630 218
636 218
642 217
648 218
654 218
660 218
666 218
672 218
678 218
684 218
690 218
696 218
702 218
708 218
714 218
720 218
726 218
732 218
738 218
744 218
750 218
756 218
762 218
768 218
774 218
780 218
786 218
792 218
798 218
804 219
810 219
816 219
822 219
828 219
834 219
840 219
846 218
852 218
858 218
864 218
870 217
876 217
882 217
888 217
894 218
900 218
906 218
912 218
918 219
924 219
930 219
936 218
942 218
948 218
954 218
960 217
966 217
972 217
978 217
984 217
990 217
996 217
1002 218
1008 218
1014 218
1020 218
1026 218
1032 218
1038 218
1044 218
1050 218
1056 218
1062 218
1068 218
1074 218
1080 218
1086 218
1092 218
1098 218
1104 218
1110 218
1116 217
1122 217
1128 217
1134 218
1140 218
1146 218
1152 218
1158 218
1164 218
1170 219
1176 219
1182 218
1188 218
