0 222
6 222
12 222
18 221
24 221
30 221
36 221
42 221
48 221
54 221
60 221
66 221
72 221
78 221
84 221
90 221
96 222
102 221
108 221
114 222
120 221
126 222
132 222
138 221
144 221
150 221
156 221
162 221
168 221
174 222
180 222
186 222
192 222
198 222
204 222
210 222
216 222
222 221
228 221
234 221
240 221
246 221
252 221
258 221
264 221
270 221
276 221
282 221
288 221
294 221
300 221
306 221
312 221
318 221
324 221
330 221
336 221
342 221
348 221
354 221
360 221
366 221
372 221
378 221
384 222
390 222
396 222
402 222
408 222
414 222
420 222
426 222
432 222
438 221
444 221
450 221
456 221
462 221
468 221
474 221
480 221
486 221
492 222
498 222
504 221
510 221
516 221
522 221
528 221
534 221
540 221
546 221
552 221
558 221
564 221
570 222
576 222
582 222
588 222
594 222
600 222
606 222
612 222
618 222
624 221
630 221
636 221
642 221
648 221
654 221
660 221
666 221
672 221
678 221
684 222
690 222
696 222
702 222
708 222
714 221
720 221
726 221
732 221
738 221
744 221
750 221
756 221
762 221
768 221
774 221
780 221
786 221
792 222
798 222
804 222
810 222
816 222
822 222
828 222
834 222
840 222
846 222
852 222
858 221
864 221
870 221
876 221
882 221
888 221
894 221
900 221
906 222
912 222
918 222
924 222
930 222
936 222
942 222
948 222
954 221
960 221
966 221
972 221
978 221
984 220
990 221
996 221
1002 221
1008 221
1014 221
1020 222
1026 222
1032 222
1038 221
1044 221
1050 221
1056 222
1062 222
1068 222
1074 222
1080 222
1086 222
1092 221
1098 221
1104 221
1110 221
1116 221
1122 221
1128 221
1134 221
1140 221
1146 221
1152 222
1158 222
1164 222
1170 222
1176 222
1182 222
1188 222
