0 217
3 223
7 229
13 233
19 236
25 236
31 235
37 232
43 226
46 220
49 214
51 208
54 202
58 196
64 191
70 188
76 188
82 189
88 193
93 199
95 205
96 211
97 217
98 223
100 229
103 235
108 241
114 245
120 247
126 247
132 246
138 244
144 239
149 233
153 227
156 221
161 215
167 209
173 206
179 204
185 203
191 201
197 199
203 196
209 192
215 187
221 184
227 182
233 181
239 181
245 183
251 187
257 192
263 198
269 203
275 207
281 209
287 211
293 212
299 214
305 217
311 221
316 227
321 233
325 239
331 244
337 248
343 250
349 251
355 250
361 249
367 246
373 241
377 235
380 229
381 223
382 217
382 211
381 205
382 199
383 193
385 187
389 181
395 175
401 172
407 171
413 170
419 171
425 174
431 178
436 184
439 190
442 196
443 202
445 208
447 214
449 220
453 226
458 232
464 236
470 239
476 240
482 240
488 239
494 237
500 234
506 229
511 223
516 217
520 211
525 205
531 199
537 194
543 189
549 184
555 180
561 177
567 174
573 172
579 171
585 171
591 172
597 174
603 178
608 184
612 190
614 196
615 202
615 208
614 214
614 220
614 226
615 232
618 238
622 244
628 249
634 252
640 254
646 255
652 254
658 252
664 249
670 243
673 237
675 231
676 225
676 219
677 213
678 207
680 201
684 195
690 190
696 187
702 187
708 188
714 191
720 197
723 203
726 209
730 215
735 221
741 226
747 228
753 228
759 227
765 225
771 221
777 216
783 211
789 206
795 203
801 201
807 200
813 199
819 199
825 199
831 200
837 202
843 205
849 208
855 212
861 216
867 218
873 219
879 218
885 216
891 212
897 208
903 204
909 202
915 202
921 204
927 208
932 214
936 220
940 226
946 232
952 236
958 237
964 237
970 235
976 231
981 225
984 219
986 213
986 207
987 201
988 195
991 189
995 183
1001 178
1007 175
1013 174
1019 174
1025 175
1031 177
1037 181
1043 186
1049 192
1054 198
1058 204
1062 210
1066 216
1070 222
1074 228
1078 234
1084 240
1090 244
1096 247
1102 248
1108 249
1114 248
1120 247
1126 244
1132 239
1137 233
1140 227
1141 221
1142 215
1143 209
1142 203
1142 197
1143 191
1144 185
1146 179
1151 173
1157 168
1163 165
1169 164
1175 164
1181 166
1187 169
1193 175
1196 181
1198 187
1198 193
1198 199
1198 205
