0 242
6 246
12 248
18 249
24 249
30 247
36 244
42 239
47 233
51 227
54 221
56 215
56 209
56 203
51 197
45 197
39 200
33 203
27 204
21 198
22 192
25 186
29 180
35 174
41 168
47 163
53 159
59 156
65 154
71 152
77 151
83 152
89 153
95 156
101 160
106 166
110 172
113 178
115 184
116 190
117 196
117 202
117 208
117 214
115 220
113 226
109 232
103 228
100 222
94 217
88 223
86 229
84 235
82 241
82 247
81 253
81 259
82 265
83 271
85 277
88 283
91 289
97 295
103 300
109 303
115 306
121 307
127 308
133 308
139 307
145 305
151 302
157 299
163 294
169 288
173 282
176 276
178 270
180 264
181 258
181 252
180 246
178 240
172 238
166 242
160 245
156 239
156 233
157 227
159 221
161 215
163 209
166 203
168 197
171 191
174 185
177 179
179 173
181 167
183 161
184 155
185 149
185 143
186 137
188 131
191 125
196 119
202 113
208 109
214 106
220 104
226 103
232 102
238 103
244 103
250 105
256 107
262 110
268 115
274 120
279 126
282 132
285 138
288 144
289 150
289 156
288 162
282 168
280 174
281 180
283 186
286 192
289 198
293 204
298 210
302 216
307 222
311 228
315 234
318 240
320 246
320 252
314 256
308 254
302 254
298 260
298 266
298 272
300 278
302 284
305 290
310 296
316 302
322 307
328 310
334 312
340 314
346 314
352 314
358 313
364 312
370 309
376 306
382 301
388 295
392 289
395 283
397 277
399 271
400 265
401 259
401 253
402 247
402 241
402 235
401 229
401 223
400 217
399 211
398 205
397 199
396 193
394 187
392 181
389 175
383 171
379 177
378 183
377 189
377 195
376 201
370 203
365 197
362 191
359 185
357 179
356 173
355 167
355 161
355 155
356 149
357 143
358 137
360 131
363 125
367 119
372 113
378 108
384 104
390 101
396 99
402 98
408 98
414 98
420 100
426 102
432 105
438 109
444 115
448 121
452 127
454 133
457 139
458 145
459 151
459 157
459 163
458 169
457 175
454 181
448 184
443 178
441 172
438 166
433 160
427 159
423 165
421 171
421 177
421 183
422 189
423 195
424 201
426 207
427 213
429 219
431 225
433 231
436 237
439 243
442 249
445 255
449 261
454 267
460 273
466 277
472 280
478 281
484 282
490 282
496 281
502 279
508 275
514 271
520 265
524 259
528 253
531 247
534 241
536 235
538 229
540 223
541 217
542 211
542 205
542 199
541 193
538 187
532 185
526 188
520 182
518 176
518 170
518 164
519 158
520 152
521 146
522 140
525 134
527 128
530 122
534 116
539 110
545 104
551 100
557 96
563 93
569 92
575 90
581 90
587 90
593 90
599 92
605 94
611 96
617 100
623 105
628 111
631 117
634 123
635 129
636 135
636 141
635 147
634 153
632 159
630 165
628 171
626 177
623 183
621 189
618 195
615 201
613 207
611 213
609 219
603 219
602 213
602 207
602 201
601 195
595 195
592 201
590 207
588 213
587 219
586 225
586 231
586 237
586 243
586 249
587 255
587 261
589 267
590 273
592 279
595 285
598 291
603 297
609 303
615 308
621 311
627 314
633 315
639 316
645 316
651 315
657 313
663 311
669 307
675 301
679 295
682 289
683 283
683 277
683 271
681 265
679 259
676 253
671 247
665 242
659 239
653 242
650 248
649 254
645 260
639 261
633 255
631 249
630 243
630 237
630 231
632 225
633 219
636 213
639 207
642 201
646 195
650 189
655 183
661 177
666 171
672 165
678 160
684 155
690 152
696 150
702 148
708 149
714 150
720 154
724 160
727 166
728 172
728 178
727 184
724 190
718 194
712 194
706 192
700 192
694 196
690 202
690 208
691 214
694 220
698 226
704 232
710 238
716 243
722 247
728 250
734 253
740 255
746 257
752 257
758 257
764 255
770 252
776 248
781 242
784 236
785 230
785 224
783 218
777 212
771 207
769 201
769 195
770 189
772 183
775 177
778 171
783 165
788 159
794 154
800 151
806 149
812 148
818 148
824 148
830 150
836 154
842 159
846 165
848 171
848 177
847 183
844 189
841 195
840 201
841 207
843 213
846 219
852 225
858 229
864 231
870 232
876 232
882 231
888 228
894 224
900 218
903 212
904 206
905 200
907 194
912 188
918 185
924 184
930 185
936 186
942 188
948 191
954 194
960 198
966 204
971 210
974 216
974 222
972 228
966 232
960 233
954 233
948 234
942 239
939 245
938 251
939 257
943 263
949 269
955 272
961 273
967 273
973 272
979 270
985 267
991 263
997 257
1003 251
1007 245
1011 239
1014 233
1017 227
1020 221
1022 215
1023 209
1024 203
1024 197
1024 191
1023 185
1021 179
1018 173
1013 167
1007 164
1001 165
998 171
997 177
991 178
985 175
979 170
974 164
970 158
967 152
966 146
965 140
966 134
967 128
970 122
974 116
979 110
985 105
991 102
997 100
1003 98
1009 97
1015 97
1021 98
1027 99
1033 102
1039 105
1045 109
1051 114
1056 120
1060 126
1064 132
1067 138
1070 144
1072 150
1074 156
1076 162
1078 168
1080 174
1081 180
1083 186
1084 192
1084 198
1084 204
1083 210
1077 213
1071 208
1065 210
1061 216
1060 222
1058 228
1057 234
1056 240
1056 246
1056 252
1056 258
1057 264
1059 270
1060 276
1063 282
1067 288
1072 294
1078 299
1084 303
1090 306
1096 307
1102 308
1108 308
1114 308
1120 306
1126 304
1132 301
1138 296
1144 290
1148 284
1151 278
1153 272
1155 266
1155 260
1155 254
1155 248
1154 242
1153 236
1152 230
1151 224
1149 218
1148 212
1146 206
1145 200
1143 194
1142 188
1141 182
1140 176
1139 170
1133 169
1132 175
1131 181
1130 187
1124 193
1123 187
1129 192
1126 198
1132 197
1128 203
1126 209
1132 208
1134 214
1132 220
1138 219
1140 213
1139 207
1138 201
1137 195
1134 189
1135 183
1129 177
1123 172
1121 178
1118 172
1120 166
1119 160
1119 154
1119 148
1120 142
1120 136
1122 130
1123 124
1125 118
1128 112
1132 106
1138 100
1144 95
1150 91
1156 89
1162 87
1168 86
1174 86
1180 87
1186 88
1192 90
1198 94
4 98
9 104
13 110
15 116
17 122
17 128
16 134
14 140
12 146
8 152
3 158
1197 163
1191 164
1187 158
1187 152
1186 146
1184 140
1178 136
1172 138
1166 144
1163 150
1162 156
1161 162
1161 168
1162 174
1163 180
1164 186
1166 192
1168 198
1171 204
1174 210
1177 216
1181 222
1186 228
1191 234
