0 209
6 210
12 211
18 212
24 212
30 212
36 212
42 211
48 210
54 209
60 209
66 208
72 208
78 208
84 209
90 210
96 211
102 212
108 212
114 213
120 213
126 213
132 213
138 213
144 212
150 211
156 210
162 210
168 210
174 210
180 209
186 209
192 209
198 209
204 209
210 209
216 208
222 208
228 207
234 207
240 207
246 208
252 208
258 209
264 209
270 210
276 210
282 210
288 210
294 210
300 210
306 210
312 211
318 211
324 212
330 213
336 213
342 214
348 214
354 214
360 213
366 213
372 212
378 211
384 209
390 208
396 208
402 207
408 207
414 207
420 207
426 207
432 208
438 208
444 209
450 210
456 211
462 211
468 212
474 212
480 212
486 212
492 212
498 211
504 211
510 210
516 210
522 209
528 209
534 208
540 208
546 208
552 208
558 207
564 207
570 207
576 206
582 206
588 207
594 207
600 207
606 208
612 209
618 210
624 211
630 212
636 213
642 214
648 214
654 214
660 214
666 213
672 212
678 211
684 210
690 209
696 208
702 208
708 208
714 209
720 209
726 210
732 211
738 211
744 212
750 212
756 211
762 211
768 211
774 210
780 210
786 210
792 210
798 209
804 209
810 209
816 209
822 209
828 209
834 209
840 209
846 209
852 210
858 210
864 210
870 211
876 211
882 211
888 210
894 210
900 210
906 209
912 209
918 209
924 209
930 210
936 210
942 211
948 212
954 212
960 212
966 212
972 211
978 210
984 209
990 208
996 208
1002 207
1008 207
1014 207
1020 207
1026 207
1032 208
1038 208
1044 208
1050 209
1056 209
1062 210
1068 210
1074 211
1080 211
1086 212
1092 212
1098 213
1104 213
1110 213
1116 213
1122 212
1128 212
1134 211
1140 210
1146 209
1152 208
1158 207
1164 206
1170 206
1176 205
1182 206
1188 207
