0 221
6 222
12 222
18 222
24 222
30 222
36 222
42 222
48 222
54 222
60 221
66 221
72 221
78 221
84 222
90 222
96 222
102 222
108 222
114 222
120 222
126 222
132 222
138 222
144 222
150 222
156 222
162 222
168 222
174 222
180 222
186 222
192 222
198 222
204 222
210 221
216 221
222 221
228 221
234 221
240 221
246 221
252 221
258 222
264 222
270 222
276 222
282 222
288 222
294 222
300 222
306 222
312 222
318 222
324 222
330 222
336 222
342 222
348 222
354 222
360 222
366 222
372 222
378 222
384 222
390 221
396 221
402 221
408 221
414 221
420 221
426 221
432 221
438 221
444 221
450 222
456 222
462 222
468 222
474 222
480 222
486 222
492 222
498 222
504 222
510 222
516 221
522 221
528 221
534 221
540 221
546 221
552 221
558 221
564 221
570 221
576 221
582 221
588 221
594 221
600 221
606 221
612 221
618 222
624 222
630 222
636 222
642 222
648 222
654 222
660 222
666 222
672 222
678 222
684 222
690 222
696 221
702 221
708 221
714 222
720 222
726 222
732 222
738 222
744 222
750 222
756 222
762 222
768 222
774 222
780 222
786 222
792 222
798 222
804 222
810 222
816 222
822 222
828 222
834 222
840 222
846 222
852 222
858 222
864 222
870 222
876 222
882 222
888 222
894 222
900 222
906 221
912 221
918 221
924 221
930 222
936 222
942 222
948 222
954 222
960 222
966 222
972 222
978 222
984 221
990 221
996 221
1002 221
1008 221
1014 221
1020 221
1026 221
1032 221
1038 221
1044 221
1050 221
1056 221
1062 222
1068 222
1074 222
1080 222
1086 222
1092 222
1098 222
1104 222
1110 222
1116 222
1122 222
1128 222
1134 222
1140 222
1146 221
1152 221
1158 221
1164 221
1170 221
1176 221
1182 221
1188 221
