0 217
6 217
12 218
18 218
24 218
30 218
36 218
42 218
48 218
54 217
60 217
66 217
72 217
78 217
84 217
90 218
96 218
102 218
108 218
114 218
120 218
126 218
132 218
138 218
144 218
150 218
156 218
162 218
168 217
174 217
180 217
186 218
192 218
198 218
204 217
210 217
216 217
222 217
228 217
234 217
240 217
246 217
252 217
258 217
264 217
270 218
276 218
282 218
288 218
294 218
300 218
306 218
312 218
318 218
324 218
330 218
336 218
342 218
348 218
354 218
360 218
366 218
372 218
378 218
384 217
390 217
396 217
402 217
408 217
414 217
420 217
426 217
432 217
438 217
444 217
450 217
456 218
462 218
468 218
474 218
480 218
486 218
492 218
498 218
504 217
510 217
516 217
522 217
528 217
534 217
540 217
546 217
552 217
558 217
564 217
570 217
576 217
582 217
588 217
594 217
600 217
606 217
612 217
618 218
624 218
630 218
636 218
642 218
648 218
654 218
660 218
666 218
672 218
678 218
684 218
690 217
696 217
702 217
708 217
714 217
720 218
726 218
732 218
738 218
744 218
750 218
756 218
762 218
768 218
774 218
780 217
786 217
792 217
798 217
804 218
810 218
816 218
822 217
828 217
834 217
840 217
846 217
852 217
858 217
864 218
870 218
876 218
882 218
888 218
894 218
900 217
906 217
912 217
918 217
924 217
930 217
936 217
942 218
948 218
954 218
960 218
966 218
972 218
978 217
984 217
990 217
996 217
1002 217
1008 217
1014 217
1020 217
1026 217
1032 217
1038 217
1044 217
1050 217
1056 217
1062 217
1068 217
1074 217
1080 218
1086 218
1092 218
1098 218
1104 218
1110 218
1116 218
1122 218
1128 218
1134 218
1140 217
1146 217
1152 217
1158 217
1164 217
1170 217
1176 217
1182 217
1188 217
