0 206
6 210
12 214
18 217
24 218
30 218
36 216
42 214
48 211
54 207
60 204
66 202
72 201
78 202
84 204
90 207
96 211
102 214
108 218
114 220
120 221
126 221
132 220
138 218
144 216
150 214
156 211
162 209
168 208
174 207
180 207
186 207
192 206
198 206
204 205
210 204
216 202
222 201
228 200
234 200
240 200
246 201
252 203
258 204
264 206
270 207
276 208
282 209
288 209
294 210
300 210
306 211
312 212
318 214
324 216
330 219
336 221
342 222
348 223
354 222
360 221
366 219
372 216
378 211
384 207
390 203
396 199
402 197
408 196
414 196
420 197
426 198
432 200
438 203
444 207
450 210
456 213
462 215
468 217
474 217
480 218
486 217
492 216
498 215
504 213
510 211
516 209
522 207
528 206
534 204
540 203
546 202
552 200
558 199
564 198
570 197
576 196
582 196
588 196
594 197
600 200
606 203
612 207
618 211
624 216
630 219
636 222
642 224
648 224
654 224
660 222
666 220
672 216
678 212
684 207
690 204
696 202
702 201
708 202
714 203
720 206
726 208
732 211
738 213
744 214
750 214
756 214
762 213
768 212
774 210
780 209
786 208
792 207
798 207
804 206
810 206
816 206
822 206
828 206
834 206
840 207
846 207
852 208
858 209
864 211
870 211
876 211
882 211
888 210
894 209
900 208
906 206
912 206
918 206
924 207
930 209
936 212
942 214
948 216
954 217
960 217
966 216
972 214
978 211
984 208
990 204
996 201
1002 199
1008 197
1014 197
1020 197
1026 198
1032 200
1038 201
1044 203
1050 205
1056 206
1062 208
1068 210
1074 212
1080 215
1086 217
1092 219
1098 220
1104 221
1110 221
1116 221
1122 219
1128 217
1134 214
1140 209
1146 204
1152 200
1158 196
1164 194
1170 193
1176 193
1182 194
1188 197
