0 205
6 206
12 206
18 206
24 206
30 206
36 206
42 206
48 206
54 206
60 205
66 205
72 205
78 205
84 205
90 206
96 206
102 206
108 207
114 207
120 207
126 207
132 207
138 207
144 206
150 206
156 206
162 206
168 206
174 206
180 206
186 206
192 206
198 206
204 205
210 205
216 205
222 205
228 205
234 205
240 205
246 205
252 205
258 205
264 206
270 206
276 206
282 206
288 206
294 206
300 206
306 206
312 206
318 206
324 206
330 207
336 207
342 207
348 207
354 207
360 207
366 207
372 206
378 206
384 206
390 205
396 205
402 205
408 205
414 205
420 205
426 205
432 205
438 205
444 205
450 206
456 206
462 206
468 206
474 206
480 206
486 206
492 206
498 206
504 206
510 206
516 205
522 205
528 205
534 205
540 205
546 205
552 205
558 205
564 205
570 205
576 205
582 205
588 205
594 205
600 205
606 205
612 205
618 206
624 206
630 206
636 207
642 207
648 207
654 207
660 207
666 207
672 206
678 206
684 206
690 205
696 205
702 205
708 205
714 205
720 206
726 206
732 206
738 206
744 206
750 206
756 206
762 206
768 206
774 206
780 206
786 206
792 206
798 206
804 206
810 206
816 206
822 206
828 205
834 205
840 205
846 205
852 206
858 206
864 206
870 206
876 206
882 206
888 206
894 206
900 206
906 205
912 205
918 205
924 205
930 206
936 206
942 206
948 206
954 206
960 206
966 206
972 206
978 206
984 205
990 205
996 205
1002 205
1008 205
1014 205
1020 205
1026 205
1032 205
1038 205
1044 205
1050 205
1056 205
1062 206
1068 206
1074 206
1080 206
1086 206
1092 206
1098 207
1104 207
1110 207
1116 207
1122 206
1128 206
1134 206
1140 206
1146 205
1152 205
1158 205
1164 204
1170 204
1176 204
1182 204
1188 205
