0 222
6 222
12 222
18 222
24 222
30 222
36 222
42 222
48 222
54 222
60 222
66 222
72 221
78 221
84 221
90 221
96 221
102 221
108 221
114 221
120 221
126 222
132 222
138 222
144 222
150 222
156 222
162 222
168 222
174 222
180 222
186 222
192 222
198 221
204 221
210 221
216 221
222 221
228 221
234 221
240 221
246 221
252 222
258 222
264 222
270 222
276 222
282 222
288 222
294 222
300 222
306 222
312 221
318 221
324 221
330 221
336 222
342 222
348 222
354 222
360 222
366 222
372 222
378 222
384 222
390 222
396 222
402 222
408 222
414 222
420 222
426 222
432 222
438 222
444 222
450 222
456 222
462 222
468 222
474 222
480 222
486 222
492 222
498 221
504 221
510 221
516 221
522 221
528 221
534 221
540 221
546 221
552 221
558 221
564 221
570 221
576 221
582 222
588 222
594 222
600 222
606 222
612 222
618 222
624 222
630 222
636 222
642 222
648 222
654 222
660 222
666 222
672 222
678 222
684 222
690 222
696 222
702 222
708 222
714 223
720 222
726 222
732 222
738 222
744 222
750 222
756 221
762 221
768 221
774 221
780 222
786 222
792 222
798 222
804 222
810 222
816 222
822 222
828 222
834 221
840 221
846 221
852 221
858 221
864 221
870 221
876 221
882 221
888 221
894 221
900 221
906 221
912 221
918 221
924 221
930 222
936 222
942 222
948 222
954 222
960 222
966 222
972 222
978 222
984 222
990 222
996 222
1002 222
1008 221
1014 221
1020 221
1026 221
1032 221
1038 221
1044 221
1050 221
1056 221
1062 221
1068 221
1074 221
1080 221
1086 222
1092 222
1098 222
1104 222
1110 222
1116 222
1122 222
1128 222
1134 222
1140 222
1146 222
1152 222
1158 222
1164 222
1170 221
1176 221
1182 221
1188 221
