0 189
4 195
7 201
8 207
9 213
8 219
6 225
4 231
3 237
3 243
5 249
7 255
11 261
17 267
23 270
29 272
35 273
41 272
47 271
53 268
59 264
64 258
67 252
69 246
70 240
70 234
69 228
67 222
63 216
59 210
57 204
57 198
57 192
58 186
61 180
64 174
70 168
76 164
82 162
88 161
94 161
100 162
106 165
112 169
118 175
121 181
122 187
123 193
122 199
120 205
119 211
119 217
120 223
121 229
124 235
128 241
133 247
139 252
145 254
151 256
157 256
163 255
169 253
175 250
181 244
185 238
188 232
190 226
191 220
191 214
191 208
191 202
191 196
192 190
194 184
197 178
203 172
209 168
215 166
221 165
227 165
233 166
239 168
245 173
250 179
253 185
255 191
255 197
255 203
253 209
250 215
247 221
245 227
244 233
245 239
246 245
249 251
253 257
259 262
265 265
271 267
277 267
283 266
289 264
295 260
300 254
302 248
304 242
303 236
302 230
301 224
300 218
300 212
302 206
304 200
308 194
314 188
320 185
326 183
332 183
338 185
344 188
349 194
351 200
352 206
353 212
353 218
355 224
358 230
363 236
369 240
375 242
381 243
387 242
393 239
399 235
405 229
411 223
417 219
423 218
429 218
435 220
441 223
447 229
453 235
459 240
465 242
471 244
477 244
483 243
489 240
495 235
500 229
503 223
505 217
506 211
506 205
506 199
506 193
507 187
509 181
513 175
519 169
525 165
531 163
537 161
543 161
549 161
555 163
561 166
567 170
572 176
575 182
576 188
576 194
575 200
573 206
572 212
572 218
573 224
575 230
578 236
584 242
590 245
596 247
602 247
608 246
614 243
620 239
625 233
628 227
631 221
633 215
634 209
637 203
640 197
646 191
652 188
658 186
664 186
670 188
676 191
682 196
686 202
688 208
690 214
691 220
691 226
689 232
686 238
682 244
680 250
679 256
680 262
682 268
686 274
692 280
698 283
704 285
710 287
716 287
722 286
728 284
734 281
740 276
745 270
747 264
749 258
748 252
747 246
743 240
737 234
734 228
733 222
733 216
734 210
736 204
739 198
744 192
750 188
756 186
762 186
768 187
774 191
779 197
782 203
784 209
786 215
789 221
792 227
798 233
804 237
810 239
816 240
822 240
828 238
834 234
839 228
842 222
843 216
843 210
842 204
841 198
840 192
841 186
843 180
848 174
854 169
860 166
866 164
872 163
878 163
884 163
890 165
896 167
902 169
908 173
914 177
920 183
925 189
929 195
932 201
935 207
936 213
937 219
936 225
934 231
929 237
926 243
925 249
926 255
927 261
930 267
934 273
940 279
946 283
952 285
958 287
964 288
970 288
976 287
982 286
988 283
994 279
1000 274
1004 268
1008 262
1010 256
1012 250
1013 244
1013 238
1013 232
1012 226
1009 220
1003 214
997 209
994 203
993 197
993 191
994 185
995 179
997 173
1000 167
1004 161
1010 155
1016 150
1022 147
1028 145
1034 144
1040 143
1046 144
1052 145
1058 147
1064 151
1070 156
1075 162
1078 168
1081 174
1082 180
1082 186
1081 192
1078 198
1074 204
1071 210
1069 216
1069 222
1070 228
1071 234
1073 240
1075 246
1078 252
1083 258
1089 263
1095 267
1101 270
1107 271
1113 272
1119 271
1125 269
1131 266
1137 261
1142 255
1145 249
1147 243
1147 237
1147 231
1146 225
1144 219
1143 213
1143 207
1145 201
1147 195
1152 189
1158 183
1164 180
1170 178
1176 177
1182 178
1188 179
