0 195
3 201
5 207
6 213
6 219
6 225
5 231
4 237
5 243
6 249
9 255
14 261
20 265
26 268
32 269
38 270
44 269
50 266
56 263
61 257
65 251
67 245
68 239
68 233
67 227
65 221
62 215
61 209
60 203
60 197
61 191
63 185
66 179
71 173
77 169
83 167
89 166
95 166
101 167
107 170
113 176
117 182
119 188
121 194
121 200
121 206
120 212
120 218
121 224
123 230
126 236
130 242
136 248
142 252
148 254
154 254
160 254
166 253
172 250
178 245
183 239
187 233
189 227
190 221
191 215
192 209
192 203
193 197
195 191
198 185
202 179
208 174
214 171
220 169
226 169
232 171
238 173
244 178
248 184
251 190
252 196
253 202
252 208
251 214
249 220
247 226
246 232
247 238
248 244
251 250
256 256
262 261
268 263
274 265
280 264
286 263
292 260
298 254
301 248
303 242
303 236
303 230
302 224
302 218
303 212
305 206
308 200
313 194
319 190
325 188
331 188
337 189
343 193
348 199
350 205
352 211
354 217
355 223
358 229
363 235
369 239
375 242
381 242
387 241
393 239
399 235
405 230
411 225
417 222
423 220
429 220
435 222
441 226
447 231
453 236
459 240
465 242
471 243
477 243
483 242
489 239
495 234
499 228
502 222
504 216
505 210
506 204
508 198
509 192
512 186
516 180
522 174
528 170
534 168
540 167
546 167
552 168
558 170
564 174
569 180
572 186
574 192
574 198
574 204
574 210
573 216
574 222
575 228
578 234
583 240
589 244
595 246
601 246
607 245
613 243
619 239
625 233
628 227
631 221
633 215
636 209
639 203
644 197
650 192
656 190
662 190
668 191
674 194
680 200
684 206
686 212
687 218
688 224
688 230
686 236
684 242
682 248
681 254
682 260
685 266
689 272
695 277
701 280
707 281
713 282
719 282
725 280
731 278
737 274
742 268
745 262
746 256
746 250
744 244
741 238
738 232
736 226
736 220
736 214
738 208
741 202
745 196
751 192
757 189
763 189
769 191
775 195
779 201
783 207
785 213
788 219
791 225
795 231
801 236
807 239
813 240
819 240
825 239
831 235
837 229
840 223
841 217
842 211
841 205
841 199
842 193
844 187
848 181
854 175
860 172
866 170
872 169
878 168
884 169
890 170
896 172
902 175
908 179
914 183
920 189
924 195
927 201
930 207
932 213
933 219
933 225
932 231
930 237
928 243
928 249
929 255
931 261
934 267
939 273
945 277
951 280
957 282
963 283
969 284
975 283
981 281
987 279
993 275
999 270
1003 264
1007 258
1009 252
1010 246
1011 240
1011 234
1010 228
1007 222
1003 216
999 210
997 204
996 198
997 192
997 186
999 180
1001 174
1004 168
1009 162
1015 157
1021 153
1027 150
1033 149
1039 148
1045 149
1051 150
1057 153
1063 156
1069 162
1073 168
1076 174
1078 180
1079 186
1079 192
1078 198
1076 204
1074 210
1072 216
1072 222
1072 228
1073 234
1075 240
1078 246
1081 252
1087 258
1093 263
1099 266
1105 268
1111 269
1117 268
1123 267
1129 265
1135 260
1141 254
1144 248
1146 242
1147 236
1146 230
1146 224
1146 218
1146 212
1147 206
1149 200
1153 194
1158 188
1164 184
1170 182
1176 181
1182 181
1188 184
