0 196
3 202
4 208
5 214
5 220
5 226
5 232
5 238
7 244
10 250
14 256
20 261
26 264
32 265
38 265
44 264
50 262
56 257
61 251
64 245
66 239
67 233
67 227
66 221
64 215
62 209
62 203
62 197
63 191
65 185
69 179
75 174
81 170
87 169
93 168
99 169
105 172
111 177
116 183
118 189
120 195
120 201
121 207
121 213
122 219
124 225
126 231
130 237
136 243
142 247
148 249
154 250
160 250
166 248
172 245
178 240
183 234
186 228
188 222
190 216
191 210
192 204
194 198
196 192
199 186
204 180
210 176
216 173
222 172
228 172
234 174
240 178
246 184
249 190
251 196
251 202
251 208
250 214
249 220
248 226
248 232
249 238
252 244
255 250
261 255
267 258
273 260
279 260
285 259
291 256
297 250
300 244
302 238
303 232
303 226
303 220
304 214
306 208
308 202
313 196
319 191
325 189
331 189
337 190
343 194
348 200
351 206
353 212
355 218
358 224
363 230
369 235
375 237
381 238
387 237
393 235
399 231
405 227
411 222
417 219
423 218
429 218
435 219
441 223
447 227
453 232
459 236
465 238
471 239
477 239
483 237
489 234
495 228
499 222
502 216
504 210
506 204
508 198
511 192
514 186
519 180
525 176
531 173
537 171
543 170
549 171
555 173
561 176
567 182
571 188
573 194
574 200
574 206
574 212
575 218
577 224
580 230
585 236
591 240
597 242
603 242
609 241
615 238
621 233
626 227
629 221
632 215
635 209
638 203
643 197
649 193
655 191
661 190
667 191
673 194
679 200
682 206
685 212
686 218
686 224
685 230
684 236
683 242
683 248
684 254
686 260
690 266
696 272
702 275
708 276
714 277
720 276
726 275
732 271
738 266
742 260
744 254
745 248
744 242
743 236
740 230
739 224
738 218
739 212
740 206
743 200
748 194
754 191
760 189
766 190
772 192
778 198
782 204
785 210
788 216
791 222
796 228
802 233
808 236
814 237
820 237
826 234
832 230
836 224
838 218
840 212
841 206
841 200
843 194
845 188
850 182
856 177
862 174
868 172
874 172
880 172
886 173
892 174
898 176
904 179
910 183
916 188
921 194
925 200
928 206
930 212
931 218
931 224
931 230
930 236
929 242
930 248
931 254
934 260
939 266
945 272
951 275
957 277
963 278
969 279
975 278
981 276
987 274
993 270
999 264
1003 258
1006 252
1008 246
1009 240
1009 234
1009 228
1007 222
1005 216
1002 210
1000 204
999 198
999 192
1000 186
1001 180
1004 174
1008 168
1014 162
1020 158
1026 155
1032 153
1038 153
1044 153
1050 154
1056 157
1062 160
1068 166
1072 172
1075 178
1077 184
1077 190
1077 196
1076 202
1075 208
1074 214
1074 220
1075 226
1076 232
1078 238
1081 244
1085 250
1091 256
1097 260
1103 263
1109 264
1115 264
1121 263
1127 261
1133 257
1139 251
1143 245
1145 239
1146 233
1147 227
1147 221
1147 215
1148 209
1150 203
1152 197
1157 191
1163 186
1169 183
1175 182
1181 182
1187 184
1193 188
