0 296
3 302
8 308
14 314
20 318
26 321
32 323
38 324
44 324
50 323
56 321
62 318
68 314
73 308
77 302
79 296
81 290
81 284
81 278
81 272
80 266
78 260
77 254
76 248
74 242
73 236
71 230
70 224
69 218
69 212
69 206
69 200
69 194
69 188
63 185
62 191
61 197
61 203
60 209
54 203
54 197
53 191
52 185
51 179
50 173
49 167
47 161
47 155
46 149
45 143
46 137
46 131
47 125
49 119
52 113
56 107
62 101
68 97
74 94
80 92
86 91
92 91
98 92
104 93
110 96
116 100
122 106
126 112
130 118
132 124
134 130
135 136
136 142
136 148
137 154
137 160
136 166
136 172
135 178
134 184
133 190
131 196
125 201
120 195
118 189
117 183
117 177
116 171
115 165
113 159
109 153
103 151
97 157
95 163
93 169
93 175
92 181
92 187
93 193
93 199
94 205
95 211
96 217
98 223
100 229
102 235
105 241
108 247
111 253
115 259
119 265
124 271
129 277
135 282
141 285
147 288
153 289
159 290
165 289
171 287
177 284
183 279
188 273
192 267
195 261
197 255
199 249
200 243
201 237
202 231
202 225
203 219
203 213
203 207
203 201
203 195
202 189
202 183
202 177
201 171
200 165
194 161
189 167
187 173
185 179
183 185
182 191
180 197
177 203
171 204
169 198
169 192
169 186
170 180
170 174
171 168
172 162
173 156
174 150
176 144
177 138
180 132
182 126
185 120
189 114
194 108
200 102
206 98
212 95
218 93
224 92
230 91
236 92
242 93
248 95
254 98
260 103
265 109
268 115
270 121
271 127
271 133
270 139
268 145
265 151
261 157
257 163
253 169
248 175
243 181
239 187
234 181
234 175
234 169
229 163
226 169
226 175
225 181
225 187
225 193
225 199
225 205
226 211
226 217
227 223
228 229
229 235
230 241
232 247
233 253
233 259
234 265
235 271
236 277
237 283
239 289
242 295
245 301
251 307
257 312
263 314
269 316
275 317
281 316
287 315
293 313
299 309
305 303
308 297
310 291
311 285
311 279
310 273
308 267
306 261
303 255
299 249
295 243
291 237
285 231
279 231
277 237
277 243
277 249
277 255
271 260
265 254
262 248
260 242
258 236
257 230
256 224
257 218
258 212
260 206
262 200
266 194
271 188
277 182
283 177
289 172
295 168
301 164
307 159
313 155
319 151
325 148
331 145
337 144
343 143
349 144
355 146
361 150
366 156
369 162
371 168
372 174
371 180
370 186
366 192
360 197
354 199
348 197
343 191
337 186
331 184
325 185
319 188
313 193
310 199
309 205
309 211
311 217
314 223
317 229
321 235
326 241
331 247
337 253
343 259
349 264
355 267
361 270
367 272
373 273
379 273
385 271
391 268
396 262
397 256
396 250
391 244
390 238
393 232
399 226
405 222
411 219
417 217
423 216
429 215
435 214
441 214
447 215
453 217
459 219
465 222
470 228
473 234
472 240
467 246
463 252
462 258
464 264
469 270
475 274
481 275
487 276
493 275
499 273
505 269
511 264
515 258
519 252
521 246
524 240
525 234
527 228
528 222
529 216
530 210
531 204
531 198
532 192
532 186
532 180
533 174
533 168
532 162
532 156
531 150
530 144
529 138
526 132
520 127
514 127
508 132
505 138
503 144
503 150
502 156
499 162
493 163
487 159
482 153
480 147
478 141
477 135
477 129
478 123
479 117
481 111
484 105
487 99
492 93
498 87
504 82
510 79
516 76
522 74
528 73
534 72
540 72
546 72
552 73
558 74
564 77
570 79
576 83
582 88
587 94
591 100
594 106
596 112
598 118
598 124
598 130
597 136
596 142
594 148
591 154
588 160
585 166
580 172
574 166
573 160
573 154
573 148
572 142
570 136
564 131
558 134
555 140
554 146
554 152
554 158
553 164
553 170
553 176
553 182
554 188
554 194
554 200
555 206
556 212
556 218
557 224
559 230
560 236
562 242
565 248
568 254
573 260
579 265
585 268
591 269
597 270
603 269
609 268
615 266
621 264
627 261
633 257
639 252
645 246
650 240
654 234
656 228
657 222
656 216
653 210
647 205
641 205
635 208
630 214
624 218
618 219
613 213
612 207
612 201
614 195
616 189
620 183
624 177
629 171
635 166
641 161
647 158
653 156
659 154
665 154
671 156
677 158
683 163
687 169
690 175
692 181
693 187
694 193
695 199
697 205
698 211
699 217
700 223
701 229
702 235
703 241
704 247
704 253
705 259
705 265
705 271
706 277
706 283
705 289
705 295
705 301
705 307
704 313
702 319
696 319
692 313
691 307
690 301
690 295
690 289
689 283
687 277
681 273
675 276
669 282
665 288
662 294
660 300
659 306
659 312
659 318
661 324
663 330
667 336
673 342
679 347
685 350
691 353
697 355
703 356
709 356
715 357
721 356
727 355
733 354
739 352
745 349
751 345
757 340
762 334
766 328
769 322
771 316
772 310
772 304
772 298
770 292
768 286
764 280
758 275
752 271
746 270
740 276
739 282
739 288
739 294
739 300
738 306
737 312
734 318
728 319
724 313
723 307
722 301
721 295
720 289
720 283
719 277
719 271
718 265
718 259
718 253
718 247
719 241
719 235
720 229
721 223
722 217
723 211
724 205
726 199
728 193
730 187
732 181
735 175
740 169
746 164
752 162
758 162
764 163
770 165
776 168
782 173
788 179
793 185
797 191
800 197
802 203
801 209
795 212
789 211
783 207
777 204
771 202
765 204
761 210
760 216
762 222
766 228
772 233
778 236
784 239
790 242
796 244
802 246
808 247
814 247
820 248
826 247
832 247
838 245
844 243
850 241
856 238
862 234
868 230
874 225
880 219
885 213
889 207
892 201
895 195
896 189
896 183
896 177
893 171
890 165
884 159
878 155
872 153
866 152
860 154
855 160
854 166
854 172
854 178
850 184
844 185
838 182
832 176
828 170
825 164
822 158
820 152
819 146
818 140
818 134
819 128
821 122
823 116
827 110
832 104
838 100
844 96
850 94
856 92
862 91
868 91
874 91
880 93
886 95
892 97
898 101
904 105
910 110
916 116
921 122
926 128
930 134
935 140
939 146
943 152
947 158
951 164
954 170
958 176
961 182
963 188
966 194
968 200
969 206
971 212
971 218
972 224
972 230
972 236
972 242
971 248
970 254
970 260
969 266
967 272
966 278
963 284
959 290
953 294
947 293
944 287
944 281
945 275
947 269
948 263
949 257
949 251
949 245
948 239
945 233
939 231
933 233
927 238
921 244
916 250
912 256
909 262
906 268
904 274
902 280
901 286
900 292
900 298
901 304
902 310
904 316
906 322
910 328
914 334
920 339
926 344
932 347
938 350
944 351
950 353
956 353
962 354
968 353
974 352
980 351
986 349
992 346
998 343
1004 338
1009 332
1013 326
1016 320
1018 314
1019 308
1020 302
1019 296
1019 290
1018 284
1017 278
1016 272
1015 266
1014 260
1013 254
1012 248
1011 242
1011 236
1011 230
1011 224
1011 218
1012 212
1012 206
1013 200
1014 194
1014 188
1015 182
1015 176
1016 170
1017 164
1017 158
1011 152
1010 158
1009 164
1009 170
1008 176
1008 182
1007 188
1006 194
1000 197
1000 203
1000 209
1000 215
1003 221
999 227
1001 233
999 239
998 245
997 251
996 257
996 263
994 269
996 275
999 269
1002 263
1002 257
1001 251
1002 245
1003 239
1005 233
1004 227
998 221
1004 215
1004 209
1005 203
999 197
1000 191
999 185
998 179
997 173
995 167
993 161
992 155
990 149
988 143
987 137
986 131
985 125
985 119
985 113
986 107
987 101
989 95
992 89
996 83
1001 77
1007 72
1013 68
1019 65
1025 63
1031 61
1037 61
1043 60
1049 61
1055 61
1061 63
1067 65
1073 67
1079 71
1085 76
1091 82
1095 88
1098 94
1100 100
1101 106
1102 112
1102 118
1101 124
1100 130
1098 136
1096 142
1094 148
1091 154
1087 160
1084 166
1080 172
1076 178
1072 184
1068 190
1062 195
1058 189
1057 183
1058 177
1059 171
1060 165
1062 159
1063 153
1064 147
1065 141
1064 135
1062 129
1056 125
1050 127
1045 133
1043 139
1041 145
1040 151
1039 157
1038 163
1037 169
1036 175
1036 181
1035 187
1035 193
1035 199
1035 205
1035 211
1036 217
1037 223
1039 229
1041 235
1043 241
1046 247
1049 253
1053 259
1056 265
1060 271
1064 277
1069 283
1073 289
1078 295
1084 301
1090 306
1096 309
1102 312
1108 313
1114 314
1120 313
1126 312
1132 310
1138 306
1144 300
1148 294
1151 288
1154 282
1155 276
1157 270
1158 264
1158 258
1159 252
1159 246
1159 240
1158 234
1158 228
1156 222
1155 216
1152 210
1146 205
1140 204
1134 207
1128 213
1125 219
1122 225
1121 231
1121 237
1120 243
1117 249
1111 252
1105 251
1099 246
1095 240
1093 234
1093 228
1094 222
1095 216
1098 210
1100 204
1104 198
1107 192
1112 186
1116 180
1122 174
1128 168
1134 162
1140 157
1146 153
1152 150
1158 147
1164 146
1170 145
1176 145
1182 146
1188 148
1194 151
0 156
5 162
10 168
14 174
17 180
20 186
22 192
24 198
25 204
27 210
27 216
28 222
28 228
28 234
28 240
28 246
27 252
26 258
20 261
16 255
15 249
13 243
12 237
10 231
8 225
6 219
3 213
1197 208
1191 213
1190 219
1189 225
1189 231
1190 237
1190 243
1190 249
1191 255
1191 261
1192 267
1193 273
1194 279
1196 285
