0 259
3 265
6 271
11 277
17 282
23 286
29 288
35 289
41 289
47 288
53 286
59 282
65 277
70 271
73 265
75 259
76 253
77 247
78 241
78 235
77 229
77 223
76 217
75 211
73 205
71 199
65 194
60 200
54 202
51 196
50 190
49 184
48 178
48 172
48 166
48 160
49 154
50 148
51 142
53 136
57 130
61 124
67 119
73 116
79 114
85 112
91 112
97 113
103 114
109 117
115 120
121 126
125 132
128 138
130 144
131 150
132 156
132 162
131 168
128 174
122 176
116 173
110 174
107 180
106 186
106 192
106 198
107 204
109 210
110 216
113 222
115 228
118 234
121 240
125 246
131 252
137 257
143 261
149 263
155 263
161 263
167 262
173 259
179 254
185 248
188 242
191 236
194 230
196 224
197 218
199 212
199 206
200 200
200 194
199 188
195 182
189 181
183 179
181 173
180 167
180 161
182 155
183 149
185 143
188 137
192 131
198 125
204 121
210 118
216 116
222 115
228 115
234 116
240 118
246 121
252 126
257 132
260 138
261 144
262 150
262 156
262 162
261 168
260 174
259 180
257 186
255 192
249 196
243 193
237 199
236 205
235 211
234 217
234 223
234 229
235 235
235 241
237 247
238 253
241 259
244 265
249 271
255 276
261 279
267 282
273 282
279 282
285 281
291 278
297 273
302 267
305 261
307 255
307 249
307 243
306 237
304 231
299 225
293 224
287 224
283 218
282 212
283 206
284 200
286 194
288 188
291 182
294 176
298 170
302 164
307 158
313 152
319 148
325 146
331 145
337 145
343 146
349 150
355 156
358 162
359 168
358 174
355 180
349 185
343 190
340 196
339 202
340 208
341 214
344 220
347 226
351 232
356 238
362 242
368 245
374 247
380 247
386 246
392 242
397 236
400 230
402 224
404 218
408 212
414 207
420 204
426 203
432 203
438 205
444 209
450 215
453 221
456 227
458 233
461 239
467 245
473 248
479 249
485 248
491 247
497 243
503 238
508 232
511 226
514 220
516 214
517 208
518 202
519 196
519 190
519 184
518 178
516 172
512 166
506 163
500 161
495 155
494 149
493 143
494 137
497 131
500 125
505 119
511 114
517 110
523 108
529 106
535 105
541 104
547 105
553 106
559 107
565 110
571 114
577 119
582 125
585 131
587 137
588 143
589 149
588 155
587 161
584 167
578 170
572 169
566 173
563 179
561 185
560 191
560 197
561 203
561 209
563 215
564 221
567 227
570 233
575 239
581 244
587 247
593 248
599 248
605 247
611 245
617 242
623 237
629 231
634 225
637 219
639 213
639 207
638 201
634 195
632 189
632 183
633 177
636 171
640 165
646 160
652 156
658 154
664 153
670 154
676 157
682 161
687 167
690 173
693 179
694 185
696 191
697 197
698 203
699 209
700 215
701 221
701 227
701 233
701 239
701 245
699 251
693 254
688 248
682 245
676 249
672 255
670 261
669 267
669 273
670 279
671 285
674 291
678 297
684 303
690 307
696 310
702 312
708 314
714 314
720 314
726 312
732 311
738 308
744 303
750 298
754 292
757 286
759 280
760 274
760 268
760 262
758 256
755 250
749 244
743 243
737 249
731 255
725 249
724 243
723 237
723 231
723 225
723 219
723 213
724 207
725 201
726 195
727 189
728 183
731 177
733 171
738 165
744 159
750 157
756 156
762 156
768 159
774 163
779 169
782 175
783 181
783 187
779 193
777 199
777 205
780 211
785 217
791 223
797 227
803 230
809 233
815 234
821 234
827 234
833 232
839 230
845 226
851 220
856 214
859 208
862 202
863 196
864 190
863 184
862 178
857 172
851 170
845 170
839 170
833 164
831 158
830 152
831 146
832 140
834 134
838 128
844 122
850 118
856 115
862 113
868 112
874 112
880 112
886 113
892 115
898 117
904 120
910 124
916 130
922 136
927 142
930 148
934 154
937 160
940 166
943 172
945 178
948 184
950 190
951 196
953 202
954 208
955 214
956 220
956 226
955 232
952 238
946 241
940 235
937 229
931 224
925 226
920 232
918 238
916 244
914 250
914 256
914 262
915 268
916 274
918 280
921 286
925 292
930 298
936 303
942 307
948 310
954 311
960 312
966 313
972 312
978 311
984 309
990 306
996 302
1002 297
1007 291
1011 285
1014 279
1016 273
1017 267
1019 261
1019 255
1020 249
1020 243
1020 237
1020 231
1020 225
1019 219
1019 213
1018 207
1017 201
1016 195
1014 189
1011 183
1005 185
1003 191
1002 197
1000 203
994 207
992 201
990 195
989 189
988 183
987 177
986 171
986 165
985 159
985 153
986 147
986 141
987 135
989 129
991 123
994 117
997 111
1003 105
1009 100
1015 96
1021 93
1027 92
1033 90
1039 90
1045 90
1051 91
1057 92
1063 94
1069 98
1075 102
1081 108
1086 114
1089 120
1091 126
1092 132
1092 138
1092 144
1091 150
1090 156
1089 162
1086 168
1083 174
1077 179
1072 173
1069 167
1063 162
1057 165
1054 171
1052 177
1051 183
1051 189
1051 195
1052 201
1053 207
1054 213
1055 219
1057 225
1059 231
1061 237
1063 243
1066 249
1069 255
1073 261
1077 267
1083 273
1089 278
1095 281
1101 284
1107 285
1113 285
1119 285
1125 283
1131 280
1137 275
1143 269
1146 263
1149 257
1151 251
1152 245
1153 239
1153 233
1153 227
1152 221
1150 215
1144 210
1138 212
1132 215
1126 215
1123 209
1122 203
1123 197
1124 191
1127 185
1129 179
1133 173
1137 167
1141 161
1147 155
1153 150
1159 146
1165 143
1171 142
1177 142
1183 143
1189 145
1195 149
1 155
5 161
9 167
12 173
14 179
16 185
18 191
19 197
20 203
21 209
20 215
14 220
8 216
2 214
1197 220
1196 226
1195 232
1195 238
1196 244
1197 250
