0 211
6 214
12 217
18 220
24 222
30 223
36 223
42 222
48 221
54 218
60 215
66 211
72 208
78 205
84 203
90 202
96 203
102 203
108 205
114 207
120 210
126 212
132 214
138 216
144 217
150 218
156 218
162 218
168 217
174 216
180 214
186 212
192 211
198 209
204 207
210 205
216 204
222 204
228 204
234 205
240 207
246 209
252 213
258 216
264 219
270 221
276 222
282 221
288 220
294 218
300 216
306 213
312 210
318 208
324 207
330 207
336 208
342 209
348 211
354 212
360 214
366 215
372 216
378 216
384 216
390 216
396 215
402 215
408 214
414 213
420 213
426 213
432 213
438 213
444 214
450 215
456 215
462 216
468 216
474 216
480 215
486 214
492 213
498 211
504 210
510 209
516 207
522 206
528 205
534 204
540 204
546 204
552 204
558 205
564 206
570 208
576 210
582 212
588 214
594 216
600 217
606 217
612 216
618 215
624 214
630 212
636 211
642 209
648 208
654 208
660 208
666 209
672 210
678 213
684 216
690 219
696 222
702 224
708 226
714 226
720 226
726 224
732 222
738 218
744 214
750 211
756 208
762 207
768 207
774 207
780 209
786 211
792 213
798 215
804 216
810 216
816 216
822 215
828 213
834 211
840 209
846 207
852 205
858 204
864 204
870 204
876 204
882 204
888 204
894 205
900 206
906 206
912 207
918 209
924 211
930 214
936 217
942 220
948 223
954 225
960 226
966 227
972 227
978 226
984 224
990 221
996 217
1002 213
1008 209
1014 205
1020 202
1026 200
1032 199
1038 198
1044 198
1050 199
1056 201
1062 203
1068 205
1074 208
1080 211
1086 214
1092 217
1098 219
1104 221
1110 222
1116 222
1122 222
1128 221
1134 220
1140 217
1146 215
1152 212
1158 210
1164 208
1170 206
1176 206
1182 206
1188 207
