0 216
6 216
12 216
18 216
24 216
30 216
36 216
42 216
48 216
54 216
60 216
66 216
72 216
78 216
84 216
90 216
96 216
102 216
108 216
114 216
120 216
126 216
132 215
138 215
144 215
150 215
156 215
162 215
168 215
174 215
180 215
186 215
192 215
198 215
204 215
210 215
216 215
222 215
228 215
234 215
240 215
246 215
252 215
258 215
264 215
270 215
276 215
282 215
288 215
294 216
300 216
306 216
312 216
318 216
324 216
330 215
336 215
342 215
348 215
354 215
360 215
366 215
372 215
378 215
384 215
390 215
396 215
402 215
408 215
414 216
420 216
426 216
432 216
438 216
444 216
450 216
456 216
462 216
468 216
474 216
480 216
486 216
492 216
498 215
504 215
510 215
516 215
522 215
528 215
534 215
540 215
546 215
552 215
558 215
564 215
570 215
576 215
582 215
588 215
594 215
600 215
606 215
612 215
618 215
624 215
630 215
636 215
642 215
648 215
654 215
660 215
666 215
672 215
678 215
684 215
690 215
696 215
702 215
708 215
714 215
720 215
726 215
732 215
738 215
744 215
750 215
756 215
762 215
768 215
774 215
780 215
786 215
792 215
798 215
804 215
810 215
816 215
822 215
828 216
834 216
840 216
846 216
852 216
858 216
864 216
870 216
876 216
882 216
888 216
894 216
900 216
906 215
912 215
918 215
924 215
930 215
936 215
942 215
948 215
954 215
960 214
966 214
972 214
978 214
984 215
990 215
996 215
1002 215
1008 215
1014 215
1020 216
1026 216
1032 216
1038 216
1044 216
1050 216
1056 216
1062 216
1068 216
1074 216
1080 216
1086 216
1092 216
1098 215
1104 215
1110 215
1116 215
1122 215
1128 215
1134 215
1140 215
1146 215
1152 215
1158 215
1164 215
1170 215
1176 215
1182 215
1188 215
