0 211
4 217
10 222
16 226
22 229
28 231
34 231
40 232
46 231
52 230
58 228
64 226
70 224
76 221
82 219
88 218
94 216
100 215
106 214
112 214
118 213
124 213
130 212
136 212
142 210
148 209
154 206
160 203
166 199
172 194
178 189
184 184
190 180
196 176
202 173
208 171
214 170
220 170
226 170
232 171
238 173
244 176
250 180
256 186
261 192
266 198
270 204
276 210
282 215
288 218
294 220
300 221
306 221
312 220
318 217
324 214
330 209
336 203
342 197
348 191
354 187
360 184
366 182
372 181
378 181
384 182
390 184
396 187
402 192
407 198
411 204
415 210
418 216
422 222
427 228
433 233
439 236
445 239
451 240
457 240
463 239
469 238
475 235
481 231
487 225
492 219
496 213
499 207
503 201
508 195
514 189
520 184
526 181
532 179
538 178
544 177
550 177
556 178
562 180
568 182
574 185
580 189
586 193
592 198
598 202
604 206
610 210
616 213
622 215
628 217
634 218
640 218
646 218
652 217
658 216
664 214
670 211
676 209
682 206
688 202
694 199
700 196
706 192
712 190
718 187
724 185
730 183
736 181
742 180
748 180
754 179
760 180
766 180
772 181
778 183
784 185
790 188
796 192
802 196
808 201
814 207
819 213
824 219
830 225
836 230
842 234
848 237
854 239
860 241
866 241
872 241
878 241
884 239
890 236
896 232
902 227
907 221
910 215
913 209
915 203
916 197
918 191
920 185
922 179
926 173
930 167
936 161
942 157
948 154
954 152
960 151
966 150
972 151
978 152
984 153
990 156
996 160
1002 166
1007 172
1010 178
1012 184
1013 190
1014 196
1014 202
1014 208
1014 214
1015 220
1016 226
1018 232
1021 238
1025 244
1031 250
1037 254
1043 256
1049 258
1055 258
1061 258
1067 257
1073 255
1079 251
1085 246
1090 240
1093 234
1095 228
1097 222
1098 216
1098 210
1099 204
1099 198
1101 192
1103 186
1105 180
1109 174
1115 168
1121 163
1127 160
1133 158
1139 157
1145 157
1151 157
1157 158
1163 160
1169 164
1175 168
1181 174
1185 180
1188 186
1191 192
1193 198
1196 204
