0 159
2 165
2 171
2 177
1 183
1198 189
1193 195
1187 201
1182 207
1180 213
1179 219
1179 225
1180 231
1182 237
1184 243
1188 249
1192 255
1197 261
3 266
9 270
15 273
21 276
27 277
33 278
39 277
45 277
51 275
57 273
63 270
69 266
75 262
81 258
87 254
93 250
99 248
105 245
111 243
117 242
123 240
129 238
135 236
141 234
147 231
153 226
158 220
162 214
164 208
165 202
166 196
166 190
166 184
166 178
168 172
170 166
173 160
178 154
184 149
190 145
196 142
202 139
208 138
214 137
220 137
226 137
232 139
238 141
244 143
250 147
256 153
261 159
264 165
266 171
267 177
268 183
267 189
265 195
264 201
262 207
260 213
260 219
260 225
261 231
263 237
267 243
272 249
278 254
284 257
290 259
296 260
302 259
308 258
314 256
320 253
326 247
331 241
334 235
336 229
337 223
338 217
338 211
339 205
339 199
341 193
343 187
346 181
351 175
357 170
363 167
369 164
375 163
381 163
387 164
393 165
399 168
405 172
411 177
416 183
419 189
421 195
423 201
424 207
424 213
423 219
421 225
419 231
416 237
413 243
412 249
411 255
412 261
413 267
416 273
420 279
426 285
432 290
438 292
444 294
450 296
456 296
462 296
468 295
474 293
480 290
486 287
492 282
497 276
500 270
503 264
504 258
505 252
504 246
503 240
500 234
497 228
494 222
492 216
491 210
491 204
492 198
493 192
495 186
498 180
501 174
506 168
512 163
518 159
524 156
530 154
536 153
542 152
548 152
554 153
560 155
566 158
572 161
578 166
583 172
587 178
589 184
591 190
592 196
593 202
594 208
594 214
595 220
597 226
600 232
604 238
609 244
615 249
621 253
627 255
633 257
639 258
645 258
651 257
657 256
663 253
669 250
675 245
681 239
685 233
688 227
690 221
692 215
694 209
695 203
697 197
700 191
703 185
707 179
712 173
718 168
724 164
730 161
736 159
742 157
748 156
754 156
760 156
766 157
772 158
778 160
784 162
790 165
796 169
802 174
807 180
812 186
816 192
819 198
821 204
822 210
823 216
823 222
822 228
820 234
818 240
817 246
817 252
818 258
819 264
822 270
826 276
831 282
837 287
843 290
849 293
855 294
861 295
867 296
873 295
879 295
885 293
891 291
897 288
903 284
909 279
915 273
919 267
923 261
926 255
929 249
931 243
933 237
933 231
934 225
933 219
931 213
927 207
921 203
915 199
910 193
907 187
905 181
904 175
904 169
905 163
906 157
908 151
911 145
915 139
920 133
926 127
932 123
938 120
944 117
950 115
956 114
962 114
968 114
974 114
980 116
986 117
992 120
998 123
1004 127
1010 133
1015 139
1019 145
1023 151
1025 157
1028 163
1029 169
1031 175
1032 181
1032 187
1033 193
1033 199
1032 205
1031 211
1028 217
1022 222
1016 223
1010 224
1004 227
999 233
997 239
996 245
996 251
996 257
997 263
998 269
1000 275
1003 281
1006 287
1010 293
1016 299
1022 304
1028 308
1034 311
1040 313
1046 314
1052 315
1058 315
1064 314
1070 313
1076 311
1082 308
1088 305
1094 300
1100 294
1104 288
1107 282
1110 276
1111 270
1112 264
1113 258
1112 252
1111 246
1108 240
1103 234
1097 232
1091 230
1085 226
1080 220
1079 214
1078 208
1078 202
1079 196
1080 190
1081 184
1083 178
1085 172
1088 166
1091 160
1094 154
1099 148
1104 142
1110 137
1116 132
1122 129
1128 127
1134 125
1140 124
1146 123
1152 123
1158 124
1164 125
1170 128
1176 130
1182 134
1188 140
1193 146
1197 152
