0 215
6 218
12 220
18 222
24 223
30 223
36 224
42 224
48 223
54 223
60 222
66 221
72 220
78 219
84 218
90 218
96 217
102 217
108 217
114 217
120 217
126 217
132 216
138 216
144 216
150 215
156 214
162 213
168 211
174 210
180 208
186 206
192 204
198 203
204 202
210 201
216 200
222 200
228 200
234 201
240 202
246 203
252 205
258 207
264 210
270 212
276 214
282 216
288 218
294 219
300 219
306 219
312 219
318 218
324 216
330 215
336 213
342 211
348 209
354 207
360 206
366 205
372 205
378 205
384 206
390 207
396 208
402 211
408 213
414 216
420 219
426 221
432 223
438 225
444 226
450 227
456 227
462 227
468 226
474 225
480 223
486 221
492 218
498 216
504 213
510 211
516 209
522 207
528 205
534 204
540 204
546 204
552 204
558 204
564 205
570 206
576 208
582 209
588 210
594 212
600 213
606 214
612 215
618 216
624 217
630 217
636 217
642 217
648 217
654 217
660 216
666 216
672 215
678 214
684 213
690 212
696 211
702 210
708 209
714 208
720 207
726 206
732 205
738 205
744 205
750 205
756 205
762 205
768 205
774 206
780 207
786 208
792 209
798 210
804 212
810 214
816 215
822 217
828 219
834 221
840 223
846 224
852 226
858 226
864 227
870 227
876 227
882 226
888 225
894 223
900 220
906 217
912 214
918 210
924 206
930 202
936 199
942 196
948 194
954 192
960 191
966 190
972 191
978 192
984 193
990 196
996 199
1002 203
1008 208
1014 214
1020 220
1026 225
1032 229
1038 232
1044 234
1050 235
1056 236
1062 236
1068 235
1074 233
1080 230
1086 226
1092 221
1098 216
1104 211
1110 206
1116 202
1122 199
1128 196
1134 195
1140 194
1146 194
1152 194
1158 195
1164 197
1170 199
1176 202
1182 206
1188 209
