0 212
6 214
12 216
18 218
24 219
30 219
36 219
42 219
48 219
54 218
60 218
66 217
72 216
78 215
84 215
90 214
96 214
102 214
108 214
114 213
120 213
126 213
132 213
138 213
144 212
150 212
156 211
162 210
168 209
174 207
180 206
186 204
192 203
198 201
204 200
210 199
216 199
222 199
228 199
234 199
240 200
246 202
252 203
258 205
264 207
270 209
276 211
282 213
288 214
294 215
300 215
306 215
312 215
318 214
324 213
330 212
336 210
342 208
348 207
354 205
360 204
366 203
372 203
378 203
384 204
390 205
396 206
402 208
408 210
414 213
420 215
426 217
432 219
438 221
444 222
450 222
456 222
462 222
468 221
474 220
480 219
486 217
492 214
498 212
504 210
510 208
516 206
522 205
528 204
534 203
540 202
546 202
552 202
558 203
564 204
570 204
576 205
582 207
588 208
594 209
600 210
606 211
612 212
618 213
624 213
630 214
636 214
642 214
648 214
654 213
660 213
666 212
672 211
678 211
684 210
690 209
696 208
702 207
708 206
714 206
720 205
726 204
732 204
738 203
744 203
750 203
756 203
762 203
768 203
774 204
780 205
786 206
792 207
798 208
804 209
810 211
816 212
822 214
828 215
834 217
840 218
846 220
852 221
858 222
864 222
870 222
876 222
882 221
888 220
894 218
900 216
906 214
912 211
918 208
924 204
930 201
936 198
942 196
948 193
954 192
960 191
966 191
972 191
978 192
984 193
990 195
996 198
1002 202
1008 206
1014 211
1020 216
1026 220
1032 224
1038 226
1044 228
1050 229
1056 230
1062 230
1068 229
1074 227
1080 224
1086 221
1092 217
1098 213
1104 208
1110 204
1116 201
1122 198
1128 196
1134 195
1140 194
1146 194
1152 194
1158 195
1164 197
1170 199
1176 201
1182 204
1188 207
