0 203
6 204
12 205
18 206
24 207
30 207
36 207
42 207
48 207
54 206
60 206
66 205
72 205
78 204
84 204
90 204
96 204
102 203
108 203
114 203
120 203
126 203
132 203
138 203
144 203
150 202
156 202
162 201
168 200
174 199
180 198
186 197
192 196
198 196
204 195
210 194
216 194
222 194
228 194
234 194
240 195
246 196
252 197
258 198
264 199
270 200
276 201
282 202
288 203
294 204
300 204
306 204
312 204
318 204
324 203
330 202
336 201
342 200
348 199
354 198
360 197
366 197
372 197
378 197
384 197
390 198
396 199
402 200
408 202
414 203
420 204
426 206
432 207
438 208
444 209
450 209
456 209
462 209
468 208
474 208
480 206
486 205
492 204
498 203
504 201
510 200
516 199
522 198
528 197
534 197
540 196
546 196
552 196
558 197
564 197
570 198
576 198
582 199
588 200
594 200
600 201
606 202
612 202
618 203
624 203
630 203
636 203
642 203
648 203
654 203
660 203
666 202
672 202
678 201
684 201
690 200
696 200
702 199
708 199
714 198
720 198
726 197
732 197
738 197
744 197
750 197
756 197
762 197
768 197
774 197
780 198
786 198
792 199
798 200
804 201
810 201
816 202
822 203
828 204
834 205
840 206
846 207
852 208
858 208
864 209
870 209
876 208
882 208
888 207
894 206
900 205
906 203
912 202
918 200
924 198
930 196
936 194
942 192
948 191
954 190
960 189
966 189
972 189
978 189
984 191
990 192
996 194
1002 196
1008 199
1014 202
1020 204
1026 207
1032 209
1038 211
1044 213
1050 213
1056 214
1062 214
1068 213
1074 212
1080 210
1086 208
1092 205
1098 203
1104 200
1110 198
1116 196
1122 194
1128 192
1134 191
1140 191
1146 191
1152 191
1158 192
1164 193
1170 194
1176 196
1182 197
1188 199
