0 276
6 280
12 284
18 286
24 288
30 289
36 289
42 289
48 288
54 286
60 283
66 279
72 275
78 270
84 264
90 260
96 255
102 252
108 249
114 246
120 244
126 242
132 239
138 236
144 233
150 229
156 223
161 217
164 211
166 205
167 199
167 193
166 187
163 181
160 175
157 169
156 163
156 157
157 151
159 145
162 139
166 133
171 127
177 122
183 117
189 114
195 112
201 110
207 109
213 108
219 108
225 108
231 109
237 111
243 113
249 117
255 121
261 126
265 132
269 138
272 144
274 150
275 156
275 162
275 168
274 174
271 180
267 186
262 192
257 198
253 204
252 210
251 216
251 222
252 228
253 234
256 240
259 246
264 252
270 258
276 262
282 265
288 266
294 267
300 267
306 266
312 264
318 261
324 257
330 251
334 245
338 239
340 233
341 227
342 221
341 215
340 209
338 203
337 197
336 191
336 185
337 179
339 173
342 167
346 161
351 155
357 150
363 147
369 145
375 143
381 143
387 143
393 144
399 146
405 150
411 154
417 160
421 166
425 172
427 178
430 184
431 190
433 196
433 202
434 208
433 214
432 220
429 226
424 232
418 236
412 241
408 247
405 253
404 259
404 265
404 271
406 277
408 283
412 289
416 295
422 301
428 305
434 308
440 310
446 312
452 313
458 313
464 312
470 311
476 309
482 307
488 304
494 299
500 293
505 287
508 281
510 275
512 269
513 263
513 257
513 251
511 245
508 239
502 233
496 229
490 224
486 218
484 212
483 206
482 200
483 194
483 188
484 182
486 176
487 170
490 164
493 158
497 152
501 146
507 140
513 136
519 133
525 130
531 128
537 127
543 127
549 127
555 129
561 130
567 133
573 136
579 141
584 147
588 153
592 159
594 165
595 171
596 177
595 183
594 189
592 195
591 201
589 207
589 213
589 219
590 225
592 231
595 237
599 243
603 249
609 255
615 259
621 263
627 265
633 267
639 268
645 268
651 267
657 266
663 264
669 261
675 257
681 252
686 246
690 240
693 234
695 228
696 222
696 216
696 210
695 204
694 198
694 192
693 186
694 180
695 174
698 168
700 162
704 156
709 150
715 145
721 141
727 137
733 135
739 133
745 132
751 131
757 131
763 131
769 132
775 134
781 136
787 139
793 142
799 146
805 151
811 157
816 163
820 169
824 175
827 181
830 187
833 193
834 199
836 205
836 211
836 217
834 223
830 229
824 234
818 239
813 245
810 251
809 257
809 263
810 269
812 275
815 281
818 287
823 293
829 298
835 302
841 305
847 308
853 309
859 310
865 310
871 310
877 309
883 307
889 305
895 302
901 299
907 294
913 288
919 282
923 276
927 270
931 264
934 258
937 252
939 246
942 240
944 234
946 228
947 222
948 216
949 210
949 204
948 198
945 192
939 188
933 188
927 190
921 192
915 193
909 191
903 185
901 179
899 173
897 167
897 161
896 155
897 149
897 143
899 137
900 131
903 125
906 119
910 113
915 107
921 101
927 97
933 94
939 91
945 89
951 88
957 87
963 87
969 87
975 88
981 89
987 91
993 94
999 97
1005 101
1011 107
1016 113
1021 119
1024 125
1027 131
1029 137
1031 143
1032 149
1034 155
1035 161
1036 167
1037 173
1037 179
1038 185
1038 191
1038 197
1038 203
1038 209
1037 215
1036 221
1034 227
1028 230
1022 228
1016 222
1010 216
1004 212
998 212
994 218
992 224
991 230
990 236
990 242
990 248
990 254
991 260
992 266
993 272
994 278
996 284
999 290
1002 296
1005 302
1010 308
1016 314
1022 319
1028 322
1034 325
1040 327
1046 328
1052 329
1058 329
1064 328
1070 327
1076 326
1082 323
1088 320
1094 316
1100 310
1105 304
1109 298
1112 292
1114 286
1115 280
1117 274
1117 268
1118 262
1118 256
1117 250
1116 244
1115 238
1113 232
1108 226
1102 225
1096 227
1090 232
1084 236
1078 238
1072 236
1068 230
1067 224
1067 218
1067 212
1068 206
1069 200
1070 194
1071 188
1073 182
1074 176
1076 170
1078 164
1080 158
1083 152
1085 146
1088 140
1092 134
1095 128
1100 122
1106 116
1112 110
1118 106
1124 103
1130 101
1136 99
1142 98
1148 97
1154 97
1160 98
1166 99
1172 101
1178 103
1184 106
1190 110
1196 116
1 122
5 128
8 134
10 140
11 146
12 152
12 158
11 164
10 170
7 176
2 182
1196 186
1190 186
1184 186
1178 186
1172 187
1166 192
1163 198
1162 204
1162 210
1163 216
1164 222
1166 228
1169 234
1172 240
1175 246
1179 252
1183 258
1187 264
1193 270
