0 218
6 221
12 224
18 226
24 227
30 228
36 229
42 229
48 228
54 227
60 226
66 225
72 224
78 223
84 222
90 221
96 221
102 220
108 220
114 220
120 220
126 220
132 219
138 219
144 218
150 217
156 216
162 214
168 212
174 210
180 208
186 206
192 204
198 202
204 200
210 199
216 198
222 198
228 198
234 199
240 201
246 202
252 205
258 208
264 211
270 214
276 217
282 219
288 221
294 222
300 223
306 223
312 222
318 221
324 220
330 217
336 215
342 212
348 210
354 207
360 206
366 205
372 204
378 204
384 205
390 207
396 209
402 212
408 215
414 218
420 222
426 225
432 228
438 231
444 232
450 233
456 233
462 233
468 232
474 230
480 228
486 225
492 221
498 218
504 215
510 211
516 209
522 207
528 205
534 204
540 203
546 203
552 203
558 204
564 205
570 206
576 208
582 209
588 211
594 213
600 215
606 217
612 218
618 219
624 220
630 221
636 221
642 221
648 221
654 220
660 220
666 219
672 217
678 216
684 215
690 214
696 212
702 211
708 209
714 208
720 207
726 206
732 205
738 205
744 204
750 204
756 204
762 204
768 205
774 205
780 206
786 208
792 209
798 211
804 213
810 216
816 218
822 221
828 223
834 226
840 228
846 230
852 231
858 233
864 233
870 233
876 233
882 232
888 230
894 228
900 225
906 221
912 216
918 211
924 205
930 200
936 196
942 193
948 190
954 188
960 187
966 186
972 187
978 188
984 189
990 192
996 196
1002 201
1007 207
1012 213
1016 219
1020 225
1026 231
1032 236
1038 240
1044 242
1050 243
1056 244
1062 244
1068 242
1074 240
1080 237
1086 232
1092 226
1097 220
1102 214
1107 208
1113 202
1119 198
1125 195
1131 192
1137 191
1143 190
1149 191
1155 192
1161 193
1167 196
1173 199
1179 202
1185 207
1191 211
