0 191
6 185
12 181
18 178
24 177
30 176
36 176
42 177
48 178
54 180
60 182
66 185
72 187
78 190
84 193
90 197
96 202
102 207
106 213
110 219
113 225
116 231
120 237
125 243
131 247
137 250
143 252
149 252
155 252
161 251
167 248
173 245
179 240
184 234
187 228
190 222
192 216
194 210
194 204
194 198
193 192
189 186
184 180
180 174
178 168
177 162
178 156
179 150
182 144
186 138
192 132
198 128
204 125
210 123
216 122
222 121
228 122
234 123
240 124
246 127
252 131
258 137
263 143
266 149
268 155
269 161
270 167
269 173
268 179
265 185
259 191
253 196
249 202
246 208
246 214
245 220
246 226
247 232
249 238
252 244
255 250
260 256
266 261
272 264
278 267
284 268
290 268
296 267
302 265
308 262
314 256
318 250
320 244
321 238
320 232
319 226
317 220
315 214
315 208
317 202
319 196
322 190
327 184
333 179
339 175
345 173
351 172
357 172
363 174
369 177
375 183
379 189
381 195
383 201
384 207
386 213
389 219
393 225
399 230
405 233
411 235
417 236
423 235
429 233
435 229
441 223
443 217
445 211
446 205
447 199
448 193
450 187
454 181
460 176
466 173
472 171
478 171
484 172
490 175
496 179
502 185
508 191
514 195
520 198
526 198
532 198
538 196
544 192
550 187
556 183
562 179
568 177
574 177
580 177
586 180
592 183
597 189
601 195
604 201
604 207
604 213
603 219
602 225
601 231
602 237
605 243
610 249
616 253
622 255
628 256
634 255
640 254
646 252
652 248
658 242
663 236
666 230
669 224
671 218
672 212
672 206
672 200
670 194
666 188
660 182
656 176
655 170
654 164
655 158
656 152
659 146
664 140
670 134
676 131
682 128
688 127
694 126
700 127
706 128
712 130
718 133
724 137
729 143
733 149
736 155
738 161
739 167
739 173
739 179
738 185
735 191
731 197
725 201
720 207
717 213
716 219
715 225
716 231
716 237
718 243
720 249
723 255
727 261
733 267
739 271
745 274
751 276
757 277
763 277
769 276
775 274
781 270
787 265
791 259
794 253
795 247
794 241
792 235
788 229
784 223
782 217
782 211
782 205
784 199
787 193
791 187
796 181
802 177
808 174
814 173
820 173
826 174
832 178
838 184
842 190
846 196
851 202
857 207
863 210
869 211
875 211
881 210
887 206
893 201
896 195
898 189
899 183
900 177
900 171
902 165
906 159
912 154
918 151
924 149
930 149
936 150
942 152
948 155
954 159
959 165
963 171
965 177
967 183
968 189
968 195
966 201
964 207
960 213
957 219
954 225
954 231
954 237
955 243
958 249
962 255
968 261
974 265
980 268
986 270
992 271
998 271
1004 270
1010 268
1016 266
1022 262
1028 257
1033 251
1037 245
1040 239
1042 233
1043 227
1043 221
1042 215
1041 209
1040 203
1038 197
1037 191
1037 185
1038 179
1039 173
1041 167
1044 161
1048 155
1053 149
1059 144
1065 140
1071 138
1077 136
1083 135
1089 135
1095 135
1101 136
1107 139
1113 142
1119 147
1124 153
1128 159
1130 165
1131 171
1130 177
1129 183
1127 189
1123 195
1121 201
1120 207
1120 213
1120 219
1122 225
1125 231
1130 237
1136 243
1142 247
1148 249
1154 250
1160 250
1166 249
1172 247
1178 243
1184 237
1188 231
1190 225
1191 219
1192 213
1193 207
1194 201
