0 187
6 182
12 179
18 176
24 174
30 173
36 173
42 173
48 175
54 176
60 179
66 181
72 185
78 189
84 193
90 198
96 203
102 209
107 215
111 221
114 227
115 233
115 239
114 245
112 251
112 257
113 263
115 269
119 275
125 280
131 284
137 286
143 287
149 287
155 287
161 285
167 283
173 280
179 275
185 269
189 263
193 257
196 251
199 245
201 239
203 233
205 227
207 221
208 215
209 209
210 203
211 197
211 191
210 185
207 179
201 175
195 177
189 182
183 185
177 183
171 177
169 171
167 165
166 159
166 153
166 147
167 141
169 135
172 129
176 123
181 117
187 112
193 108
199 104
205 102
211 101
217 100
223 99
229 100
235 101
241 102
247 105
253 108
259 112
265 118
270 124
273 130
276 136
278 142
279 148
279 154
279 160
278 166
277 172
275 178
273 184
270 190
266 196
260 201
254 197
250 191
244 189
240 195
238 201
237 207
237 213
236 219
236 225
237 231
237 237
238 243
238 249
239 255
241 261
242 267
244 273
247 279
251 285
256 291
262 296
268 300
274 302
280 304
286 304
292 304
298 303
304 301
310 299
316 294
321 288
324 282
326 276
327 270
326 264
324 258
319 252
313 250
307 249
301 248
295 243
292 237
291 231
292 225
294 219
297 213
301 207
305 201
311 195
317 189
323 184
329 180
335 177
341 175
347 174
353 173
359 174
365 177
371 181
376 187
379 193
381 199
382 205
381 211
379 217
376 223
375 229
376 235
378 241
381 247
385 253
391 258
397 263
403 265
409 267
415 268
421 268
427 267
433 265
439 262
445 256
449 250
451 244
451 238
450 232
448 226
443 220
440 214
438 208
437 202
438 196
439 190
442 184
446 178
452 172
458 168
464 166
470 165
476 165
482 167
488 170
494 176
498 182
501 188
504 194
508 200
514 205
520 208
526 210
532 210
538 209
544 206
550 202
556 196
561 190
567 185
573 182
579 181
585 181
591 182
597 184
603 188
609 192
614 198
619 204
623 210
625 216
626 222
626 228
623 234
617 239
611 241
605 243
599 247
595 253
594 259
594 265
596 271
600 277
606 282
612 286
618 288
624 289
630 288
636 287
642 285
648 282
654 278
660 273
665 267
669 261
672 255
676 249
678 243
681 237
683 231
686 225
688 219
689 213
690 207
691 201
691 195
690 189
686 183
680 181
674 185
668 189
662 190
656 184
652 178
650 172
648 166
647 160
647 154
648 148
649 142
651 136
654 130
659 124
665 118
671 114
677 111
683 109
689 108
695 108
701 108
707 109
713 111
719 113
725 117
731 122
736 128
740 134
743 140
745 146
746 152
747 158
747 164
747 170
746 176
745 182
743 188
741 194
739 200
737 206
733 212
727 211
722 205
716 204
714 210
712 216
712 222
711 228
710 234
710 240
710 246
710 252
710 258
711 264
711 270
712 276
714 282
716 288
720 294
724 300
730 305
736 309
742 312
748 314
754 315
760 315
766 315
772 314
778 312
784 309
790 305
796 300
800 294
803 288
805 282
805 276
805 270
802 264
797 258
791 256
785 256
779 258
773 259
767 258
761 252
758 246
757 240
758 234
759 228
762 222
765 216
768 210
773 204
777 198
783 192
789 187
795 183
801 180
807 178
813 178
819 179
825 181
831 187
835 193
836 199
838 205
840 211
844 217
850 222
856 225
862 227
868 228
874 228
880 227
886 226
892 223
898 219
904 214
909 208
912 202
913 196
912 190
909 184
903 178
899 172
898 166
899 160
901 154
906 148
912 143
918 140
924 138
930 138
936 138
942 140
948 142
954 146
960 151
966 157
970 163
974 169
976 175
979 181
981 187
983 193
984 199
985 205
985 211
985 217
985 223
983 229
978 235
972 237
966 236
960 234
954 236
948 242
945 248
943 254
943 260
943 266
944 272
946 278
949 284
953 290
958 296
964 300
970 304
976 306
982 308
988 309
994 310
1000 310
1006 309
1012 307
1018 305
1024 302
1030 298
1036 293
1041 287
1045 281
1048 275
1050 269
1051 263
1053 257
1053 251
1053 245
1053 239
1052 233
1049 227
1043 222
1037 222
1031 219
1028 213
1027 207
1026 201
1026 195
1026 189
1027 183
1028 177
1029 171
1031 165
1033 159
1035 153
1038 147
1042 141
1046 135
1052 130
1058 125
1064 122
1070 119
1076 117
1082 116
1088 116
1094 116
1100 117
1106 119
1112 121
1118 125
1124 130
1130 136
1134 142
1137 148
1139 154
1140 160
1140 166
1140 172
1140 178
1138 184
1136 190
1132 196
1126 199
1120 199
1114 199
1108 201
1104 207
1103 213
1102 219
1103 225
1104 231
1105 237
1107 243
1110 249
1113 255
1117 261
1121 267
1127 272
1133 277
1139 280
1145 282
1151 284
1157 284
1163 284
1169 283
1175 280
1181 277
1187 271
1191 265
1193 259
1194 253
1193 247
1190 241
1184 235
1181 229
1180 223
1180 217
1182 211
1185 205
1189 199
