0 205
6 205
12 205
18 205
24 205
30 205
36 205
42 205
48 205
54 205
60 205
66 205
72 205
78 205
84 205
90 205
96 205
102 205
108 205
114 205
120 205
126 205
132 205
138 205
144 205
150 205
156 205
162 205
168 205
174 205
180 205
186 205
192 204
198 204
204 204
210 204
216 204
222 204
228 204
234 204
240 204
246 204
252 204
258 205
264 205
270 205
276 205
282 205
288 205
294 205
300 205
306 205
312 205
318 205
324 205
330 205
336 205
342 205
348 205
354 205
360 205
366 205
372 205
378 205
384 205
390 205
396 205
402 205
408 205
414 205
420 205
426 205
432 205
438 205
444 205
450 205
456 205
462 205
468 205
474 204
480 204
486 204
492 204
498 204
504 204
510 205
516 205
522 205
528 205
534 205
540 205
546 205
552 205
558 205
564 204
570 204
576 204
582 204
588 204
594 205
600 205
606 205
612 205
618 205
624 205
630 205
636 205
642 205
648 205
654 205
660 205
666 204
672 204
678 204
684 204
690 204
696 204
702 204
708 204
714 204
720 205
726 205
732 205
738 205
744 205
750 205
756 206
762 206
768 206
774 205
780 205
786 205
792 205
798 205
804 205
810 205
816 205
822 204
828 204
834 205
840 205
846 205
852 205
858 205
864 205
870 205
876 205
882 205
888 205
894 205
900 205
906 204
912 204
918 204
924 204
930 204
936 204
942 204
948 205
954 205
960 205
966 205
972 205
978 205
984 205
990 205
996 205
1002 205
1008 205
1014 205
1020 205
1026 205
1032 205
1038 205
1044 205
1050 205
1056 205
1062 205
1068 204
1074 204
1080 204
1086 204
1092 204
1098 204
1104 204
1110 204
1116 204
1122 204
1128 205
1134 205
1140 205
1146 205
1152 205
1158 205
1164 205
1170 205
1176 205
1182 205
1188 205
