0 209
6 204
12 201
18 199
24 198
30 197
36 198
42 199
48 200
54 201
60 203
66 204
72 205
78 206
84 208
90 210
96 212
102 216
108 220
114 225
120 230
126 234
132 238
138 240
144 241
150 242
156 241
162 239
168 236
174 231
178 225
181 219
183 213
184 207
184 201
185 195
185 189
187 183
189 177
194 171
200 165
206 162
212 159
218 158
224 158
230 159
236 160
242 163
248 167
253 173
257 179
259 185
260 191
260 197
259 203
258 209
257 215
257 221
258 227
260 233
263 239
268 245
274 249
280 252
286 253
292 253
298 252
304 250
310 246
315 240
319 234
321 228
323 222
325 216
328 210
332 204
338 198
344 195
350 193
356 193
362 194
368 196
374 200
380 206
386 212
391 218
397 223
403 227
409 229
415 229
421 229
427 227
433 224
439 219
445 213
450 207
456 202
462 198
468 195
474 194
480 194
486 194
492 196
498 199
504 202
510 205
516 208
522 209
528 209
534 208
540 206
546 203
552 200
558 198
564 196
570 195
576 196
582 198
588 202
594 208
597 214
600 220
602 226
606 232
611 238
617 242
623 244
629 245
635 245
641 243
647 239
653 233
657 227
659 221
660 215
661 209
660 203
660 197
660 191
661 185
664 179
668 173
674 167
680 164
686 162
692 161
698 161
704 162
710 164
716 168
722 174
726 180
728 186
730 192
730 198
729 204
728 210
727 216
726 222
726 228
727 234
729 240
733 246
738 252
744 256
750 258
756 259
762 259
768 258
774 256
780 252
786 246
789 240
790 234
791 228
792 222
793 216
795 210
798 204
804 198
810 194
816 192
822 192
828 192
834 195
840 199
846 204
852 209
858 213
864 216
870 217
876 216
882 214
888 210
893 204
897 198
901 192
906 186
912 182
918 179
924 178
930 178
936 180
942 182
948 187
953 193
956 199
958 205
958 211
959 217
960 223
961 229
964 235
967 241
973 246
979 250
985 252
991 253
997 253
1003 252
1009 251
1015 248
1021 243
1027 237
1031 231
1035 225
1037 219
1040 213
1042 207
1044 201
1047 195
1051 189
1056 183
1062 178
1068 174
1074 172
1080 170
1086 169
1092 169
1098 170
1104 172
1110 175
1116 180
1120 186
1123 192
1125 198
1127 204
1128 210
1129 216
1132 222
1135 228
1141 234
1147 237
1153 239
1159 240
1165 239
1171 238
1177 234
1183 229
1189 223
1193 217
