0 199
6 199
12 199
18 199
24 199
30 199
36 199
42 199
48 199
54 200
60 200
66 200
72 200
78 200
84 200
90 200
96 200
102 200
108 200
114 200
120 200
126 201
132 201
138 201
144 201
150 201
156 201
162 201
168 200
174 200
180 199
186 199
192 198
198 197
204 197
210 196
216 196
222 196
228 196
234 196
240 197
246 197
252 198
258 199
264 200
270 201
276 201
282 202
288 202
294 202
300 202
306 202
312 201
318 201
324 200
330 200
336 199
342 199
348 199
354 199
360 199
366 199
372 199
378 200
384 200
390 200
396 200
402 200
408 201
414 200
420 200
426 200
432 200
438 200
444 200
450 199
456 199
462 199
468 199
474 198
480 198
486 198
492 198
498 199
504 199
510 199
516 199
522 199
528 200
534 200
540 199
546 199
552 199
558 199
564 199
570 198
576 198
582 198
588 199
594 199
600 200
606 200
612 201
618 201
624 202
630 202
636 201
642 201
648 201
654 200
660 199
666 198
672 197
678 197
684 196
690 196
696 196
702 196
708 197
714 198
720 199
726 200
732 200
738 201
744 202
750 202
756 203
762 203
768 203
774 202
780 202
786 201
792 201
798 200
804 199
810 199
816 199
822 198
828 198
834 199
840 199
846 199
852 200
858 200
864 200
870 200
876 200
882 200
888 200
894 199
900 199
906 198
912 198
918 198
924 197
930 198
936 198
942 198
948 199
954 200
960 200
966 201
972 202
978 202
984 202
990 202
996 202
1002 202
1008 201
1014 201
1020 201
1026 200
1032 200
1038 200
1044 199
1050 199
1056 199
1062 198
1068 198
1074 198
1080 197
1086 197
1092 197
1098 197
1104 197
1110 197
1116 198
1122 198
1128 199
1134 200
1140 200
1146 201
1152 201
1158 201
1164 201
1170 201
1176 201
1182 200
1188 200
