0 214
6 214
12 214
18 214
24 214
30 214
36 214
42 214
48 214
54 214
60 214
66 214
72 214
78 214
84 214
90 214
96 214
102 214
108 214
114 214
120 215
126 215
132 215
138 215
144 215
150 215
156 215
162 215
168 215
174 214
180 214
186 214
192 214
198 213
204 213
210 213
216 213
222 213
228 213
234 213
240 213
246 213
252 214
258 214
264 214
270 215
276 215
282 215
288 215
294 215
300 215
306 215
312 215
318 215
324 214
330 214
336 214
342 214
348 214
354 214
360 214
366 214
372 214
378 214
384 214
390 214
396 215
402 215
408 215
414 215
420 215
426 214
432 214
438 214
444 214
450 214
456 214
462 214
468 214
474 214
480 214
486 214
492 214
498 214
504 214
510 214
516 214
522 214
528 214
534 214
540 214
546 214
552 214
558 214
564 214
570 214
576 214
582 214
588 214
594 214
600 214
606 214
612 215
618 215
624 215
630 215
636 215
642 215
648 215
654 214
660 214
666 214
672 213
678 213
684 213
690 213
696 213
702 213
708 213
714 214
720 214
726 214
732 215
738 215
744 215
750 215
756 216
762 216
768 215
774 215
780 215
786 215
792 215
798 214
804 214
810 214
816 214
822 214
828 214
834 214
840 214
846 214
852 214
858 214
864 214
870 215
876 214
882 214
888 214
894 214
900 214
906 214
912 214
918 213
924 213
930 213
936 214
942 214
948 214
954 214
960 215
966 215
972 215
978 215
984 215
990 215
996 215
1002 215
1008 215
1014 215
1020 215
1026 214
1032 214
1038 214
1044 214
1050 214
1056 214
1062 214
1068 214
1074 214
1080 213
1086 213
1092 213
1098 213
1104 213
1110 213
1116 213
1122 214
1128 214
1134 214
1140 215
1146 215
1152 215
1158 215
1164 215
1170 215
1176 215
1182 214
1188 214
