0 202
6 201
12 201
18 201
24 201
30 201
36 202
42 202
48 202
54 202
60 202
66 202
72 202
78 202
84 202
90 202
96 202
102 202
108 202
114 202
120 202
126 203
132 203
138 203
144 203
150 203
156 203
162 203
168 203
174 202
180 202
186 201
192 201
198 200
204 199
210 199
216 199
222 199
228 199
234 199
240 199
246 200
252 201
258 201
264 202
270 203
276 203
282 204
288 204
294 204
300 204
306 204
312 203
318 203
324 202
330 202
336 202
342 201
348 201
354 201
360 201
366 201
372 202
378 202
384 202
390 202
396 202
402 203
408 203
414 203
420 203
426 202
432 202
438 202
444 202
450 202
456 201
462 201
468 201
474 201
480 201
486 201
492 201
498 201
504 201
510 201
516 202
522 202
528 202
534 202
540 202
546 202
552 201
558 201
564 201
570 201
576 201
582 201
588 201
594 201
600 202
606 202
612 203
618 203
624 203
630 204
636 203
642 203
648 203
654 202
660 201
666 201
672 200
678 199
684 199
690 199
696 199
702 199
708 200
714 200
720 201
726 202
732 203
738 203
744 204
750 204
756 205
762 205
768 204
774 204
780 204
786 203
792 203
798 202
804 202
810 201
816 201
822 201
828 201
834 201
840 201
846 201
852 202
858 202
864 202
870 202
876 202
882 202
888 202
894 201
900 201
906 201
912 200
918 200
924 200
930 200
936 200
942 201
948 201
954 202
960 202
966 203
972 203
978 204
984 204
990 204
996 204
1002 204
1008 203
1014 203
1020 203
1026 202
1032 202
1038 202
1044 202
1050 201
1056 201
1062 201
1068 201
1074 200
1080 200
1086 200
1092 200
1098 200
1104 200
1110 200
1116 200
1122 201
1128 201
1134 202
1140 202
1146 203
1152 203
1158 203
1164 203
1170 203
1176 203
1182 202
1188 202
