0 214
6 213
12 213
18 213
24 213
30 213
36 213
42 214
48 214
54 214
60 214
66 214
72 214
78 214
84 214
90 215
96 215
102 215
108 216
114 216
120 217
126 217
132 218
138 218
144 218
150 218
156 218
162 218
168 217
174 216
180 214
186 213
192 211
198 209
204 208
210 207
216 206
222 206
228 206
234 206
240 208
246 209
252 211
258 213
264 216
270 218
276 219
282 220
288 221
294 221
300 221
306 220
312 219
318 217
324 216
330 215
336 214
342 213
348 213
354 212
360 213
366 213
372 214
378 214
384 215
390 216
396 216
402 216
408 217
414 217
420 217
426 216
432 216
438 215
444 215
450 214
456 213
462 213
468 212
474 212
480 212
486 212
492 212
498 212
504 213
510 213
516 214
522 214
528 214
534 214
540 214
546 214
552 213
558 212
564 212
570 212
576 212
582 212
588 213
594 214
600 215
606 216
612 218
618 219
624 219
630 220
636 219
642 218
648 217
654 215
660 213
666 211
672 209
678 208
684 207
690 206
696 206
702 207
708 208
714 210
720 212
726 214
732 216
738 219
744 220
750 221
756 222
762 222
768 222
774 221
780 220
786 219
792 217
798 215
804 214
810 213
816 212
822 212
828 212
834 212
840 213
846 213
852 214
858 215
864 215
870 216
876 215
882 215
888 214
894 213
900 212
906 211
912 210
918 210
924 209
930 210
936 210
942 211
948 213
954 214
960 216
966 218
972 219
978 220
984 220
990 221
996 220
1002 220
1008 219
1014 218
1020 218
1026 217
1032 216
1038 215
1044 214
1050 213
1056 212
1062 211
1068 210
1074 210
1080 209
1086 208
1092 208
1098 208
1104 209
1110 210
1116 211
1122 212
1128 214
1134 215
1140 216
1146 217
1152 218
1158 218
1164 218
1170 218
1176 217
1182 216
1188 216
