0 206
6 203
12 202
18 201
24 200
30 200
36 201
42 201
48 202
54 203
60 204
66 204
72 204
78 205
84 206
90 206
96 207
102 209
108 211
114 213
120 216
126 218
132 220
138 221
144 222
150 222
156 222
162 220
168 217
174 213
180 207
185 201
189 195
194 189
200 184
206 180
212 177
218 176
224 176
230 177
236 179
242 182
248 187
253 193
256 199
259 205
262 211
266 217
272 223
278 227
284 229
290 230
296 230
302 228
308 226
314 222
320 217
326 211
332 206
338 202
344 199
350 198
356 198
362 198
368 200
374 202
380 205
386 208
392 210
398 213
404 214
410 215
416 216
422 215
428 214
434 212
440 209
446 207
452 204
458 201
464 200
470 198
476 197
482 197
488 198
494 199
500 201
506 202
512 204
518 205
524 206
530 206
536 205
542 204
548 202
554 200
560 199
566 198
572 198
578 199
584 201
590 204
596 208
602 213
608 218
614 221
620 224
626 225
632 225
638 224
644 221
650 216
655 210
659 204
662 198
666 192
671 186
677 182
683 179
689 177
695 177
701 178
707 180
713 184
719 190
723 196
726 202
728 208
731 214
734 220
739 226
745 230
751 233
757 234
763 234
769 233
775 231
781 227
787 221
792 215
797 209
803 203
809 199
815 197
821 196
827 196
833 197
839 199
845 202
851 205
857 207
863 209
869 210
875 209
881 208
887 206
893 202
899 198
905 194
911 191
917 189
923 189
929 189
935 190
941 193
947 197
953 203
958 209
963 215
969 221
975 225
981 227
987 229
993 229
999 229
1005 228
1011 226
1017 223
1023 219
1029 215
1035 211
1041 206
1047 202
1053 198
1059 194
1065 190
1071 188
1077 186
1083 184
1089 184
1095 184
1101 185
1107 187
1113 191
1119 195
1125 201
1131 207
1137 213
1143 217
1149 220
1155 221
1161 221
1167 221
1173 219
1179 217
1185 214
1191 210
