0 201
6 201
12 201
18 201
24 201
30 201
36 201
42 201
48 201
54 201
60 201
66 201
72 201
78 201
84 201
90 201
96 201
102 201
108 201
114 201
120 201
126 201
132 201
138 201
144 201
150 201
156 201
162 201
168 201
174 201
180 201
186 200
192 200
198 200
204 200
210 200
216 200
222 200
228 200
234 200
240 200
246 200
252 200
258 201
264 201
270 201
276 201
282 201
288 201
294 201
300 201
306 201
312 201
318 201
324 201
330 201
336 201
342 201
348 201
354 201
360 201
366 201
372 201
378 201
384 201
390 201
396 201
402 201
408 201
414 201
420 201
426 201
432 201
438 201
444 201
450 201
456 201
462 201
468 200
474 200
480 200
486 200
492 200
498 200
504 200
510 200
516 201
522 201
528 201
534 201
540 201
546 201
552 201
558 200
564 200
570 200
576 200
582 200
588 200
594 200
600 201
606 201
612 201
618 201
624 201
630 201
636 201
642 201
648 201
654 201
660 201
666 200
672 200
678 200
684 200
690 200
696 200
702 200
708 200
714 200
720 201
726 201
732 201
738 201
744 201
750 201
756 201
762 201
768 201
774 201
780 201
786 201
792 201
798 201
804 201
810 201
816 200
822 200
828 200
834 200
840 201
846 201
852 201
858 201
864 201
870 201
876 201
882 201
888 201
894 201
900 200
906 200
912 200
918 200
924 200
930 200
936 200
942 200
948 201
954 201
960 201
966 201
972 201
978 201
984 201
990 201
996 201
1002 201
1008 201
1014 201
1020 201
1026 201
1032 201
1038 201
1044 201
1050 201
1056 201
1062 201
1068 200
1074 200
1080 200
1086 200
1092 200
1098 200
1104 200
1110 200
1116 200
1122 200
1128 201
1134 201
1140 201
1146 201
1152 201
1158 201
1164 201
1170 201
1176 201
1182 201
1188 201
