0 204
6 203
12 202
18 202
24 202
30 202
36 203
42 203
48 203
54 204
60 204
66 204
72 204
78 204
84 205
90 205
96 205
102 206
108 207
114 208
120 209
126 210
132 211
138 212
144 212
150 212
156 212
162 211
168 209
174 207
180 205
186 201
192 198
198 195
204 193
210 191
216 190
222 189
228 189
234 191
240 192
246 195
252 199
258 203
264 207
270 211
276 214
282 216
288 217
294 217
300 216
306 215
312 213
318 210
324 208
330 206
336 204
342 202
348 201
354 201
360 201
366 202
372 203
378 204
384 205
390 207
396 208
402 208
408 209
414 209
420 209
426 208
432 208
438 206
444 205
450 204
456 203
462 202
468 201
474 200
480 200
486 200
492 201
498 201
504 202
510 203
516 204
522 204
528 205
534 204
540 204
546 203
552 202
558 201
564 201
570 200
576 200
582 201
588 203
594 204
600 207
606 209
612 211
618 213
624 214
630 214
636 213
642 212
648 210
654 206
660 202
666 198
672 195
678 192
684 191
690 190
696 190
702 191
708 193
714 196
720 200
726 204
732 209
738 212
744 216
750 218
756 219
762 219
768 218
774 217
780 215
786 212
792 209
798 206
804 204
810 202
816 200
822 200
828 200
834 200
840 201
846 203
852 204
858 205
864 206
870 207
876 206
882 206
888 204
894 202
900 200
906 199
912 197
918 196
924 196
930 196
936 197
942 199
948 202
954 205
960 208
966 210
972 213
978 214
984 215
990 216
996 216
1002 215
1008 214
1014 213
1020 211
1026 209
1032 208
1038 206
1044 204
1050 202
1056 200
1062 199
1068 197
1074 196
1080 194
1086 194
1092 194
1098 194
1104 195
1110 196
1116 198
1122 201
1128 203
1134 206
1140 208
1146 210
1152 211
1158 212
1164 212
1170 211
1176 210
1182 209
1188 207
