0 265
1 259
2 253
1 247
1198 241
1192 236
1186 235
1180 236
1174 238
1168 237
1162 234
1158 228
1158 222
1158 216
1161 210
1164 204
1167 198
1172 192
1177 186
1183 180
1189 174
1195 169
1 164
7 160
13 157
19 155
25 153
31 152
37 152
43 152
49 153
55 154
61 156
67 158
73 162
79 165
85 169
91 174
97 179
103 184
109 190
114 196
119 202
123 208
126 214
128 220
129 226
129 232
125 238
119 242
113 243
107 246
102 252
100 258
100 264
101 270
104 276
107 282
112 288
118 293
124 297
130 300
136 301
142 302
148 302
154 301
160 299
166 297
172 293
178 288
184 282
188 276
192 270
195 264
198 258
200 252
202 246
204 240
206 234
208 228
209 222
211 216
212 210
213 204
214 198
215 192
216 186
217 180
218 174
218 168
219 162
219 156
219 150
219 144
218 138
217 132
211 128
205 129
200 135
198 141
196 147
195 153
193 159
191 165
187 171
181 173
175 170
170 164
166 158
163 152
161 146
159 140
158 134
158 128
158 122
159 116
161 110
163 104
166 98
170 92
175 86
181 81
187 77
193 73
199 71
205 69
211 68
217 67
223 67
229 67
235 68
241 69
247 71
253 73
259 76
265 80
271 86
277 92
280 98
283 104
285 110
286 116
286 122
286 128
284 134
282 140
280 146
276 152
272 158
267 164
263 170
258 176
252 182
249 176
248 170
247 164
247 158
247 152
246 146
243 140
237 141
236 147
236 153
235 159
235 165
235 171
234 177
234 183
233 189
233 195
233 201
233 207
234 213
234 219
235 225
236 231
237 237
238 243
239 249
240 255
240 261
241 267
242 273
244 279
245 285
248 291
251 297
255 303
260 309
266 313
272 316
278 318
284 319
290 320
296 319
302 318
308 316
314 313
320 308
325 302
329 296
331 290
332 284
333 278
332 272
331 266
330 260
327 254
324 248
318 243
312 241
306 244
300 249
294 254
288 256
282 255
276 249
272 243
270 237
269 231
268 225
269 219
271 213
273 207
277 201
282 195
288 189
294 184
300 179
306 175
312 171
318 167
324 164
330 162
336 160
342 159
348 158
354 159
360 161
366 163
372 168
377 174
380 180
383 186
384 192
384 198
384 204
381 210
375 213
369 214
363 215
358 221
358 227
360 233
363 239
367 245
372 251
377 257
383 263
389 267
395 271
401 274
407 276
413 278
419 278
425 278
431 277
437 275
443 272
449 267
454 261
458 255
460 249
461 243
461 237
460 231
457 225
451 220
445 218
439 218
433 216
427 210
425 204
424 198
424 192
425 186
426 180
427 174
430 168
433 162
437 156
443 150
449 145
455 142
461 140
467 140
473 140
479 141
485 144
491 149
495 155
497 161
497 167
498 173
499 179
503 185
508 191
514 195
520 198
526 200
532 200
538 200
544 199
550 197
556 194
562 189
567 183
571 177
577 171
583 168
589 166
595 166
601 167
607 169
613 172
619 175
625 179
631 184
637 189
643 195
647 201
650 207
652 213
652 219
651 225
648 231
643 237
637 241
631 243
625 242
619 241
613 239
607 237
601 237
595 240
589 246
586 252
584 258
584 264
585 270
587 276
590 282
595 288
601 293
607 296
613 298
619 298
625 298
631 297
637 295
643 292
649 288
655 282
660 276
665 270
669 264
673 258
677 252
681 246
684 240
687 234
690 228
692 222
695 216
697 210
698 204
699 198
700 192
701 186
702 180
702 174
702 168
702 162
702 156
702 150
701 144
696 138
690 138
685 144
683 150
682 156
681 162
679 168
676 174
670 175
664 170
658 164
654 158
650 152
646 146
644 140
642 134
642 128
642 122
642 116
644 110
647 104
650 98
656 92
662 87
668 83
674 80
680 78
686 77
692 76
698 76
704 77
710 78
716 79
722 82
728 85
734 89
740 95
745 101
749 107
751 113
753 119
754 125
754 131
753 137
752 143
749 149
746 155
743 161
739 167
735 173
732 179
730 185
729 191
723 192
722 186
722 180
721 174
715 177
715 183
716 189
716 195
715 201
714 207
714 213
713 219
713 225
713 231
712 237
712 243
712 249
712 255
712 261
712 267
712 273
711 279
711 285
712 291
713 297
714 303
717 309
721 315
726 321
732 325
738 328
744 331
750 332
756 333
762 333
768 333
774 332
780 330
786 327
792 324
798 319
804 313
808 307
811 301
813 295
814 289
815 283
814 277
813 271
810 265
806 259
800 254
794 252
788 252
782 257
777 263
773 269
767 275
761 277
755 275
749 271
745 265
742 259
741 253
740 247
740 241
740 235
741 229
742 223
745 217
747 211
751 205
755 199
759 193
765 187
771 182
777 177
783 173
789 170
795 168
801 166
807 166
813 166
819 167
825 170
831 176
834 182
833 188
830 194
828 200
828 206
833 212
839 216
845 219
851 220
857 222
863 222
869 222
875 222
881 221
887 220
893 218
899 216
905 213
911 210
917 206
923 202
929 196
934 190
936 184
936 178
934 172
928 166
922 164
916 165
910 166
904 165
898 162
893 156
892 150
892 144
893 138
896 132
900 126
906 120
912 117
918 115
924 113
930 113
936 114
942 115
948 118
954 121
960 125
966 131
971 137
975 143
978 149
982 155
985 161
987 167
990 173
992 179
994 185
996 191
997 197
998 203
1000 209
1001 215
1001 221
1001 227
1001 233
1001 239
999 245
995 251
989 255
983 254
977 249
974 243
971 237
968 231
962 227
956 229
950 233
945 239
941 245
938 251
936 257
935 263
934 269
935 275
935 281
937 287
939 293
942 299
947 305
952 311
958 316
964 320
970 323
976 325
982 327
988 328
994 328
1000 328
1006 327
1012 326
1018 324
1024 321
1030 317
1036 313
1041 307
1046 301
1049 295
1052 289
1054 283
1055 277
1056 271
1057 265
1057 259
1057 253
1057 247
1057 241
1056 235
1056 229
1055 223
1054 217
1052 211
1047 205
1042 211
1040 217
1038 223
1035 229
1029 234
1026 228
1025 222
1025 216
1024 210
1024 204
1024 198
1023 192
1023 186
1024 180
1024 174
1024 168
1024 162
1025 156
1026 150
1026 144
1028 138
1029 132
1031 126
1033 120
1036 114
1040 108
1046 102
1052 97
1058 93
1064 90
1070 87
1076 86
1082 85
1088 84
1094 85
1100 85
1106 87
1112 89
1118 91
1124 95
1130 100
1136 106
1140 112
1143 118
1145 124
1146 130
1147 136
1147 142
1147 148
1146 154
1144 160
1142 166
1140 172
1137 178
1133 184
1129 190
1123 194
1117 193
1113 187
1110 181
1108 175
1102 169
1096 170
1090 175
1087 181
1085 187
1085 193
1085 199
1086 205
1087 211
1088 217
1090 223
1092 229
1095 235
1097 241
1100 247
1104 253
1107 259
1111 265
1115 271
1121 277
1127 283
1133 287
1139 290
1145 293
1151 294
1157 295
1163 295
1169 294
1175 292
1181 289
1187 285
1193 279
1197 273
