0 219
5 215
10 210
14 205
17 200
21 195
26 190
31 186
36 184
41 183
46 183
51 183
56 185
61 187
66 191
71 195
75 200
79 205
82 210
85 215
87 220
89 225
90 230
91 235
91 240
90 245
86 250
81 253
76 251
71 247
66 244
61 244
56 248
53 253
51 258
51 263
52 268
53 273
55 278
59 283
64 288
69 291
74 294
79 295
84 296
89 296
94 296
99 294
104 292
109 289
114 286
118 281
122 276
125 271
128 266
130 261
132 256
133 251
135 246
136 241
137 236
138 231
139 226
140 221
141 216
142 211
142 206
143 201
143 196
142 191
137 186
132 188
128 193
127 198
125 203
120 207
116 202
113 197
111 192
110 187
109 182
109 177
110 172
112 167
116 162
121 159
126 156
131 155
136 155
141 155
146 155
151 155
156 156
161 157
166 159
171 160
176 162
181 164
186 167
191 169
196 173
201 176
206 181
210 186
212 191
212 196
209 201
204 205
199 207
194 207
189 202
188 197
184 192
179 190
174 190
169 193
165 198
162 203
161 208
160 213
159 218
158 223
158 228
158 233
159 238
160 243
162 248
167 253
172 255
177 255
182 253
187 250
192 245
197 240
202 236
207 232
212 229
217 226
222 223
227 220
232 217
237 213
242 208
246 203
249 198
252 193
254 188
255 183
256 178
257 173
257 168
257 163
256 158
255 153
254 148
252 143
249 138
246 133
242 128
237 124
232 121
227 119
222 119
217 121
214 126
215 131
216 136
220 141
222 146
217 150
212 148
207 146
202 143
197 139
192 135
188 130
185 125
184 120
183 115
184 110
185 105
188 100
192 95
197 91
202 88
207 86
212 85
217 85
222 85
227 85
232 87
237 89
242 91
247 94
252 98
257 103
261 108
265 113
268 118
271 123
273 128
275 133
277 138
279 143
280 148
281 153
282 158
283 163
283 168
283 173
282 178
278 173
277 168
276 163
274 158
272 153
267 158
267 163
267 168
267 173
267 178
266 183
265 188
264 193
262 198
261 203
259 208
257 213
254 218
252 223
249 228
246 233
243 238
240 243
236 248
233 253
229 258
226 263
224 268
221 273
219 278
218 283
217 288
217 293
217 298
218 303
220 308
222 313
226 318
230 323
235 327
240 330
245 332
250 334
255 335
260 336
265 336
270 336
275 335
280 334
285 333
290 330
295 327
300 324
305 319
309 314
313 309
316 304
318 299
320 294
321 289
322 284
322 279
320 274
315 273
310 276
305 281
301 286
297 291
292 294
288 289
288 284
290 279
293 274
296 269
299 264
303 259
308 254
313 249
318 245
323 241
328 237
333 233
338 230
343 226
348 223
353 219
358 215
363 211
368 207
373 203
378 198
383 193
388 188
392 183
396 178
399 173
401 168
403 163
404 158
405 153
404 148
403 143
400 138
395 133
390 130
385 129
380 128
375 130
370 132
366 137
363 142
362 147
361 152
360 157
359 162
354 167
349 165
345 160
343 155
341 150
340 145
340 140
340 135
340 130
340 125
341 120
343 115
345 110
347 105
351 100
355 95
360 91
365 88
370 86
375 84
380 83
385 83
390 83
395 84
400 85
405 87
410 89
415 92
420 95
425 99
430 103
435 107
440 112
444 117
449 122
453 127
457 132
461 137
465 142
468 147
471 152
474 157
477 162
480 167
482 172
484 177
486 182
487 187
488 192
489 197
490 202
490 207
491 212
491 217
491 222
490 227
490 232
490 237
489 242
488 247
487 252
487 257
485 262
484 267
483 272
482 277
481 282
479 287
477 292
474 297
469 302
464 304
459 303
455 298
455 293
456 288
460 283
462 278
464 273
465 268
466 263
466 258
466 253
465 248
464 243
461 238
456 235
451 235
446 236
441 239
436 242
431 247
427 252
423 257
419 262
416 267
414 272
412 277
410 282
409 287
408 292
407 297
407 302
406 307
407 312
408 317
409 322
410 327
412 332
415 337
419 342
423 347
428 352
433 355
438 358
443 361
448 363
453 364
458 365
463 366
468 367
473 367
478 367
483 367
488 367
493 366
498 365
503 364
508 363
513 360
518 358
523 355
528 351
533 346
537 341
540 336
542 331
543 326
544 321
545 316
545 311
544 306
543 301
541 296
540 291
537 286
535 281
532 276
529 271
526 266
524 261
522 256
521 251
520 246
519 241
519 236
519 231
519 226
520 221
520 216
521 211
522 206
522 201
523 196
523 191
524 186
524 181
525 176
525 171
521 166
521 161
520 156
519 151
517 146
515 141
513 136
511 131
509 126
507 121
505 116
504 111
503 106
502 101
502 96
502 91
502 86
503 81
505 76
507 71
511 66
515 61
520 56
525 53
530 50
535 48
540 47
545 46
550 45
555 45
560 45
565 45
570 46
575 47
580 49
585 51
590 54
595 57
600 62
604 67
608 72
611 77
613 82
614 87
616 92
617 97
618 102
618 107
618 112
618 117
618 122
618 127
618 132
617 137
617 142
616 147
615 152
615 157
614 162
613 167
612 172
611 177
610 182
609 187
607 192
605 197
600 201
595 197
593 192
592 187
592 182
593 177
593 172
593 167
594 162
594 157
594 152
594 147
593 142
593 137
593 132
593 127
592 122
591 117
589 112
586 107
581 102
576 101
571 102
566 107
563 112
561 117
559 122
558 127
558 132
557 137
557 142
556 147
556 152
556 157
555 162
555 167
555 172
555 177
555 182
555 187
555 192
555 197
556 202
557 207
558 212
559 217
561 222
563 227
565 232
568 237
571 242
574 247
578 252
582 257
587 262
592 267
597 272
602 276
607 280
612 283
617 286
622 289
627 292
632 294
637 296
642 298
647 299
652 300
657 300
662 300
667 299
672 298
677 296
682 293
687 290
692 285
696 280
700 275
702 270
705 265
706 260
707 255
708 250
709 245
709 240
709 235
709 230
709 225
708 220
708 215
707 210
706 205
706 200
705 195
704 190
704 185
703 180
702 175
702 170
701 165
701 160
701 155
701 150
700 145
700 140
700 135
699 130
699 125
697 120
692 116
687 119
684 124
681 129
679 134
677 139
676 144
674 149
673 154
671 159
670 164
669 169
668 174
666 179
665 184
665 189
664 194
664 199
664 204
664 209
663 214
658 218
653 213
652 208
651 203
651 198
651 193
652 188
652 183
653 178
654 173
655 168
656 163
656 158
657 153
658 148
659 143
660 138
662 133
663 128
664 123
665 118
667 113
669 108
671 103
673 98
676 93
678 88
682 83
686 78
691 73
696 69
701 65
706 63
711 60
716 59
721 58
726 57
731 57
736 57
741 58
746 59
751 60
756 62
761 65
766 69
771 74
775 79
778 84
780 89
781 94
782 99
782 104
782 109
782 114
781 119
779 124
777 129
775 134
772 139
769 144
766 149
762 154
759 159
754 164
750 169
745 164
745 159
746 154
747 149
748 144
749 139
750 134
752 129
752 124
752 119
751 114
746 109
741 107
736 108
731 113
728 118
727 123
725 128
725 133
724 138
724 143
723 148
723 153
724 158
724 163
724 168
724 173
725 178
726 183
726 188
728 193
729 198
730 203
731 208
733 213
735 218
736 223
738 228
740 233
742 238
744 243
746 248
748 253
749 258
751 263
753 268
754 273
755 278
756 283
757 288
758 293
759 298
760 303
762 308
764 313
767 318
770 323
775 328
780 332
785 335
790 338
795 340
800 342
805 343
810 344
815 344
820 344
825 344
830 344
835 343
840 341
845 339
850 337
855 334
860 331
865 326
869 321
873 316
875 311
877 306
879 301
879 296
880 291
880 286
880 281
879 276
878 271
876 266
875 261
872 256
870 251
867 246
863 241
859 236
854 232
849 228
844 225
839 224
834 223
829 224
824 227
820 232
818 237
817 242
818 247
819 252
822 257
826 262
828 267
828 272
823 277
818 277
813 276
808 273
803 269
799 264
795 259
792 254
789 249
787 244
785 239
784 234
783 229
782 224
782 219
782 214
783 209
784 204
786 199
788 194
790 189
793 184
797 179
800 174
804 169
808 164
813 159
818 154
823 149
828 145
833 141
838 138
843 135
848 132
853 130
858 128
863 127
868 127
873 127
878 127
883 129
888 131
893 134
897 139
900 144
899 149
897 154
897 159
900 164
903 169
907 174
911 179
916 184
920 189
925 194
928 199
931 204
932 209
932 214
932 219
933 224
935 229
938 234
941 239
945 244
950 249
955 253
960 256
965 259
970 261
975 263
980 264
985 264
990 265
995 265
1000 264
1005 264
1010 263
1015 262
1020 260
1025 258
1030 256
1035 254
1040 251
1045 247
1050 242
1053 237
1055 232
1057 227
1057 222
1058 217
1058 212
1058 207
1058 202
1057 197
1056 192
1055 187
1055 182
1054 177
1053 172
1052 167
1051 162
1050 157
1049 152
1048 147
1048 142
1048 137
1047 132
1047 127
1047 122
1047 117
1046 112
1045 107
1042 102
1037 100
1032 101
1027 104
1023 109
1021 114
1019 119
1018 124
1018 129
1018 134
1018 139
1018 144
1018 149
1013 154
1008 149
1005 144
1003 139
1002 134
1001 129
1000 124
1000 119
1000 114
1000 109
1001 104
1002 99
1004 94
1007 89
1010 84
1013 79
1018 74
1023 70
1028 67
1033 64
1038 62
1043 61
1048 60
1053 60
1058 60
1063 60
1068 61
1073 62
1078 64
1083 67
1088 70
1093 74
1097 79
1100 84
1103 89
1104 94
1105 99
1104 104
1103 109
1099 114
1094 116
1089 116
1084 112
1079 107
1074 105
1069 106
1064 110
1062 115
1060 120
1059 125
1058 130
1058 135
1058 140
1059 145
1059 150
1060 155
1062 160
1063 165
1065 170
1067 175
1069 180
1071 185
1072 190
1074 195
1076 200
1077 205
1078 210
1079 215
1080 220
1080 225
1081 230
1086 226
1086 221
1086 216
1086 211
1086 206
1086 201
1086 196
1086 191
1086 186
1086 181
1086 176
1087 171
1091 166
1096 163
1101 162
1106 161
1111 161
1116 161
1121 161
1126 161
1131 161
1136 161
1141 162
1146 162
1151 163
1156 165
1161 169
1163 174
1163 179
1160 184
1155 187
1150 186
1145 185
1140 183
1135 182
1130 182
1125 184
1120 187
1117 192
1115 197
1115 202
1115 207
1116 212
1119 217
1123 222
1128 226
1133 229
1138 231
1143 232
1148 233
1153 233
1158 233
1163 233
1168 233
1173 232
1178 231
1183 229
1188 227
1193 224
