0 171
2 174
4 177
6 180
8 183
10 186
12 189
14 192
16 195
18 198
20 201
21 204
23 207
25 210
27 213
28 216
30 219
31 222
32 225
34 228
35 231
36 234
37 237
38 240
39 243
40 246
41 249
42 252
42 255
42 258
42 261
42 264
42 267
41 270
39 273
37 276
34 279
31 280
28 282
25 282
22 282
19 282
16 281
13 279
10 276
8 273
7 270
7 267
6 264
6 261
5 258
5 255
4 252
3 249
2 246
1 243
1199 240
1196 237
1193 235
1190 235
1187 234
1184 235
1181 237
1178 239
1175 242
1173 245
1171 248
1170 251
1169 254
1168 257
1167 260
1166 263
1165 266
1164 269
1164 272
1163 275
1163 278
1163 281
1162 284
1162 287
1162 290
1163 293
1163 296
1163 299
1164 302
1164 305
1165 308
1166 311
1167 314
1168 317
1169 320
1171 323
1173 326
1175 329
1178 332
1180 335
1183 337
1186 340
1189 342
1192 344
1195 345
1198 347
1 348
4 349
7 350
10 351
13 351
16 352
19 352
22 352
25 352
28 352
31 352
34 352
37 352
40 351
43 351
46 350
49 350
52 349
55 348
58 347
61 345
64 344
67 342
70 341
73 339
76 337
79 335
82 333
85 330
88 328
91 325
94 322
97 319
100 316
102 313
105 310
108 307
110 304
112 301
115 298
117 295
119 292
121 289
123 286
125 283
126 280
128 277
130 274
131 271
133 268
134 265
135 262
137 259
138 256
139 253
139 250
140 247
141 244
142 241
142 238
143 235
143 232
144 229
144 226
145 223
145 220
145 217
145 214
146 211
146 208
146 205
146 202
146 199
147 196
147 193
147 190
147 187
147 184
146 181
146 178
146 175
145 172
145 169
144 166
143 163
141 160
140 157
137 154
134 151
131 149
128 147
125 146
122 146
119 146
116 147
113 148
110 150
108 153
106 156
105 159
104 162
104 165
104 168
104 171
105 174
105 177
105 180
105 183
105 186
105 189
105 192
104 195
104 198
103 201
103 204
103 207
103 210
103 213
104 216
104 219
104 222
104 225
104 228
103 231
103 234
102 237
100 240
98 243
95 246
92 247
89 247
86 246
83 244
80 241
78 238
77 235
75 232
74 229
72 226
71 223
70 220
69 217
68 214
67 211
66 208
65 205
64 202
63 199
62 196
61 193
60 190
59 187
58 184
57 181
56 178
55 175
55 172
54 169
53 166
52 163
52 160
51 157
51 154
50 151
50 148
49 145
49 142
49 139
49 136
48 133
48 130
48 127
49 124
49 121
49 118
49 115
50 112
51 109
51 106
52 103
53 100
54 97
55 94
57 91
58 88
60 85
62 82
64 79
67 76
69 73
72 70
75 68
78 65
81 63
84 61
87 60
90 58
93 57
96 55
99 54
102 53
105 52
108 52
111 51
114 50
117 50
120 49
123 49
126 49
129 49
132 49
135 49
138 49
141 49
144 49
147 49
150 50
153 50
156 51
159 52
162 53
165 53
168 55
171 56
174 57
177 59
180 60
183 62
186 65
189 67
192 70
195 73
198 76
200 79
202 82
203 85
205 88
206 91
207 94
208 97
208 100
209 103
209 106
209 109
209 112
209 115
209 118
208 121
207 124
207 127
206 130
205 133
204 136
203 139
202 142
201 145
200 148
199 151
199 154
198 157
198 160
198 163
197 166
197 169
197 172
197 175
197 178
197 181
196 184
196 187
196 190
196 193
196 196
196 199
196 202
196 205
196 208
196 211
196 214
196 217
196 220
197 223
197 226
197 229
198 232
198 235
198 238
199 241
199 244
200 247
200 250
201 253
201 256
202 259
202 262
203 265
203 268
204 271
205 274
206 277
206 280
207 283
208 286
209 289
210 292
211 295
212 298
213 301
214 304
216 307
217 310
218 313
219 316
221 319
222 322
223 325
225 328
226 331
227 334
229 337
230 340
232 343
233 346
235 349
236 352
237 355
236 358
233 359
230 359
227 358
224 356
221 353
218 350
216 347
214 344
213 341
211 338
209 335
208 332
207 329
205 326
204 323
203 320
201 317
200 314
199 311
198 308
197 305
197 302
196 299
195 296
195 293
194 290
194 287
193 284
193 281
192 278
192 275
191 272
191 269
190 266
190 263
190 260
189 257
189 254
188 251
188 248
187 245
187 242
187 239
186 236
186 233
185 230
185 227
184 224
184 221
183 218
182 215
182 212
181 209
180 206
178 203
175 204
175 207
175 210
175 213
176 216
176 219
177 222
177 225
178 228
178 231
178 234
178 237
179 240
179 243
179 246
179 249
179 252
179 255
180 258
180 261
179 264
179 267
179 270
179 273
179 276
178 279
178 282
177 285
177 288
176 291
175 294
174 297
173 300
172 303
172 306
171 309
170 312
169 315
169 318
168 321
168 324
167 327
167 330
167 333
167 336
168 339
168 342
169 345
169 348
170 351
172 354
173 357
175 360
178 363
181 366
184 369
187 371
190 373
193 374
196 376
199 377
202 378
205 379
208 380
211 381
214 381
217 382
220 382
223 383
226 383
229 384
232 384
235 384
238 384
241 385
244 385
247 385
250 384
253 384
256 384
259 384
262 383
265 383
268 382
271 381
274 381
277 380
280 379
283 378
286 377
289 376
292 375
295 374
298 373
301 371
304 370
307 368
310 366
313 363
316 360
319 357
321 354
322 351
324 348
325 345
326 342
326 339
327 336
327 333
327 330
327 327
327 324
326 321
326 318
325 315
324 312
323 309
322 306
320 303
319 300
317 297
315 294
312 291
310 288
307 285
304 282
301 280
298 278
295 276
292 274
289 273
286 272
283 271
280 270
277 269
274 269
271 268
268 268
265 269
262 271
261 274
261 277
261 280
263 283
264 286
266 289
267 292
269 295
270 298
271 301
272 304
272 307
272 310
272 313
272 316
271 319
271 322
271 325
270 328
270 331
270 334
270 337
270 340
269 343
269 346
267 349
266 352
263 354
260 356
257 355
254 353
252 350
251 347
250 344
248 341
247 338
245 335
243 332
241 329
240 326
238 323
236 320
234 317
233 314
231 311
230 308
228 305
227 302
226 299
224 296
223 293
222 290
221 287
220 284
219 281
218 278
218 275
217 272
216 269
216 266
215 263
215 260
215 257
214 254
214 251
214 248
214 245
214 242
214 239
214 236
214 233
215 230
215 227
215 224
216 221
216 218
217 215
217 212
218 209
219 206
220 203
221 200
222 197
223 194
224 191
226 188
227 185
229 182
231 179
232 176
234 173
236 170
239 167
241 164
243 161
246 158
248 155
251 152
254 149
257 146
260 143
262 140
265 137
268 134
271 131
273 128
276 125
278 122
280 119
282 116
284 113
285 110
287 107
288 104
289 101
291 98
292 95
294 92
296 89
298 86
301 83
304 80
307 78
310 76
313 74
316 73
319 71
322 70
325 70
328 69
331 69
334 68
337 68
340 68
343 69
346 69
349 70
352 70
355 71
358 73
361 74
364 76
367 78
370 80
373 83
376 86
378 89
380 92
382 95
384 98
385 101
386 104
387 107
388 110
389 113
389 116
389 119
389 122
389 125
389 128
389 131
388 134
387 137
386 140
384 143
383 146
380 149
377 152
374 154
371 156
368 157
365 158
362 159
359 159
356 159
353 158
350 158
347 156
344 155
341 152
338 149
336 146
335 143
333 140
332 137
330 134
328 131
325 128
322 127
319 126
316 126
313 126
310 127
307 128
304 129
301 131
298 133
295 135
292 137
289 139
286 142
283 145
280 148
277 151
275 154
272 157
270 160
268 163
266 166
264 169
262 172
261 175
259 178
259 181
258 184
258 187
258 190
259 193
260 196
262 199
265 201
268 203
271 204
274 205
277 205
280 205
283 205
286 206
289 205
292 205
295 205
298 205
301 205
304 205
307 204
310 204
313 204
316 203
319 203
322 203
325 203
328 203
331 203
334 202
337 202
340 202
343 203
346 203
349 203
352 203
355 203
358 203
361 204
364 204
367 204
370 205
373 205
376 205
379 206
382 206
385 207
388 207
391 208
394 209
397 210
400 210
403 211
406 212
409 214
412 215
415 216
418 218
421 220
424 222
427 224
430 227
432 230
435 233
436 236
437 239
437 242
436 245
434 248
431 250
428 253
425 256
424 259
424 262
425 265
426 268
428 271
430 274
433 276
436 278
439 280
442 282
445 283
448 284
451 284
454 285
457 285
460 285
463 285
466 285
469 285
472 285
475 284
478 283
481 283
484 282
487 281
490 279
493 278
496 277
499 276
502 274
505 273
508 271
511 269
514 268
517 266
520 264
523 263
526 261
529 259
532 257
535 255
538 253
541 251
544 249
547 247
550 245
553 243
556 240
559 238
562 235
565 232
568 229
569 226
571 223
571 220
570 217
568 214
565 211
562 210
559 209
556 208
553 208
550 208
547 209
544 210
541 210
538 212
535 213
532 214
529 215
526 217
523 218
520 220
517 221
514 221
511 222
508 222
505 221
502 220
499 218
496 215
494 212
493 209
492 206
492 203
492 200
492 197
493 194
494 191
495 188
497 185
499 182
502 179
505 177
508 175
511 174
514 172
517 172
520 171
523 171
526 170
529 170
532 170
535 171
538 171
541 172
544 172
547 173
550 174
553 174
556 175
559 176
562 177
565 178
568 179
571 180
574 181
577 182
580 183
583 184
586 185
589 187
592 188
595 189
598 191
601 192
604 194
607 195
610 197
613 199
616 201
619 203
622 205
625 207
628 209
631 212
634 215
637 218
640 221
642 224
645 227
647 230
648 233
650 236
651 239
652 242
652 245
652 248
652 251
652 254
652 257
651 260
650 263
648 266
646 269
644 272
642 275
639 278
636 281
633 283
630 285
627 287
624 289
621 290
618 291
615 292
612 292
609 292
606 291
603 290
601 287
600 284
599 281
599 278
598 275
598 272
598 269
598 266
597 263
597 260
596 257
594 254
591 251
588 251
585 251
582 253
579 254
576 256
573 259
570 261
567 263
564 266
561 269
558 271
555 274
552 277
550 280
547 283
545 286
542 289
541 292
539 295
537 298
536 301
535 304
534 307
534 310
533 313
533 316
534 319
534 322
535 325
536 328
538 331
540 334
542 337
545 340
548 342
551 344
554 346
557 348
560 349
563 350
566 351
569 351
572 352
575 352
578 352
581 352
584 352
587 352
590 351
593 351
596 350
599 349
602 348
605 347
608 346
611 344
614 343
617 341
620 338
623 336
626 333
629 330
631 327
634 324
636 321
639 318
641 315
643 312
646 309
648 306
651 303
654 300
657 297
659 294
662 291
665 288
668 285
670 282
672 279
675 276
677 273
679 270
681 267
682 264
684 261
685 258
687 255
688 252
689 249
690 246
691 243
691 240
692 237
693 234
693 231
693 228
694 225
694 222
694 219
694 216
694 213
694 210
694 207
693 204
693 201
693 198
693 195
693 192
692 189
692 186
692 183
692 180
691 177
691 174
691 171
691 168
690 165
690 162
690 159
690 156
690 153
689 150
689 147
689 144
689 141
689 138
689 135
688 132
688 129
688 126
687 123
686 120
685 117
682 114
679 112
676 112
673 113
670 114
667 117
665 120
664 123
664 126
664 129
664 132
664 135
665 138
665 141
665 144
665 147
666 150
666 153
666 156
667 159
667 162
668 165
669 168
669 171
670 174
670 177
671 180
672 183
672 186
673 189
673 192
673 195
673 198
672 201
669 203
666 201
663 198
660 195
657 192
654 190
651 187
648 185
645 182
642 179
639 177
636 175
633 172
630 169
627 167
624 164
621 161
618 158
615 155
612 152
610 149
608 146
606 143
604 140
602 137
601 134
600 131
599 128
598 125
597 122
597 119
596 116
596 113
596 110
596 107
596 104
597 101
597 98
598 95
599 92
600 89
601 86
602 83
604 80
605 77
607 74
609 71
612 68
615 65
618 62
621 59
624 57
627 55
630 53
633 51
636 49
639 48
642 47
645 46
648 44
651 43
654 43
657 42
660 41
663 40
666 40
669 39
672 39
675 39
678 38
681 38
684 38
687 38
690 38
693 37
696 37
699 38
702 38
705 38
708 38
711 38
714 39
717 39
720 40
723 40
726 41
729 41
732 42
735 43
738 44
741 45
744 46
747 47
750 49
753 50
756 52
759 54
762 56
765 58
768 60
771 63
774 66
776 69
779 72
781 75
783 78
785 81
786 84
787 87
789 90
790 93
790 96
791 99
792 102
792 105
793 108
793 111
793 114
793 117
793 120
792 123
792 126
791 129
790 132
789 135
788 138
786 141
785 144
783 147
780 150
778 153
775 156
772 159
769 161
766 164
763 166
760 168
757 170
754 172
751 174
748 176
745 178
742 180
739 183
736 185
733 188
730 191
728 194
727 197
726 200
725 203
724 206
723 209
723 212
723 215
723 218
722 221
723 224
723 227
723 230
723 233
723 236
724 239
724 242
725 245
725 248
722 251
721 248
721 245
720 242
720 239
719 236
719 233
718 230
718 227
718 224
718 221
717 218
717 215
717 212
717 209
717 206
717 203
717 200
717 197
718 194
718 191
718 188
718 185
719 182
719 179
720 176
720 173
720 170
721 167
721 164
721 161
722 158
722 155
722 152
722 149
722 146
722 143
722 140
722 137
722 134
722 131
722 128
721 125
720 122
719 119
716 116
713 115
710 116
708 119
707 122
707 125
707 128
707 131
707 134
707 137
708 140
708 143
708 146
708 149
708 152
708 155
709 158
709 161
709 164
709 167
709 170
709 173
709 176
709 179
709 182
709 185
709 188
709 191
709 194
709 197
710 200
710 203
710 206
710 209
710 212
711 215
711 218
711 221
711 224
712 227
712 230
712 233
713 236
713 239
713 242
714 245
714 248
714 251
715 254
715 257
716 260
716 263
716 266
717 269
717 272
717 275
718 278
718 281
718 284
718 287
718 290
718 293
718 296
718 299
717 302
717 305
717 308
718 311
718 314
718 317
719 320
720 323
721 326
722 329
723 332
724 335
726 338
728 341
730 344
732 347
735 350
738 352
741 354
744 356
747 358
750 360
753 361
756 362
759 363
762 364
765 364
768 365
771 365
774 366
777 366
780 366
783 366
786 366
789 366
792 365
795 365
798 364
801 364
804 363
807 362
810 360
813 359
816 357
819 355
822 353
825 350
828 347
830 344
831 341
832 338
833 335
834 332
835 329
835 326
835 323
835 320
834 317
834 314
833 311
833 308
832 305
831 302
829 299
828 296
827 293
825 290
824 287
822 284
821 281
819 278
817 275
815 272
813 269
811 266
809 263
807 260
804 257
802 254
800 251
797 248
794 246
791 245
788 245
785 248
784 251
784 254
784 257
784 260
784 263
784 266
784 269
784 272
784 275
784 278
783 281
783 284
782 287
781 290
781 293
780 296
780 299
780 302
780 305
779 308
779 311
779 314
777 317
775 320
772 322
769 323
766 323
763 323
760 321
757 318
755 315
753 312
752 309
751 306
751 303
750 300
750 297
749 294
749 291
749 288
749 285
748 282
748 279
747 276
747 273
746 270
746 267
745 264
745 261
744 258
744 255
744 252
744 249
744 246
744 243
744 240
745 237
745 234
746 231
747 228
748 225
750 222
751 219
753 216
756 213
759 210
762 207
765 205
768 203
771 201
774 200
777 198
780 197
783 196
786 194
789 193
792 192
795 191
798 190
801 190
804 189
807 188
810 187
813 187
816 186
819 186
822 185
825 184
828 184
831 183
834 183
837 183
840 183
843 182
846 182
849 183
852 183
855 183
858 184
861 185
864 186
867 187
870 188
873 190
876 192
879 194
882 196
885 199
888 202
891 205
893 208
896 211
898 214
900 217
902 220
903 223
905 226
906 229
907 232
908 235
909 238
910 241
911 244
912 247
912 250
913 253
913 256
914 259
914 262
914 265
914 268
913 271
912 274
909 277
906 278
903 278
900 277
897 275
894 272
892 269
889 266
887 263
885 260
883 257
880 254
877 251
874 248
871 246
868 244
865 241
862 239
859 237
856 234
853 232
850 229
847 226
844 223
841 221
838 219
835 217
832 216
829 216
826 216
823 216
820 218
818 221
818 224
818 227
820 230
821 233
823 236
826 239
828 242
831 245
833 248
836 251
838 254
841 257
843 260
846 263
848 266
851 269
853 272
855 275
858 278
860 281
863 284
865 287
867 290
870 293
873 296
875 299
878 302
881 305
884 308
887 310
890 312
893 314
896 316
899 318
902 320
905 321
908 322
911 323
914 324
917 324
920 325
923 325
926 325
929 325
932 325
935 324
938 323
941 322
944 321
947 320
950 318
953 316
956 313
959 310
961 307
963 304
964 301
965 298
966 295
967 292
968 289
968 286
968 283
968 280
968 277
968 274
968 271
967 268
967 265
967 262
966 259
965 256
965 253
964 250
963 247
962 244
962 241
961 238
960 235
960 232
959 229
959 226
958 223
958 220
957 217
957 214
957 211
956 208
956 205
956 202
955 199
955 196
955 193
955 190
954 187
954 184
954 181
954 178
954 175
954 172
954 169
954 166
954 163
954 160
955 157
955 154
954 151
951 149
948 152
947 155
946 158
945 161
944 164
944 167
944 170
943 173
943 176
943 179
943 182
943 185
943 188
943 191
943 194
943 197
943 200
943 203
943 206
943 209
943 212
943 215
943 218
943 221
943 224
943 227
943 230
943 233
943 236
943 239
942 242
941 245
940 248
939 251
936 252
935 249
935 246
935 243
935 240
935 237
935 234
935 231
935 228
934 225
934 222
933 219
933 216
932 213
932 210
931 207
930 204
929 201
928 198
927 195
926 192
925 189
924 186
923 183
922 180
921 177
920 174
919 171
918 168
917 165
916 162
916 159
915 156
915 153
914 150
914 147
914 144
914 141
914 138
914 135
915 132
915 129
916 126
917 123
918 120
919 117
920 114
921 111
923 108
925 105
927 102
929 99
931 96
934 93
937 90
940 87
943 85
946 83
949 81
952 80
955 78
958 77
961 76
964 76
967 75
970 74
973 74
976 74
979 74
982 74
985 75
988 75
991 76
994 77
997 78
1000 79
1003 81
1006 83
1009 85
1012 88
1015 91
1018 94
1020 97
1022 100
1023 103
1024 106
1026 109
1026 112
1027 115
1028 118
1028 121
1029 124
1029 127
1029 130
1029 133
1029 136
1029 139
1028 142
1028 145
1028 148
1027 151
1027 154
1026 157
1025 160
1025 163
1024 166
1023 169
1023 172
1022 175
1021 178
1020 181
1019 184
1018 187
1018 190
1017 193
1016 196
1015 199
1014 202
1013 205
1012 208
1011 211
1008 213
1005 211
1003 208
1001 205
1000 202
1000 199
999 196
998 193
998 190
997 187
997 184
996 181
996 178
995 175
995 172
994 169
993 166
993 163
992 160
991 157
991 154
990 151
989 148
988 145
987 142
986 139
983 136
980 134
977 135
974 137
973 140
972 143
972 146
972 149
972 152
972 155
972 158
973 161
973 164
973 167
973 170
973 173
974 176
974 179
974 182
974 185
975 188
975 191
976 194
976 197
977 200
977 203
978 206
978 209
979 212
980 215
981 218
982 221
983 224
984 227
985 230
986 233
988 236
989 239
991 242
993 245
995 248
997 251
999 254
1001 257
1003 260
1005 263
1007 266
1009 269
1012 272
1014 275
1016 278
1018 281
1021 284
1024 287
1027 290
1030 293
1033 295
1036 297
1039 299
1042 300
1045 301
1048 302
1051 303
1054 303
1057 303
1060 303
1063 303
1066 303
1069 302
1072 301
1075 300
1078 298
1081 297
1084 295
1087 293
1090 290
1093 287
1096 284
1099 281
1101 278
1104 275
1106 272
1107 269
1109 266
1111 263
1113 260
1114 257
1115 254
1117 251
1118 248
1119 245
1120 242
1121 239
1122 236
1123 233
1123 230
1124 227
1124 224
1124 221
1124 218
1123 215
1122 212
1121 209
1119 206
1116 203
1113 201
1110 200
1107 199
1104 199
1101 200
1098 201
1095 203
1092 206
1090 209
1088 212
1086 215
1084 218
1082 221
1080 224
1078 227
1077 230
1075 233
1073 236
1071 239
1069 242
1066 245
1063 247
1060 248
1057 248
1054 248
1051 248
1048 246
1045 244
1043 241
1041 238
1040 235
1039 232
1039 229
1039 226
1039 223
1040 220
1040 217
1041 214
1042 211
1043 208
1044 205
1045 202
1046 199
1047 196
1048 193
1050 190
1051 187
1052 184
1054 181
1055 178
1057 175
1058 172
1060 169
1062 166
1063 163
1065 160
1067 157
1069 154
1071 151
1073 148
1075 145
1077 142
1080 139
1082 136
1085 133
1088 130
1091 127
1094 125
1097 123
1100 121
1103 119
1106 118
1109 117
1112 116
1115 115
1118 115
1121 114
1124 114
1127 114
1130 114
1133 115
1136 115
1139 116
1142 117
1145 118
1148 119
1151 121
1154 122
1157 124
1160 126
1163 128
1166 131
1169 134
1172 136
1175 139
1177 142
1180 145
1183 148
1185 151
1187 154
1190 157
1192 160
1194 163
1196 166
