0 208
6 208
12 207
18 206
24 204
30 201
36 199
42 198
48 198
54 200
60 202
66 205
72 209
78 212
84 215
90 217
96 218
102 218
108 218
114 217
120 215
126 213
132 210
138 207
144 205
150 203
156 201
162 201
168 200
174 200
180 200
186 200
192 200
198 201
204 203
210 206
216 210
222 215
228 218
234 220
240 221
246 221
252 219
258 216
264 212
270 208
276 205
282 203
288 203
294 204
300 206
306 209
312 212
318 213
324 214
330 214
336 211
342 208
348 203
354 198
360 194
366 192
372 192
378 194
384 197
390 202
396 206
402 210
408 212
414 213
420 212
426 210
432 207
438 204
444 202
450 201
456 200
462 201
468 202
474 204
480 206
486 208
492 209
498 211
504 212
510 214
516 215
522 215
528 216
534 215
540 213
546 211
552 208
558 206
564 203
570 202
576 202
582 202
588 204
594 206
600 209
606 211
612 212
618 212
624 212
630 210
636 209
642 207
648 205
654 205
660 205
666 207
672 209
678 211
684 213
690 214
696 215
702 214
708 213
714 212
720 211
726 209
732 208
738 208
744 208
750 208
756 208
762 209
768 209
774 210
780 211
786 211
792 211
798 211
804 210
810 208
816 205
822 202
828 200
834 198
840 197
846 197
852 198
858 200
864 203
870 206
876 207
882 208
888 208
894 208
900 207
906 207
912 207
918 208
924 210
930 213
936 216
942 218
948 220
954 221
960 220
966 219
972 217
978 215
984 211
990 208
996 205
1002 202
1008 201
1014 199
1020 199
1026 198
1032 199
1038 199
1044 198
1050 198
1056 197
1062 196
1068 195
1074 195
1080 195
1086 197
1092 200
1098 204
1104 209
1110 214
1116 218
1122 220
1128 221
1134 222
1140 221
1146 219
1152 216
1158 213
1164 210
1170 208
1176 207
1182 207
1188 207
