0 202
6 202
12 202
18 202
24 201
30 201
36 201
42 201
48 201
54 201
60 201
66 202
72 202
78 202
84 203
90 203
96 203
102 203
108 203
114 203
120 203
126 202
132 202
138 202
144 201
150 201
156 201
162 201
168 201
174 201
180 201
186 201
192 201
198 201
204 201
210 202
216 202
222 202
228 203
234 203
240 203
246 203
252 203
258 203
264 202
270 202
276 201
282 201
288 201
294 201
300 202
306 202
312 202
318 202
324 202
330 202
336 202
342 202
348 201
354 200
360 200
366 200
372 200
378 200
384 200
390 201
396 201
402 202
408 202
414 202
420 202
426 202
432 202
438 201
444 201
450 201
456 201
462 201
468 201
474 202
480 202
486 202
492 202
498 202
504 202
510 202
516 202
522 203
528 203
534 203
540 203
546 202
552 202
558 202
564 202
570 201
576 201
582 201
588 201
594 202
600 202
606 202
612 202
618 203
624 202
630 202
636 202
642 202
648 202
654 202
660 202
666 202
672 202
678 202
684 203
690 203
696 203
702 203
708 203
714 202
720 202
726 202
732 202
738 202
744 202
750 202
756 202
762 202
768 202
774 202
780 202
786 202
792 202
798 202
804 202
810 202
816 201
822 201
828 201
834 201
840 200
846 200
852 201
858 201
864 201
870 202
876 202
882 202
888 202
894 202
900 202
906 202
912 202
918 202
924 202
930 202
936 203
942 203
948 203
954 203
960 203
966 203
972 203
978 202
984 202
990 202
996 201
1002 201
1008 201
1014 201
1020 200
1026 200
1032 200
1038 201
1044 201
1050 201
1056 200
1062 200
1068 200
1074 200
1080 200
1086 200
1092 201
1098 201
1104 202
1110 202
1116 203
1122 203
1128 203
1134 204
1140 203
1146 203
1152 203
1158 202
1164 202
1170 202
1176 202
1182 202
1188 202
