0 199
6 199
12 198
18 195
24 191
30 187
36 184
42 183
48 183
54 184
60 188
66 193
71 199
76 205
82 210
88 214
94 216
100 217
106 217
112 215
118 213
124 209
130 205
136 200
142 195
148 191
154 189
160 186
166 185
172 184
178 184
184 184
190 185
196 186
202 189
208 194
213 200
217 206
222 212
228 217
234 220
240 221
246 220
252 218
258 213
263 207
268 201
274 195
280 192
286 191
292 192
298 195
304 199
310 204
316 207
322 209
328 209
334 207
340 203
344 197
348 191
351 185
356 179
362 175
368 173
374 174
380 177
386 183
390 189
394 195
399 201
405 206
411 207
417 207
423 205
429 201
435 196
441 191
447 188
453 186
459 186
465 188
471 190
477 193
483 197
489 200
495 203
501 206
507 209
513 211
519 212
525 212
531 212
537 210
543 207
549 202
555 197
561 192
567 189
573 188
579 189
585 191
591 194
597 198
603 202
609 205
615 206
621 206
627 204
633 202
639 198
645 195
651 194
657 193
663 195
669 198
675 202
681 206
687 208
693 210
699 210
705 209
711 207
717 205
723 202
729 200
735 199
741 198
747 198
753 199
759 200
765 201
771 203
777 204
783 205
789 205
795 205
801 204
807 201
813 197
819 192
825 187
831 183
837 181
843 180
849 181
855 184
861 188
867 193
873 197
879 199
885 200
891 199
897 198
903 198
909 197
915 198
921 201
927 205
933 210
939 215
945 218
951 220
957 221
963 220
969 218
975 215
981 210
986 204
992 198
998 193
1004 189
1010 186
1016 184
1022 183
1028 183
1034 183
1040 183
1046 183
1052 182
1058 180
1064 179
1070 178
1076 178
1082 179
1088 181
1094 186
1098 192
1101 198
1104 204
1108 210
1114 216
1120 220
1126 222
1132 222
1138 221
1144 219
1150 215
1156 210
1162 205
1168 201
1174 199
1180 198
1186 198
1192 199
