0 205
6 205
12 204
18 202
24 200
30 197
36 194
42 193
48 193
54 194
60 197
66 201
72 205
78 210
84 213
90 216
96 217
102 217
108 217
114 216
120 213
126 211
132 207
138 204
144 201
150 199
156 197
162 196
168 195
174 195
180 194
186 195
192 195
198 196
204 199
210 203
216 208
222 213
228 217
234 220
240 221
246 220
252 218
258 214
264 210
270 205
276 201
282 199
288 199
294 200
300 203
306 206
312 209
318 211
324 212
330 212
336 209
342 205
348 199
354 193
360 188
366 186
372 186
378 188
384 192
390 197
396 203
402 208
408 210
414 211
420 210
426 207
432 204
438 200
444 198
450 196
456 196
462 196
468 198
474 200
480 202
486 204
492 206
498 208
504 210
510 212
516 213
522 214
528 214
534 213
540 211
546 209
552 205
558 202
564 199
570 197
576 197
582 198
588 200
594 203
600 206
606 208
612 210
618 210
624 209
630 208
636 205
642 203
648 202
654 201
660 201
666 203
672 206
678 208
684 211
690 212
696 213
702 212
708 211
714 209
720 208
726 206
732 205
738 205
744 204
750 205
756 205
762 206
768 207
774 208
780 209
786 209
792 209
798 208
804 207
810 204
816 201
822 198
828 195
834 192
840 191
846 192
852 193
858 196
864 199
870 202
876 204
882 205
888 205
894 205
900 204
906 203
912 204
918 205
924 207
930 211
936 214
942 217
948 219
954 220
960 220
966 219
972 216
978 213
984 209
990 205
996 201
1002 198
1008 196
1014 194
1020 194
1026 193
1032 194
1038 194
1044 193
1050 193
1056 192
1062 191
1068 190
1074 189
1080 190
1086 192
1092 195
1098 200
1103 206
1109 212
1115 216
1121 219
1127 221
1133 221
1139 220
1145 218
1151 215
1157 212
1163 208
1169 206
1175 204
1181 204
1187 204
1193 205
