0 200
6 200
12 200
18 200
24 199
30 199
36 199
42 198
48 198
54 199
60 199
66 200
72 200
78 201
84 201
90 202
96 202
102 202
108 202
114 202
120 201
126 201
132 200
138 200
144 199
150 199
156 199
162 199
168 199
174 199
180 199
186 199
192 199
198 199
204 199
210 200
216 200
222 201
228 202
234 203
240 203
246 203
252 202
258 202
264 201
270 200
276 200
282 199
288 199
294 199
300 200
306 200
312 201
318 201
324 201
330 201
336 200
342 200
348 199
354 198
360 197
366 197
372 197
378 197
384 198
390 198
396 199
402 200
408 201
414 201
420 201
426 200
432 200
438 199
444 199
450 198
456 198
462 199
468 199
474 199
480 200
486 200
492 200
498 200
504 201
510 201
516 201
522 201
528 202
534 202
540 201
546 201
552 200
558 200
564 199
570 199
576 199
582 199
588 200
594 200
600 200
606 201
612 201
618 201
624 201
630 201
636 200
642 200
648 200
654 200
660 200
666 200
672 200
678 201
684 201
690 201
696 202
702 201
708 201
714 201
720 201
726 201
732 200
738 200
744 200
750 200
756 200
762 200
768 200
774 201
780 201
786 201
792 201
798 201
804 200
810 200
816 200
822 199
828 198
834 198
840 198
846 198
852 198
858 199
864 199
870 200
876 200
882 200
888 200
894 200
900 200
906 200
912 200
918 200
924 200
930 201
936 202
942 202
948 202
954 202
960 202
966 202
972 202
978 201
984 201
990 200
996 199
1002 199
1008 199
1014 198
1020 198
1026 198
1032 198
1038 198
1044 198
1050 198
1056 198
1062 198
1068 198
1074 197
1080 197
1086 198
1092 198
1098 199
1104 200
1110 201
1116 202
1122 202
1128 203
1134 203
1140 202
1146 202
1152 202
1158 201
1164 200
1170 200
1176 200
1182 200
1188 200
