0 216
6 216
12 215
18 214
24 212
30 211
36 210
42 209
48 209
54 210
60 211
66 213
72 216
78 218
84 220
90 221
96 222
102 222
108 222
114 221
120 220
126 218
132 217
138 215
144 213
150 212
156 211
162 211
168 210
174 210
180 210
186 210
192 210
198 211
204 212
210 214
216 217
222 220
228 222
234 224
240 224
246 224
252 223
258 221
264 218
270 215
276 213
282 212
288 212
294 213
300 214
306 216
312 218
318 219
324 219
330 219
336 218
342 215
348 212
354 208
360 206
366 204
372 204
378 205
384 208
390 211
396 214
402 217
408 218
414 218
420 218
426 216
432 214
438 212
444 211
450 210
456 210
462 210
468 211
474 213
480 214
486 215
492 216
498 217
504 218
510 219
516 220
522 220
528 220
534 220
540 219
546 217
552 216
558 214
564 212
570 211
576 211
582 212
588 213
594 214
600 216
606 217
612 218
618 218
624 218
630 217
636 216
642 215
648 214
654 213
660 213
666 215
672 216
678 218
684 219
690 220
696 220
702 220
708 219
714 218
720 217
726 216
732 216
738 215
744 215
750 215
756 215
762 216
768 216
774 217
780 217
786 218
792 218
798 217
804 216
810 215
816 213
822 211
828 210
834 208
840 208
846 208
852 209
858 210
864 212
870 214
876 215
882 216
888 216
894 215
900 215
906 214
912 214
918 215
924 217
930 218
936 220
942 222
948 223
954 224
960 224
966 223
972 221
978 220
984 217
990 215
996 213
1002 211
1008 210
1014 209
1020 209
1026 209
1032 209
1038 209
1044 209
1050 209
1056 208
1062 207
1068 207
1074 206
1080 207
1086 208
1092 210
1098 213
1104 216
1110 219
1116 222
1122 223
1128 224
1134 225
1140 224
1146 223
1152 221
1158 219
1164 217
1170 216
1176 215
1182 215
1188 215
