0 212
6 212
12 211
18 210
24 208
30 206
36 205
42 204
48 204
54 205
60 207
66 209
72 212
78 215
84 217
90 219
96 220
102 220
108 220
114 219
120 217
126 215
132 213
138 211
144 209
150 208
156 206
162 206
168 205
174 205
180 205
186 205
192 205
198 206
204 208
210 210
216 213
222 217
228 220
234 222
240 222
246 222
252 221
258 218
264 215
270 211
276 209
282 207
288 207
294 208
300 210
306 212
312 215
318 216
324 217
330 216
336 214
342 211
348 207
354 203
360 200
366 198
372 198
378 199
384 202
390 206
396 210
402 213
408 215
414 215
420 215
426 213
432 211
438 208
444 206
450 205
456 205
462 206
468 207
474 208
480 210
486 211
492 212
498 214
504 215
510 216
516 217
522 218
528 218
534 217
540 216
546 214
552 212
558 210
564 208
570 207
576 206
582 207
588 208
594 210
600 212
606 214
612 215
618 215
624 215
630 214
636 212
642 211
648 209
654 209
660 209
666 210
672 212
678 214
684 216
690 217
696 217
702 217
708 216
714 215
720 214
726 213
732 212
738 211
744 211
750 211
756 212
762 212
768 213
774 213
780 214
786 214
792 214
798 214
804 213
810 211
816 209
822 207
828 205
834 203
840 202
846 202
852 203
858 205
864 208
870 210
876 211
882 212
888 212
894 211
900 211
906 210
912 211
918 211
924 213
930 215
936 218
942 220
948 221
954 222
960 222
966 221
972 219
978 217
984 214
990 212
996 209
1002 207
1008 205
1014 204
1020 204
1026 204
1032 204
1038 204
1044 204
1050 203
1056 203
1062 202
1068 201
1074 201
1080 201
1086 202
1092 205
1098 208
1104 212
1110 216
1116 219
1122 222
1128 223
1134 223
1140 222
1146 220
1152 218
1158 216
1164 214
1170 212
1176 211
1182 211
1188 211
