0 218
6 218
12 218
18 218
24 218
30 218
36 217
42 217
48 217
54 217
60 218
66 218
72 218
78 218
84 218
90 218
96 218
102 218
108 218
114 218
120 218
126 218
132 218
138 218
144 218
150 218
156 218
162 218
168 218
174 218
180 218
186 218
192 218
198 218
204 218
210 218
216 218
222 218
228 218
234 218
240 218
246 218
252 218
258 218
264 218
270 218
276 218
282 218
288 218
294 218
300 218
306 218
312 218
318 218
324 218
330 218
336 218
342 218
348 217
354 217
360 217
366 217
372 217
378 217
384 217
390 217
396 218
402 218
408 218
414 218
420 218
426 218
432 218
438 217
444 217
450 217
456 217
462 217
468 217
474 218
480 218
486 218
492 218
498 218
504 218
510 218
516 218
522 218
528 218
534 218
540 218
546 218
552 218
558 218
564 218
570 218
576 218
582 218
588 218
594 218
600 218
606 218
612 218
618 218
624 218
630 218
636 218
642 218
648 218
654 218
660 218
666 218
672 218
678 218
684 218
690 218
696 218
702 218
708 218
714 218
720 218
726 218
732 218
738 218
744 218
750 218
756 218
762 218
768 218
774 218
780 218
786 218
792 218
798 218
804 218
810 218
816 218
822 218
828 217
834 217
840 217
846 217
852 217
858 217
864 218
870 218
876 218
882 218
888 218
894 218
900 218
906 218
912 218
918 218
924 218
930 218
936 218
942 218
948 218
954 218
960 218
966 218
972 218
978 218
984 218
990 218
996 217
1002 217
1008 217
1014 217
1020 217
1026 217
1032 217
1038 217
1044 217
1050 217
1056 217
1062 217
1068 217
1074 217
1080 217
1086 217
1092 217
1098 217
1104 218
1110 218
1116 218
1122 218
1128 218
1134 218
1140 218
1146 218
1152 218
1158 218
1164 218
1170 218
1176 218
1182 218
1188 218
