0 73
3 75
6 77
9 79
12 82
14 85
17 88
18 91
20 94
21 97
22 100
23 103
24 106
24 109
24 112
24 115
24 118
24 121
23 124
22 127
21 130
20 133
18 136
17 139
14 142
12 145
10 148
7 151
4 154
1 157
1198 160
1195 162
1192 165
1189 167
1186 169
1183 170
1180 171
1177 170
1175 167
1176 164
1176 161
1177 158
1178 155
1179 152
1180 149
1181 146
1183 143
1185 140
1186 137
1187 134
1188 131
1189 128
1189 125
1188 122
1188 119
1186 116
1183 113
1180 112
1177 112
1174 112
1171 113
1168 115
1165 118
1163 121
1161 124
1160 127
1159 130
1157 133
1156 136
1155 139
1154 142
1153 145
1153 148
1152 151
1151 154
1150 157
1149 160
1149 163
1148 166
1147 169
1147 172
1146 175
1146 178
1145 181
1145 184
1145 187
1144 190
1144 193
1145 196
1145 199
1145 202
1146 205
1146 208
1147 211
1149 214
1150 217
1152 220
1154 223
1157 226
1160 229
1163 232
1166 234
1169 236
1172 238
1175 240
1178 241
1181 243
1184 244
1187 246
1190 247
1193 249
1196 250
1199 251
2 252
5 254
8 254
11 255
14 256
17 256
20 257
23 257
26 256
29 256
32 255
35 254
38 253
41 251
44 250
47 248
50 245
53 243
56 240
59 237
61 234
63 231
65 228
67 225
68 222
70 219
71 216
71 213
72 210
72 207
71 204
70 201
67 198
64 196
61 195
58 194
55 195
52 195
49 196
46 198
43 199
40 201
37 204
34 207
31 210
28 213
25 216
22 219
19 220
16 221
13 222
10 222
7 221
4 220
1 219
1199 216
1198 213
1198 210
1199 207
0 204
2 201
5 198
8 195
11 192
14 189
17 187
20 184
23 182
26 180
29 177
32 175
35 173
38 171
41 170
44 168
47 166
50 165
53 164
56 163
59 162
62 161
65 160
68 159
71 159
74 159
77 159
80 159
83 160
86 160
89 161
92 162
95 164
98 165
101 168
104 170
107 173
110 176
112 179
115 182
117 185
118 188
120 191
121 194
122 197
124 200
125 203
125 206
126 209
127 212
127 215
128 218
128 221
128 224
128 227
128 230
128 233
128 236
128 239
128 242
127 245
127 248
126 251
126 254
125 257
125 260
124 263
123 266
122 269
122 272
120 275
119 278
117 281
114 284
111 282
110 279
109 276
109 273
109 270
109 267
109 264
109 261
110 258
110 255
110 252
110 249
110 246
109 243
109 240
108 237
107 234
104 233
101 235
99 238
97 241
95 244
93 247
91 250
89 253
87 256
86 259
84 262
82 265
81 268
80 271
79 274
77 277
77 280
76 283
75 286
75 289
75 292
74 295
75 298
75 301
75 304
76 307
77 310
78 313
79 316
81 319
82 322
85 325
87 328
90 331
93 334
96 336
99 338
102 340
105 342
108 343
111 344
114 345
117 346
120 347
123 347
126 347
129 348
132 348
135 348
138 347
141 347
144 346
147 346
150 345
153 344
156 343
159 341
162 340
165 338
168 336
171 333
174 331
177 328
179 325
182 322
184 319
185 316
187 313
188 310
190 307
191 304
192 301
193 298
193 295
194 292
194 289
195 286
195 283
195 280
195 277
195 274
195 271
195 268
195 265
194 262
194 259
193 256
192 253
190 250
188 247
185 246
182 247
180 250
178 253
177 256
176 259
175 262
174 265
173 268
172 271
171 274
170 277
169 280
168 283
166 286
163 289
160 288
159 285
159 282
159 279
159 276
159 273
160 270
160 267
161 264
161 261
162 258
162 255
163 252
163 249
164 246
164 243
165 240
165 237
166 234
167 231
167 228
168 225
169 222
170 219
171 216
171 213
172 210
173 207
174 204
175 201
176 198
176 195
177 192
178 189
178 186
179 183
179 180
180 177
180 174
180 171
180 168
179 165
178 162
177 159
176 156
174 153
173 150
172 147
171 144
171 141
171 138
171 135
171 132
171 129
172 126
173 123
174 120
175 117
176 114
177 111
179 108
181 105
183 102
186 99
188 96
191 94
194 91
197 89
200 87
203 85
206 84
209 83
212 82
215 81
218 80
221 79
224 79
227 79
230 79
233 79
236 79
239 79
242 79
245 80
248 81
251 82
254 83
257 84
260 85
263 87
266 89
269 91
272 93
275 96
278 99
281 102
283 105
285 108
287 111
289 114
291 117
292 120
294 123
295 126
296 129
297 132
299 135
299 138
300 141
301 144
302 147
303 150
303 153
304 156
304 159
305 162
305 165
305 168
306 171
306 174
306 177
306 180
305 183
305 186
302 188
299 185
297 182
295 179
292 177
289 179
288 182
288 185
288 188
289 191
289 194
290 197
291 200
292 203
293 206
294 209
296 212
297 215
298 218
300 221
302 224
303 227
305 230
306 233
308 236
310 239
311 242
313 245
314 248
315 251
317 254
318 257
319 260
320 263
321 266
322 269
323 272
324 275
324 278
324 281
324 284
324 287
323 290
320 293
317 293
314 290
312 287
311 284
309 281
308 278
307 275
306 272
304 269
303 266
300 263
297 260
294 260
291 261
288 264
287 267
285 270
285 273
284 276
283 279
283 282
283 285
283 288
283 291
283 294
283 297
283 300
284 303
285 306
285 309
286 312
287 315
289 318
290 321
292 324
294 327
296 330
299 333
301 336
304 338
307 341
310 343
313 345
316 346
319 348
322 349
325 350
328 351
331 351
334 352
337 353
340 353
343 353
346 353
349 353
352 353
355 352
358 352
361 351
364 351
367 350
370 349
373 347
376 346
379 344
382 342
385 340
388 338
391 335
393 332
395 329
397 326
399 323
400 320
401 317
402 314
403 311
403 308
403 305
404 302
404 299
404 296
404 293
404 290
404 287
404 284
403 281
403 278
403 275
403 272
402 269
402 266
402 263
401 260
401 257
400 254
400 251
399 248
399 245
399 242
398 239
398 236
397 233
396 230
396 227
395 224
395 221
394 218
394 215
393 212
393 209
392 206
392 203
391 200
391 197
391 194
390 191
390 188
390 185
389 182
389 179
389 176
388 173
388 170
388 167
387 164
387 161
387 158
386 155
385 152
382 150
379 152
377 155
376 158
375 161
375 164
374 167
374 170
373 173
373 176
373 179
373 182
372 185
372 188
372 191
372 194
372 197
372 200
373 203
373 206
373 209
373 212
373 215
373 218
374 221
374 224
374 227
373 230
371 233
368 231
366 228
364 225
362 222
361 219
360 216
359 213
358 210
357 207
356 204
355 201
355 198
354 195
354 192
353 189
353 186
353 183
352 180
352 177
352 174
352 171
352 168
352 165
352 162
352 159
352 156
352 153
352 150
353 147
353 144
353 141
354 138
354 135
355 132
356 129
356 126
357 123
358 120
360 117
361 114
362 111
364 108
366 105
368 102
371 99
374 96
377 93
380 91
383 89
386 87
389 86
392 85
395 84
398 83
401 83
404 83
407 83
410 83
413 83
416 84
419 85
422 86
425 87
428 89
431 91
434 93
437 95
440 98
442 101
445 104
447 107
448 110
450 113
451 116
453 119
454 122
455 125
456 128
456 131
457 134
458 137
458 140
459 143
459 146
459 149
460 152
460 155
460 158
460 161
460 164
460 167
460 170
460 173
460 176
460 179
460 182
460 185
460 188
459 191
459 194
458 197
458 200
457 203
455 206
452 209
449 209
446 206
445 203
443 200
442 197
441 194
441 191
440 188
440 185
439 182
438 179
438 176
437 173
437 170
436 167
436 164
435 161
435 158
434 155
433 152
432 149
431 146
429 143
426 140
423 138
420 138
417 139
415 142
413 145
413 148
412 151
412 154
411 157
411 160
411 163
411 166
411 169
411 172
412 175
412 178
412 181
412 184
413 187
413 190
413 193
414 196
414 199
415 202
415 205
416 208
416 211
417 214
418 217
419 220
419 223
420 226
421 229
422 232
423 235
424 238
425 241
426 244
427 247
428 250
430 253
431 256
432 259
433 262
435 265
436 268
438 271
439 274
441 277
443 280
444 283
446 286
448 289
451 292
453 295
456 298
459 301
462 304
465 306
468 308
471 310
474 311
477 312
480 313
483 313
486 314
489 314
492 314
495 314
498 313
501 313
504 312
507 311
510 309
513 308
516 306
519 303
522 300
525 297
528 294
530 291
532 288
534 285
535 282
537 279
538 276
539 273
540 270
541 267
542 264
543 261
544 258
544 255
545 252
545 249
546 246
546 243
547 240
547 237
547 234
548 231
548 228
548 225
548 222
548 219
548 216
548 213
548 210
548 207
548 204
548 201
548 198
547 195
547 192
547 189
547 186
547 183
546 180
546 177
545 174
545 171
544 168
542 165
540 162
537 161
534 162
531 165
529 168
528 171
527 174
526 177
525 180
524 183
524 186
523 189
523 192
522 195
522 198
521 201
520 204
519 207
516 209
513 208
510 205
509 202
508 199
508 196
507 193
507 190
507 187
506 184
506 181
506 178
506 175
506 172
507 169
507 166
507 163
507 160
508 157
508 154
509 151
509 148
510 145
510 142
511 139
511 136
512 133
513 130
514 127
515 124
516 121
517 118
518 115
519 112
521 109
522 106
524 103
526 100
528 97
530 94
532 91
535 88
537 85
540 83
543 80
546 78
549 76
552 74
555 72
558 71
561 70
564 68
567 67
570 67
573 66
576 65
579 65
582 65
585 65
588 65
591 65
594 65
597 65
600 66
603 66
606 67
609 68
612 69
615 70
618 71
621 73
624 75
627 77
630 79
633 82
636 84
638 87
641 90
643 93
644 96
646 99
647 102
648 105
649 108
650 111
650 114
651 117
651 120
651 123
651 126
650 129
649 132
649 135
648 138
646 141
645 144
643 147
641 150
638 153
636 156
633 159
630 161
627 164
624 166
621 168
618 170
615 172
612 174
609 177
606 179
603 181
600 183
597 186
595 189
593 192
591 195
590 198
589 201
588 204
587 207
584 205
584 202
584 199
585 196
585 193
585 190
586 187
586 184
587 181
588 178
589 175
590 172
591 169
591 166
592 163
592 160
589 158
586 159
584 162
582 165
581 168
580 171
579 174
579 177
578 180
577 183
577 186
577 189
577 192
577 195
577 198
577 201
577 204
577 207
577 210
577 213
577 216
578 219
578 222
578 225
579 228
579 231
580 234
580 237
581 240
581 243
582 246
582 249
582 252
583 255
583 258
584 261
584 264
584 267
585 270
585 273
585 276
586 279
586 282
587 285
587 288
587 291
588 294
589 297
589 300
590 303
591 306
591 309
592 312
593 315
595 318
596 321
598 324
600 327
602 330
605 333
608 336
611 338
614 340
617 342
620 344
623 345
626 346
629 347
632 348
635 348
638 349
641 349
644 349
647 349
650 349
653 348
656 348
659 347
662 346
665 345
668 344
671 342
674 341
677 338
680 336
683 333
685 330
686 327
688 324
689 321
689 318
689 315
689 312
689 309
688 306
687 303
685 300
684 297
681 294
679 291
677 288
674 285
671 282
668 279
665 277
662 274
659 272
656 269
653 267
650 265
647 263
644 261
641 259
638 258
635 258
632 261
632 264
632 267
632 270
633 273
634 276
635 279
636 282
638 285
639 288
641 291
642 294
643 297
644 300
644 303
641 306
638 307
635 307
632 305
629 304
626 301
623 298
621 295
619 292
618 289
616 286
615 283
614 280
613 277
612 274
611 271
610 268
609 265
608 262
607 259
607 256
606 253
606 250
605 247
605 244
605 241
605 238
605 235
605 232
605 229
606 226
606 223
607 220
609 217
610 214
612 211
615 208
618 205
621 202
624 200
627 198
630 197
633 196
636 194
639 193
642 192
645 191
648 190
651 189
654 188
657 188
660 187
663 186
666 185
669 184
672 182
675 181
678 180
681 178
684 176
687 174
690 172
693 170
696 169
699 168
702 167
705 166
708 166
711 167
714 167
717 169
720 172
722 175
724 178
725 181
726 184
726 187
726 190
727 193
727 196
726 199
726 202
726 205
725 208
725 211
724 214
723 217
722 220
720 223
718 226
715 229
712 231
709 231
706 230
703 229
700 226
698 223
697 220
696 217
695 214
692 211
689 208
686 207
683 206
680 206
677 206
674 206
671 207
668 207
665 208
662 210
659 211
656 214
654 217
654 220
653 223
654 226
655 229
656 232
658 235
661 238
663 241
666 244
669 247
672 250
675 252
678 255
681 257
684 259
687 261
690 263
693 265
696 267
699 269
702 271
705 273
708 274
711 276
714 277
717 279
720 280
723 281
726 282
729 283
732 284
735 285
738 286
741 286
744 287
747 287
750 287
753 287
756 287
759 286
762 286
765 285
768 284
771 282
774 281
777 278
780 276
782 273
784 270
786 267
787 264
788 261
789 258
789 255
790 252
790 249
790 246
789 243
789 240
788 237
787 234
786 231
785 228
782 225
779 223
776 222
773 223
770 226
768 229
766 232
764 235
761 238
758 239
755 238
753 235
752 232
752 229
752 226
752 223
753 220
753 217
754 214
755 211
755 208
756 205
757 202
758 199
759 196
760 193
761 190
763 187
764 184
765 181
767 178
768 175
770 172
771 169
773 166
775 163
778 160
780 157
783 154
786 151
789 149
792 147
795 145
798 143
801 142
804 141
807 140
810 140
813 139
816 139
819 139
822 140
825 140
828 141
831 142
834 143
837 145
840 147
843 149
846 152
848 155
851 158
853 161
854 164
855 167
856 170
857 173
857 176
858 179
857 182
857 185
856 188
854 191
851 194
848 194
845 194
842 192
839 191
836 191
833 192
830 194
828 197
827 200
826 203
826 206
826 209
826 212
827 215
828 218
829 221
830 224
831 227
833 230
834 233
836 236
839 239
841 242
844 245
847 248
850 250
853 252
856 254
859 255
862 256
865 257
868 257
871 257
874 257
877 257
880 257
883 256
886 255
889 254
892 253
895 251
898 250
901 248
904 246
907 244
910 241
913 238
916 235
919 232
920 229
921 226
920 223
917 220
915 217
915 214
917 211
920 208
923 206
926 204
929 203
932 202
935 201
938 201
941 200
944 200
947 200
950 200
953 200
956 200
959 200
962 200
965 201
968 201
971 202
974 202
977 203
980 203
983 204
986 205
989 206
992 207
995 208
998 209
1001 211
1004 213
1007 215
1010 218
1012 221
1014 224
1014 227
1014 230
1013 233
1011 236
1009 239
1007 242
1004 245
1001 247
998 249
995 251
992 252
989 254
986 254
983 255
980 255
977 254
974 251
972 248
969 246
966 245
963 245
960 245
957 246
954 247
951 249
948 251
945 254
942 257
940 260
939 263
938 266
937 269
936 272
936 275
936 278
936 281
937 284
939 287
941 290
944 293
947 295
950 296
953 297
956 297
959 298
962 298
965 297
968 296
971 296
974 294
977 293
980 291
983 289
986 287
989 285
992 282
995 279
998 277
1001 274
1004 272
1007 269
1010 266
1013 264
1016 261
1019 259
1022 256
1025 253
1028 251
1031 248
1034 245
1036 242
1039 239
1041 236
1043 233
1045 230
1047 227
1049 224
1050 221
1051 218
1052 215
1053 212
1054 209
1054 206
1055 203
1055 200
1055 197
1055 194
1055 191
1054 188
1053 185
1052 182
1051 179
1050 176
1049 173
1047 170
1045 167
1042 164
1040 161
1037 158
1034 155
1031 153
1028 151
1025 149
1022 148
1019 147
1016 146
1013 146
1010 146
1007 146
1004 148
1002 151
1003 154
1004 157
1005 160
1008 163
1010 166
1012 169
1014 172
1016 175
1016 178
1013 180
1010 180
1007 179
1004 179
1001 178
998 177
995 176
992 175
989 174
986 173
983 172
980 171
977 170
974 168
971 166
968 164
965 161
962 158
960 155
958 152
956 149
955 146
954 143
953 140
953 137
952 134
952 131
952 128
953 125
953 122
954 119
954 116
955 113
956 110
958 107
960 104
961 101
964 98
966 95
969 92
972 90
975 87
978 86
981 84
984 83
987 81
990 80
993 80
996 79
999 79
1002 78
1005 78
1008 78
1011 79
1014 79
1017 80
1020 80
1023 81
1026 82
1029 84
1032 85
1035 87
1038 89
1041 92
1044 94
1047 97
1049 100
1051 103
1054 106
1056 109
1057 112
1059 115
1061 118
1062 121
1064 124
1065 127
1067 130
1068 133
1069 136
1071 139
1073 142
1074 145
1076 148
1077 151
1079 154
1080 157
1082 160
1083 163
1084 166
1086 169
1087 172
1088 175
1089 178
1090 181
1091 184
1092 187
1093 190
1093 193
1094 196
1094 199
1095 202
1095 205
1095 208
1095 211
1095 214
1095 217
1095 220
1095 223
1095 226
1095 229
1095 232
1095 235
1095 238
1095 241
1095 244
1095 247
1095 250
1094 253
1094 256
1094 259
1093 262
1093 265
1091 268
1088 266
1087 263
1087 260
1087 257
1087 254
1087 251
1087 248
1087 245
1087 242
1087 239
1087 236
1087 233
1087 230
1086 227
1086 224
1085 221
1084 218
1081 218
1079 221
1078 224
1077 227
1076 230
1075 233
1073 236
1072 239
1070 242
1069 245
1067 248
1065 251
1064 254
1062 257
1060 260
1059 263
1057 266
1056 269
1054 272
1053 275
1052 278
1051 281
1050 284
1049 287
1048 290
1048 293
1048 296
1047 299
1047 302
1048 305
1048 308
1049 311
1050 314
1051 317
1052 320
1054 323
1056 326
1058 329
1061 332
1064 335
1067 337
1070 339
1073 341
1076 343
1079 344
1082 345
1085 346
1088 347
1091 347
1094 348
1097 348
1100 349
1103 349
1106 349
1109 349
1112 348
1115 348
1118 348
1121 347
1124 346
1127 345
1130 344
1133 343
1136 341
1139 340
1142 338
1145 336
1148 333
1151 330
1154 327
1156 324
1158 321
1160 318
1161 315
1162 312
1163 309
1164 306
1164 303
1165 300
1165 297
1165 294
1164 291
1164 288
1163 285
1162 282
1161 279
1160 276
1158 273
1156 270
1154 267
1151 264
1148 261
1146 258
1143 255
1140 252
1137 249
1135 246
1132 243
1131 240
1129 237
1128 234
1127 231
1127 228
1126 225
1126 222
1126 219
1126 216
1126 213
1126 210
1127 207
1127 204
1127 201
1128 198
1128 195
1129 192
1129 189
1130 186
1130 183
1131 180
1132 177
1132 174
1133 171
1133 168
1134 165
1135 162
1136 159
1136 156
1133 153
1132 156
1131 159
1131 162
1130 165
1129 168
1126 171
1124 174
1123 177
1123 180
1123 183
1126 182
1127 179
1127 176
1128 173
1129 170
1126 168
1124 165
1125 162
1125 159
1125 156
1125 153
1125 150
1125 147
1124 144
1124 141
1124 138
1124 135
1124 132
1124 129
1124 126
1124 123
1124 120
1124 117
1125 114
1125 111
1126 108
1127 105
1127 102
1129 99
1130 96
1131 93
1133 90
1135 87
1138 84
1140 81
1143 79
1146 76
1149 74
1152 73
1155 71
1158 70
1161 69
1164 68
1167 67
1170 67
1173 67
1176 67
1179 67
1182 67
1185 68
1188 68
1191 69
1194 70
