0 62
6 65
12 69
18 75
23 81
28 87
31 93
34 99
36 105
38 111
40 117
42 123
43 129
44 135
44 141
45 147
45 153
45 159
45 165
44 171
43 177
42 183
40 189
37 195
33 201
27 207
21 212
15 214
9 215
3 215
1197 213
1191 210
1186 204
1184 198
1183 192
1183 186
1182 180
1180 174
1177 168
1174 162
1171 156
1170 150
1169 144
1166 138
1160 132
1154 131
1148 130
1142 131
1136 132
1130 135
1124 139
1118 144
1114 150
1112 156
1111 162
1111 168
1112 174
1113 180
1115 186
1116 192
1118 198
1120 204
1123 210
1125 216
1128 222
1131 228
1134 234
1137 240
1140 246
1144 252
1147 258
1151 264
1155 270
1159 276
1162 282
1166 288
1170 294
1174 300
1179 306
1183 312
1188 318
1193 324
1199 330
5 336
11 340
17 343
23 346
29 348
35 350
41 351
47 352
53 352
59 352
65 351
71 349
77 347
83 344
89 340
94 334
97 328
99 322
99 316
99 310
98 304
98 298
99 292
103 286
108 280
114 274
120 270
126 265
132 260
138 255
144 249
150 243
155 237
159 231
163 225
167 219
170 213
173 207
175 201
177 195
179 189
181 183
183 177
185 171
186 165
187 159
188 153
188 147
187 141
184 135
178 131
172 132
166 138
163 144
159 150
156 156
152 162
148 168
145 174
142 180
139 186
134 192
128 195
122 192
118 186
115 180
114 174
113 168
113 162
113 156
113 150
114 144
115 138
116 132
118 126
119 120
121 114
124 108
127 102
130 96
133 90
138 84
143 78
149 72
155 67
161 63
167 59
173 57
179 54
185 52
191 51
197 50
203 49
209 49
215 49
221 49
227 50
233 51
239 52
245 54
251 56
257 59
263 62
269 66
275 72
281 78
285 84
288 90
291 96
292 102
294 108
294 114
295 120
295 126
294 132
294 138
293 144
292 150
290 156
289 162
287 168
286 174
284 180
282 186
281 192
279 198
277 204
276 210
274 216
268 218
263 212
261 206
259 200
258 194
256 188
255 182
253 176
251 170
250 164
248 158
246 152
241 146
235 147
231 153
229 159
228 165
227 171
227 177
226 183
226 189
226 195
226 201
226 207
226 213
227 219
227 225
228 231
229 237
230 243
231 249
233 255
235 261
237 267
240 273
244 279
248 285
253 291
259 297
265 301
271 304
277 305
283 307
289 307
295 306
301 305
307 303
313 301
319 297
325 293
331 289
337 284
343 278
348 272
354 266
359 260
364 254
369 248
373 242
378 236
381 230
384 224
386 218
387 212
384 206
378 201
372 200
366 202
360 207
354 212
348 217
342 221
336 226
330 231
324 236
318 240
312 243
306 243
300 238
299 232
299 226
301 220
303 214
305 208
308 202
310 196
313 190
316 184
320 178
323 172
327 166
331 160
335 154
340 148
346 142
352 136
358 132
364 128
370 126
376 124
382 123
388 124
394 125
400 127
406 130
412 134
417 140
422 146
426 152
429 158
432 164
434 170
436 176
439 182
441 188
443 194
445 200
447 206
448 212
450 218
451 224
453 230
454 236
455 242
455 248
456 254
457 260
457 266
458 272
458 278
459 284
459 290
459 296
459 302
459 308
460 314
461 320
460 326
454 328
448 325
443 319
440 313
438 307
435 301
433 295
431 289
429 283
427 277
425 271
424 265
423 259
421 253
418 247
412 245
407 251
404 257
401 263
398 269
395 275
392 281
390 287
388 293
386 299
385 305
384 311
384 317
384 323
385 329
386 335
389 341
393 347
398 353
404 358
410 362
416 365
422 367
428 369
434 370
440 371
446 372
452 372
458 372
464 372
470 372
476 371
482 370
488 369
494 367
500 365
506 362
512 358
518 353
523 347
526 341
529 335
531 329
532 323
532 317
532 311
532 305
531 299
530 293
529 287
527 281
525 275
523 269
521 263
519 257
517 251
515 245
513 239
511 233
505 232
502 238
501 244
500 250
499 256
498 262
498 268
497 274
496 280
495 286
494 292
492 298
490 304
487 310
483 316
477 320
473 314
474 308
475 302
476 296
476 290
476 284
476 278
476 272
476 266
475 260
475 254
475 248
475 242
474 236
474 230
474 224
474 218
474 212
474 206
475 200
475 194
476 188
476 182
477 176
477 170
478 164
478 158
479 152
480 146
480 140
482 134
483 128
485 122
487 116
490 110
494 104
500 98
506 93
512 89
518 86
524 83
530 82
536 81
542 80
548 81
554 81
560 83
566 85
572 87
578 91
584 95
590 101
595 107
600 113
603 119
606 125
608 131
611 137
612 143
614 149
615 155
616 161
617 167
618 173
618 179
618 185
618 191
618 197
617 203
615 209
612 215
606 221
600 222
594 219
588 213
584 207
580 201
576 195
572 189
568 183
563 177
557 175
551 175
545 179
540 185
538 191
537 197
538 203
539 209
541 215
544 221
546 227
550 233
553 239
557 245
561 251
565 257
570 263
574 269
579 275
585 281
590 287
596 293
602 298
608 303
614 307
620 311
626 314
632 316
638 317
644 318
650 319
656 319
662 318
668 316
674 314
680 311
686 308
692 303
698 298
704 292
709 286
714 280
718 274
722 268
725 262
729 256
732 250
735 244
737 238
739 232
741 226
743 220
743 214
743 208
742 202
740 196
734 190
728 187
722 187
716 191
711 197
707 203
703 209
699 215
695 221
689 227
683 229
677 229
671 224
667 218
665 212
664 206
664 200
664 194
664 188
665 182
666 176
667 170
668 164
670 158
672 152
674 146
676 140
679 134
682 128
686 122
690 116
695 110
701 104
707 100
713 96
719 93
725 91
731 90
737 89
743 88
749 88
755 89
761 90
767 92
773 94
779 97
785 100
791 104
797 109
803 114
809 120
815 126
821 132
826 138
831 144
836 150
841 156
846 162
850 168
855 174
859 180
864 186
868 192
872 198
875 204
879 210
882 216
885 222
889 228
891 234
894 240
897 246
899 252
900 258
901 264
900 270
897 276
892 282
886 286
880 288
874 290
868 290
862 290
856 288
850 283
847 277
845 271
844 265
841 259
838 253
836 247
833 241
831 235
829 229
823 223
817 220
811 221
805 223
799 228
794 234
791 240
789 246
787 252
785 258
784 264
783 270
782 276
781 282
781 288
780 294
781 300
781 306
782 312
783 318
785 324
787 330
790 336
795 342
801 348
807 353
813 356
819 358
825 360
831 361
837 362
843 362
849 362
855 362
861 361
867 360
873 358
879 355
885 352
891 348
897 343
903 337
908 331
913 325
919 319
924 313
929 307
934 301
939 295
944 289
949 283
953 277
957 271
961 265
964 259
966 253
969 247
971 241
972 235
973 229
974 223
975 217
976 211
976 205
976 199
976 193
975 187
975 181
974 175
974 169
973 163
972 157
971 151
971 145
971 139
971 133
971 127
971 121
971 115
969 109
963 104
957 103
951 107
948 113
948 119
948 125
948 131
948 137
947 143
946 149
945 155
943 161
942 167
940 173
939 179
939 185
939 191
939 197
939 203
940 209
940 215
941 221
940 227
939 233
937 239
931 242
925 236
923 230
921 224
918 218
916 212
914 206
911 200
909 194
907 188
904 182
901 176
899 170
896 164
894 158
892 152
890 146
888 140
886 134
884 128
883 122
882 116
881 110
881 104
881 98
881 92
883 86
884 80
887 74
890 68
894 62
900 56
906 51
912 48
918 45
924 42
930 40
936 39
942 38
948 37
954 37
960 37
966 37
972 37
978 38
984 40
990 41
996 43
1002 46
1008 50
1014 54
1020 60
1024 66
1028 72
1031 78
1032 84
1034 90
1034 96
1034 102
1034 108
1033 114
1032 120
1031 126
1029 132
1027 138
1026 144
1024 150
1023 156
1022 162
1022 168
1022 174
1022 180
1023 186
1023 192
1024 198
1025 204
1026 210
1027 216
1028 222
1029 228
1030 234
1031 240
1032 246
1033 252
1033 258
1034 264
1034 270
1035 276
1035 282
1035 288
1036 294
1037 300
1039 306
1041 312
1038 318
1032 317
1027 311
1025 305
1024 299
1023 293
1022 287
1022 281
1022 275
1022 269
1021 263
1021 257
1021 251
1020 245
1020 239
1019 233
1018 227
1017 221
1016 215
1015 209
1014 203
1013 197
1012 191
1011 185
1009 179
1003 183
1004 189
1005 195
1006 201
1007 207
1007 213
1008 219
1008 225
1008 231
1008 237
1007 243
1006 249
1005 255
1004 261
1002 267
1000 273
998 279
997 285
995 291
993 297
991 303
990 309
989 315
988 321
987 327
988 333
989 339
990 345
993 351
997 357
1002 363
1008 368
1014 371
1020 373
1026 375
1032 376
1038 377
1044 378
1050 378
1056 378
1062 377
1068 377
1074 376
1080 375
1086 373
1092 372
1098 369
1104 366
1110 361
1116 355
1119 349
1122 343
1123 337
1124 331
1124 325
1124 319
1123 313
1122 307
1121 301
1119 295
1117 289
1115 283
1113 277
1110 271
1108 265
1105 259
1103 253
1100 247
1097 241
1095 235
1092 229
1089 223
1087 217
1086 211
1085 205
1085 199
1079 198
1076 204
1075 210
1075 216
1075 222
1075 228
1075 234
1076 240
1076 246
1076 252
1076 258
1075 264
1075 270
1075 276
1075 282
1074 288
1074 294
1074 300
1073 306
1072 312
1070 318
1066 324
1060 329
1054 327
1054 321
1056 315
1058 309
1059 303
1058 297
1057 291
1056 285
1055 279
1054 273
1054 267
1053 261
1053 255
1053 249
1052 243
1052 237
1052 231
1052 225
1051 219
1051 213
1051 207
1051 201
1052 195
1052 189
1053 183
1055 177
1056 171
1059 165
1062 159
1066 153
1070 147
1075 141
1081 135
1087 129
1093 123
1099 117
1104 111
1107 105
1111 99
1114 93
1117 87
1121 81
1126 75
1132 69
1138 65
1144 61
1150 59
1156 57
1162 56
1168 55
1174 55
1180 56
1186 57
1192 58
