0 159
4 157
8 155
12 153
16 151
20 149
24 148
28 147
32 146
36 145
40 145
44 145
48 145
52 145
56 146
60 146
64 147
68 149
72 150
76 152
80 154
84 156
88 158
92 160
96 163
100 166
104 169
108 172
112 175
116 179
120 182
124 186
128 190
132 194
136 198
139 202
142 206
145 210
148 214
150 218
152 222
154 226
155 230
157 234
157 238
158 242
158 246
158 250
157 254
156 258
154 262
152 266
149 270
145 273
141 275
137 277
133 277
129 276
125 274
122 270
120 266
118 262
117 258
115 254
113 250
111 246
107 242
103 239
99 238
95 238
91 239
87 242
83 246
81 250
79 254
78 258
77 262
76 266
76 270
76 274
76 278
76 282
77 286
78 290
79 294
80 298
81 302
83 306
85 310
88 314
90 318
94 322
98 326
102 329
106 332
110 334
114 336
118 338
122 339
126 340
130 340
134 340
138 340
142 340
146 340
150 339
154 338
158 337
162 335
166 333
170 331
174 328
178 325
182 321
186 317
189 313
193 309
196 305
198 301
201 297
203 293
205 289
207 285
209 281
210 277
211 273
212 269
213 265
213 261
213 257
213 253
213 249
213 245
214 241
214 237
214 233
214 229
214 225
214 221
214 217
214 213
213 209
213 205
213 201
212 197
212 193
211 189
211 185
210 181
210 177
209 173
208 169
208 165
208 161
208 157
208 153
208 149
208 145
209 141
210 137
211 133
213 129
214 125
216 121
218 117
219 113
221 109
221 105
222 101
222 97
222 93
222 89
221 85
220 81
219 77
218 73
216 69
212 66
208 67
204 70
201 74
199 78
198 82
197 86
196 90
194 94
193 98
192 102
191 106
190 110
188 114
188 118
187 122
187 126
187 130
187 134
187 138
188 142
188 146
188 150
189 154
189 158
189 162
189 166
188 170
185 174
181 172
177 168
174 164
171 160
168 156
166 152
163 148
161 144
159 140
157 136
155 132
154 128
152 124
151 120
150 116
149 112
149 108
148 104
148 100
148 96
148 92
149 88
150 84
151 80
152 76
154 72
156 68
158 64
161 60
164 56
168 52
172 49
176 46
180 43
184 41
188 39
192 37
196 36
200 35
204 34
208 33
212 32
216 32
220 31
224 31
228 31
232 31
236 31
240 32
244 32
248 33
252 34
256 35
260 37
264 38
268 40
272 42
276 45
280 47
284 51
288 55
292 59
294 63
297 67
298 71
300 75
301 79
302 83
302 87
302 91
302 95
301 99
300 103
299 107
297 111
294 115
291 119
287 122
283 125
279 127
275 128
271 129
267 130
263 130
259 130
255 130
251 129
247 125
246 121
246 117
246 113
247 109
248 105
250 101
251 97
252 93
253 89
253 85
252 81
250 77
248 73
245 69
241 66
237 65
233 69
233 73
234 77
235 81
235 85
235 89
235 93
234 97
234 101
232 105
230 109
228 113
225 117
223 121
221 125
219 129
217 133
216 137
215 141
214 145
214 149
213 153
213 157
213 161
214 165
214 169
215 173
216 177
217 181
218 185
219 189
220 193
221 197
222 201
224 205
225 209
227 213
228 217
230 221
233 225
235 229
238 233
241 237
244 241
247 245
250 249
253 253
256 257
260 261
262 265
265 269
268 273
270 277
272 281
274 285
275 289
276 293
277 297
276 301
272 305
268 306
264 307
260 308
256 312
254 316
253 320
253 324
254 328
255 332
257 336
259 340
262 344
266 347
270 350
274 352
278 354
282 355
286 356
290 357
294 357
298 357
302 357
306 357
310 356
314 355
318 353
322 352
326 349
330 347
334 343
337 339
340 335
342 331
343 327
344 323
344 319
344 315
344 311
343 307
342 303
340 299
338 295
336 291
334 287
332 283
330 279
327 275
325 271
322 267
320 263
317 259
315 255
313 251
310 247
308 243
306 239
304 235
301 231
297 229
294 233
293 237
294 241
294 245
295 249
295 253
296 257
297 261
297 265
298 269
298 273
299 277
299 281
299 285
299 289
298 293
295 297
291 298
287 294
286 290
284 286
283 282
281 278
279 274
277 270
275 266
273 262
270 258
268 254
265 250
262 246
260 242
257 238
255 234
252 230
250 226
248 222
246 218
245 214
243 210
242 206
241 202
240 198
240 194
240 190
241 186
242 182
244 178
248 174
252 171
256 170
260 168
264 167
268 167
272 166
276 165
280 165
284 165
288 164
292 164
296 164
300 164
304 164
308 164
312 164
316 164
320 165
324 165
328 165
332 166
336 167
340 168
344 170
348 171
352 174
356 177
360 180
363 184
366 188
368 192
370 196
372 200
374 204
375 208
376 212
377 216
378 220
379 224
380 228
380 232
381 236
382 240
382 244
382 248
381 252
377 253
373 252
369 249
365 245
362 241
358 237
355 233
351 229
348 225
344 221
340 217
336 213
332 209
328 206
324 204
320 204
316 205
315 209
315 213
317 217
319 221
321 225
324 229
327 233
330 237
333 241
336 245
339 249
342 253
346 257
349 261
353 265
357 269
361 273
365 277
369 280
373 284
377 287
381 290
385 292
389 295
393 297
397 299
401 301
405 303
409 304
413 306
417 307
421 307
425 308
429 308
433 308
437 307
441 307
445 305
449 304
453 302
457 300
461 297
465 293
468 289
471 285
473 281
475 277
477 273
478 269
478 265
479 261
479 257
478 253
477 249
476 245
475 241
472 237
470 233
466 229
462 225
458 223
454 221
450 220
446 220
442 223
439 227
438 231
436 235
435 239
433 243
432 247
430 251
427 255
423 258
419 259
415 258
411 255
408 251
406 247
405 243
405 239
404 235
404 231
403 227
403 223
403 219
403 215
403 211
403 207
403 203
403 199
404 195
404 191
405 187
405 183
406 179
407 175
408 171
409 167
410 163
412 159
413 155
415 151
417 147
420 143
423 139
427 135
431 131
435 128
439 125
443 123
447 121
451 119
455 118
459 118
463 118
467 118
471 118
475 119
479 120
483 122
487 125
491 128
494 132
497 136
498 140
499 144
499 148
497 152
493 156
489 157
485 158
481 159
477 160
473 163
470 167
469 171
470 175
472 179
475 183
479 186
483 189
487 191
491 193
495 195
499 197
503 198
507 200
511 201
515 202
519 203
523 204
527 205
531 206
535 206
539 207
543 207
547 208
551 208
555 208
559 209
563 209
567 209
571 209
575 209
579 208
583 208
587 207
591 206
595 205
599 202
602 198
603 194
604 190
604 186
605 182
607 178
611 175
615 174
619 173
623 172
627 172
631 172
635 172
639 172
643 172
647 173
651 174
655 174
659 175
663 177
667 178
671 180
675 182
679 185
682 189
685 193
687 197
688 201
689 205
689 209
689 213
689 217
689 221
688 225
687 229
686 233
684 237
682 241
679 245
676 249
672 253
668 256
664 259
660 262
656 264
652 266
648 268
644 269
640 270
636 271
632 270
628 269
624 265
622 261
619 257
616 253
613 249
609 246
605 245
601 244
597 245
593 246
589 247
585 249
581 251
577 254
573 258
570 262
568 266
567 270
566 274
565 278
565 282
566 286
566 290
567 294
568 298
570 302
572 306
575 310
579 314
583 317
587 320
591 322
595 324
599 324
603 325
607 325
611 325
615 324
619 323
623 321
627 319
631 316
635 313
638 309
641 305
642 301
644 297
646 293
649 289
653 286
657 283
661 281
665 279
669 277
673 275
677 273
681 270
685 267
689 263
692 259
695 255
698 251
700 247
702 243
703 239
705 235
706 231
707 227
708 223
709 219
709 215
710 211
710 207
710 203
710 199
710 195
714 191
710 189
710 185
714 188
710 191
714 193
715 197
715 201
715 205
715 209
716 213
716 217
716 221
716 225
716 229
717 233
717 237
718 241
718 245
719 249
720 253
721 257
723 261
724 265
725 269
727 273
728 277
730 281
731 285
733 289
734 293
735 297
737 301
737 305
738 309
739 313
739 317
739 321
739 325
735 329
731 329
727 327
723 325
719 323
715 322
711 323
707 327
706 331
705 335
705 339
706 343
707 347
709 351
712 355
716 359
720 362
724 365
728 367
732 368
736 369
740 370
744 371
748 371
752 372
756 372
760 372
764 371
768 371
772 370
776 370
780 369
784 368
788 366
792 365
796 363
800 361
804 359
808 356
812 352
816 348
819 344
821 340
824 336
825 332
827 328
828 324
829 320
829 316
830 312
830 308
830 304
829 300
828 296
827 292
825 288
823 284
819 280
815 276
811 274
807 272
803 270
799 269
795 268
791 268
787 269
785 273
784 277
784 281
784 285
784 289
783 293
782 297
781 301
780 305
779 309
777 313
776 317
775 321
773 325
771 329
767 333
763 336
759 336
755 336
751 332
749 328
749 324
748 320
748 316
748 312
747 308
746 304
745 300
745 296
743 292
742 288
741 284
740 280
739 276
737 272
736 268
735 264
734 260
733 256
732 252
731 248
731 244
730 240
730 236
730 232
729 228
729 224
729 220
729 216
729 212
730 208
730 204
730 200
731 196
732 192
733 188
734 184
737 180
741 177
745 175
749 173
753 173
757 172
761 172
765 171
769 171
773 171
777 171
781 172
785 172
789 172
793 173
797 173
801 174
805 175
809 176
813 178
817 180
821 182
825 184
829 187
832 191
835 195
835 199
833 203
829 205
825 206
821 206
817 206
813 206
809 205
805 205
801 205
797 205
793 206
789 208
786 212
786 216
787 220
791 224
795 226
799 227
803 228
807 229
811 230
815 231
819 231
823 232
827 232
831 233
835 233
839 234
843 234
847 234
851 234
855 234
859 234
863 234
867 233
871 233
875 232
879 232
883 231
887 231
891 230
895 229
899 228
903 227
907 226
911 225
915 224
919 223
923 222
927 221
931 220
935 219
939 217
943 216
947 215
951 214
955 212
959 211
963 210
967 208
971 206
975 204
979 200
982 196
983 192
983 188
982 184
981 180
979 176
975 172
971 168
967 164
963 162
959 159
955 158
951 156
947 155
943 154
939 155
935 156
931 158
927 162
923 166
919 170
915 174
911 177
907 178
903 179
899 178
895 177
891 175
887 171
884 167
881 163
880 159
879 155
878 151
878 147
878 143
878 139
879 135
880 131
881 127
883 123
885 119
888 115
892 111
896 108
900 105
904 104
908 102
912 101
916 101
920 101
924 102
928 102
932 104
936 106
940 108
944 111
948 115
952 119
955 123
958 127
961 131
965 135
969 139
973 143
977 146
981 149
985 152
989 156
993 159
997 162
1001 166
1005 170
1008 174
1011 178
1013 182
1016 186
1017 190
1019 194
1020 198
1020 202
1021 206
1021 210
1021 214
1021 218
1021 222
1021 226
1021 230
1020 234
1020 238
1019 242
1018 246
1017 250
1017 254
1016 258
1015 262
1014 266
1013 270
1012 274
1011 278
1010 282
1009 286
1008 290
1007 294
1006 298
1005 302
1004 306
1003 310
1002 314
1001 318
999 322
995 324
991 324
987 322
983 318
981 314
980 310
980 306
980 302
980 298
980 294
979 290
979 286
979 282
979 278
980 274
981 270
981 266
982 262
983 258
983 254
981 250
977 248
973 249
969 249
965 250
961 252
957 253
953 255
949 257
945 259
941 262
937 265
933 269
929 273
927 277
925 281
923 285
922 289
921 293
921 297
921 301
921 305
921 309
922 313
923 317
924 321
925 325
927 329
929 333
931 337
934 341
938 345
942 349
946 353
950 355
954 358
958 360
962 361
966 363
970 364
974 365
978 366
982 367
986 367
990 367
994 368
998 368
1002 368
1006 367
1010 367
1014 366
1018 365
1022 364
1026 363
1030 362
1034 360
1038 358
1042 355
1046 352
1050 348
1053 344
1055 340
1057 336
1059 332
1060 328
1060 324
1060 320
1060 316
1060 312
1059 308
1057 304
1055 300
1053 296
1051 292
1048 288
1046 284
1043 280
1041 276
1040 272
1039 268
1038 264
1038 260
1038 256
1036 252
1039 248
1037 244
1034 248
1030 244
1031 240
1032 236
1033 232
1034 228
1035 224
1036 220
1037 216
1038 212
1039 208
1040 204
1041 200
1042 196
1043 192
1043 188
1044 184
1044 180
1044 176
1044 172
1044 168
1043 164
1042 160
1041 156
1039 152
1038 148
1036 144
1034 140
1032 136
1030 132
1028 128
1026 124
1025 120
1024 116
1023 112
1023 108
1022 104
1023 100
1023 96
1024 92
1025 88
1027 84
1029 80
1031 76
1034 72
1038 68
1042 64
1046 61
1050 59
1054 57
1058 55
1062 53
1066 52
1070 51
1074 50
1078 50
1082 49
1086 49
1090 49
1094 49
1098 49
1102 50
1106 51
1110 51
1114 53
1118 54
1122 55
1126 57
1130 60
1134 62
1138 65
1142 69
1146 73
1149 77
1152 81
1154 85
1156 89
1157 93
1158 97
1159 101
1159 105
1159 109
1159 113
1159 117
1158 121
1157 125
1156 129
1155 133
1153 137
1151 141
1149 145
1146 149
1144 153
1141 157
1138 161
1135 165
1131 169
1128 173
1124 177
1121 181
1117 185
1113 189
1110 193
1106 197
1103 201
1099 205
1095 207
1092 203
1091 199
1091 195
1092 191
1092 187
1093 183
1094 179
1094 175
1095 171
1095 167
1095 163
1096 159
1096 155
1096 151
1097 147
1097 143
1098 139
1098 135
1098 131
1098 127
1097 123
1093 119
1089 118
1085 119
1081 121
1077 125
1075 129
1073 133
1072 137
1072 141
1071 145
1071 149
1071 153
1071 157
1071 161
1071 165
1071 169
1071 173
1071 177
1071 181
1070 185
1069 189
1069 193
1068 197
1067 201
1067 205
1066 209
1066 213
1065 217
1065 221
1065 225
1065 229
1066 233
1067 237
1068 241
1069 245
1071 249
1074 253
1077 257
1080 261
1084 265
1088 269
1092 272
1096 275
1100 278
1104 281
1108 284
1112 287
1116 289
1120 292
1124 296
1128 299
1132 302
1136 306
1140 309
1144 311
1148 314
1152 315
1156 317
1160 318
1164 318
1168 319
1172 318
1176 318
1180 317
1184 315
1188 313
1192 311
1196 307
0 303
3 299
6 295
8 291
10 287
12 283
13 279
14 275
15 271
16 267
16 263
16 259
16 255
16 251
15 247
14 243
12 239
8 235
4 232
0 230
1196 229
1192 230
1188 231
1184 233
1180 237
1176 241
1173 245
1170 249
1166 253
1163 257
1161 261
1157 265
1153 268
1149 269
1145 270
1141 270
1137 269
1133 268
1129 266
1125 264
1121 261
1117 257
1115 253
1114 249
1113 245
1114 241
1115 237
1117 233
1119 229
1122 225
1125 221
1128 217
1132 213
1136 209
1140 205
1144 201
1148 198
1152 194
1156 191
1160 187
1164 184
1168 181
1172 178
1176 175
1180 172
1184 169
1188 167
1192 164
