0 209
5 206
10 202
15 199
20 194
25 190
30 185
35 180
38 175
41 170
43 165
44 160
44 155
42 150
37 146
32 145
27 147
22 151
18 156
13 157
9 152
9 147
10 142
11 137
13 132
15 127
19 122
23 117
28 113
33 110
38 109
43 107
48 107
53 107
58 108
63 110
68 113
73 117
78 121
82 126
85 131
88 136
91 141
93 146
95 151
96 156
98 161
99 166
101 171
102 176
103 181
104 186
104 191
105 196
105 201
105 206
105 211
104 216
104 221
103 226
102 231
101 236
99 241
97 246
95 251
91 256
86 260
81 255
82 250
83 245
84 240
84 235
84 230
82 225
77 221
72 222
67 223
62 227
57 231
53 236
50 241
47 246
45 251
44 256
43 261
42 266
42 271
43 276
44 281
45 286
46 291
48 296
51 301
54 306
59 311
64 316
69 319
74 322
79 324
84 326
89 327
94 327
99 327
104 326
109 325
114 324
119 321
124 318
129 314
133 309
136 304
139 299
141 294
143 289
144 284
145 279
145 274
146 269
146 264
146 259
147 254
147 249
147 244
147 239
147 234
148 229
148 224
148 219
148 214
143 210
141 215
139 220
137 225
132 220
132 215
132 210
133 205
133 200
133 195
134 190
134 185
134 180
135 175
135 170
135 165
136 160
136 155
137 150
138 145
139 140
140 135
142 130
144 125
147 120
151 115
156 110
161 106
166 104
171 102
176 101
181 100
186 100
191 101
196 102
201 104
206 106
211 109
216 113
221 118
225 123
228 128
231 133
233 138
234 143
236 148
237 153
237 158
237 163
236 168
235 173
233 178
230 183
227 188
222 193
217 198
212 202
207 206
202 208
197 209
195 204
196 199
196 194
191 192
187 197
184 202
182 207
180 212
179 217
178 222
178 227
177 232
177 237
177 242
178 247
178 252
179 257
180 262
181 267
183 272
184 277
186 282
188 287
190 292
192 297
194 302
197 307
200 312
203 317
208 322
213 326
218 330
223 332
228 334
233 335
238 336
243 336
248 336
253 335
258 334
263 332
268 329
273 325
278 320
281 315
283 310
284 305
285 300
284 295
283 290
280 285
276 280
271 275
266 272
261 270
256 269
251 271
246 275
245 280
246 285
248 290
248 295
243 299
238 300
233 299
228 296
223 292
219 287
216 282
214 277
213 272
212 267
212 262
213 257
214 252
216 247
220 242
224 237
229 233
234 229
239 225
244 223
249 220
254 218
259 216
264 214
269 212
274 211
279 210
284 210
289 209
294 209
299 210
304 211
309 212
314 214
319 218
321 223
316 228
311 228
306 228
301 228
296 229
293 234
294 239
298 244
303 248
308 251
313 254
318 256
323 257
328 258
333 258
338 257
343 256
348 253
353 249
357 244
359 239
361 234
362 229
363 224
364 219
364 214
364 209
363 204
363 199
362 194
361 189
361 184
359 179
358 174
357 169
356 164
355 159
354 154
353 149
352 144
351 139
351 134
350 129
349 124
349 119
348 114
347 109
345 104
340 99
335 101
331 106
328 111
327 116
326 121
326 126
326 131
326 136
326 141
323 146
318 141
315 136
314 131
313 126
313 121
313 116
314 111
315 106
316 101
318 96
321 91
324 86
328 81
333 77
338 73
343 71
348 69
353 67
358 67
363 67
368 67
373 68
378 69
383 72
388 75
393 79
397 84
400 89
402 94
403 99
403 104
402 109
400 114
397 119
392 124
387 125
385 120
385 115
385 110
384 105
382 100
377 95
372 93
367 94
362 98
360 103
358 108
358 113
357 118
357 123
358 128
358 133
359 138
360 143
361 148
362 153
364 158
365 163
367 168
369 173
372 178
374 183
377 188
380 193
383 198
386 203
388 208
391 213
393 218
395 223
397 228
400 233
405 237
410 240
415 241
420 240
425 239
430 236
435 233
440 228
444 223
447 218
450 213
452 208
453 203
454 198
454 193
453 188
451 183
446 178
441 177
436 179
431 184
427 189
422 190
417 187
414 182
413 177
413 172
415 167
417 162
421 157
425 152
430 148
435 144
440 140
445 137
450 135
455 133
460 131
465 130
470 130
475 130
480 131
485 133
490 136
495 141
499 146
501 151
502 156
504 161
504 166
504 171
504 176
504 181
504 186
503 191
502 196
502 201
501 206
500 211
499 216
498 221
497 226
495 231
494 236
490 231
485 227
481 232
478 237
476 242
473 247
471 252
470 257
468 262
467 267
466 272
466 277
466 282
467 287
469 292
471 297
473 302
477 307
482 312
487 316
492 319
497 321
502 322
507 323
512 324
517 324
522 323
527 322
532 321
537 319
542 316
547 312
551 307
555 302
557 297
558 292
559 287
559 282
559 277
557 272
555 267
552 262
548 257
543 252
538 249
533 247
528 250
523 255
521 250
520 245
519 240
519 235
520 230
520 225
521 220
523 215
524 210
526 205
528 200
530 195
533 190
535 185
538 180
541 175
544 170
546 165
549 160
552 155
555 150
560 145
565 140
570 137
575 136
580 135
585 135
590 137
595 139
600 144
603 149
605 154
605 159
605 164
604 169
602 174
599 179
594 184
589 184
585 179
580 176
575 177
570 180
565 185
561 190
559 195
557 200
556 205
556 210
558 215
560 220
563 225
568 230
573 235
578 238
583 241
588 243
593 245
598 246
603 247
608 247
613 246
618 244
623 241
628 237
632 232
635 227
638 222
639 217
637 212
632 209
630 204
631 199
634 194
638 189
643 184
648 180
653 178
658 176
663 175
668 175
673 177
678 179
683 183
686 188
689 193
690 198
691 203
691 208
691 213
690 218
689 223
687 228
685 233
682 238
677 239
672 240
667 245
663 250
661 255
659 260
658 265
658 270
658 275
658 280
660 285
662 290
665 295
670 300
675 304
680 307
685 309
690 310
695 310
700 310
705 310
710 309
715 307
720 304
725 300
729 295
732 290
734 285
735 280
734 275
733 270
728 266
723 267
718 269
713 266
712 261
712 256
713 251
714 246
716 241
719 236
722 231
726 226
730 221
735 217
740 214
745 211
750 209
755 208
760 208
765 208
770 208
775 208
780 209
785 211
790 214
795 218
797 223
796 228
794 233
792 238
794 243
797 248
802 251
807 253
812 253
817 253
822 252
827 249
832 246
837 241
841 236
844 231
847 226
848 221
849 216
850 211
850 206
850 201
850 196
849 191
848 186
847 181
846 176
844 171
842 166
840 161
838 156
835 151
832 146
829 141
826 136
821 131
816 128
811 126
806 128
802 133
801 138
801 143
801 148
796 153
791 152
786 147
783 142
781 137
779 132
779 127
779 122
779 117
780 112
782 107
784 102
786 97
790 92
794 87
799 83
804 80
809 77
814 75
819 74
824 73
829 72
834 72
839 73
844 74
849 75
854 77
859 80
864 83
869 88
874 93
877 98
880 103
882 108
883 113
884 118
884 123
884 128
879 126
875 121
871 116
866 111
861 108
856 109
853 114
853 119
854 124
856 129
858 134
860 139
862 144
865 149
867 154
870 159
873 164
876 169
879 174
882 179
885 184
889 189
892 194
896 199
900 204
904 209
909 214
913 219
918 224
922 229
927 234
932 239
936 244
940 249
944 254
948 259
951 264
954 269
957 274
959 279
961 284
962 289
962 294
961 299
959 304
954 307
949 308
944 306
940 301
938 296
937 291
935 286
931 281
926 278
921 277
916 279
911 284
909 289
907 294
907 299
907 304
907 309
909 314
911 319
914 324
918 329
923 334
928 337
933 340
938 342
943 344
948 345
953 346
958 347
963 347
968 346
973 345
978 344
983 343
988 341
993 338
998 334
1003 330
1008 325
1011 320
1015 315
1017 310
1019 305
1021 300
1022 295
1023 290
1024 285
1025 280
1025 275
1026 270
1026 265
1027 260
1027 255
1027 250
1027 245
1027 240
1027 235
1027 230
1026 225
1026 220
1026 215
1026 210
1026 205
1025 200
1025 195
1024 190
1023 185
1021 180
1018 175
1013 173
1008 176
1005 181
1003 186
1002 191
1002 196
1003 201
1003 206
1004 211
1005 216
1005 221
1004 226
999 230
994 228
989 223
986 218
983 213
981 208
978 203
977 198
975 193
974 188
974 183
973 178
973 173
974 168
974 163
975 158
976 153
978 148
980 143
983 138
985 133
989 128
993 123
997 118
1002 114
1007 110
1012 106
1017 103
1022 100
1027 98
1032 96
1037 94
1042 92
1047 91
1052 90
1057 89
1062 88
1067 87
1072 87
1077 87
1082 87
1087 87
1092 88
1097 90
1102 91
1107 94
1112 97
1117 101
1122 106
1126 111
1130 116
1132 121
1134 126
1136 131
1137 136
1138 141
1138 146
1139 151
1139 156
1138 161
1138 166
1136 171
1135 176
1133 181
1131 186
1128 191
1124 196
1120 201
1115 206
1110 211
1105 214
1100 217
1095 219
1090 220
1085 219
1082 214
1082 209
1083 204
1086 199
1090 194
1093 189
1094 184
1094 179
1093 174
1090 169
1085 165
1080 163
1075 163
1070 165
1065 170
1061 175
1059 180
1057 185
1056 190
1055 195
1054 200
1053 205
1053 210
1053 215
1052 220
1052 225
1052 230
1053 235
1053 240
1053 245
1054 250
1055 255
1055 260
1056 265
1057 270
1059 275
1060 280
1062 285
1064 290
1066 295
1068 300
1071 305
1075 310
1078 315
1083 320
1088 325
1093 328
1098 331
1103 333
1108 335
1113 336
1118 337
1123 337
1128 336
1133 335
1138 334
1143 332
1148 329
1153 325
1158 320
1161 315
1164 310
1166 305
1167 300
1167 295
1167 290
1166 285
1164 280
1160 275
1155 273
1150 273
1145 276
1140 280
1137 285
1135 290
1133 295
1128 300
1123 301
1118 300
1113 297
1109 292
1108 287
1108 282
1110 277
1112 272
1116 267
1120 262
1125 257
1130 253
1135 249
1140 245
1145 242
1150 239
1155 236
1160 233
1165 230
1170 227
1175 224
1180 221
1185 218
1190 215
