0 319
6 322
12 325
18 326
24 327
30 328
36 327
42 326
48 324
54 322
60 319
66 314
72 308
76 302
79 296
81 290
82 284
83 278
83 272
82 266
81 260
79 254
77 248
75 242
73 236
71 230
68 224
66 218
64 212
63 206
61 200
60 194
59 188
57 182
51 187
52 193
52 199
46 202
44 196
42 190
40 184
38 178
36 172
34 166
32 160
31 154
31 148
31 142
31 136
33 130
34 124
37 118
40 112
45 106
51 100
57 96
63 92
69 90
75 88
81 87
87 87
93 87
99 89
105 91
111 94
117 98
123 103
127 109
130 115
133 121
134 127
134 133
134 139
133 145
131 151
129 157
125 163
119 169
113 169
109 163
108 157
107 151
105 145
101 139
95 137
89 138
83 144
80 150
79 156
79 162
79 168
80 174
81 180
82 186
84 192
86 198
89 204
92 210
96 216
101 222
106 228
112 234
118 239
124 243
130 246
136 248
142 250
148 250
154 250
160 249
166 248
172 246
178 243
184 239
190 235
196 230
201 224
203 218
204 212
202 206
196 201
190 200
184 202
178 205
172 208
166 208
160 204
159 198
160 192
163 186
167 180
172 174
178 169
184 165
190 163
196 161
202 161
208 162
214 164
220 168
225 174
230 180
234 186
237 192
240 198
243 204
246 210
249 216
251 222
253 228
255 234
256 240
257 246
257 252
257 258
257 264
256 270
255 276
254 282
252 288
250 294
244 300
238 298
235 292
235 286
235 280
235 274
235 268
233 262
227 259
221 261
215 266
209 272
205 278
203 284
201 290
200 296
200 302
201 308
203 314
206 320
211 326
217 331
223 335
229 338
235 340
241 341
247 342
253 342
259 341
265 339
271 337
277 334
283 329
288 323
292 317
294 311
296 305
297 299
297 293
296 287
296 281
295 275
294 269
293 263
293 257
292 251
292 245
292 239
286 240
285 246
284 252
283 258
281 264
275 258
275 252
275 246
275 240
274 234
273 228
272 222
271 216
271 210
270 204
269 198
269 192
269 186
270 180
271 174
274 168
279 162
285 158
291 155
297 154
303 154
309 155
315 156
321 158
327 160
333 163
339 166
345 169
351 173
357 178
363 183
368 189
371 195
374 201
375 207
374 213
373 219
370 225
367 231
361 236
355 236
350 230
349 224
348 218
346 212
341 206
335 204
329 205
324 211
322 217
320 223
320 229
320 235
320 241
321 247
323 253
325 259
327 265
330 271
334 277
339 283
345 289
351 292
357 294
363 295
369 295
375 293
381 290
386 284
390 278
392 272
394 266
395 260
395 254
396 248
398 242
399 236
401 230
403 224
405 218
407 212
408 206
410 200
411 194
412 188
413 182
413 176
413 170
413 164
412 158
411 152
410 146
409 140
408 134
407 128
405 122
404 116
402 110
398 104
392 102
386 108
385 114
386 120
387 126
389 132
391 138
392 144
393 150
387 155
381 151
375 147
369 142
363 136
358 130
355 124
352 118
351 112
351 106
351 100
353 94
355 88
358 82
363 76
369 70
375 66
381 63
387 60
393 59
399 58
405 57
411 57
417 58
423 60
429 62
435 65
441 68
447 74
452 80
456 86
459 92
461 98
462 104
463 110
463 116
463 122
462 128
461 134
461 140
459 146
458 152
457 158
455 164
453 170
447 169
446 163
445 157
444 151
443 145
442 139
442 133
441 127
440 121
438 115
436 109
431 103
425 103
422 109
422 115
422 121
423 127
424 133
424 139
425 145
426 151
427 157
427 163
428 169
428 175
428 181
428 187
429 193
429 199
429 205
429 211
430 217
430 223
431 229
431 235
432 241
433 247
433 253
435 259
436 265
438 271
440 277
444 283
448 289
454 295
460 299
466 302
472 303
478 304
484 304
490 302
496 300
502 297
508 292
514 286
518 280
522 274
524 268
527 262
529 256
530 250
532 244
533 238
534 232
535 226
535 220
536 214
536 208
536 202
535 196
534 190
532 184
526 179
520 180
516 186
513 192
511 198
509 204
506 210
500 213
495 207
494 201
493 195
494 189
494 183
496 177
497 171
499 165
502 159
504 153
507 147
511 141
515 135
519 129
524 123
530 117
536 112
542 108
548 105
554 103
560 101
566 101
572 101
578 102
584 104
590 107
596 111
602 116
606 122
610 128
613 134
615 140
617 146
618 152
619 158
619 164
620 170
620 176
620 182
620 188
620 194
619 200
619 206
618 212
617 218
616 224
614 230
608 235
603 229
601 223
600 217
600 211
599 205
598 199
597 193
596 187
592 181
586 179
580 184
577 190
576 196
575 202
574 208
574 214
573 220
573 226
573 232
573 238
573 244
573 250
574 256
575 262
576 268
577 274
579 280
581 286
583 292
586 298
591 304
596 310
602 315
608 319
614 322
620 325
626 327
632 328
638 329
644 329
650 329
656 328
662 327
668 325
674 322
680 319
686 315
692 309
697 303
700 297
703 291
705 285
706 279
706 273
706 267
706 261
705 255
704 249
702 243
700 237
698 231
696 225
693 219
691 213
688 207
684 201
678 197
672 203
671 209
670 215
669 221
669 227
669 233
668 239
662 244
657 238
655 232
654 226
654 220
654 214
654 208
654 202
654 196
655 190
656 184
657 178
658 172
660 166
662 160
664 154
666 148
669 142
672 136
676 130
680 124
686 118
692 113
698 109
704 107
710 105
716 104
722 104
728 105
734 107
740 110
746 114
752 120
757 126
760 132
762 138
764 144
765 150
766 156
766 162
765 168
763 174
759 180
753 180
748 174
745 168
742 162
736 158
730 157
724 162
721 168
720 174
720 180
721 186
723 192
725 198
727 204
730 210
733 216
737 222
741 228
745 234
749 240
754 246
760 252
766 258
772 263
778 267
784 270
790 272
796 273
802 274
808 274
814 273
820 272
826 270
832 267
838 264
844 260
850 255
856 250
862 244
867 238
872 232
876 226
880 220
883 214
885 208
886 202
886 196
884 190
882 184
876 178
870 175
864 175
858 178
854 184
851 190
845 195
839 194
833 188
831 182
829 176
829 170
830 164
831 158
832 152
834 146
837 140
841 134
847 128
853 123
859 120
865 118
871 117
877 117
883 117
889 118
895 121
901 124
907 128
913 132
919 138
925 144
931 150
936 156
940 162
945 168
948 174
952 180
955 186
958 192
960 198
962 204
964 210
965 216
966 222
967 228
968 234
968 240
969 246
969 252
969 258
969 264
969 270
969 276
969 282
968 288
967 294
964 300
958 305
952 305
946 299
945 293
945 287
946 281
947 275
947 269
947 263
946 257
944 251
938 246
932 246
926 250
921 256
916 262
913 268
910 274
907 280
905 286
904 292
903 298
902 304
903 310
904 316
906 322
909 328
913 334
918 340
924 345
930 349
936 352
942 354
948 356
954 357
960 358
966 358
972 358
978 358
984 357
990 355
996 353
1002 351
1008 347
1014 343
1020 337
1025 331
1028 325
1031 319
1032 313
1033 307
1032 301
1031 295
1029 289
1026 283
1021 277
1015 271
1009 265
1004 259
999 253
997 247
995 241
994 235
994 229
994 223
993 217
993 211
993 205
994 199
994 193
994 187
988 181
988 175
987 169
987 163
985 157
984 151
982 145
980 139
979 133
977 127
976 121
975 115
975 109
975 103
976 97
978 91
981 85
985 79
990 73
996 68
1002 64
1008 62
1014 59
1020 58
1026 57
1032 57
1038 57
1044 58
1050 59
1056 61
1062 63
1068 67
1074 71
1080 77
1084 83
1088 89
1090 95
1092 101
1092 107
1092 113
1092 119
1090 125
1088 131
1085 137
1080 143
1075 149
1069 154
1063 159
1057 161
1051 162
1046 156
1046 150
1048 144
1050 138
1053 132
1055 126
1055 120
1053 114
1048 108
1042 105
1036 105
1030 107
1024 112
1020 118
1017 124
1015 130
1014 136
1013 142
1012 148
1012 154
1011 160
1011 166
1011 172
1011 178
1011 184
1011 190
1012 196
1013 202
1015 208
1017 214
1020 220
1023 226
1029 232
1035 238
1041 242
1047 246
1053 249
1059 252
1065 255
1071 257
1077 259
1083 260
1089 261
1095 261
1101 260
1107 259
1113 256
1119 251
1124 245
1128 239
1131 233
1132 227
1131 221
1129 215
1123 211
1117 210
1111 211
1105 215
1099 219
1093 222
1087 222
1081 220
1077 214
1077 208
1080 202
1085 196
1091 190
1097 186
1103 182
1109 178
1115 175
1121 172
1127 170
1133 168
1139 166
1145 166
1151 165
1157 166
1163 167
1169 168
1175 171
1181 175
1187 179
1193 184
1199 190
4 196
8 202
12 208
16 214
18 220
21 226
23 232
24 238
25 244
26 250
25 256
24 262
20 268
14 270
8 264
5 258
3 252
0 246
1194 242
1188 244
1183 250
1180 256
1178 262
1177 268
1177 274
1177 280
1178 286
1180 292
1182 298
1185 304
1190 310
