0 218
6 221
12 223
18 225
24 227
30 227
36 228
42 228
48 227
54 226
60 226
66 224
72 223
78 223
84 222
90 221
96 221
102 220
108 220
114 220
120 220
126 220
132 219
138 219
144 218
150 217
156 216
162 215
168 213
174 211
180 209
186 207
192 205
198 204
204 202
210 201
216 200
222 200
228 200
234 201
240 202
246 204
252 206
258 209
264 212
270 214
276 217
282 219
288 221
294 222
300 223
306 223
312 222
318 221
324 219
330 217
336 215
342 213
348 211
354 209
360 207
366 206
372 206
378 206
384 207
390 208
396 210
402 213
408 215
414 219
420 222
426 225
432 227
438 229
444 231
450 231
456 232
462 231
468 230
474 229
480 227
486 224
492 221
498 218
504 215
510 212
516 210
522 208
528 206
534 205
540 205
546 205
552 205
558 205
564 206
570 208
576 209
582 211
588 212
594 214
600 215
606 217
612 218
618 219
624 220
630 220
636 221
642 221
648 220
654 220
660 219
666 218
672 217
678 216
684 215
690 214
696 213
702 212
708 210
714 209
720 208
726 207
732 207
738 206
744 206
750 206
756 206
762 206
768 206
774 207
780 208
786 209
792 210
798 212
804 214
810 216
816 218
822 220
828 223
834 225
840 227
846 229
852 230
858 231
864 232
870 232
876 231
882 230
888 229
894 227
900 224
906 221
912 217
918 212
924 207
930 203
936 199
942 195
948 193
954 191
960 190
966 189
972 190
978 191
984 192
990 195
996 199
1002 204
1008 210
1013 216
1019 222
1024 228
1030 233
1036 236
1042 239
1048 240
1054 241
1060 241
1066 240
1072 239
1078 236
1084 232
1090 227
1096 221
1102 215
1108 209
1114 204
1120 200
1126 197
1132 195
1138 194
1144 193
1150 194
1156 195
1162 196
1168 199
1174 202
1180 205
1186 209
1192 213
