0 254
6 259
12 263
18 266
24 268
30 269
36 269
42 269
48 268
54 266
60 264
66 261
72 257
78 253
84 250
90 247
96 244
102 242
108 240
114 239
120 238
126 237
132 235
138 233
144 231
150 227
156 222
161 216
164 210
167 204
168 198
170 192
172 186
174 180
177 174
181 168
187 162
193 158
199 154
205 152
211 151
217 150
223 150
229 151
235 153
241 156
247 159
253 165
258 171
261 177
262 183
264 189
264 195
264 201
263 207
263 213
263 219
264 225
266 231
269 237
274 243
280 248
286 251
292 253
298 253
304 253
310 252
316 249
322 245
328 239
332 233
334 227
336 221
338 215
339 209
341 203
343 197
346 191
351 185
357 179
363 176
369 173
375 172
381 172
387 173
393 175
399 178
405 183
410 189
414 195
416 201
418 207
418 213
418 219
418 225
417 231
415 237
415 243
415 249
416 255
418 261
421 267
427 273
433 278
439 281
445 283
451 284
457 284
463 284
469 283
475 280
481 277
487 273
492 267
496 261
498 255
500 249
500 243
500 237
499 231
498 225
497 219
496 213
497 207
498 201
499 195
502 189
506 183
511 177
517 172
523 168
529 166
535 164
541 163
547 164
553 164
559 166
565 169
571 172
577 178
582 184
586 190
589 196
591 202
593 208
595 214
598 220
601 226
604 232
610 238
616 243
622 246
628 249
634 250
640 251
646 250
652 250
658 248
664 245
670 242
676 237
682 231
686 225
690 219
693 213
696 207
699 201
703 195
708 189
714 183
720 178
726 174
732 171
738 169
744 168
750 167
756 167
762 167
768 168
774 170
780 172
786 175
792 179
798 184
804 190
808 196
812 202
814 208
816 214
817 220
818 226
818 232
819 238
819 244
820 250
822 256
825 262
830 268
836 274
842 278
848 281
854 283
860 284
866 285
872 285
878 284
884 283
890 281
896 278
902 274
908 268
914 262
918 256
921 250
923 244
925 238
926 232
926 226
925 220
923 214
920 208
916 202
913 196
911 190
910 184
910 178
910 172
912 166
914 160
917 154
921 148
926 142
932 137
938 133
944 130
950 128
956 126
962 126
968 126
974 126
980 127
986 129
992 132
998 136
1004 140
1010 146
1014 152
1018 158
1021 164
1023 170
1025 176
1026 182
1027 188
1027 194
1027 200
1026 206
1023 212
1020 218
1014 223
1008 229
1004 235
1002 241
1001 247
1001 253
1002 259
1004 265
1006 271
1009 277
1013 283
1018 289
1024 294
1030 297
1036 300
1042 302
1048 303
1054 304
1060 304
1066 303
1072 301
1078 299
1084 296
1090 292
1096 286
1100 280
1103 274
1106 268
1107 262
1108 256
1107 250
1106 244
1103 238
1099 232
1093 226
1089 220
1087 214
1086 208
1086 202
1086 196
1087 190
1088 184
1090 178
1093 172
1096 166
1100 160
1105 154
1111 148
1117 143
1123 140
1129 138
1135 136
1141 135
1147 135
1153 135
1159 136
1165 138
1171 141
1177 145
1183 150
1188 156
1192 162
1194 168
1196 174
1196 180
1196 186
1195 192
1193 198
1190 204
1188 210
1187 216
1186 222
1187 228
1188 234
1191 240
1194 246
