0 280
6 284
12 288
18 290
24 292
30 293
36 293
42 293
48 292
54 290
60 287
66 284
72 279
78 274
84 268
90 262
96 258
102 254
108 251
114 248
120 245
126 243
132 240
138 237
144 233
150 229
156 223
161 217
165 211
167 205
169 199
169 193
168 187
165 181
160 175
155 169
153 163
152 157
152 151
153 145
156 139
159 133
163 127
168 121
174 116
180 111
186 108
192 105
198 104
204 102
210 101
216 101
222 101
228 102
234 103
240 105
246 108
252 111
258 116
264 122
269 128
272 134
275 140
276 146
277 152
278 158
277 164
276 170
274 176
270 182
264 187
258 191
252 197
249 203
248 209
248 215
248 221
249 227
250 233
252 239
255 245
259 251
265 257
271 262
277 266
283 268
289 269
295 270
301 269
307 268
313 266
319 263
325 258
331 252
336 246
339 240
342 234
344 228
344 222
344 216
342 210
339 204
336 198
335 192
334 186
335 180
336 174
338 168
341 162
346 156
351 150
357 146
363 142
369 140
375 139
381 138
387 138
393 139
399 142
405 145
411 149
417 155
422 161
426 167
429 173
431 179
433 185
435 191
436 197
437 203
437 209
437 215
436 221
434 227
428 233
422 236
416 239
410 242
405 248
403 254
401 260
401 266
402 272
403 278
405 284
407 290
411 296
416 302
422 307
428 311
434 314
440 316
446 317
452 318
458 318
464 318
470 317
476 315
482 313
488 310
494 306
500 300
505 294
509 288
512 282
514 276
515 270
516 264
516 258
516 252
514 246
511 240
506 234
500 231
494 229
488 226
484 220
481 214
480 208
480 202
480 196
480 190
481 184
482 178
484 172
485 166
488 160
490 154
494 148
499 142
504 136
510 131
516 128
522 125
528 123
534 122
540 121
546 121
552 122
558 123
564 125
570 128
576 132
582 137
587 143
591 149
594 155
596 161
597 167
597 173
597 179
595 185
593 191
590 197
587 203
586 209
586 215
586 221
588 227
590 233
593 239
597 245
601 251
607 257
613 261
619 265
625 268
631 270
637 271
643 271
649 271
655 270
661 269
667 266
673 263
679 259
685 253
690 247
693 241
696 235
698 229
699 223
699 217
698 211
697 205
695 199
693 193
692 187
692 181
692 175
694 169
696 163
698 157
702 151
707 145
713 140
719 135
725 132
731 129
737 127
743 126
749 125
755 125
761 125
767 126
773 128
779 129
785 132
791 135
797 139
803 143
809 149
815 155
820 161
825 167
828 173
832 179
835 185
837 191
839 197
841 203
842 209
841 215
840 221
837 227
831 233
825 235
819 237
813 241
809 247
807 253
806 259
806 265
807 271
809 277
811 283
814 289
819 295
825 301
831 306
837 309
843 312
849 313
855 315
861 315
867 315
873 314
879 313
885 311
891 309
897 305
903 301
909 296
915 290
920 284
924 278
928 272
932 266
935 260
938 254
941 248
943 242
946 236
948 230
950 224
952 218
953 212
954 206
954 200
954 194
952 188
949 182
943 179
937 180
931 184
925 189
919 192
913 193
907 190
902 184
900 178
897 172
896 166
895 160
895 154
895 148
895 142
896 136
897 130
899 124
902 118
905 112
909 106
915 100
921 95
927 91
933 88
939 85
945 83
951 82
957 82
963 81
969 82
975 82
981 84
987 86
993 88
999 92
1005 96
1011 101
1016 107
1020 113
1024 119
1027 125
1029 131
1031 137
1032 143
1034 149
1035 155
1036 161
1036 167
1037 173
1038 179
1038 185
1038 191
1038 197
1038 203
1038 209
1038 215
1037 221
1037 227
1035 233
1029 236
1023 232
1018 226
1015 220
1011 214
1007 208
1001 204
995 208
993 214
991 220
990 226
990 232
989 238
989 244
989 250
989 256
990 262
991 268
992 274
993 280
995 286
997 292
1000 298
1003 304
1007 310
1013 316
1019 321
1025 325
1031 328
1037 331
1043 332
1049 333
1055 334
1061 333
1067 333
1073 331
1079 329
1085 327
1091 323
1097 318
1103 312
1107 306
1111 300
1113 294
1115 288
1117 282
1118 276
1118 270
1119 264
1119 258
1118 252
1117 246
1116 240
1115 234
1113 228
1109 222
1103 220
1097 223
1091 229
1086 235
1080 241
1074 244
1068 243
1065 237
1063 231
1063 225
1064 219
1064 213
1065 207
1066 201
1067 195
1069 189
1070 183
1072 177
1074 171
1076 165
1078 159
1080 153
1083 147
1086 141
1089 135
1092 129
1096 123
1100 117
1106 111
1112 106
1118 102
1124 98
1130 96
1136 94
1142 93
1148 92
1154 92
1160 92
1166 93
1172 95
1178 97
1184 100
1190 104
1196 108
1 114
6 120
9 126
12 132
14 138
15 144
15 150
15 156
14 162
12 168
10 174
5 180
1199 184
1193 184
1187 183
1181 181
1175 180
1169 180
1163 182
1159 188
1157 194
1156 200
1156 206
1157 212
1159 218
1161 224
1163 230
1166 236
1169 242
1173 248
1177 254
1181 260
1186 266
1191 272
