0 237
5 243
11 248
17 251
23 254
29 255
35 256
41 255
47 255
53 253
59 251
65 248
71 245
77 241
83 238
89 236
95 233
101 232
107 230
113 229
119 228
125 228
131 227
137 225
143 223
149 220
155 216
161 210
166 204
169 198
172 192
176 186
179 180
184 174
190 168
196 164
202 161
208 159
214 158
220 158
226 158
232 159
238 162
244 165
250 170
255 176
259 182
261 188
262 194
264 200
265 206
266 212
268 218
271 224
275 230
281 235
287 239
293 241
299 241
305 241
311 240
317 237
323 233
328 227
332 221
335 215
338 209
341 203
344 197
347 191
353 185
359 180
365 177
371 176
377 175
383 176
389 177
395 180
401 184
407 190
410 196
413 202
414 208
415 214
416 220
416 226
416 232
417 238
419 244
422 250
427 256
433 261
439 265
445 267
451 268
457 268
463 268
469 266
475 264
481 260
487 255
491 249
494 243
496 237
498 231
498 225
499 219
499 213
500 207
501 201
503 195
507 189
511 183
517 178
523 174
529 171
535 170
541 169
547 169
553 170
559 171
565 174
571 177
577 182
582 188
587 194
591 200
594 206
598 212
602 218
608 224
614 229
620 233
626 235
632 237
638 238
644 238
650 237
656 236
662 233
668 230
674 226
680 221
686 215
691 209
696 203
702 197
708 191
714 186
720 182
726 179
732 176
738 174
744 173
750 172
756 172
762 172
768 173
774 175
780 177
786 180
792 184
798 189
804 195
808 201
811 207
814 213
816 219
818 225
820 231
822 237
825 243
828 249
833 255
839 260
845 264
851 267
857 268
863 269
869 270
875 269
881 268
887 266
893 264
899 260
905 255
910 249
914 243
916 237
918 231
920 225
920 219
919 213
918 207
917 201
915 195
915 189
914 183
915 177
916 171
918 165
921 159
926 153
932 147
938 142
944 139
950 137
956 135
962 134
968 134
974 135
980 136
986 138
992 141
998 145
1004 150
1010 156
1014 162
1017 168
1019 174
1020 180
1021 186
1022 192
1021 198
1020 204
1017 210
1014 216
1011 222
1009 228
1007 234
1006 240
1007 246
1008 252
1010 258
1013 264
1017 270
1023 276
1029 281
1035 284
1041 286
1047 288
1053 289
1059 289
1065 288
1071 286
1077 284
1083 281
1089 276
1094 270
1098 264
1101 258
1103 252
1103 246
1103 240
1102 234
1100 228
1098 222
1095 216
1093 210
1092 204
1092 198
1092 192
1093 186
1095 180
1098 174
1101 168
1105 162
1111 156
1117 151
1123 148
1129 145
1135 143
1141 143
1147 142
1153 143
1159 144
1165 146
1171 149
1177 154
1183 160
1187 166
1190 172
1192 178
1193 184
1193 190
1192 196
1192 202
1191 208
1191 214
1192 220
1194 226
