0 213
6 214
12 214
18 215
24 215
30 215
36 215
42 215
48 215
54 215
60 214
66 214
72 214
78 214
84 214
90 213
96 213
102 213
108 213
114 213
120 213
126 213
132 213
138 213
144 213
150 213
156 212
162 212
168 212
174 211
180 211
186 210
192 210
198 209
204 209
210 209
216 208
222 208
228 208
234 209
240 209
246 209
252 210
258 210
264 211
270 211
276 212
282 213
288 213
294 213
300 214
306 214
312 214
318 213
324 213
330 213
336 212
342 212
348 211
354 211
360 210
366 210
372 210
378 210
384 210
390 211
396 211
402 212
408 212
414 213
420 214
426 215
432 215
438 216
444 216
450 216
456 216
462 216
468 216
474 215
480 215
486 214
492 214
498 213
504 212
510 212
516 211
522 211
528 210
534 210
540 210
546 210
552 210
558 210
564 210
570 211
576 211
582 211
588 212
594 212
600 212
606 212
612 213
618 213
624 213
630 213
636 213
642 213
648 213
654 213
660 213
666 213
672 212
678 212
684 212
690 212
696 211
702 211
708 211
714 211
720 210
726 210
732 210
738 210
744 210
750 210
756 210
762 210
768 210
774 210
780 211
786 211
792 211
798 211
804 212
810 212
816 213
822 213
828 214
834 214
840 214
846 215
852 215
858 215
864 215
870 216
876 215
882 215
888 215
894 214
900 214
906 213
912 212
918 211
924 211
930 210
936 209
942 208
948 207
954 207
960 206
966 206
972 206
978 206
984 207
990 208
996 209
1002 210
1008 211
1014 212
1020 214
1026 215
1032 216
1038 217
1044 218
1050 218
1056 218
1062 218
1068 218
1074 217
1080 216
1086 215
1092 214
1098 213
1104 212
1110 211
1116 209
1122 209
1128 208
1134 207
1140 207
1146 207
1152 207
1158 208
1164 208
1170 209
1176 210
1182 211
1188 211
