0 210
6 211
12 211
18 212
24 212
30 212
36 212
42 212
48 212
54 212
60 212
66 211
72 211
78 211
84 211
90 211
96 210
102 210
108 210
114 210
120 210
126 210
132 210
138 210
144 210
150 210
156 209
162 209
168 209
174 208
180 208
186 207
192 206
198 206
204 205
210 205
216 205
222 205
228 205
234 205
240 205
246 206
252 206
258 207
264 208
270 208
276 209
282 210
288 210
294 211
300 211
306 211
312 211
318 211
324 210
330 210
336 209
342 208
348 208
354 207
360 207
366 207
372 207
378 207
384 207
390 207
396 208
402 209
408 209
414 210
420 211
426 212
432 213
438 213
444 214
450 214
456 214
462 214
468 213
474 213
480 212
486 211
492 211
498 210
504 209
510 209
516 208
522 207
528 207
534 207
540 207
546 207
552 207
558 207
564 207
570 207
576 208
582 208
588 208
594 209
600 209
606 209
612 210
618 210
624 210
630 210
636 210
642 210
648 210
654 210
660 210
666 210
672 209
678 209
684 209
690 209
696 208
702 208
708 208
714 207
720 207
726 207
732 207
738 207
744 207
750 207
756 207
762 207
768 207
774 207
780 207
786 208
792 208
798 208
804 209
810 209
816 210
822 210
828 211
834 211
840 212
846 212
852 213
858 213
864 213
870 213
876 213
882 213
888 212
894 212
900 211
906 210
912 209
918 208
924 207
930 206
936 205
942 204
948 203
954 203
960 202
966 202
972 202
978 202
984 203
990 204
996 205
1002 206
1008 208
1014 209
1020 211
1026 212
1032 214
1038 215
1044 215
1050 216
1056 216
1062 216
1068 216
1074 215
1080 214
1086 213
1092 211
1098 210
1104 209
1110 207
1116 206
1122 205
1128 204
1134 204
1140 203
1146 203
1152 204
1158 204
1164 205
1170 205
1176 206
1182 207
1188 208
