0 206
6 206
12 206
18 206
24 206
30 206
36 206
42 206
48 206
54 206
60 206
66 206
72 206
78 206
84 206
90 206
96 206
102 206
108 206
114 206
120 206
126 206
132 206
138 206
144 206
150 205
156 205
162 205
168 205
174 205
180 205
186 205
192 205
198 205
204 205
210 205
216 205
222 205
228 205
234 205
240 205
246 205
252 205
258 205
264 205
270 205
276 205
282 205
288 205
294 206
300 206
306 206
312 206
318 206
324 206
330 205
336 205
342 205
348 205
354 205
360 205
366 205
372 205
378 205
384 205
390 205
396 205
402 205
408 206
414 206
420 206
426 206
432 206
438 206
444 206
450 206
456 206
462 206
468 206
474 206
480 206
486 206
492 206
498 206
504 205
510 205
516 205
522 205
528 205
534 205
540 205
546 205
552 205
558 205
564 205
570 205
576 205
582 205
588 205
594 205
600 205
606 205
612 205
618 205
624 205
630 205
636 205
642 205
648 205
654 205
660 205
666 205
672 205
678 205
684 205
690 205
696 205
702 205
708 205
714 205
720 205
726 205
732 205
738 205
744 205
750 205
756 205
762 205
768 205
774 205
780 205
786 205
792 205
798 205
804 205
810 205
816 205
822 205
828 206
834 206
840 206
846 206
852 206
858 206
864 206
870 206
876 206
882 206
888 206
894 206
900 206
906 206
912 205
918 205
924 205
930 205
936 205
942 205
948 205
954 205
960 205
966 205
972 205
978 205
984 205
990 205
996 205
1002 205
1008 205
1014 205
1020 206
1026 206
1032 206
1038 206
1044 206
1050 206
1056 206
1062 206
1068 206
1074 206
1080 206
1086 206
1092 206
1098 206
1104 205
1110 205
1116 205
1122 205
1128 205
1134 205
1140 205
1146 205
1152 205
1158 205
1164 205
1170 205
1176 205
1182 205
1188 205
