0 194
6 192
12 187
17 181
21 175
23 169
25 163
26 157
26 151
26 145
25 139
24 133
23 127
20 121
18 115
14 109
10 103
4 97
1198 92
1192 88
1186 85
1180 82
1174 80
1168 79
1162 79
1156 79
1150 79
1144 80
1138 82
1132 84
1126 87
1120 90
1114 95
1108 101
1102 107
1098 113
1094 119
1091 125
1088 131
1085 137
1082 143
1080 149
1077 155
1075 161
1073 167
1071 173
1069 179
1067 185
1065 191
1063 197
1062 203
1061 209
1060 215
1059 221
1058 227
1057 233
1057 239
1056 245
1056 251
1056 257
1056 263
1056 269
1060 275
1066 275
1072 269
1075 263
1078 257
1080 251
1082 245
1085 239
1087 233
1089 227
1091 221
1095 215
1101 213
1105 219
1108 225
1109 231
1111 237
1113 243
1115 249
1116 255
1117 261
1118 267
1119 273
1119 279
1119 285
1119 291
1119 297
1118 303
1116 309
1114 315
1111 321
1107 327
1102 333
1096 338
1090 342
1084 345
1078 347
1072 348
1066 349
1060 350
1054 350
1048 350
1042 349
1036 347
1030 345
1024 342
1018 339
1012 334
1006 328
1002 322
999 316
996 310
994 304
993 298
991 292
991 286
990 280
990 274
990 268
990 262
990 256
991 250
991 244
992 238
993 232
993 226
994 220
994 214
995 208
995 202
995 196
997 190
1003 191
1006 197
1009 203
1010 209
1012 215
1013 221
1015 227
1016 233
1018 239
1020 245
1022 251
1024 257
1028 263
1034 266
1037 260
1036 254
1036 248
1036 242
1036 236
1036 230
1036 224
1036 218
1036 212
1036 206
1036 200
1036 194
1036 188
1036 182
1036 176
1036 170
1036 164
1035 158
1035 152
1034 146
1034 140
1033 134
1032 128
1030 122
1028 116
1026 110
1023 104
1020 98
1016 92
1010 86
1004 80
998 76
992 73
986 71
980 69
974 67
968 67
962 66
956 66
950 67
944 68
938 69
932 72
926 74
920 78
914 82
908 88
903 94
899 100
896 106
894 112
892 118
891 124
890 130
890 136
889 142
890 148
890 154
891 160
892 166
894 172
895 178
898 184
900 190
903 196
908 202
914 207
920 207
926 202
929 196
932 190
935 184
937 178
940 172
944 166
950 160
956 159
962 162
967 168
969 174
969 180
969 186
968 192
967 198
966 204
965 210
963 216
961 222
959 228
956 234
954 240
951 246
948 252
945 258
942 264
939 270
936 276
932 282
928 288
924 294
920 300
915 306
909 312
903 317
897 322
891 325
885 328
879 330
873 332
867 333
861 333
855 333
849 333
843 331
837 330
831 327
825 324
819 320
813 315
808 309
804 303
801 297
799 291
797 285
796 279
796 273
796 267
797 261
798 255
801 249
805 243
811 240
817 239
823 242
829 245
835 248
841 250
847 250
853 246
858 240
860 234
861 228
861 222
859 216
858 210
855 204
853 198
849 192
846 186
842 180
839 174
834 168
830 162
825 156
821 150
815 144
809 138
803 133
797 128
791 124
785 121
779 118
773 116
767 114
761 113
755 113
749 113
743 113
737 115
731 116
725 119
719 122
713 125
707 130
701 136
697 142
693 148
690 154
687 160
685 166
684 172
683 178
684 184
685 190
687 196
693 202
699 205
705 209
710 215
712 221
712 227
711 233
710 239
708 245
705 251
701 257
697 263
692 269
686 274
680 279
674 282
668 285
662 287
656 288
650 289
644 289
638 288
632 287
626 285
620 283
614 280
608 276
602 271
596 265
591 259
586 253
582 247
579 241
576 235
574 229
572 223
572 217
572 211
574 205
580 199
586 197
592 195
598 192
602 186
604 180
605 174
605 168
604 162
603 156
601 150
598 144
595 138
591 132
585 126
579 120
573 116
567 113
561 111
555 109
549 108
543 108
537 108
531 109
525 111
519 113
513 116
507 120
501 126
496 132
491 138
488 144
485 150
483 156
481 162
480 168
478 174
477 180
476 186
476 192
475 198
474 204
474 210
474 216
474 222
474 228
475 234
476 240
478 246
484 250
490 249
496 244
502 240
508 237
514 239
518 245
521 251
522 257
524 263
524 269
524 275
524 281
523 287
521 293
519 299
516 305
513 311
508 317
502 323
496 327
490 331
484 334
478 336
472 337
466 338
460 339
454 339
448 338
442 337
436 336
430 334
424 331
418 327
412 322
406 316
402 310
399 304
396 298
395 292
394 286
394 280
394 274
395 268
396 262
398 256
402 250
408 246
414 247
420 250
426 254
432 257
438 258
444 254
447 248
448 242
448 236
447 230
447 224
446 218
444 212
443 206
441 200
440 194
438 188
436 182
434 176
431 170
428 164
425 158
420 152
415 146
409 141
403 137
397 135
391 133
385 132
379 132
373 133
367 135
361 138
355 142
349 146
344 152
339 158
335 164
332 170
329 176
327 182
326 188
325 194
326 200
329 206
335 210
341 211
347 213
353 217
355 223
355 229
354 235
352 241
348 247
344 253
340 259
334 265
328 270
322 275
316 278
310 280
304 282
298 283
292 283
286 283
280 282
274 280
268 276
262 272
256 266
251 260
247 254
244 248
242 242
240 236
239 230
238 224
237 218
237 212
238 206
239 200
241 194
246 188
252 187
258 188
264 190
270 190
276 188
280 182
283 176
284 170
285 164
285 158
285 152
285 146
284 140
283 134
281 128
278 122
275 116
271 110
266 104
260 99
254 94
248 91
242 88
236 86
230 85
224 84
218 83
212 83
206 84
200 85
194 86
188 88
182 91
176 94
170 98
164 102
158 108
153 114
149 120
145 126
143 132
140 138
139 144
138 150
138 156
139 162
141 168
147 174
153 175
159 174
165 174
171 175
176 181
177 187
177 193
176 199
174 205
171 211
168 217
164 223
160 229
154 235
148 240
142 244
136 248
130 251
124 255
118 258
112 261
106 265
100 269
94 275
89 281
84 287
79 293
74 299
68 304
62 307
56 310
50 311
44 312
38 312
32 312
26 311
20 309
14 307
8 304
2 300
1196 295
1190 290
1185 284
1180 278
1175 272
1171 266
1167 260
1163 254
1160 248
1156 242
1153 236
1149 230
1146 224
1143 218
1141 212
1139 206
1137 200
1136 194
1136 188
1137 182
1140 176
1145 170
1151 166
1157 165
1163 166
1169 170
1174 176
1180 182
1185 188
1191 193
