0 207
6 208
12 209
18 209
24 210
30 210
36 210
42 210
48 210
54 210
60 209
66 209
72 209
78 208
84 208
90 208
96 208
102 208
108 208
114 208
120 208
126 208
132 207
138 207
144 207
150 207
156 207
162 206
168 206
174 205
180 204
186 204
192 203
198 202
204 202
210 202
216 201
222 201
228 201
234 201
240 202
246 202
252 203
258 204
264 205
270 205
276 206
282 207
288 208
294 208
300 208
306 208
312 208
318 208
324 207
330 207
336 206
342 205
348 205
354 204
360 204
366 203
372 203
378 203
384 204
390 204
396 205
402 206
408 207
414 208
420 209
426 209
432 210
438 211
444 211
450 212
456 212
462 211
468 211
474 210
480 210
486 209
492 208
498 207
504 206
510 206
516 205
522 204
528 204
534 203
540 203
546 203
552 203
558 203
564 204
570 204
576 204
582 205
588 205
594 206
600 206
606 207
612 207
618 207
624 207
630 207
636 207
642 207
648 207
654 207
660 207
666 207
672 207
678 206
684 206
690 206
696 205
702 205
708 205
714 204
720 204
726 204
732 204
738 203
744 203
750 203
756 203
762 203
768 203
774 204
780 204
786 204
792 205
798 205
804 206
810 206
816 207
822 208
828 208
834 209
840 209
846 210
852 210
858 211
864 211
870 211
876 211
882 211
888 210
894 209
900 209
906 208
912 206
918 205
924 204
930 203
936 201
942 200
948 199
954 199
960 198
966 198
972 198
978 198
984 199
990 200
996 201
1002 203
1008 205
1014 206
1020 208
1026 210
1032 211
1038 213
1044 214
1050 214
1056 215
1062 214
1068 214
1074 213
1080 212
1086 211
1092 209
1098 207
1104 206
1110 204
1116 203
1122 201
1128 200
1134 200
1140 199
1146 199
1152 200
1158 200
1164 201
1170 202
1176 203
1182 204
1188 205
