0 203
6 203
12 204
18 204
24 204
30 204
36 204
42 204
48 204
54 204
60 204
66 204
72 203
78 203
84 203
90 203
96 203
102 203
108 203
114 203
120 203
126 203
132 203
138 203
144 203
150 203
156 203
162 203
168 202
174 202
180 202
186 202
192 202
198 202
204 201
210 201
216 201
222 201
228 201
234 201
240 201
246 201
252 202
258 202
264 202
270 202
276 203
282 203
288 203
294 203
300 203
306 203
312 203
318 203
324 203
330 203
336 203
342 202
348 202
354 202
360 202
366 202
372 202
378 202
384 202
390 202
396 202
402 203
408 203
414 203
420 204
426 204
432 204
438 204
444 204
450 204
456 204
462 204
468 204
474 204
480 204
486 204
492 203
498 203
504 203
510 203
516 202
522 202
528 202
534 202
540 202
546 202
552 202
558 202
564 202
570 202
576 202
582 202
588 202
594 203
600 203
606 203
612 203
618 203
624 203
630 203
636 203
642 203
648 203
654 203
660 203
666 203
672 203
678 203
684 202
690 202
696 202
702 202
708 202
714 202
720 202
726 202
732 202
738 202
744 202
750 202
756 202
762 202
768 202
774 202
780 202
786 202
792 202
798 202
804 203
810 203
816 203
822 203
828 203
834 203
840 204
846 204
852 204
858 204
864 204
870 204
876 204
882 204
888 204
894 204
900 203
906 203
912 203
918 202
924 202
930 202
936 201
942 201
948 201
954 200
960 200
966 200
972 200
978 200
984 200
990 201
996 201
1002 202
1008 202
1014 203
1020 203
1026 204
1032 204
1038 205
1044 205
1050 205
1056 205
1062 205
1068 205
1074 205
1080 204
1086 204
1092 203
1098 203
1104 202
1110 202
1116 202
1122 201
1128 201
1134 201
1140 201
1146 201
1152 201
1158 201
1164 201
1170 201
1176 202
1182 202
1188 203
