0 99
6 105
10 111
14 117
17 123
19 129
21 135
22 141
23 147
22 153
22 159
20 165
18 171
15 177
11 183
5 187
1199 190
1193 189
1187 187
1181 182
1175 177
1169 172
1163 170
1157 170
1151 173
1146 179
1144 185
1143 191
1143 197
1143 203
1145 209
1147 215
1150 221
1153 227
1156 233
1159 239
1163 245
1166 251
1170 257
1175 263
1179 269
1184 275
1189 281
1195 286
1 291
7 295
13 298
19 301
25 302
31 304
37 304
43 304
49 303
55 301
61 299
67 295
73 290
79 284
84 278
90 272
96 266
102 262
108 258
114 255
120 252
126 249
132 246
138 242
144 239
150 234
156 229
161 223
166 217
169 211
172 205
173 199
174 193
174 187
172 181
166 176
160 175
154 173
148 170
144 164
143 158
143 152
143 146
145 140
147 134
150 128
153 122
158 116
163 110
169 105
175 101
181 97
187 95
193 92
199 91
205 90
211 89
217 89
223 89
229 90
235 91
241 93
247 96
253 99
259 104
265 109
270 115
274 121
277 127
279 133
281 139
282 145
283 151
283 157
283 163
282 169
280 175
277 181
271 186
265 188
259 188
253 189
247 192
243 198
241 204
241 210
241 216
241 222
242 228
243 234
245 240
248 246
251 252
256 258
261 264
267 269
273 272
279 275
285 276
291 277
297 277
303 276
309 275
315 272
321 269
327 265
333 260
338 254
343 248
346 242
349 236
351 230
351 224
350 218
346 212
340 208
334 203
330 197
329 191
329 185
330 179
332 173
335 167
338 161
342 155
348 149
354 143
360 139
366 137
372 135
378 134
384 133
390 134
396 136
402 138
408 142
414 146
419 152
424 158
427 164
430 170
433 176
435 182
437 188
439 194
441 200
442 206
443 212
444 218
444 224
444 230
443 236
441 242
435 246
429 247
423 246
417 244
411 243
405 246
400 252
398 258
397 264
396 270
396 276
397 282
398 288
400 294
403 300
407 306
412 312
418 318
424 322
430 325
436 327
442 329
448 330
454 330
460 330
466 330
472 329
478 327
484 325
490 322
496 318
502 313
507 307
512 301
515 295
518 289
520 283
521 277
522 271
522 265
521 259
520 253
519 247
516 241
510 236
504 236
498 237
492 240
486 240
480 235
477 229
476 223
476 217
476 211
476 205
476 199
477 193
477 187
478 181
479 175
481 169
482 163
484 157
487 151
490 145
493 139
498 133
504 127
510 122
516 119
522 116
528 114
534 113
540 112
546 112
552 113
558 114
564 116
570 119
576 122
582 127
588 133
592 139
596 145
598 151
600 157
601 163
602 169
602 175
601 181
598 187
592 193
586 197
580 203
577 209
577 215
577 221
579 227
581 233
583 239
587 245
591 251
596 257
602 263
608 268
614 272
620 275
626 278
632 280
638 281
644 281
650 281
656 280
662 279
668 277
674 274
680 270
686 265
692 259
697 253
701 247
704 241
706 235
707 229
707 223
707 217
704 211
700 205
694 199
690 193
688 187
687 181
687 175
688 169
689 163
692 157
694 151
698 145
703 139
709 133
715 128
721 125
727 122
733 119
739 118
745 117
751 117
757 117
763 117
769 118
775 120
781 122
787 125
793 128
799 133
805 137
811 143
817 149
822 155
827 161
831 167
835 173
839 179
842 185
846 191
848 197
851 203
852 209
854 215
854 221
853 227
851 233
846 239
840 242
834 242
828 241
822 239
816 238
810 240
804 246
801 252
800 258
799 264
799 270
800 276
801 282
803 288
806 294
810 300
815 306
821 312
827 316
833 320
839 322
845 324
851 325
857 326
863 326
869 325
875 324
881 322
887 320
893 317
899 313
905 309
911 303
917 297
922 291
926 285
930 279
933 273
937 267
940 261
943 255
946 249
949 243
952 237
954 231
956 225
959 219
960 213
962 207
963 201
964 195
965 189
965 183
963 177
960 171
954 166
948 166
942 170
938 176
934 182
931 188
927 194
921 200
915 202
909 199
904 193
900 187
898 181
895 175
894 169
892 163
892 157
891 151
891 145
891 139
892 133
892 127
894 121
896 115
898 109
902 103
906 97
911 91
917 86
923 81
929 78
935 76
941 74
947 72
953 71
959 71
965 71
971 71
977 73
983 74
989 76
995 79
1001 83
1007 87
1013 93
1018 99
1022 105
1025 111
1027 117
1029 123
1031 129
1032 135
1033 141
1034 147
1035 153
1036 159
1036 165
1037 171
1037 177
1037 183
1037 189
1037 195
1037 201
1037 207
1037 213
1037 219
1037 225
1037 231
1036 237
1036 243
1036 249
1030 254
1024 248
1021 242
1019 236
1017 230
1015 224
1013 218
1011 212
1009 206
1006 200
1000 194
995 200
994 206
993 212
992 218
992 224
991 230
990 236
990 242
989 248
989 254
989 260
989 266
990 272
990 278
991 284
993 290
994 296
996 302
999 308
1002 314
1006 320
1012 326
1018 331
1024 335
1030 338
1036 340
1042 342
1048 343
1054 344
1060 344
1066 343
1072 342
1078 340
1084 338
1090 334
1096 330
1102 325
1107 319
1110 313
1113 307
1116 301
1117 295
1118 289
1119 283
1119 277
1119 271
1119 265
1118 259
1118 253
1116 247
1115 241
1113 235
1112 229
1109 223
1106 217
1100 214
1094 220
1091 226
1088 232
1085 238
1082 244
1079 250
1076 256
1070 262
1064 263
1059 257
1058 251
1058 245
1058 239
1058 233
1059 227
1060 221
1061 215
1062 209
1063 203
1064 197
1066 191
1068 185
1070 179
1071 173
1074 167
1076 161
1078 155
1080 149
1083 143
1085 137
1088 131
1091 125
1095 119
1099 113
1104 107
1110 101
1116 96
1122 92
1128 89
1134 86
1140 84
1146 83
1152 83
1158 82
1164 83
1170 84
1176 85
1182 88
1188 91
