0 213
6 213
12 213
18 213
24 213
30 213
36 213
42 213
48 213
54 213
60 213
66 213
72 213
78 213
84 213
90 213
96 213
102 213
108 213
114 213
120 213
126 213
132 213
138 213
144 212
150 212
156 212
162 212
168 212
174 212
180 212
186 212
192 212
198 212
204 212
210 212
216 212
222 212
228 212
234 212
240 212
246 212
252 212
258 212
264 212
270 212
276 212
282 212
288 212
294 213
300 213
306 213
312 213
318 213
324 213
330 212
336 212
342 212
348 212
354 212
360 212
366 212
372 212
378 212
384 212
390 212
396 212
402 212
408 213
414 213
420 213
426 213
432 213
438 213
444 213
450 213
456 213
462 213
468 213
474 213
480 213
486 213
492 213
498 213
504 212
510 212
516 212
522 212
528 212
534 212
540 212
546 212
552 212
558 212
564 212
570 212
576 212
582 212
588 212
594 212
600 212
606 212
612 212
618 212
624 212
630 212
636 212
642 212
648 212
654 212
660 212
666 212
672 212
678 212
684 212
690 212
696 212
702 212
708 212
714 212
720 212
726 212
732 212
738 212
744 212
750 212
756 212
762 212
768 212
774 212
780 212
786 212
792 212
798 212
804 212
810 212
816 212
822 212
828 213
834 213
840 213
846 213
852 213
858 213
864 213
870 213
876 213
882 213
888 213
894 213
900 213
906 213
912 212
918 212
924 212
930 212
936 212
942 212
948 212
954 211
960 211
966 211
972 211
978 211
984 211
990 212
996 212
1002 212
1008 212
1014 212
1020 213
1026 213
1032 213
1038 213
1044 213
1050 213
1056 213
1062 213
1068 213
1074 213
1080 213
1086 213
1092 213
1098 212
1104 212
1110 212
1116 212
1122 212
1128 212
1134 212
1140 212
1146 212
1152 212
1158 212
1164 212
1170 212
1176 212
1182 212
1188 212
