0 207
6 207
12 207
18 207
24 208
30 208
36 208
42 208
48 208
54 207
60 207
66 207
72 207
78 207
84 207
90 207
96 207
102 207
108 207
114 207
120 207
126 207
132 207
138 207
144 207
150 206
156 206
162 206
168 206
174 206
180 206
186 205
192 205
198 205
204 205
210 204
216 204
222 204
228 204
234 204
240 204
246 205
252 205
258 205
264 205
270 206
276 206
282 206
288 207
294 207
300 207
306 207
312 207
318 207
324 207
330 206
336 206
342 206
348 206
354 205
360 205
366 205
372 205
378 205
384 205
390 206
396 206
402 206
408 207
414 207
420 207
426 208
432 208
438 208
444 208
450 208
456 208
462 208
468 208
474 208
480 208
486 207
492 207
498 207
504 206
510 206
516 206
522 206
528 205
534 205
540 205
546 205
552 205
558 205
564 205
570 206
576 206
582 206
588 206
594 206
600 206
606 206
612 206
618 207
624 207
630 207
636 207
642 207
648 207
654 206
660 206
666 206
672 206
678 206
684 206
690 206
696 206
702 206
708 206
714 205
720 205
726 205
732 205
738 205
744 205
750 205
756 205
762 205
768 205
774 205
780 205
786 206
792 206
798 206
804 206
810 206
816 206
822 207
828 207
834 207
840 207
846 207
852 208
858 208
864 208
870 208
876 208
882 208
888 208
894 207
900 207
906 207
912 206
918 206
924 205
930 205
936 205
942 204
948 204
954 204
960 203
966 203
972 203
978 203
984 204
990 204
996 205
1002 205
1008 206
1014 206
1020 207
1026 207
1032 208
1038 208
1044 209
1050 209
1056 209
1062 209
1068 209
1074 209
1080 208
1086 208
1092 207
1098 207
1104 206
1110 205
1116 205
1122 205
1128 204
1134 204
1140 204
1146 204
1152 204
1158 204
1164 204
1170 205
1176 205
1182 206
1188 206
