0 205
6 206
12 207
18 207
24 208
30 208
36 208
42 208
48 208
54 208
60 207
66 207
72 206
78 206
84 206
90 206
96 205
102 205
108 205
114 205
120 205
126 205
132 205
138 205
144 205
150 204
156 204
162 203
168 203
174 202
180 201
186 201
192 200
198 199
204 199
210 198
216 198
222 198
228 198
234 198
240 198
246 199
252 200
258 201
264 202
270 203
276 204
282 204
288 205
294 206
300 206
306 206
312 206
318 206
324 205
330 204
336 203
342 203
348 202
354 201
360 201
366 200
372 200
378 200
384 201
390 201
396 202
402 203
408 204
414 205
420 206
426 207
432 208
438 209
444 209
450 210
456 210
462 210
468 209
474 209
480 208
486 207
492 206
498 205
504 204
510 203
516 202
522 201
528 201
534 200
540 200
546 200
552 200
558 200
564 201
570 201
576 201
582 202
588 203
594 203
600 204
606 204
612 204
618 205
624 205
630 205
636 205
642 205
648 205
654 205
660 205
666 204
672 204
678 204
684 203
690 203
696 202
702 202
708 202
714 201
720 201
726 201
732 200
738 200
744 200
750 200
756 200
762 200
768 200
774 201
780 201
786 201
792 202
798 202
804 203
810 204
816 205
822 205
828 206
834 207
840 207
846 208
852 208
858 209
864 209
870 209
876 209
882 209
888 208
894 207
900 206
906 205
912 204
918 202
924 201
930 199
936 198
942 197
948 196
954 195
960 194
966 194
972 194
978 195
984 195
990 197
996 198
1002 200
1008 202
1014 204
1020 206
1026 208
1032 210
1038 211
1044 212
1050 213
1056 213
1062 213
1068 213
1074 212
1080 210
1086 209
1092 207
1098 205
1104 203
1110 201
1116 199
1122 198
1128 197
1134 196
1140 196
1146 196
1152 196
1158 196
1164 197
1170 198
1176 200
1182 201
1188 202
