0 209
6 210
12 210
18 210
24 210
30 210
36 210
42 210
48 210
54 210
60 210
66 210
72 209
78 209
84 209
90 209
96 209
102 209
108 209
114 209
120 209
126 209
132 209
138 209
144 209
150 209
156 209
162 209
168 209
174 209
180 209
186 209
192 209
198 209
204 209
210 209
216 209
222 209
228 209
234 209
240 209
246 209
252 209
258 209
264 209
270 209
276 209
282 209
288 209
294 209
300 209
306 209
312 209
318 209
324 209
330 209
336 209
342 209
348 209
354 209
360 209
366 209
372 209
378 209
384 209
390 209
396 209
402 209
408 209
414 209
420 210
426 210
432 210
438 210
444 210
450 210
456 210
462 210
468 210
474 210
480 210
486 210
492 209
498 209
504 209
510 209
516 209
522 209
528 209
534 209
540 209
546 209
552 209
558 209
564 209
570 209
576 209
582 209
588 209
594 209
600 209
606 209
612 209
618 209
624 209
630 209
636 209
642 209
648 209
654 209
660 209
666 209
672 209
678 209
684 209
690 209
696 209
702 209
708 209
714 209
720 209
726 209
732 209
738 209
744 209
750 209
756 209
762 209
768 209
774 209
780 209
786 209
792 209
798 209
804 209
810 209
816 209
822 209
828 209
834 209
840 209
846 209
852 210
858 210
864 210
870 210
876 210
882 210
888 210
894 209
900 209
906 209
912 209
918 209
924 209
930 209
936 209
942 209
948 209
954 209
960 209
966 209
972 209
978 209
984 209
990 209
996 209
1002 209
1008 209
1014 209
1020 209
1026 210
1032 210
1038 210
1044 210
1050 210
1056 210
1062 210
1068 210
1074 210
1080 210
1086 210
1092 209
1098 209
1104 209
1110 209
1116 209
1122 209
1128 209
1134 209
1140 209
1146 209
1152 209
1158 209
1164 209
1170 209
1176 209
1182 209
1188 209
