0 229
5 235
11 240
17 243
23 246
29 247
35 248
41 248
47 247
53 245
59 243
65 241
71 238
77 235
83 232
89 229
95 227
101 226
107 225
113 224
119 223
125 223
131 222
137 220
143 219
149 216
155 212
161 207
167 201
171 195
175 189
179 183
184 177
190 172
196 167
202 164
208 162
214 161
220 161
226 161
232 162
238 165
244 168
250 173
255 179
259 185
261 191
263 197
265 203
267 209
270 215
274 221
279 227
285 231
291 233
297 235
303 235
309 234
315 232
321 228
327 223
331 217
335 211
338 205
342 199
346 193
351 187
357 182
363 179
369 177
375 176
381 177
387 178
393 180
399 184
405 190
409 196
412 202
414 208
415 214
416 220
417 226
419 232
421 238
425 244
430 250
436 254
442 257
448 259
454 259
460 259
466 258
472 256
478 253
484 248
489 242
493 236
495 230
497 224
498 218
499 212
501 206
502 200
505 194
509 188
515 182
521 177
527 174
533 172
539 171
545 171
551 171
557 173
563 175
569 178
575 182
581 187
586 193
591 199
595 205
600 211
606 217
612 222
618 226
624 228
630 230
636 231
642 231
648 231
654 230
660 228
666 225
672 222
678 218
684 213
690 207
696 201
702 196
708 191
714 186
720 183
726 180
732 178
738 176
744 175
750 174
756 174
762 174
768 175
774 177
780 179
786 182
792 185
798 190
804 196
808 202
812 208
815 214
817 220
820 226
823 232
827 238
831 244
837 249
843 254
849 257
855 259
861 260
867 261
873 261
879 260
885 258
891 256
897 252
903 247
908 241
912 235
915 229
916 223
917 217
918 211
917 205
917 199
916 193
916 187
916 181
917 175
919 169
922 163
927 157
932 151
938 147
944 143
950 141
956 139
962 138
968 138
974 139
980 140
986 142
992 145
998 149
1004 154
1009 160
1013 166
1015 172
1017 178
1019 184
1019 190
1019 196
1018 202
1016 208
1014 214
1011 220
1010 226
1009 232
1009 238
1010 244
1012 250
1015 256
1019 262
1025 268
1031 272
1037 275
1043 277
1049 279
1055 279
1061 279
1067 278
1073 276
1079 273
1085 269
1091 263
1096 257
1098 251
1100 245
1101 239
1101 233
1100 227
1099 221
1097 215
1096 209
1095 203
1094 197
1095 191
1096 185
1098 179
1101 173
1105 167
1110 161
1116 155
1122 152
1128 149
1134 147
1140 146
1146 146
1152 146
1158 148
1164 150
1170 153
1176 157
1182 163
1186 169
1189 175
1191 181
1192 187
1192 193
1192 199
1193 205
1193 211
1195 217
