0 203
6 204
12 205
18 206
24 206
30 207
36 207
42 207
48 206
54 206
60 206
66 205
72 205
78 204
84 204
90 204
96 204
102 203
108 203
114 203
120 203
126 203
132 203
138 203
144 203
150 202
156 202
162 201
168 201
174 200
180 199
186 198
192 197
198 196
204 196
210 195
216 195
222 195
228 195
234 195
240 196
246 196
252 197
258 198
264 199
270 200
276 202
282 202
288 203
294 204
300 204
306 204
312 204
318 204
324 203
330 202
336 201
342 200
348 199
354 199
360 198
366 198
372 197
378 197
384 198
390 199
396 199
402 201
408 202
414 203
420 204
426 206
432 207
438 208
444 208
450 209
456 209
462 208
468 208
474 207
480 206
486 205
492 204
498 203
504 202
510 200
516 199
522 199
528 198
534 197
540 197
546 197
552 197
558 197
564 198
570 198
576 199
582 200
588 200
594 201
600 201
606 202
612 202
618 203
624 203
630 203
636 203
642 203
648 203
654 203
660 203
666 202
672 202
678 201
684 201
690 201
696 200
702 200
708 199
714 199
720 198
726 198
732 198
738 198
744 197
750 197
756 197
762 197
768 198
774 198
780 198
786 199
792 199
798 200
804 201
810 202
816 202
822 203
828 204
834 205
840 206
846 207
852 207
858 208
864 208
870 208
876 208
882 207
888 207
894 206
900 205
906 203
912 202
918 200
924 198
930 197
936 195
942 193
948 192
954 191
960 191
966 190
972 190
978 191
984 192
990 193
996 195
1002 197
1008 199
1014 202
1020 204
1026 207
1032 209
1038 210
1044 212
1050 212
1056 213
1062 213
1068 212
1074 211
1080 209
1086 207
1092 205
1098 203
1104 201
1110 198
1116 196
1122 195
1128 193
1134 193
1140 192
1146 192
1152 192
1158 193
1164 194
1170 195
1176 197
1182 198
1188 200
