0 200
6 200
12 200
18 199
24 199
30 199
36 198
42 198
48 197
54 197
60 197
66 197
72 197
78 197
84 198
90 198
96 198
102 199
108 199
114 199
120 199
126 199
132 198
138 198
144 198
150 197
156 197
162 197
168 197
174 197
180 198
186 198
192 199
198 199
204 200
210 200
216 200
222 200
228 200
234 200
240 200
246 199
252 198
258 197
264 196
270 196
276 195
282 194
288 194
294 194
300 194
306 195
312 196
318 196
324 197
330 198
336 199
342 200
348 200
354 200
360 200
366 200
372 200
378 200
384 199
390 199
396 198
402 198
408 197
414 197
420 198
426 198
432 199
438 199
444 199
450 200
456 200
462 200
468 200
474 199
480 199
486 198
492 197
498 197
504 196
510 196
516 196
522 196
528 196
534 196
540 197
546 197
552 198
558 198
564 199
570 199
576 199
582 200
588 200
594 200
600 200
606 199
612 199
618 199
624 198
630 198
636 197
642 197
648 197
654 198
660 198
666 198
672 198
678 198
684 198
690 198
696 198
702 198
708 198
714 198
720 198
726 198
732 198
738 199
744 199
750 199
756 199
762 199
768 198
774 198
780 197
786 197
792 196
798 196
804 196
810 197
816 197
822 197
828 198
834 198
840 199
846 199
852 199
858 199
864 199
870 199
876 199
882 200
888 200
894 200
900 200
906 200
912 200
918 200
924 199
930 199
936 198
942 198
948 198
954 197
960 197
966 197
972 197
978 197
984 197
990 197
996 197
1002 197
1008 197
1014 197
1020 196
1026 196
1032 196
1038 196
1044 197
1050 197
1056 198
1062 198
1068 199
1074 199
1080 200
1086 200
1092 200
1098 200
1104 199
1110 199
1116 198
1122 198
1128 197
1134 197
1140 197
1146 197
1152 197
1158 197
1164 198
1170 198
1176 199
1182 199
1188 199
