0 214
6 214
12 214
18 214
24 214
30 214
36 214
42 214
48 214
54 214
60 214
66 214
72 214
78 214
84 214
90 214
96 214
102 214
108 214
114 214
120 214
126 214
132 214
138 214
144 214
150 214
156 214
162 214
168 214
174 214
180 214
186 214
192 214
198 214
204 215
210 215
216 215
222 215
228 215
234 215
240 214
246 214
252 214
258 214
264 213
270 213
276 213
282 212
288 212
294 212
300 212
306 213
312 213
318 213
324 214
330 214
336 214
342 214
348 215
354 215
360 215
366 215
372 215
378 214
384 214
390 214
396 214
402 214
408 214
414 214
420 214
426 214
432 214
438 214
444 214
450 215
456 215
462 215
468 214
474 214
480 214
486 214
492 214
498 213
504 213
510 213
516 213
522 213
528 213
534 213
540 213
546 214
552 214
558 214
564 214
570 214
576 214
582 214
588 215
594 215
600 214
606 214
612 214
618 214
624 214
630 214
636 214
642 214
648 214
654 214
660 214
666 214
672 214
678 214
684 214
690 214
696 214
702 214
708 214
714 214
720 214
726 214
732 214
738 214
744 214
750 214
756 214
762 214
768 214
774 214
780 213
786 213
792 213
798 213
804 213
810 213
816 214
822 214
828 214
834 214
840 214
846 214
852 214
858 214
864 214
870 214
876 214
882 214
888 214
894 215
900 215
906 215
912 215
918 215
924 214
930 214
936 214
942 214
948 214
954 214
960 214
966 214
972 214
978 214
984 214
990 214
996 214
1002 213
1008 213
1014 213
1020 213
1026 213
1032 213
1038 213
1044 213
1050 214
1056 214
1062 214
1068 214
1074 214
1080 215
1086 215
1092 215
1098 214
1104 214
1110 214
1116 214
1122 214
1128 214
1134 213
1140 213
1146 213
1152 214
1158 214
1164 214
1170 214
1176 214
1182 214
1188 214
