0 221
6 221
12 221
18 220
24 220
30 219
36 218
42 216
48 216
54 215
60 215
66 215
72 215
78 215
84 216
90 217
96 218
102 219
108 219
114 219
120 219
126 219
132 218
138 217
144 216
150 215
156 215
162 215
168 215
174 216
180 217
186 218
192 219
198 221
204 222
210 223
216 224
222 224
228 223
234 223
240 222
246 220
252 218
258 216
264 213
270 211
276 209
282 208
288 207
294 207
300 208
306 209
312 211
318 213
324 216
330 218
336 220
342 222
348 223
354 224
360 224
366 223
372 222
378 221
384 220
390 218
396 217
402 216
408 215
414 216
420 216
426 217
432 218
438 220
444 221
450 222
456 222
462 222
468 221
474 220
480 219
486 217
492 216
498 214
504 213
510 212
516 212
522 212
528 212
534 213
540 214
546 215
552 216
558 217
564 219
570 220
576 221
582 222
588 222
594 222
600 222
606 221
612 220
618 218
624 217
630 216
636 216
642 215
648 216
654 216
660 217
666 217
672 218
678 218
684 218
690 218
696 217
702 217
708 217
714 217
720 217
726 218
732 218
738 219
744 219
750 220
756 219
762 218
768 217
774 216
780 215
786 214
792 213
798 213
804 213
810 213
816 214
822 216
828 217
834 218
840 219
846 219
852 220
858 220
864 220
870 220
876 221
882 221
888 221
894 222
900 222
906 222
912 222
918 221
924 220
930 219
936 218
942 217
948 216
954 216
960 215
966 215
972 215
978 215
984 215
990 215
996 215
1002 215
1008 214
1014 214
1020 213
1026 213
1032 213
1038 213
1044 214
1050 215
1056 217
1062 218
1068 220
1074 221
1080 222
1086 222
1092 222
1098 222
1104 221
1110 219
1116 218
1122 216
1128 215
1134 214
1140 214
1146 214
1152 214
1158 215
1164 216
1170 217
1176 219
1182 220
1188 220
