0 234
6 234
12 232
18 230
24 225
29 219
32 213
35 207
38 201
42 195
48 190
54 186
60 185
66 185
72 187
78 191
84 197
88 203
93 209
99 215
105 218
111 220
117 220
123 218
129 214
135 208
139 202
144 196
150 191
156 188
162 187
168 187
174 189
180 194
185 200
188 206
190 212
192 218
194 224
197 230
202 236
208 241
214 244
220 245
226 245
232 244
238 242
244 239
250 234
254 228
257 222
259 216
260 210
260 204
260 198
259 192
258 186
258 180
259 174
261 168
265 162
271 156
277 153
283 151
289 150
295 150
301 151
307 153
313 157
318 163
322 169
323 175
324 181
324 187
322 193
321 199
321 205
321 211
322 217
324 223
327 229
332 235
338 239
344 242
350 243
356 244
362 243
368 240
374 235
379 229
381 223
384 217
386 211
389 205
393 199
399 194
405 192
411 192
417 193
423 197
428 203
432 209
435 215
438 221
443 227
449 232
455 234
461 235
467 234
473 232
479 227
484 221
487 215
488 209
490 203
491 197
492 191
494 185
498 179
504 174
510 171
516 169
522 169
528 170
534 172
540 175
545 181
549 187
552 193
553 199
555 205
556 211
559 217
562 223
567 229
573 233
579 236
585 237
591 237
597 236
603 233
609 227
614 221
617 215
620 209
623 203
629 197
635 194
641 193
647 193
653 195
659 198
665 201
671 204
677 206
683 207
689 207
695 206
701 206
707 205
713 206
719 209
725 212
731 216
737 219
743 221
749 222
755 221
761 218
767 212
771 206
774 200
776 194
779 188
783 182
789 177
795 175
801 174
807 175
813 178
819 182
824 188
827 194
830 200
833 206
838 212
844 217
850 221
856 223
862 225
868 227
874 229
880 231
886 233
892 234
898 235
904 235
910 234
916 232
922 229
928 224
933 218
936 212
940 206
945 200
951 196
957 194
963 193
969 192
975 193
981 193
987 193
993 192
999 190
1005 187
1011 184
1017 181
1023 179
1029 178
1035 179
1041 181
1047 186
1052 192
1054 198
1056 204
1057 210
1058 216
1060 222
1063 228
1069 234
1075 237
1081 239
1087 239
1093 238
1099 235
1105 231
1110 225
1112 219
1114 213
1116 207
1117 201
1120 195
1124 189
1130 184
1136 181
1142 180
1148 180
1154 183
1160 187
1165 193
1168 199
1170 205
1173 211
1176 217
1180 223
1186 228
1192 232
