0 221
6 220
12 220
18 219
24 217
30 215
36 212
42 210
48 208
54 207
60 206
66 206
72 207
78 208
84 210
90 212
96 214
102 215
108 216
114 216
120 216
126 215
132 213
138 211
144 209
150 208
156 207
162 206
168 207
174 208
180 210
186 213
192 216
198 219
204 222
210 224
216 225
222 225
228 225
234 224
240 222
246 219
252 215
258 209
264 204
270 199
276 195
282 193
288 192
294 192
300 193
306 195
312 199
318 204
324 209
330 215
336 219
342 222
348 224
354 225
360 225
366 224
372 223
378 220
384 217
390 214
396 211
402 209
408 208
414 208
420 209
426 211
432 214
438 217
444 219
450 221
456 222
462 221
468 220
474 218
480 216
486 213
492 209
498 206
504 204
510 202
516 201
522 201
528 201
534 202
540 204
546 207
552 210
558 213
564 216
570 218
576 220
582 221
588 222
594 222
600 221
606 219
612 217
618 214
624 212
630 210
636 209
642 208
648 209
654 209
660 210
666 212
672 212
678 213
684 213
690 213
696 212
702 212
708 211
714 212
720 212
726 214
732 215
738 216
744 217
750 217
756 216
762 215
768 212
774 210
780 207
786 205
792 203
798 202
804 203
810 204
816 206
822 208
828 211
834 213
840 215
846 216
852 217
858 217
864 218
870 218
876 219
882 220
888 220
894 221
900 221
906 221
912 221
918 220
924 218
930 216
936 214
942 212
948 210
954 209
960 208
966 208
972 208
978 208
984 208
990 208
996 208
1002 207
1008 206
1014 205
1020 204
1026 203
1032 203
1038 204
1044 206
1050 208
1056 212
1062 215
1068 218
1074 221
1080 222
1086 223
1092 222
1098 221
1104 219
1110 216
1116 213
1122 210
1128 207
1134 205
1140 204
1146 204
1152 205
1158 207
1164 209
1170 212
1176 215
1182 217
1188 219
