0 217
6 217
12 217
18 215
24 212
30 209
36 206
42 202
48 199
54 197
60 196
66 196
72 197
78 199
84 202
90 205
96 207
102 209
108 211
114 211
120 211
126 209
132 207
138 204
144 201
150 199
156 197
162 197
168 197
174 199
180 202
186 206
192 211
198 216
204 220
210 222
216 224
222 225
228 224
234 223
240 220
246 216
252 210
257 204
260 198
264 192
269 186
275 181
281 178
287 176
293 176
299 177
305 179
311 184
317 190
321 196
324 202
328 208
333 214
339 219
345 222
351 224
357 224
363 223
369 222
375 218
381 214
387 209
393 205
399 201
405 199
411 199
417 200
423 202
429 206
435 210
441 214
447 217
453 218
459 219
465 218
471 216
477 213
483 209
489 203
495 198
501 194
507 191
513 189
519 188
525 188
531 190
537 192
543 195
549 199
555 204
561 209
567 213
573 216
579 218
585 219
591 219
597 219
603 217
609 214
615 210
621 206
627 203
633 201
639 200
645 199
651 200
657 202
663 203
669 205
675 206
681 206
687 206
693 205
699 205
705 204
711 205
717 205
723 207
729 208
735 210
741 211
747 212
753 212
759 210
765 207
771 204
777 200
783 196
789 193
795 191
801 191
807 192
813 194
819 197
825 201
831 204
837 207
843 210
849 211
855 212
861 213
867 214
873 215
879 216
885 217
891 217
897 218
903 218
909 218
915 217
921 215
927 212
933 209
939 206
945 203
951 201
957 200
963 199
969 199
975 199
981 199
987 199
993 199
999 198
1005 197
1011 195
1017 194
1023 193
1029 192
1035 193
1041 195
1047 198
1053 202
1059 207
1065 213
1071 216
1077 219
1083 220
1089 221
1095 220
1101 217
1107 214
1113 209
1119 204
1125 199
1131 196
1137 194
1143 193
1149 194
1155 196
1161 199
1167 203
1173 207
1179 211
1185 214
1191 216
