0 262
6 266
12 269
18 270
24 270
30 270
36 268
42 266
48 262
54 256
58 250
61 244
63 238
64 232
64 226
63 220
61 214
58 208
55 202
54 196
53 190
54 184
55 178
57 172
61 166
66 160
72 155
78 151
84 149
90 148
96 148
102 148
108 150
114 153
120 157
125 163
130 169
133 175
135 181
136 187
137 193
137 199
136 205
134 211
129 217
125 223
123 229
122 235
122 241
124 247
126 253
129 259
134 265
140 270
146 273
152 275
158 275
164 275
170 274
176 271
182 267
188 261
192 255
194 249
196 243
197 237
197 231
197 225
195 219
191 213
186 207
183 201
182 195
182 189
182 183
183 177
186 171
189 165
193 159
199 153
205 149
211 147
217 146
223 145
229 146
235 148
241 152
247 156
252 162
255 168
258 174
259 180
260 186
260 192
259 198
256 204
251 210
247 216
244 222
243 228
243 234
244 240
245 246
248 252
251 258
256 264
262 269
268 273
274 275
280 276
286 276
292 275
298 273
304 270
310 266
315 260
319 254
321 248
323 242
324 236
324 230
322 224
320 218
317 212
315 206
314 200
314 194
315 188
317 182
319 176
322 170
327 164
333 158
339 154
345 151
351 149
357 149
363 149
369 149
375 151
381 154
387 158
392 164
397 170
400 176
402 182
403 188
403 194
403 200
402 206
399 212
395 218
391 224
389 230
387 236
387 242
388 248
390 254
393 260
396 266
402 272
408 277
414 280
420 282
426 283
432 283
438 283
444 281
450 278
456 274
462 268
466 262
467 256
468 250
467 244
465 238
462 232
460 226
459 220
459 214
461 208
463 202
466 196
471 190
477 185
483 181
489 179
495 177
501 176
507 175
513 175
519 174
525 174
531 174
537 174
543 174
549 174
555 174
561 176
567 178
573 181
579 185
584 191
587 197
589 203
590 209
590 215
589 221
588 227
587 233
586 239
587 245
589 251
593 257
598 263
604 267
610 270
616 271
622 272
628 272
634 271
640 268
646 264
652 258
656 252
658 246
659 240
658 234
657 228
656 222
655 216
655 210
655 204
656 198
659 192
662 186
668 180
674 176
680 173
686 172
692 172
698 173
704 175
710 178
716 184
719 190
722 196
724 202
725 208
726 214
728 220
731 226
736 232
742 237
748 240
754 241
760 241
766 240
772 237
778 232
782 226
785 220
786 214
787 208
787 202
787 196
787 190
789 184
791 178
796 172
802 167
808 165
814 163
820 164
826 165
832 168
838 173
843 179
846 185
848 191
849 197
849 203
848 209
846 215
844 221
842 227
842 233
842 239
844 245
847 251
853 257
859 260
865 262
871 262
877 261
883 259
889 255
895 249
899 243
902 237
903 231
904 225
904 219
902 213
900 207
897 201
896 195
896 189
897 183
899 177
903 171
909 165
915 161
921 160
927 159
933 160
939 162
945 166
951 171
955 177
958 183
961 189
962 195
963 201
963 207
962 213
958 219
954 225
950 231
948 237
948 243
948 249
950 255
953 261
957 267
963 271
969 274
975 276
981 276
987 275
993 273
999 270
1005 264
1010 258
1013 252
1015 246
1016 240
1017 234
1017 228
1016 222
1014 216
1008 210
1004 204
1002 198
1001 192
1000 186
1001 180
1002 174
1004 168
1007 162
1012 156
1018 151
1024 148
1030 146
1036 145
1042 145
1048 147
1054 149
1060 154
1066 160
1070 166
1072 172
1074 178
1075 184
1075 190
1075 196
1074 202
1070 208
1065 214
1060 220
1058 226
1057 232
1058 238
1058 244
1060 250
1062 256
1065 262
1070 268
1076 273
1082 276
1088 278
1094 279
1100 279
1106 277
1112 275
1118 271
1124 265
1127 259
1130 253
1131 247
1131 241
1130 235
1128 229
1124 223
1120 217
1117 211
1116 205
1116 199
1117 193
1119 187
1121 181
1125 175
1129 169
1135 163
1141 160
1147 157
1153 156
1159 156
1165 157
1171 159
1177 163
1183 168
1187 174
1190 180
1192 186
1193 192
1193 198
1192 204
1190 210
1187 216
1185 222
1185 228
1185 234
1186 240
1188 246
1191 252
