0 274
6 278
12 280
18 282
24 282
30 282
36 280
42 278
48 275
54 270
59 264
63 258
67 252
69 246
71 240
73 234
74 228
74 222
74 216
72 210
66 204
60 204
54 204
48 199
46 193
45 187
45 181
45 175
46 169
47 163
50 157
52 151
56 145
61 139
67 134
73 130
79 128
85 126
91 125
97 126
103 127
109 128
115 131
121 135
127 141
131 147
135 153
138 159
140 165
142 171
144 177
145 183
146 189
146 195
146 201
146 207
142 213
136 215
130 213
124 212
118 217
116 223
115 229
115 235
115 241
116 247
118 253
120 259
123 265
127 271
133 277
139 281
145 284
151 286
157 287
163 286
169 285
175 282
181 279
187 273
192 267
195 261
198 255
200 249
202 243
203 237
204 231
204 225
204 219
204 213
201 207
195 205
189 208
183 209
177 203
176 197
176 191
176 185
176 179
177 173
178 167
180 161
182 155
184 149
188 143
193 137
199 132
205 128
211 126
217 125
223 124
229 125
235 127
241 129
247 133
253 139
257 145
261 151
263 157
265 163
267 169
267 175
268 181
268 187
267 193
266 199
263 205
257 207
251 205
245 203
239 205
236 211
235 217
235 223
236 229
236 235
238 241
239 247
241 253
243 259
246 265
250 271
255 277
261 282
267 285
273 287
279 288
285 289
291 288
297 286
303 284
309 280
315 275
320 269
324 263
327 257
329 251
331 245
332 239
332 233
332 227
331 221
328 215
322 213
316 213
310 212
306 206
304 200
304 194
305 188
306 182
307 176
309 170
311 164
314 158
317 152
321 146
327 140
333 135
339 131
345 129
351 127
357 126
363 126
369 127
375 128
381 130
387 134
393 139
398 145
402 151
405 157
407 163
409 169
410 175
410 181
410 187
410 193
409 199
408 205
405 211
399 216
393 216
387 215
381 218
378 224
377 230
377 236
377 242
378 248
379 254
381 260
383 266
386 272
390 278
395 284
401 290
407 294
413 297
419 299
425 300
431 300
437 300
443 299
449 297
455 294
461 290
467 285
471 279
474 273
477 267
478 261
478 255
476 249
472 243
466 240
460 240
454 238
448 233
446 227
446 221
447 215
448 209
450 203
453 197
456 191
460 185
465 179
470 173
476 168
482 164
488 161
494 159
500 157
506 156
512 155
518 154
524 154
530 153
536 153
542 153
548 154
554 154
560 156
566 158
572 161
578 165
584 170
588 176
592 182
594 188
596 194
597 200
598 206
597 212
596 218
591 224
585 228
579 234
576 240
576 246
576 252
578 258
581 264
584 270
590 276
596 281
602 285
608 287
614 289
620 289
626 289
632 289
638 287
644 284
650 280
656 275
660 269
663 263
665 257
666 251
666 245
664 239
661 233
655 227
649 221
646 215
645 209
645 203
645 197
646 191
648 185
650 179
653 173
658 167
664 161
670 157
676 154
682 152
688 152
694 152
700 153
706 156
712 160
718 166
722 172
724 178
725 184
725 190
724 196
723 202
722 208
722 214
723 220
725 226
728 232
733 238
739 243
745 246
751 247
757 248
763 247
769 245
775 242
781 238
786 232
790 226
792 220
794 214
794 208
794 202
791 196
787 190
784 184
783 178
783 172
784 166
787 160
791 154
797 148
803 145
809 143
815 142
821 143
827 144
833 147
839 150
845 156
850 162
853 168
856 174
858 180
859 186
860 192
860 198
859 204
856 210
850 214
844 217
839 223
837 229
836 235
836 241
837 247
840 253
843 259
849 265
855 269
861 271
867 272
873 272
879 270
885 268
891 264
897 258
902 252
906 246
909 240
912 234
914 228
915 222
915 216
914 210
908 205
902 203
896 199
893 193
892 187
892 181
893 175
894 169
896 163
899 157
904 151
910 146
916 143
922 142
928 142
934 143
940 145
946 148
952 153
957 159
961 165
965 171
967 177
970 183
972 189
974 195
975 201
976 207
976 213
974 219
968 223
962 223
956 222
950 224
946 230
945 236
944 242
944 248
944 254
945 260
947 266
950 272
955 278
961 283
967 286
973 287
979 288
985 287
991 285
997 283
1003 278
1009 272
1013 266
1016 260
1018 254
1020 248
1022 242
1023 236
1024 230
1025 224
1025 218
1025 212
1023 206
1017 203
1011 206
1005 207
1001 201
999 195
998 189
998 183
997 177
998 171
998 165
999 159
1000 153
1002 147
1006 141
1010 135
1016 130
1022 127
1028 125
1034 124
1040 124
1046 125
1052 127
1058 130
1064 134
1069 140
1073 146
1075 152
1077 158
1079 164
1080 170
1080 176
1080 182
1080 188
1080 194
1079 200
1078 206
1072 211
1066 209
1060 206
1054 209
1052 215
1052 221
1052 227
1052 233
1053 239
1054 245
1055 251
1056 257
1059 263
1061 269
1065 275
1070 281
1076 286
1082 289
1088 291
1094 292
1100 292
1106 290
1112 288
1118 285
1124 279
1129 273
1132 267
1135 261
1136 255
1137 249
1138 243
1137 237
1137 231
1134 225
1128 221
1122 222
1116 223
1110 222
1106 216
1105 210
1106 204
1106 198
1108 192
1109 186
1111 180
1114 174
1116 168
1119 162
1123 156
1128 150
1134 145
1140 141
1146 139
1152 138
1158 137
1164 138
1170 140
1176 142
1182 146
1188 152
1192 158
1196 164
1198 170
0 176
2 182
2 188
2 194
2 200
1198 206
1192 209
1186 209
1180 211
1176 217
1175 223
1176 229
1177 235
1178 241
1180 247
1183 253
1186 259
1191 265
