0 204
6 206
12 207
18 207
24 207
30 207
36 206
42 204
48 203
54 201
60 199
66 197
72 195
78 193
84 192
90 191
96 191
102 191
108 192
114 193
120 195
126 198
132 201
138 204
144 207
150 208
156 210
162 210
168 209
174 208
180 205
186 202
192 198
198 195
204 192
210 190
216 189
222 189
228 190
234 192
240 194
246 197
252 201
258 204
264 206
270 208
276 209
282 209
288 209
294 208
300 206
306 204
312 202
318 200
324 198
330 196
336 195
342 193
348 192
354 192
360 192
366 192
372 192
378 194
384 195
390 198
396 200
402 203
408 206
414 208
420 209
426 210
432 210
438 210
444 209
450 207
456 205
462 202
468 200
474 198
480 197
486 196
492 196
498 196
504 196
510 196
516 197
522 197
528 197
534 197
540 196
546 196
552 196
558 195
564 196
570 196
576 197
582 198
588 200
594 202
600 204
606 205
612 206
618 207
624 207
630 207
636 206
642 205
648 204
654 202
660 200
666 199
672 198
678 197
684 196
690 196
696 196
702 196
708 196
714 197
720 198
726 199
732 200
738 201
744 201
750 202
756 202
762 202
768 202
774 201
780 200
786 199
792 197
798 196
804 194
810 194
816 193
822 193
828 194
834 196
840 198
846 200
852 203
858 205
864 206
870 207
876 207
882 206
888 204
894 202
900 199
906 196
912 193
918 192
924 191
930 191
936 193
942 195
948 198
954 202
960 206
966 208
972 210
978 211
984 211
990 209
996 207
1002 203
1008 199
1014 195
1020 192
1026 190
1032 189
1038 189
1044 189
1050 191
1056 194
1062 197
1068 201
1074 205
1080 208
1086 210
1092 211
1098 211
1104 210
1110 208
1116 206
1122 203
1128 200
1134 197
1140 194
1146 193
1152 192
1158 192
1164 192
1170 194
1176 196
1182 198
1188 200
