0 151
3 157
5 163
7 169
9 175
10 181
11 187
13 193
14 199
14 205
15 211
15 217
15 223
13 229
7 233
1 230
1196 224
1192 218
1189 212
1186 206
1182 200
1179 194
1173 189
1167 189
1163 195
1163 201
1163 207
1164 213
1165 219
1166 225
1167 231
1169 237
1170 243
1172 249
1174 255
1176 261
1179 267
1181 273
1185 279
1189 285
1194 291
0 296
6 300
12 302
18 304
24 305
30 305
36 303
42 301
48 298
54 294
60 288
64 282
68 276
71 270
74 264
76 258
78 252
79 246
81 240
82 234
84 228
85 222
85 216
86 210
87 204
87 198
87 192
87 186
86 180
80 176
74 179
70 185
68 191
66 197
64 203
61 209
59 215
56 221
50 225
44 222
42 216
41 210
41 204
40 198
40 192
39 186
39 180
39 174
39 168
40 162
40 156
41 150
42 144
44 138
46 132
49 126
52 120
57 114
63 108
69 104
75 102
81 100
87 99
93 99
99 99
105 101
111 103
117 107
123 112
129 118
133 124
136 130
139 136
141 142
143 148
145 154
146 160
148 166
149 172
150 178
151 184
152 190
152 196
153 202
153 208
154 214
154 220
154 226
153 232
152 238
146 240
140 234
137 228
135 222
133 216
131 210
129 204
127 198
124 192
119 186
113 192
113 198
112 204
112 210
112 216
112 222
111 228
111 234
112 240
112 246
112 252
113 258
114 264
115 270
117 276
119 282
122 288
127 294
133 300
139 304
145 306
151 308
157 308
163 308
169 306
175 303
181 299
187 293
191 287
194 281
197 275
199 269
200 263
202 257
203 251
204 245
205 239
206 233
206 227
207 221
207 215
208 209
209 203
209 197
210 191
210 185
210 179
204 178
200 184
198 190
196 196
194 202
192 208
190 214
188 220
185 226
181 232
175 227
176 221
176 215
176 209
176 203
176 197
176 191
176 185
176 179
176 173
176 167
177 161
177 155
178 149
179 143
181 137
183 131
186 125
189 119
194 113
200 108
206 104
212 102
218 101
224 100
230 101
236 103
242 105
248 109
254 115
259 121
262 127
265 133
267 139
268 145
269 151
270 157
271 163
272 169
272 175
272 181
272 187
272 193
272 199
272 205
271 211
271 217
271 223
270 229
264 233
259 227
256 221
254 215
252 209
251 203
249 197
247 191
245 185
242 179
236 174
233 180
232 186
232 192
232 198
232 204
232 210
232 216
232 222
232 228
233 234
233 240
234 246
234 252
235 258
236 264
238 270
240 276
242 282
245 288
248 294
253 300
259 305
265 309
271 311
277 312
283 313
289 313
295 311
301 309
307 306
313 301
319 295
323 289
327 283
329 277
332 271
333 265
335 259
336 253
337 247
338 241
339 235
339 229
340 223
340 217
340 211
340 205
340 199
339 193
333 187
327 193
324 199
321 205
319 211
317 217
314 223
312 229
308 235
302 239
296 233
295 227
295 221
295 215
296 209
297 203
297 197
298 191
299 185
300 179
301 173
302 167
304 161
305 155
307 149
309 143
312 137
314 131
318 125
322 119
327 113
333 108
339 104
345 101
351 99
357 98
363 98
369 98
375 99
381 101
387 104
393 108
399 114
404 120
407 126
410 132
411 138
412 144
413 150
413 156
413 162
413 168
412 174
411 180
410 186
409 192
407 198
406 204
404 210
402 216
401 222
399 228
398 234
394 240
388 234
386 228
385 222
384 216
382 210
381 204
380 198
377 192
371 188
367 194
367 200
366 206
367 212
367 218
367 224
367 230
368 236
368 242
369 248
370 254
371 260
372 266
373 272
375 278
377 284
379 290
382 296
385 302
390 308
395 314
401 319
407 323
413 326
419 328
425 330
431 330
437 330
443 330
449 329
455 327
461 324
467 320
473 315
479 309
483 303
486 297
488 291
490 285
491 279
492 273
492 267
491 261
490 255
488 249
485 243
479 238
473 238
467 241
462 247
458 253
455 259
451 265
445 271
439 273
433 272
427 268
424 262
423 256
423 250
424 244
425 238
427 232
429 226
431 220
434 214
436 208
440 202
443 196
446 190
450 184
454 178
458 172
463 166
468 160
474 154
480 149
486 144
492 140
498 137
504 135
510 133
516 131
522 130
528 129
534 129
540 129
546 130
552 131
558 132
564 135
570 138
576 142
582 148
587 154
591 160
594 166
597 172
598 178
600 184
601 190
603 196
603 202
604 208
605 214
605 220
605 226
605 232
605 238
604 244
603 250
597 256
591 254
585 248
582 242
578 236
573 230
567 229
561 232
558 238
556 244
556 250
556 256
557 262
558 268
560 274
563 280
566 286
569 292
574 298
579 304
585 309
591 313
597 316
603 319
609 321
615 322
621 322
627 322
633 321
639 320
645 318
651 315
657 311
663 305
668 299
671 293
673 287
675 281
675 275
676 269
675 263
674 257
672 251
670 245
666 239
660 235
654 237
650 243
647 249
641 255
635 256
631 250
629 244
629 238
629 232
629 226
630 220
631 214
632 208
633 202
634 196
636 190
637 184
639 178
641 172
644 166
646 160
650 154
654 148
659 142
665 137
671 134
677 131
683 130
689 130
695 130
701 132
707 134
713 138
719 143
724 149
728 155
731 161
733 167
735 173
736 179
737 185
736 191
733 197
727 200
721 199
715 197
709 196
703 200
701 206
701 212
702 218
705 224
708 230
712 236
717 242
723 248
729 252
735 256
741 259
747 260
753 261
759 261
765 260
771 258
777 255
783 251
789 246
795 240
799 234
804 228
808 222
811 216
814 210
816 204
818 198
819 192
817 186
812 180
806 180
800 183
794 187
788 190
782 190
777 184
775 178
774 172
774 166
774 160
775 154
777 148
779 142
783 136
788 130
794 125
800 122
806 119
812 119
818 118
824 119
830 121
836 124
842 129
848 135
853 141
856 147
859 153
862 159
865 165
867 171
869 177
872 183
873 189
875 195
877 201
878 207
879 213
880 219
879 225
876 231
870 233
864 229
860 223
857 217
853 211
847 208
841 214
838 220
836 226
834 232
833 238
832 244
831 250
831 256
832 262
833 268
836 274
840 280
846 286
852 289
858 291
864 291
870 291
876 290
882 287
888 283
894 279
899 273
905 267
909 261
913 255
917 249
921 243
925 237
928 231
931 225
934 219
936 213
938 207
940 201
940 195
936 189
930 189
924 194
920 200
917 206
913 212
908 218
902 220
899 214
897 208
896 202
895 196
895 190
894 184
893 178
893 172
893 166
894 160
895 154
896 148
899 142
903 136
909 130
915 127
921 125
927 125
933 126
939 129
945 132
951 137
956 143
961 149
965 155
970 161
974 167
977 173
981 179
984 185
987 191
989 197
991 203
993 209
994 215
995 221
995 227
995 233
994 239
990 245
984 248
978 244
975 238
973 232
972 226
970 220
967 214
961 209
957 215
955 221
953 227
950 233
948 239
946 245
945 251
943 257
942 263
942 269
941 275
942 281
943 287
946 293
949 299
955 304
961 308
967 310
973 311
979 311
985 309
991 307
997 303
1003 298
1007 292
1011 286
1014 280
1016 274
1018 268
1020 262
1023 256
1025 250
1027 244
1028 238
1030 232
1031 226
1032 220
1033 214
1034 208
1034 202
1035 196
1035 190
1036 184
1036 178
1030 175
1027 181
1026 187
1025 193
1024 199
1023 205
1021 211
1018 217
1012 214
1012 208
1012 202
1011 196
1009 190
1007 184
1005 178
1003 172
1001 166
1000 160
998 154
997 148
997 142
997 136
997 130
999 124
1001 118
1004 112
1010 106
1016 101
1022 98
1028 97
1034 96
1040 96
1046 97
1052 99
1058 102
1064 106
1069 112
1073 118
1076 124
1078 130
1079 136
1080 142
1080 148
1080 154
1080 160
1080 166
1079 172
1079 178
1078 184
1078 190
1077 196
1077 202
1076 208
1076 214
1077 220
1077 226
1078 232
1072 233
1069 227
1067 221
1066 215
1065 209
1064 203
1062 197
1061 191
1059 185
1053 191
1052 185
1056 179
1062 180
1064 186
1065 192
1067 198
1068 204
1069 210
1070 216
1072 222
1066 216
1060 210
1054 204
1054 198
1058 204
1054 210
1054 216
1055 222
1054 228
1054 234
1054 240
1054 246
1054 252
1054 258
1054 264
1055 270
1056 276
1057 282
1059 288
1061 294
1065 300
1070 306
1076 311
1082 314
1088 316
1094 316
1100 316
1106 315
1112 313
1118 310
1124 306
1129 300
1133 294
1136 288
1138 282
1139 276
1140 270
1141 264
1141 258
1141 252
1141 246
1141 240
1140 234
1140 228
1139 222
1138 216
1138 210
1136 204
1130 202
1125 208
1123 214
1121 220
1119 226
1117 232
1114 238
1112 244
1108 250
1102 252
1097 246
1096 240
1096 234
1096 228
1097 222
1097 216
1098 210
1098 204
1099 198
1101 192
1102 186
1104 180
1106 174
1108 168
1111 162
1114 156
1117 150
1120 144
1124 138
1129 132
1135 127
1141 123
1147 120
1153 119
1159 119
1165 119
1171 121
1177 124
1183 128
1189 134
1194 140
