0 215
6 215
12 215
18 215
24 215
30 215
36 215
42 215
48 215
54 215
60 215
66 215
72 215
78 214
84 214
90 214
96 214
102 214
108 214
114 214
120 214
126 214
132 215
138 215
144 215
150 215
156 215
162 215
168 215
174 215
180 215
186 215
192 215
198 214
204 214
210 214
216 214
222 214
228 214
234 214
240 214
246 215
252 215
258 215
264 215
270 215
276 215
282 215
288 215
294 215
300 215
306 215
312 215
318 215
324 215
330 215
336 215
342 215
348 214
354 214
360 214
366 214
372 214
378 214
384 214
390 214
396 215
402 215
408 215
414 215
420 215
426 216
432 216
438 216
444 215
450 215
456 215
462 215
468 215
474 214
480 214
486 214
492 214
498 214
504 215
510 215
516 215
522 215
528 215
534 215
540 215
546 214
552 214
558 214
564 214
570 214
576 214
582 215
588 215
594 215
600 215
606 215
612 215
618 215
624 215
630 215
636 215
642 215
648 215
654 215
660 215
666 215
672 215
678 215
684 214
690 214
696 214
702 215
708 215
714 215
720 215
726 215
732 215
738 215
744 215
750 215
756 215
762 215
768 215
774 215
780 215
786 215
792 215
798 214
804 214
810 214
816 214
822 214
828 214
834 214
840 214
846 215
852 215
858 215
864 215
870 215
876 215
882 215
888 215
894 215
900 215
906 214
912 214
918 214
924 214
930 214
936 214
942 214
948 215
954 215
960 215
966 215
972 216
978 216
984 216
990 215
996 215
1002 215
1008 215
1014 214
1020 214
1026 214
1032 214
1038 214
1044 214
1050 214
1056 214
1062 215
1068 215
1074 215
1080 215
1086 215
1092 216
1098 216
1104 215
1110 215
1116 215
1122 215
1128 215
1134 214
1140 214
1146 214
1152 214
1158 214
1164 214
1170 214
1176 215
1182 215
1188 215
