0 204
6 205
12 206
18 206
24 206
30 206
36 205
42 204
48 202
54 200
60 199
66 197
72 195
78 194
84 193
90 192
96 191
102 191
108 192
114 193
120 195
126 198
132 200
138 203
144 205
150 207
156 208
162 209
168 208
174 207
180 204
186 201
192 198
198 195
204 192
210 191
216 190
222 190
228 190
234 192
240 195
246 197
252 200
258 203
264 205
270 207
276 208
282 208
288 207
294 207
300 205
306 203
312 202
318 200
324 198
330 197
336 195
342 194
348 193
354 192
360 192
366 192
372 193
378 194
384 196
390 198
396 200
402 202
408 205
414 207
420 208
426 209
432 209
438 209
444 208
450 206
456 204
462 202
468 200
474 198
480 197
486 196
492 196
498 196
504 196
510 197
516 197
522 197
528 197
534 197
540 197
546 196
552 196
558 196
564 196
570 196
576 197
582 198
588 200
594 201
600 203
606 204
612 206
618 206
624 206
630 206
636 205
642 204
648 203
654 201
660 200
666 199
672 198
678 197
684 196
690 196
696 196
702 196
708 197
714 197
720 198
726 199
732 199
738 200
744 201
750 201
756 202
762 202
768 201
774 201
780 200
786 199
792 197
798 196
804 195
810 194
816 193
822 194
828 194
834 196
840 198
846 200
852 202
858 204
864 205
870 206
876 206
882 205
888 204
894 201
900 198
906 196
912 194
918 192
924 191
930 192
936 193
942 195
948 198
954 202
960 205
966 207
972 209
978 210
984 209
990 208
996 206
1002 203
1008 199
1014 196
1020 193
1026 191
1032 190
1038 189
1044 190
1050 192
1056 194
1062 197
1068 201
1074 204
1080 207
1086 209
1092 210
1098 210
1104 209
1110 207
1116 205
1122 202
1128 199
1134 197
1140 195
1146 193
1152 192
1158 192
1164 193
1170 194
1176 196
1182 198
1188 200
