0 209
6 209
12 209
18 209
24 209
30 209
36 209
42 209
48 209
54 209
60 209
66 209
72 209
78 208
84 208
90 208
96 208
102 208
108 208
114 208
120 208
126 208
132 209
138 209
144 209
150 209
156 209
162 209
168 209
174 209
180 209
186 209
192 209
198 208
204 208
210 208
216 208
222 208
228 208
234 208
240 208
246 209
252 209
258 209
264 209
270 209
276 209
282 209
288 209
294 209
300 209
306 209
312 209
318 209
324 209
330 209
336 209
342 209
348 209
354 208
360 208
366 208
372 208
378 208
384 208
390 208
396 209
402 209
408 209
414 209
420 209
426 209
432 209
438 209
444 209
450 209
456 209
462 209
468 209
474 208
480 208
486 208
492 208
498 208
504 209
510 209
516 209
522 209
528 209
534 209
540 209
546 208
552 208
558 208
564 208
570 208
576 208
582 209
588 209
594 209
600 209
606 209
612 209
618 209
624 209
630 209
636 209
642 209
648 209
654 209
660 209
666 209
672 209
678 208
684 208
690 208
696 208
702 208
708 209
714 209
720 209
726 209
732 209
738 209
744 209
750 209
756 209
762 209
768 209
774 209
780 209
786 209
792 209
798 208
804 208
810 208
816 208
822 208
828 208
834 208
840 208
846 208
852 209
858 209
864 209
870 209
876 209
882 209
888 209
894 209
900 209
906 208
912 208
918 208
924 208
930 208
936 208
942 208
948 209
954 209
960 209
966 209
972 209
978 209
984 209
990 209
996 209
1002 209
1008 209
1014 208
1020 208
1026 208
1032 208
1038 208
1044 208
1050 208
1056 208
1062 209
1068 209
1074 209
1080 209
1086 209
1092 209
1098 209
1104 209
1110 209
1116 209
1122 209
1128 209
1134 208
1140 208
1146 208
1152 208
1158 208
1164 208
1170 208
1176 209
1182 209
1188 209
