0 150
1 153
3 156
4 159
5 162
6 165
7 168
8 171
9 174
10 177
10 180
11 183
12 186
12 189
13 192
14 195
14 198
15 201
15 204
16 207
16 210
17 213
17 216
17 219
18 222
18 225
18 228
19 231
19 234
19 237
19 240
18 243
18 246
16 249
13 250
10 250
7 249
4 246
2 243
1 240
1199 237
1198 234
1196 231
1195 228
1194 225
1192 222
1191 219
1189 216
1188 213
1186 210
1185 207
1183 204
1182 201
1181 198
1179 195
1177 192
1175 189
1173 186
1170 184
1167 184
1164 186
1162 189
1161 192
1161 195
1161 198
1161 201
1162 204
1162 207
1162 210
1163 213
1163 216
1164 219
1164 222
1164 225
1165 228
1166 231
1166 234
1167 237
1167 240
1168 243
1169 246
1169 249
1170 252
1171 255
1172 258
1172 261
1173 264
1174 267
1175 270
1176 273
1178 276
1179 279
1180 282
1182 285
1183 288
1185 291
1187 294
1189 297
1192 300
1195 303
1198 306
1 308
4 310
7 312
10 313
13 314
16 315
19 315
22 316
25 316
28 316
31 316
34 315
37 314
40 313
43 312
46 311
49 309
52 307
55 305
58 302
61 299
63 296
65 293
67 290
69 287
70 284
72 281
73 278
74 275
75 272
76 269
77 266
78 263
79 260
80 257
81 254
81 251
82 248
83 245
83 242
84 239
84 236
85 233
85 230
86 227
86 224
87 221
87 218
87 215
88 212
88 209
88 206
89 203
89 200
89 197
89 194
89 191
89 188
90 185
90 182
89 179
89 176
88 173
87 170
84 168
81 168
78 170
76 173
74 176
73 179
72 182
71 185
70 188
70 191
69 194
68 197
67 200
66 203
65 206
64 209
63 212
62 215
62 218
61 221
60 224
59 227
58 230
56 233
55 236
53 239
50 241
47 241
44 238
44 235
43 232
43 229
43 226
42 223
42 220
42 217
42 214
42 211
41 208
41 205
41 202
41 199
41 196
40 193
40 190
40 187
40 184
40 181
40 178
39 175
39 172
39 169
39 166
39 163
39 160
40 157
40 154
40 151
40 148
41 145
41 142
42 139
42 136
43 133
44 130
45 127
46 124
48 121
49 118
51 115
53 112
56 109
59 106
62 103
65 101
68 99
71 97
74 96
77 95
80 94
83 94
86 93
89 93
92 93
95 93
98 94
101 95
104 95
107 97
110 98
113 99
116 101
119 104
122 106
125 109
127 112
129 115
131 118
133 121
135 124
136 127
137 130
139 133
140 136
141 139
142 142
143 145
144 148
144 151
145 154
146 157
147 160
147 163
148 166
148 169
149 172
149 175
150 178
150 181
151 184
151 187
151 190
152 193
152 196
152 199
153 202
153 205
153 208
153 211
153 214
154 217
154 220
154 223
154 226
154 229
154 232
154 235
154 238
154 241
154 244
154 247
153 250
152 253
149 255
146 254
143 251
142 248
141 245
140 242
139 239
138 236
137 233
136 230
136 227
135 224
134 221
133 218
133 215
132 212
131 209
130 206
129 203
128 200
128 197
127 194
126 191
125 188
123 185
122 182
119 179
116 178
113 181
113 184
113 187
113 190
113 193
113 196
113 199
113 202
113 205
113 208
113 211
113 214
113 217
113 220
113 223
112 226
112 229
112 232
112 235
112 238
112 241
112 244
112 247
112 250
112 253
112 256
112 259
112 262
113 265
113 268
113 271
114 274
114 277
115 280
116 283
116 286
117 289
119 292
120 295
122 298
124 301
126 304
128 307
131 309
134 312
137 314
140 315
143 316
146 317
149 318
152 318
155 319
158 319
161 318
164 318
167 317
170 316
173 314
176 313
179 311
182 308
185 305
187 302
189 299
191 296
193 293
194 290
196 287
197 284
198 281
199 278
199 275
200 272
201 269
202 266
202 263
203 260
203 257
204 254
204 251
204 248
205 245
205 242
205 239
206 236
206 233
206 230
207 227
207 224
207 221
208 218
208 215
208 212
209 209
209 206
209 203
209 200
210 197
210 194
210 191
211 188
211 185
212 182
212 179
213 176
213 173
211 170
208 170
206 173
204 176
202 179
201 182
200 185
199 188
198 191
197 194
197 197
196 200
195 203
194 206
194 209
193 212
192 215
191 218
191 221
190 224
189 227
188 230
187 233
186 236
185 239
183 242
181 245
178 247
175 245
175 242
175 239
176 236
176 233
177 230
177 227
177 224
177 221
177 218
177 215
178 212
178 209
177 206
177 203
177 200
177 197
177 194
177 191
177 188
177 185
177 182
177 179
177 176
177 173
177 170
177 167
177 164
178 161
178 158
178 155
178 152
179 149
179 146
180 143
180 140
181 137
182 134
182 131
183 128
185 125
186 122
187 119
189 116
191 113
194 110
196 107
199 105
202 103
205 101
208 99
211 98
214 97
217 97
220 96
223 96
226 96
229 97
232 97
235 98
238 99
241 101
244 102
247 104
250 107
253 110
256 113
258 116
260 119
261 122
263 125
264 128
265 131
266 134
267 137
268 140
268 143
269 146
269 149
270 152
270 155
271 158
271 161
271 164
271 167
272 170
272 173
272 176
272 179
272 182
272 185
272 188
272 191
272 194
272 197
272 200
272 203
272 206
272 209
272 212
272 215
272 218
272 221
272 224
272 227
272 230
272 233
272 236
272 239
272 242
272 245
271 248
270 251
267 251
264 249
262 246
261 243
260 240
259 237
258 234
257 231
256 228
256 225
255 222
254 219
254 216
253 213
252 210
252 207
251 204
250 201
250 198
249 195
248 192
248 189
247 186
246 183
245 180
244 177
243 174
241 171
238 169
235 170
234 173
234 176
234 179
234 182
234 185
234 188
234 191
234 194
234 197
234 200
234 203
233 206
233 209
233 212
233 215
233 218
233 221
233 224
233 227
233 230
233 233
233 236
233 239
233 242
233 245
233 248
233 251
234 254
234 257
234 260
234 263
235 266
235 269
236 272
236 275
237 278
237 281
238 284
239 287
240 290
241 293
242 296
244 299
245 302
247 305
250 308
252 311
255 314
258 316
261 318
264 320
267 321
270 322
273 323
276 324
279 324
282 324
285 324
288 324
291 324
294 323
297 322
300 321
303 320
306 318
309 316
312 314
315 311
318 308
320 305
322 302
324 299
326 296
328 293
329 290
330 287
331 284
332 281
333 278
334 275
335 272
335 269
336 266
336 263
337 260
337 257
338 254
338 251
338 248
338 245
339 242
339 239
339 236
339 233
339 230
339 227
340 224
340 221
340 218
340 215
340 212
340 209
340 206
340 203
340 200
340 197
340 194
340 191
340 188
340 185
339 182
336 179
333 180
331 183
329 186
327 189
326 192
325 195
324 198
323 201
322 204
321 207
320 210
319 213
318 216
317 219
316 222
315 225
314 228
313 231
313 234
312 237
311 240
310 243
308 246
307 249
305 252
303 255
300 257
297 256
295 253
294 250
294 247
294 244
294 241
294 238
295 235
295 232
295 229
295 226
295 223
296 220
296 217
296 214
296 211
297 208
297 205
297 202
298 199
298 196
298 193
299 190
299 187
300 184
300 181
300 178
301 175
301 172
302 169
303 166
303 163
304 160
305 157
305 154
306 151
307 148
308 145
309 142
310 139
311 136
312 133
313 130
315 127
316 124
318 121
319 118
321 115
324 112
326 109
329 106
332 103
335 101
338 99
341 97
344 96
347 95
350 94
353 93
356 92
359 92
362 91
365 91
368 92
371 92
374 92
377 93
380 94
383 95
386 97
389 98
392 100
395 103
398 105
400 108
403 111
405 114
407 117
408 120
409 123
411 126
412 129
412 132
413 135
413 138
414 141
414 144
414 147
414 150
414 153
414 156
414 159
413 162
413 165
413 168
412 171
411 174
411 177
410 180
409 183
409 186
408 189
407 192
406 195
405 198
404 201
403 204
403 207
402 210
401 213
400 216
399 219
398 222
397 225
397 228
396 231
395 234
395 237
394 240
394 243
394 246
394 249
393 252
390 254
387 251
386 248
385 245
384 242
384 239
383 236
382 233
382 230
381 227
381 224
381 221
380 218
380 215
379 212
379 209
379 206
378 203
378 200
377 197
377 194
376 191
376 188
375 185
373 182
371 179
368 178
365 181
364 184
364 187
364 190
364 193
364 196
364 199
364 202
364 205
364 208
365 211
365 214
365 217
365 220
365 223
366 226
366 229
366 232
366 235
367 238
367 241
367 244
368 247
368 250
368 253
369 256
369 259
369 262
370 265
370 268
371 271
371 274
372 277
373 280
373 283
374 286
375 289
376 292
377 295
378 298
379 301
381 304
382 307
384 310
385 313
387 316
389 319
392 322
394 325
397 328
400 330
403 332
406 334
409 336
412 337
415 339
418 340
421 340
424 341
427 342
430 342
433 342
436 342
439 342
442 342
445 341
448 341
451 340
454 339
457 338
460 337
463 335
466 334
469 332
472 329
475 327
478 324
480 321
483 318
484 315
486 312
488 309
489 306
490 303
491 300
492 297
493 294
494 291
494 288
494 285
495 282
495 279
495 276
495 273
495 270
495 267
494 264
494 261
493 258
492 255
491 252
490 249
488 246
485 243
482 240
479 239
476 239
473 239
470 241
467 244
465 247
463 250
462 253
460 256
459 259
457 262
456 265
454 268
453 271
451 274
450 277
448 280
447 283
445 286
442 288
439 290
436 291
433 291
430 290
427 289
424 287
422 284
420 281
419 278
418 275
417 272
417 269
417 266
418 263
418 260
418 257
419 254
419 251
420 248
421 245
422 242
423 239
424 236
425 233
426 230
427 227
428 224
430 221
431 218
432 215
434 212
435 209
437 206
439 203
440 200
442 197
444 194
446 191
448 188
450 185
452 182
454 179
456 176
458 173
460 170
462 167
465 164
467 161
470 158
473 155
475 152
478 150
481 147
484 144
487 142
490 140
493 138
496 136
499 135
502 133
505 132
508 131
511 129
514 129
517 128
520 127
523 126
526 126
529 126
532 125
535 125
538 125
541 125
544 126
547 126
550 127
553 127
556 128
559 129
562 130
565 132
568 133
571 135
574 137
577 140
580 143
583 146
585 149
588 152
589 155
591 158
592 161
594 164
595 167
596 170
597 173
598 176
598 179
599 182
600 185
600 188
601 191
601 194
602 197
602 200
602 203
603 206
603 209
603 212
603 215
603 218
604 221
604 224
604 227
604 230
604 233
604 236
604 239
604 242
604 245
604 248
604 251
604 254
604 257
604 260
603 263
603 266
603 269
602 272
601 275
598 278
595 277
592 276
589 273
587 270
585 267
584 264
582 261
581 258
579 255
578 252
577 249
576 246
575 243
573 240
572 237
570 234
567 231
564 230
561 230
558 232
555 235
553 238
552 241
551 244
551 247
551 250
550 253
551 256
551 259
551 262
551 265
552 268
553 271
553 274
554 277
555 280
556 283
557 286
558 289
560 292
561 295
563 298
565 301
567 304
569 307
571 310
573 313
576 316
579 319
582 321
585 323
588 325
591 327
594 329
597 330
600 332
603 333
606 334
609 334
612 335
615 335
618 336
621 336
624 336
627 336
630 336
633 335
636 335
639 334
642 333
645 332
648 331
651 329
654 328
657 326
660 323
663 321
665 318
668 315
670 312
672 309
673 306
674 303
675 300
676 297
677 294
677 291
677 288
677 285
677 282
677 279
676 276
676 273
675 270
674 267
673 264
672 261
670 258
669 255
667 252
665 249
663 246
661 243
658 241
655 241
652 243
650 246
649 249
648 252
647 255
646 258
645 261
644 264
643 267
641 270
640 273
638 276
635 278
632 280
629 279
626 276
625 273
624 270
624 267
624 264
624 261
624 258
624 255
624 252
625 249
625 246
625 243
625 240
626 237
626 234
626 231
627 228
627 225
628 222
628 219
629 216
630 213
630 210
631 207
632 204
633 201
633 198
634 195
635 192
636 189
637 186
638 183
639 180
640 177
641 174
642 171
643 168
644 165
645 162
647 159
648 156
650 153
652 150
654 147
656 144
659 141
662 138
665 136
668 134
671 132
674 130
677 129
680 128
683 128
686 127
689 127
692 127
695 128
698 128
701 129
704 130
707 132
710 133
713 135
716 138
719 141
722 144
724 147
727 150
728 153
730 156
732 159
733 162
734 165
735 168
736 171
737 174
738 177
739 180
740 183
740 186
740 189
741 192
741 195
741 198
740 201
740 204
738 207
735 210
732 211
729 211
726 210
723 208
720 206
717 203
714 201
711 199
708 197
705 196
702 196
699 196
696 198
693 201
692 204
691 207
691 210
691 213
691 216
692 219
693 222
694 225
696 228
697 231
699 234
702 237
704 240
706 243
709 246
712 249
715 252
718 254
721 257
724 259
727 261
730 263
733 264
736 266
739 267
742 268
745 269
748 269
751 270
754 270
757 270
760 270
763 269
766 268
769 268
772 266
775 265
778 263
781 262
784 259
787 257
790 254
793 251
796 248
799 245
801 242
804 239
806 236
808 233
810 230
812 227
814 224
816 221
818 218
819 215
821 212
822 209
824 206
825 203
826 200
827 197
827 194
827 191
827 188
827 185
825 182
823 179
820 177
817 176
814 176
811 176
808 178
805 181
803 184
800 187
798 190
796 193
793 196
790 199
787 200
784 201
781 201
778 198
776 195
775 192
774 189
773 186
773 183
772 180
772 177
772 174
772 171
772 168
772 165
773 162
773 159
773 156
774 153
775 150
776 147
777 144
778 141
779 138
781 135
783 132
785 129
788 126
791 124
794 121
797 120
800 118
803 117
806 116
809 116
812 115
815 115
818 115
821 116
824 116
827 117
830 119
833 120
836 122
839 124
842 127
845 130
848 133
850 136
852 139
854 142
856 145
857 148
859 151
860 154
862 157
863 160
865 163
866 166
867 169
869 172
870 175
871 178
872 181
873 184
875 187
876 190
877 193
878 196
879 199
879 202
880 205
881 208
882 211
882 214
883 217
884 220
884 223
885 226
885 229
885 232
886 235
885 238
885 241
884 244
881 247
878 248
875 247
872 246
869 243
868 240
866 237
865 234
864 231
863 228
862 225
861 222
860 219
859 216
857 213
855 210
852 208
849 209
847 212
845 215
844 218
843 221
841 224
840 227
839 230
838 233
836 236
835 239
834 242
833 245
833 248
832 251
831 254
831 257
830 260
830 263
830 266
830 269
830 272
831 275
832 278
833 281
834 284
836 287
838 290
841 293
844 295
847 297
850 299
853 300
856 301
859 301
862 301
865 301
868 301
871 300
874 300
877 298
880 297
883 295
886 294
889 291
892 289
895 286
898 283
901 280
904 277
906 274
909 271
911 268
914 265
916 262
918 259
921 256
923 253
925 250
927 247
928 244
930 241
932 238
933 235
935 232
937 229
938 226
939 223
941 220
942 217
943 214
944 211
945 208
946 205
947 202
948 199
948 196
947 193
946 190
943 187
940 186
937 187
934 189
931 192
929 195
928 198
926 201
925 204
924 207
923 210
921 213
920 216
919 219
917 222
915 225
913 228
911 231
908 233
905 232
903 229
903 226
902 223
902 220
901 217
901 214
900 211
900 208
899 205
899 202
898 199
897 196
897 193
896 190
896 187
896 184
895 181
895 178
895 175
894 172
894 169
894 166
894 163
895 160
895 157
895 154
896 151
897 148
898 145
899 142
901 139
903 136
905 133
908 131
911 129
914 127
917 126
920 126
923 125
926 125
929 126
932 126
935 127
938 129
941 130
944 133
947 135
950 138
953 141
956 144
958 147
960 150
963 153
965 156
967 159
970 162
972 165
975 168
977 171
979 174
982 177
984 180
986 183
987 186
989 189
991 192
992 195
993 198
995 201
996 204
996 207
997 210
998 213
998 216
998 219
999 222
999 225
999 228
999 231
999 234
999 237
999 240
999 243
998 246
998 249
997 252
995 255
993 258
990 260
987 261
984 260
981 257
980 254
979 251
978 248
978 245
977 242
977 239
977 236
976 233
976 230
976 227
975 224
975 221
974 218
973 215
971 212
968 210
965 212
963 215
962 218
961 221
960 224
959 227
958 230
957 233
955 236
954 239
953 242
952 245
950 248
949 251
948 254
947 257
946 260
945 263
944 266
943 269
942 272
941 275
941 278
940 281
940 284
940 287
940 290
940 293
941 296
942 299
943 302
944 305
946 308
948 311
951 314
954 316
957 318
960 319
963 321
966 321
969 322
972 322
975 322
978 322
981 321
984 320
987 319
990 318
993 316
996 314
999 311
1002 308
1005 305
1007 302
1008 299
1010 296
1011 293
1012 290
1014 287
1015 284
1016 281
1017 278
1018 275
1019 272
1020 269
1022 266
1023 263
1024 260
1025 257
1027 254
1028 251
1029 248
1030 245
1031 242
1031 239
1032 236
1032 233
1033 230
1034 227
1034 224
1035 221
1035 218
1036 215
1036 212
1036 209
1037 206
1037 203
1037 200
1037 197
1037 194
1037 191
1037 188
1038 185
1038 182
1038 179
1039 176
1039 173
1039 170
1038 167
1035 166
1032 168
1031 171
1030 174
1029 177
1029 180
1029 183
1029 186
1028 189
1028 192
1028 195
1028 198
1028 201
1027 204
1027 207
1026 210
1026 213
1025 216
1025 219
1024 222
1022 225
1020 228
1017 227
1017 224
1017 221
1017 218
1018 215
1018 212
1018 209
1018 206
1017 203
1017 200
1016 197
1015 194
1014 191
1013 188
1012 185
1011 182
1009 179
1008 176
1007 173
1006 170
1004 167
1003 164
1002 161
1001 158
1000 155
999 152
998 149
997 146
997 143
996 140
996 137
996 134
996 131
996 128
996 125
996 122
997 119
998 116
999 113
1001 110
1002 107
1005 104
1007 101
1010 99
1013 96
1016 94
1019 93
1022 92
1025 91
1028 90
1031 90
1034 89
1037 89
1040 90
1043 90
1046 91
1049 92
1052 93
1055 94
1058 96
1061 98
1064 101
1067 104
1070 107
1072 110
1073 113
1075 116
1076 119
1077 122
1078 125
1078 128
1079 131
1079 134
1080 137
1080 140
1080 143
1080 146
1080 149
1080 152
1079 155
1079 158
1079 161
1079 164
1078 167
1078 170
1078 173
1077 176
1077 179
1077 182
1076 185
1076 188
1076 191
1076 194
1076 197
1076 200
1076 203
1076 206
1076 209
1076 212
1076 215
1076 218
1076 221
1076 224
1077 227
1077 230
1077 233
1078 236
1078 239
1079 242
1080 245
1080 248
1080 251
1077 253
1074 250
1073 247
1072 244
1071 241
1070 238
1070 235
1069 232
1069 229
1068 226
1068 223
1067 220
1067 217
1066 214
1066 211
1065 208
1065 205
1064 202
1064 199
1063 196
1063 193
1062 190
1061 187
1061 184
1060 181
1058 178
1055 176
1053 179
1053 182
1054 185
1054 188
1055 191
1055 194
1056 197
1056 200
1057 203
1057 206
1057 209
1057 212
1058 215
1058 218
1058 221
1058 224
1058 227
1058 230
1058 233
1058 236
1058 239
1058 242
1058 245
1058 248
1057 251
1057 254
1057 257
1056 260
1056 263
1056 266
1055 269
1055 272
1055 275
1055 278
1055 281
1055 284
1056 287
1056 290
1057 293
1057 296
1058 299
1059 302
1060 305
1062 308
1064 311
1066 314
1069 317
1072 320
1075 322
1078 324
1081 325
1084 326
1087 327
1090 328
1093 328
1096 328
1099 328
1102 328
1105 327
1108 326
1111 325
1114 324
1117 323
1120 321
1123 318
1126 316
1128 313
1130 310
1132 307
1134 304
1135 301
1137 298
1138 295
1138 292
1139 289
1140 286
1140 283
1140 280
1141 277
1141 274
1141 271
1141 268
1141 265
1141 262
1141 259
1141 256
1141 253
1141 250
1141 247
1140 244
1140 241
1140 238
1140 235
1139 232
1139 229
1139 226
1139 223
1138 220
1138 217
1138 214
1138 211
1138 208
1137 205
1137 202
1136 199
1133 197
1130 199
1128 202
1126 205
1125 208
1124 211
1123 214
1122 217
1122 220
1121 223
1120 226
1119 229
1119 232
1118 235
1117 238
1116 241
1116 244
1115 247
1114 250
1113 253
1112 256
1111 259
1110 262
1108 265
1105 268
1102 269
1099 267
1098 264
1097 261
1097 258
1097 255
1097 252
1097 249
1097 246
1098 243
1097 240
1097 237
1097 234
1097 231
1097 228
1097 225
1097 222
1097 219
1098 216
1098 213
1098 210
1098 207
1099 204
1099 201
1100 198
1100 195
1101 192
1101 189
1102 186
1103 183
1104 180
1105 177
1106 174
1107 171
1108 168
1109 165
1111 162
1112 159
1113 156
1115 153
1116 150
1118 147
1120 144
1121 141
1123 138
1126 135
1128 132
1131 129
1134 126
1137 124
1140 122
1143 120
1146 119
1149 118
1152 117
1155 117
1158 117
1161 117
1164 117
1167 118
1170 119
1173 120
1176 122
1179 124
1182 126
1185 128
1188 131
1190 134
1192 137
1195 140
1196 143
1198 146
