0 247
6 251
12 254
18 255
24 255
30 255
36 253
42 250
48 246
53 240
56 234
59 228
60 222
60 216
59 210
58 204
57 198
57 192
57 186
58 180
61 174
64 168
69 162
75 158
81 155
87 153
93 152
99 152
105 154
111 156
117 160
123 165
127 171
130 177
132 183
133 189
133 195
132 201
131 207
128 213
127 219
126 225
126 231
127 237
130 243
134 249
140 254
146 258
152 260
158 261
164 260
170 259
176 256
182 252
187 246
190 240
192 234
194 228
194 222
193 216
191 210
189 204
186 198
185 192
185 186
186 180
187 174
190 168
194 162
200 156
206 153
212 151
218 150
224 150
230 151
236 153
242 157
248 163
252 169
254 175
256 181
256 187
256 193
254 199
251 205
249 211
247 217
247 223
247 229
249 235
251 241
255 247
261 253
267 257
273 259
279 261
285 261
291 260
297 258
303 255
309 250
314 244
317 238
319 232
320 226
320 220
320 214
319 208
318 202
317 196
318 190
319 184
322 178
325 172
330 166
336 161
342 157
348 155
354 153
360 153
366 154
372 155
378 158
384 161
390 167
394 173
397 179
399 185
400 191
400 197
399 203
397 209
395 215
393 221
392 227
392 233
394 239
396 245
400 251
405 257
411 261
417 264
423 266
429 266
435 266
441 265
447 263
453 259
458 253
462 247
464 241
465 235
464 229
463 223
463 217
463 211
464 205
466 199
470 193
475 187
481 183
487 180
493 178
499 177
505 177
511 177
517 177
523 177
529 177
535 176
541 176
547 176
553 176
559 177
565 178
571 181
577 185
583 191
586 197
588 203
589 209
589 215
589 221
590 227
591 233
594 239
599 245
605 250
611 253
617 255
623 255
629 255
635 253
641 251
647 246
652 240
654 234
656 228
657 222
657 216
657 210
658 204
659 198
662 192
666 186
672 180
678 176
684 174
690 174
696 174
702 176
708 179
714 184
719 190
722 196
725 202
728 208
731 214
735 220
741 225
747 228
753 229
759 230
765 228
771 225
777 220
781 214
784 208
785 202
787 196
788 190
790 184
793 178
799 172
805 169
811 167
817 166
823 167
829 170
835 174
840 180
843 186
845 192
846 198
845 204
845 210
844 216
844 222
845 228
847 234
851 240
857 245
863 247
869 248
875 248
881 246
887 243
893 237
897 231
899 225
900 219
900 213
900 207
899 201
898 195
898 189
899 183
901 177
905 171
911 166
917 163
923 161
929 161
935 163
941 166
947 170
952 176
955 182
957 188
958 194
958 200
957 206
955 212
953 218
951 224
950 230
951 236
952 242
955 248
960 254
966 258
972 260
978 261
984 261
990 260
996 257
1002 252
1007 246
1010 240
1012 234
1013 228
1013 222
1012 216
1010 210
1008 204
1005 198
1003 192
1003 186
1003 180
1005 174
1007 168
1011 162
1017 156
1023 152
1029 150
1035 149
1041 149
1047 151
1053 153
1059 157
1064 163
1068 169
1070 175
1072 181
1072 187
1072 193
1070 199
1067 205
1064 211
1062 217
1061 223
1061 229
1062 235
1064 241
1067 247
1071 253
1077 258
1083 261
1089 263
1095 264
1101 263
1107 262
1113 259
1119 254
1124 248
1126 242
1128 236
1128 230
1127 224
1126 218
1123 212
1121 206
1121 200
1121 194
1122 188
1124 182
1127 176
1131 170
1137 165
1143 162
1149 160
1155 159
1161 159
1167 161
1173 163
1179 168
1184 174
1187 180
1189 186
1190 192
1190 198
1190 204
1188 210
1188 216
1188 222
1189 228
1191 234
1194 240
