0 224
6 229
12 232
18 234
24 234
30 233
36 231
42 227
48 221
52 215
56 209
58 203
61 197
64 191
68 185
74 179
80 175
86 173
92 172
98 171
104 173
110 175
116 179
122 185
125 191
127 197
129 203
130 209
132 215
134 221
137 227
143 233
149 237
155 239
161 239
167 238
173 235
179 231
183 225
186 219
188 213
189 207
190 201
191 195
192 189
195 183
200 177
206 172
212 169
218 168
224 169
230 170
236 173
242 179
246 185
249 191
250 197
251 203
252 209
254 215
256 221
260 227
266 233
272 236
278 238
284 238
290 237
296 235
302 232
308 226
312 220
315 214
318 208
320 202
323 196
327 190
332 184
338 179
344 176
350 174
356 173
362 173
368 174
374 176
380 179
386 184
390 190
393 196
395 202
397 208
399 214
401 220
404 226
408 232
414 237
420 239
426 241
432 241
438 240
444 238
450 234
455 228
459 222
462 216
465 210
469 204
474 198
480 193
486 191
492 189
498 189
504 189
510 189
516 190
522 190
528 190
534 190
540 189
546 188
552 188
558 188
564 189
570 191
576 194
582 199
587 205
591 211
596 217
601 223
607 228
613 230
619 232
625 232
631 231
637 229
643 226
649 220
654 214
658 208
663 202
669 196
675 192
681 189
687 187
693 187
699 188
705 189
711 192
717 195
723 200
729 204
735 209
741 212
747 215
753 216
759 216
765 215
771 213
777 209
783 203
788 197
794 191
800 186
806 183
812 182
818 181
824 183
830 186
836 191
840 197
843 203
846 209
848 215
852 221
858 226
864 229
870 230
876 229
882 227
888 222
893 216
895 210
898 204
899 198
902 192
906 186
912 180
918 177
924 176
930 177
936 179
942 183
947 189
950 195
951 201
952 207
953 213
955 219
957 225
961 231
967 237
973 239
979 240
985 239
991 237
997 233
1002 227
1005 221
1006 215
1007 209
1007 203
1008 197
1009 191
1011 185
1014 179
1020 173
1026 170
1032 168
1038 168
1044 169
1050 171
1056 175
1061 181
1064 187
1065 193
1066 199
1067 205
1067 211
1068 217
1070 223
1073 229
1078 235
1084 239
1090 241
1096 242
1102 241
1108 239
1114 234
1119 228
1122 222
1124 216
1125 210
1126 204
1128 198
1130 192
1134 186
1140 180
1146 177
1152 175
1158 175
1164 176
1170 179
1176 183
1181 189
1185 195
1187 201
1190 207
1192 213
