0 217
6 219
12 221
18 222
24 222
30 221
36 219
42 217
48 214
54 211
60 208
66 204
72 201
78 198
84 196
90 195
96 194
102 195
108 196
114 198
120 202
126 206
132 212
138 217
144 221
150 223
156 225
162 225
168 224
174 222
180 218
186 213
191 207
197 201
203 197
209 194
215 192
221 192
227 193
233 195
239 199
245 204
251 209
257 215
263 219
269 222
275 224
281 224
287 224
293 223
299 221
305 218
311 214
317 211
323 207
329 204
335 201
341 199
347 197
353 196
359 195
365 196
371 197
377 198
383 201
389 205
395 209
401 214
407 218
413 222
419 224
425 226
431 226
437 225
443 224
449 221
455 218
461 214
467 211
473 207
479 205
485 204
491 203
497 203
503 203
509 203
515 204
521 204
527 204
533 204
539 203
545 203
551 202
557 202
563 202
569 203
575 205
581 207
587 209
593 212
599 215
605 218
611 220
617 221
623 221
629 221
635 220
641 218
647 216
653 213
659 210
665 208
671 206
677 204
683 203
689 202
695 202
701 203
707 203
713 205
719 206
725 208
731 209
737 211
743 212
749 213
755 214
761 214
767 213
773 212
779 210
785 208
791 205
797 203
803 201
809 199
815 199
821 199
827 200
833 202
839 206
845 210
851 214
857 217
863 219
869 221
875 221
881 219
887 217
893 213
899 208
905 203
911 199
917 197
923 196
929 196
935 197
941 201
947 206
953 212
959 218
965 222
971 225
977 226
983 226
989 224
995 221
1001 216
1006 210
1012 204
1018 198
1024 194
1030 192
1036 191
1042 192
1048 194
1054 197
1060 202
1065 208
1070 214
1076 219
1082 223
1088 226
1094 227
1100 226
1106 225
1112 222
1118 218
1124 213
1130 207
1136 202
1142 199
1148 197
1154 196
1160 196
1166 197
1172 200
1178 203
1184 207
1190 211
