0 185
6 184
12 184
18 186
24 189
30 193
36 198
42 204
48 208
54 210
60 212
66 212
72 211
78 209
84 205
90 201
96 196
102 192
108 188
114 186
120 185
126 184
132 184
138 185
144 186
150 188
156 190
162 193
168 196
174 200
180 203
186 205
192 206
198 206
204 205
210 204
216 201
222 199
228 197
234 195
240 195
246 195
252 196
258 198
264 199
270 201
276 203
282 204
288 205
294 205
300 206
306 207
312 208
318 210
324 213
330 215
336 217
342 218
348 219
354 218
360 216
366 212
372 206
376 200
379 194
382 188
387 182
393 177
399 175
405 175
411 177
417 180
422 186
426 192
430 198
434 204
440 209
446 212
452 213
458 213
464 211
470 207
476 201
482 195
488 191
494 189
500 188
506 190
512 192
518 196
524 200
530 204
536 207
542 209
548 209
554 209
560 208
566 206
572 203
578 200
584 196
590 193
596 190
602 188
608 186
614 186
620 186
626 188
632 190
638 193
644 196
650 199
656 201
662 202
668 203
674 203
680 203
686 203
692 202
698 202
704 202
710 202
716 203
722 204
728 205
734 207
740 208
746 210
752 211
758 212
764 213
770 213
776 213
782 212
788 210
794 206
800 202
806 196
812 190
818 184
824 179
830 177
836 175
842 175
848 177
854 179
860 184
864 190
868 196
872 202
876 208
882 214
888 218
894 220
900 221
906 220
912 218
918 215
924 211
930 207
936 203
942 200
948 198
954 197
960 196
966 195
972 193
978 191
984 189
990 186
996 184
1002 182
1008 182
1014 183
1020 186
1026 191
1031 197
1036 203
1042 208
1048 211
1054 213
1060 213
1066 211
1072 208
1078 204
1084 200
1090 196
1096 194
1102 193
1108 195
1114 198
1120 203
1126 208
1132 213
1138 217
1144 219
1150 219
1156 218
1162 216
1168 213
1174 207
1179 201
1185 195
1191 189
