0 208
6 208
12 208
18 208
24 208
30 209
36 209
42 210
48 211
54 211
60 211
66 211
72 211
78 211
84 210
90 209
96 209
102 208
108 208
114 208
120 207
126 207
132 207
138 207
144 208
150 208
156 208
162 208
168 209
174 209
180 210
186 210
192 211
198 211
204 211
210 210
216 210
222 210
228 209
234 209
240 209
246 209
252 209
258 210
264 210
270 211
276 211
282 211
288 211
294 211
300 211
306 211
312 211
318 212
324 212
330 212
336 213
342 213
348 213
354 213
360 212
366 212
372 211
378 210
384 208
390 207
396 206
402 206
408 206
414 206
420 207
426 209
432 210
438 211
444 212
450 212
456 212
462 212
468 211
474 210
480 209
486 208
492 208
498 208
504 208
510 209
516 209
522 210
528 210
534 211
540 211
546 211
552 211
558 211
564 210
570 210
576 210
582 209
588 209
594 208
600 208
606 208
612 208
618 208
624 208
630 208
636 209
642 209
648 210
654 210
660 210
666 210
672 210
678 210
684 210
690 210
696 210
702 210
708 210
714 211
720 211
726 211
732 211
738 211
744 211
750 212
756 212
762 212
768 212
774 212
780 212
786 211
792 211
798 210
804 210
810 209
816 208
822 207
828 207
834 206
840 206
846 206
852 207
858 208
864 208
870 210
876 211
882 212
888 212
894 213
900 213
906 213
912 213
918 212
924 211
930 211
936 210
942 210
948 209
954 209
960 209
966 209
972 209
978 209
984 209
990 208
996 207
1002 207
1008 207
1014 207
1020 208
1026 209
1032 209
1038 210
1044 211
1050 212
1056 212
1062 212
1068 212
1074 211
1080 210
1086 210
1092 209
1098 209
1104 209
1110 210
1116 210
1122 211
1128 212
1134 212
1140 213
1146 213
1152 213
1158 213
1164 212
1170 211
1176 211
1182 210
1188 209
