0 205
6 205
12 205
18 205
24 205
30 205
36 206
42 206
48 206
54 206
60 206
66 206
72 206
78 206
84 206
90 205
96 205
102 205
108 205
114 205
120 205
126 205
132 205
138 205
144 205
150 205
156 205
162 205
168 205
174 205
180 206
186 206
192 206
198 206
204 206
210 206
216 206
222 206
228 205
234 205
240 205
246 206
252 206
258 206
264 206
270 206
276 206
282 206
288 206
294 206
300 206
306 206
312 206
318 206
324 206
330 207
336 207
342 207
348 207
354 207
360 207
366 206
372 206
378 206
384 205
390 205
396 205
402 204
408 204
414 205
420 205
426 205
432 206
438 206
444 206
450 206
456 206
462 206
468 206
474 206
480 205
486 205
492 205
498 205
504 205
510 205
516 205
522 206
528 206
534 206
540 206
546 206
552 206
558 206
564 206
570 206
576 206
582 205
588 205
594 205
600 205
606 205
612 205
618 205
624 205
630 205
636 205
642 205
648 206
654 206
660 206
666 206
672 206
678 206
684 206
690 206
696 206
702 206
708 206
714 206
720 206
726 206
732 206
738 206
744 206
750 206
756 206
762 206
768 206
774 206
780 206
786 206
792 206
798 206
804 206
810 205
816 205
822 205
828 205
834 205
840 205
846 205
852 205
858 205
864 205
870 206
876 206
882 206
888 207
894 207
900 207
906 207
912 207
918 206
924 206
930 206
936 206
942 206
948 206
954 206
960 206
966 206
972 206
978 205
984 205
990 205
996 205
1002 205
1008 205
1014 205
1020 205
1026 205
1032 206
1038 206
1044 206
1050 206
1056 207
1062 206
1068 206
1074 206
1080 206
1086 206
1092 206
1098 206
1104 206
1110 206
1116 206
1122 206
1128 206
1134 207
1140 207
1146 207
1152 207
1158 207
1164 206
1170 206
1176 206
1182 206
1188 205
