0 254
0 260
1 266
0 272
0 278
1199 284
1197 290
1195 296
1191 302
1185 308
1179 312
1173 315
1167 317
1161 318
1155 318
1149 318
1143 317
1137 314
1131 311
1125 306
1120 300
1117 294
1115 288
1114 282
1113 276
1114 270
1116 264
1119 258
1125 252
1131 252
1137 256
1140 262
1144 268
1150 272
1156 270
1161 264
1163 258
1163 252
1163 246
1161 240
1159 234
1156 228
1151 222
1146 216
1140 211
1134 206
1128 202
1122 199
1116 197
1110 195
1104 195
1098 195
1092 195
1086 196
1080 198
1074 201
1068 204
1062 207
1056 212
1050 217
1047 223
1046 229
1052 234
1058 233
1064 231
1070 230
1076 231
1079 237
1078 243
1075 249
1071 255
1065 261
1059 265
1053 268
1047 270
1041 270
1035 269
1029 268
1023 265
1017 261
1011 256
1006 250
1002 244
998 238
995 232
993 226
991 220
990 214
990 208
990 202
991 196
993 190
995 184
999 178
1004 172
1010 168
1016 165
1022 167
1024 173
1023 179
1023 185
1029 189
1035 186
1041 182
1047 176
1052 170
1056 164
1058 158
1060 152
1060 146
1060 140
1060 134
1058 128
1056 122
1052 116
1047 110
1041 104
1035 100
1029 97
1023 95
1017 94
1011 94
1005 94
999 95
993 97
987 100
981 103
975 108
970 114
966 120
962 126
960 132
958 138
957 144
956 150
955 156
952 162
949 168
945 174
942 180
938 186
934 192
930 198
927 204
924 210
921 216
919 222
917 228
916 234
916 240
917 246
919 252
925 254
929 248
932 242
938 237
944 241
948 247
950 253
952 259
953 265
953 271
953 277
952 283
950 289
948 295
944 301
940 307
934 312
928 316
922 319
916 321
910 322
904 322
898 322
892 321
886 320
880 317
874 313
868 308
863 302
860 296
858 290
857 284
856 278
855 272
855 266
855 260
855 254
855 248
855 242
855 236
855 230
856 224
856 218
856 212
856 206
857 200
857 194
858 188
858 182
859 176
859 170
859 164
860 158
860 152
861 146
867 143
870 149
871 155
872 161
872 167
872 173
873 179
873 185
874 191
880 190
883 184
885 178
887 172
889 166
890 160
891 154
892 148
892 142
892 136
892 130
891 124
890 118
888 112
885 106
881 100
877 94
871 88
865 84
859 81
853 78
847 76
841 75
835 75
829 75
823 76
817 78
811 80
805 83
799 87
793 93
788 99
784 105
781 111
779 117
778 123
777 129
777 135
777 141
778 147
780 153
783 159
787 165
793 171
799 173
805 171
807 165
808 159
807 153
807 147
808 141
810 135
815 129
821 126
827 128
833 133
835 139
837 145
838 151
839 157
839 163
839 169
839 175
839 181
838 187
837 193
836 199
835 205
834 211
832 217
831 223
829 229
827 235
825 241
823 247
820 253
818 259
815 265
811 271
807 277
802 283
796 289
790 293
784 296
778 298
772 299
766 299
760 299
754 298
748 295
742 292
736 286
733 280
731 274
732 268
737 262
743 260
749 258
754 252
754 246
752 240
747 234
741 230
735 227
729 225
723 223
717 222
711 222
705 221
699 221
693 222
687 222
681 222
675 222
669 222
663 221
657 219
651 217
645 212
639 206
634 200
631 194
628 188
626 182
625 176
624 170
624 164
625 158
628 152
634 148
640 148
646 151
651 157
657 161
663 161
668 155
669 149
669 143
668 137
665 131
662 125
658 119
653 113
647 108
641 105
635 102
629 100
623 99
617 99
611 99
605 100
599 102
593 105
587 109
581 114
576 120
572 126
570 132
568 138
566 144
566 150
566 156
566 162
566 168
567 174
569 180
571 186
574 192
580 187
586 183
590 189
592 195
594 201
595 207
596 213
597 219
597 225
598 231
597 237
596 243
595 249
593 255
590 261
585 267
579 273
573 276
567 278
561 280
555 280
549 279
543 277
537 274
531 269
526 263
522 257
519 251
517 245
516 239
515 233
514 227
513 221
513 215
513 209
515 203
521 202
526 208
532 213
538 209
538 203
538 197
536 191
534 185
532 179
529 173
525 167
519 161
513 156
507 152
501 150
495 149
489 149
483 150
477 152
471 155
465 158
459 162
453 166
447 171
441 177
437 183
434 189
433 195
434 201
438 207
444 211
450 212
456 208
460 202
466 197
472 197
478 200
482 206
484 212
484 218
485 224
484 230
484 236
482 242
480 248
475 254
469 259
463 261
457 261
451 259
445 255
439 250
433 244
428 238
422 232
416 226
410 220
405 214
400 208
396 202
392 196
389 190
387 184
385 178
383 172
382 166
382 160
381 154
381 148
382 142
383 136
384 130
387 124
393 121
399 122
404 128
405 134
405 140
404 146
406 152
412 155
418 152
424 146
428 140
431 134
433 128
434 122
434 116
433 110
430 104
426 98
421 92
415 88
409 85
403 83
397 82
391 81
385 82
379 83
373 84
367 87
361 91
355 96
350 102
346 108
343 114
341 120
340 126
339 132
339 138
340 144
341 150
342 156
344 162
346 168
348 174
351 180
355 186
359 180
358 174
358 168
358 162
358 156
358 150
359 144
361 138
367 142
368 148
368 154
369 160
370 166
371 172
372 178
374 184
375 190
377 196
379 202
381 208
383 214
386 220
388 226
390 232
393 238
395 244
397 250
399 256
401 262
402 268
403 274
402 280
401 286
400 292
397 298
393 304
387 310
381 314
375 318
369 320
363 322
357 322
351 323
345 322
339 321
333 320
327 317
321 314
315 309
309 303
306 297
304 291
303 285
304 279
309 273
313 267
313 261
311 255
309 249
307 243
305 237
304 231
304 225
306 219
307 213
306 207
304 201
301 195
297 189
292 183
287 177
281 172
275 169
269 166
263 164
257 163
251 163
245 164
239 166
233 168
227 172
221 176
215 182
210 188
206 194
203 200
203 206
207 212
213 214
218 220
219 226
218 232
215 238
211 244
205 249
199 252
193 254
187 255
181 254
175 253
169 250
163 245
157 239
152 233
148 227
145 221
142 215
139 209
137 203
135 197
133 191
132 185
131 179
131 173
131 167
133 161
137 155
143 151
149 151
154 157
157 163
163 168
169 165
174 159
177 153
179 147
180 141
180 135
179 129
178 123
175 117
171 111
165 105
159 100
153 97
147 95
141 93
135 93
129 93
123 93
117 95
111 97
105 100
99 104
93 110
88 116
85 122
82 128
80 134
78 140
77 146
76 152
75 158
74 164
74 170
74 176
74 182
74 188
75 194
77 200
81 206
86 200
88 194
89 188
92 182
98 182
101 188
103 194
105 200
107 206
108 212
110 218
111 224
111 230
112 236
112 242
111 248
110 254
109 260
106 266
101 272
95 277
89 281
83 282
77 283
71 283
65 281
59 279
53 275
47 269
42 263
38 257
34 251
31 245
29 239
26 233
24 227
22 221
20 215
19 209
17 203
16 197
16 191
15 185
17 179
23 179
27 185
30 191
34 197
40 197
41 191
41 185
41 179
41 173
40 167
39 161
38 155
36 149
34 143
31 137
28 131
23 125
17 120
11 117
5 114
1199 113
1193 113
1187 114
1181 116
1175 119
1169 124
1164 130
1160 136
1157 142
1155 148
1154 154
1154 160
1155 166
1156 172
1158 178
1161 184
1165 190
1169 196
1174 202
1178 208
1184 202
1184 196
1190 194
1192 200
1193 206
1195 212
1196 218
1197 224
1198 230
1198 236
1199 242
