0 201
6 200
12 200
18 201
24 203
30 205
36 208
42 211
48 213
54 215
60 215
66 215
72 215
78 213
84 211
90 209
96 206
102 204
108 202
114 201
120 200
126 200
132 200
138 200
144 201
150 202
156 203
162 205
168 206
174 208
180 210
186 211
192 212
198 212
204 212
210 211
216 210
222 208
228 207
234 206
240 206
246 206
252 207
258 208
264 209
270 210
276 211
282 212
288 212
294 212
300 212
306 213
312 214
318 215
324 216
330 218
336 219
342 220
348 220
354 219
360 218
366 215
372 212
378 207
384 202
390 198
396 195
402 194
408 195
414 196
420 200
426 204
432 209
438 213
444 215
450 217
456 217
462 216
468 213
474 210
480 207
486 205
492 203
498 202
504 203
510 204
516 206
522 208
528 210
534 212
540 213
546 214
552 214
558 213
564 212
570 211
576 209
582 207
588 205
594 204
600 202
606 201
612 201
618 201
624 202
630 203
636 204
642 206
648 208
654 209
660 210
666 210
672 211
678 211
684 210
690 210
696 210
702 210
708 210
714 211
720 211
726 212
732 213
738 213
744 214
750 215
756 216
762 216
768 216
774 216
780 216
786 215
792 213
798 211
804 208
810 205
816 201
822 198
828 196
834 195
840 195
846 195
852 197
858 200
864 204
870 208
876 212
882 216
888 219
894 220
900 221
906 221
912 219
918 217
924 215
930 212
936 210
942 209
948 208
954 207
960 207
966 206
972 206
978 205
984 203
990 201
996 200
1002 199
1008 199
1014 199
1020 201
1026 204
1032 208
1038 211
1044 214
1050 216
1056 216
1062 216
1068 215
1074 213
1080 211
1086 208
1092 206
1098 205
1104 206
1110 207
1116 209
1122 212
1128 215
1134 217
1140 219
1146 220
1152 220
1158 219
1164 217
1170 215
1176 211
1182 208
1188 205
