0 179
6 178
12 179
18 182
24 186
28 192
31 198
33 204
34 210
35 216
37 222
38 228
41 234
46 240
52 245
58 247
64 249
70 248
76 247
82 243
88 237
91 231
93 225
94 219
95 213
96 207
98 201
100 195
104 189
110 183
116 179
122 177
128 177
134 177
140 178
146 181
152 186
157 192
161 198
163 204
165 210
168 216
171 222
176 228
182 233
188 235
194 235
200 234
206 232
212 227
217 221
222 215
228 209
234 205
240 203
246 202
252 204
258 207
264 211
270 216
276 221
282 224
288 227
294 229
300 232
306 235
312 239
318 244
324 250
330 255
336 258
342 260
348 261
354 260
360 258
366 255
372 249
376 243
378 237
380 231
380 225
379 219
378 213
376 207
374 201
372 195
372 189
373 183
376 177
381 171
387 166
393 164
399 163
405 163
411 165
417 169
422 175
425 181
426 187
427 193
426 199
425 205
425 211
425 217
426 223
428 229
431 235
436 241
442 245
448 248
454 248
460 246
466 243
471 237
473 231
475 225
476 219
477 213
479 207
482 201
487 195
493 192
499 191
505 192
511 195
516 201
519 207
521 213
523 219
526 225
529 231
534 237
540 241
546 243
552 244
558 243
564 241
570 236
575 230
578 224
581 218
583 212
584 206
587 200
590 194
595 188
601 184
607 182
613 181
619 181
625 183
631 187
636 193
640 199
643 205
646 211
650 217
656 222
662 225
668 227
674 227
680 226
686 225
692 223
698 222
704 222
710 222
716 224
722 226
728 230
734 235
740 239
746 243
752 247
758 249
764 251
770 251
776 251
782 249
788 246
794 242
799 236
803 230
806 224
807 218
808 212
808 206
808 200
807 194
808 188
809 182
812 176
817 170
823 165
829 163
835 161
841 161
847 162
853 164
859 168
865 174
868 180
871 186
872 192
872 198
871 204
869 210
867 216
866 222
866 228
867 234
868 240
870 246
874 252
880 258
886 262
892 264
898 265
904 265
910 263
916 260
922 255
927 249
930 243
932 237
935 231
938 225
943 219
949 213
955 209
961 205
967 201
973 195
979 189
984 183
990 179
996 175
1002 174
1008 174
1014 175
1020 178
1026 184
1029 190
1031 196
1031 202
1030 208
1029 214
1029 220
1030 226
1031 232
1035 238
1041 244
1047 247
1053 247
1059 247
1065 244
1071 238
1075 232
1078 226
1081 220
1084 214
1088 208
1094 204
1100 202
1106 202
1112 205
1118 211
1121 217
1123 223
1124 229
1125 235
1126 241
1128 247
1132 253
1138 258
1144 261
1150 262
1156 262
1162 260
1168 257
1174 251
1178 245
1180 239
1181 233
1181 227
1180 221
1179 215
1179 209
1179 203
1181 197
1184 191
1188 185
