0 126
6 126
12 128
18 131
24 135
29 141
33 147
35 153
37 159
38 165
39 171
39 177
37 183
31 187
26 193
25 199
25 205
26 211
28 217
30 223
32 229
35 235
38 241
42 247
47 253
53 258
59 261
65 262
71 263
77 262
83 260
89 257
95 252
99 246
102 240
104 234
105 228
106 222
106 216
106 210
104 204
102 198
98 192
92 190
86 187
84 181
83 175
83 169
83 163
84 157
85 151
88 145
90 139
94 133
99 127
105 122
111 119
117 117
123 115
129 115
135 115
141 116
147 118
153 121
159 125
165 131
168 137
170 143
171 149
170 155
168 161
163 167
157 171
152 177
150 183
150 189
150 195
151 201
153 207
155 213
157 219
161 225
166 231
172 235
178 239
184 240
190 240
196 239
202 236
208 231
212 225
215 219
216 213
216 207
217 201
217 195
219 189
222 183
227 177
233 172
239 168
245 166
251 166
257 166
263 168
269 172
275 177
279 183
282 189
283 195
285 201
286 207
289 213
292 219
296 225
301 231
306 237
310 243
313 249
315 255
316 261
317 267
320 273
324 279
330 284
336 287
342 289
348 289
354 289
360 288
366 286
372 283
378 278
383 272
387 266
389 260
391 254
392 248
392 242
392 236
391 230
391 224
390 218
389 212
388 206
387 200
386 194
384 188
383 182
381 176
378 170
372 165
367 171
365 177
359 178
355 172
352 166
350 160
350 154
349 148
350 142
351 136
353 130
356 124
360 118
366 113
372 108
378 106
384 104
390 102
396 102
402 103
408 104
414 106
420 110
426 115
430 121
433 127
434 133
434 139
432 145
430 151
425 157
419 157
413 152
407 152
403 158
402 164
402 170
403 176
404 182
405 188
407 194
409 200
412 206
414 212
417 218
420 224
424 230
428 236
432 242
438 247
444 251
450 253
456 253
462 252
468 249
473 243
476 237
478 231
478 225
478 219
477 213
472 207
466 204
460 202
456 196
456 190
458 184
460 178
464 172
469 166
475 161
481 157
487 154
493 152
499 152
505 153
511 156
517 160
522 166
525 172
527 178
528 184
528 190
526 196
520 202
518 208
517 214
518 220
519 226
521 232
523 238
527 244
533 250
539 255
545 257
551 258
557 258
563 257
569 255
575 251
580 245
584 239
587 233
589 227
590 221
590 215
590 209
589 203
588 197
585 191
579 185
576 179
574 173
574 167
574 161
575 155
576 149
579 143
582 137
588 131
594 127
600 124
606 122
612 121
618 120
624 121
630 123
636 125
642 129
648 135
651 141
653 147
653 153
651 159
645 164
639 170
637 176
636 182
637 188
638 194
641 200
645 206
650 212
656 216
662 218
668 219
674 219
680 218
686 216
692 214
698 213
704 212
710 212
716 213
722 215
728 218
734 224
738 230
739 236
739 242
739 248
741 254
744 260
750 266
756 270
762 272
768 272
774 272
780 271
786 269
792 266
798 261
803 255
808 249
811 243
814 237
816 231
819 225
820 219
822 213
823 207
825 201
826 195
826 189
827 183
827 177
826 171
825 165
821 159
815 155
809 157
804 163
798 165
792 160
789 154
788 148
788 142
788 136
790 130
792 124
796 118
801 112
807 107
813 104
819 101
825 99
831 98
837 98
843 98
849 100
855 101
861 104
867 108
873 113
878 119
882 125
885 131
887 137
888 143
888 149
888 155
888 161
887 167
886 173
884 179
880 185
874 184
871 178
865 173
860 179
858 185
857 191
856 197
855 203
855 209
854 215
854 221
854 227
855 233
855 239
856 245
857 251
858 257
860 263
863 269
867 275
872 281
878 286
884 289
890 291
896 292
902 293
908 292
914 291
920 288
926 284
932 279
936 273
939 267
942 261
943 255
943 249
942 243
939 237
933 233
929 227
929 221
931 215
933 209
936 203
939 197
943 191
946 185
950 179
953 173
956 167
959 161
962 155
964 149
966 143
969 137
972 131
978 125
984 120
990 117
996 115
1002 114
1008 113
1014 114
1020 115
1026 117
1032 121
1038 126
1043 132
1046 138
1048 144
1048 150
1048 156
1047 162
1045 168
1042 174
1036 180
1030 180
1024 179
1018 182
1013 188
1011 194
1009 200
1009 206
1009 212
1009 218
1011 224
1013 230
1015 236
1019 242
1025 248
1031 252
1037 255
1043 256
1049 256
1055 255
1061 252
1067 247
1071 241
1074 235
1075 229
1074 223
1071 217
1069 211
1071 205
1074 199
1079 193
1085 188
1091 184
1097 182
1103 181
1109 182
1115 184
1121 187
1127 192
1132 198
1136 204
1139 210
1141 216
1143 222
1143 228
1142 234
1136 239
1130 239
1124 243
1121 249
1120 255
1120 261
1121 267
1124 273
1129 279
1135 284
1141 287
1147 289
1153 290
1159 290
1165 289
1171 286
1177 282
1183 277
1187 271
1190 265
1192 259
1194 253
1195 247
1195 241
1195 235
1194 229
1194 223
1193 217
1191 211
1188 205
1182 202
1176 203
1171 197
1168 191
1166 185
1165 179
1164 173
1164 167
1164 161
1165 155
1167 149
1170 143
1175 137
1181 132
1187 129
1193 127
