0 247
6 247
12 246
18 243
23 237
27 231
29 225
29 219
29 213
29 207
28 201
29 195
31 189
36 183
42 179
48 177
54 177
60 178
66 181
72 187
76 193
78 199
79 205
79 211
78 217
78 223
77 229
77 235
78 241
81 247
85 253
91 258
97 261
103 263
109 263
115 262
121 260
127 256
133 250
136 244
138 238
139 232
140 226
140 220
141 214
142 208
144 202
147 196
151 190
157 184
163 181
169 179
175 178
181 178
187 179
193 182
199 186
204 192
207 198
210 204
211 210
212 216
212 222
212 228
213 234
214 240
217 246
222 252
228 256
234 258
240 259
246 259
252 257
258 254
264 249
268 243
271 237
273 231
273 225
274 219
273 213
271 207
269 201
268 195
268 189
269 183
271 177
274 171
280 165
286 162
292 160
298 159
304 160
310 162
316 165
322 171
326 177
329 183
330 189
329 195
328 201
326 207
324 213
323 219
323 225
324 231
325 237
328 243
332 249
338 255
344 259
350 261
356 263
362 264
368 264
374 264
380 263
386 261
392 259
398 256
404 252
409 246
414 240
417 234
419 228
420 222
420 216
419 210
418 204
418 198
418 192
419 186
422 180
426 174
432 169
438 166
444 164
450 164
456 164
462 166
468 170
474 176
478 182
480 188
481 194
482 200
481 206
479 212
477 218
476 224
476 230
476 236
478 242
480 248
485 254
491 260
497 263
503 265
509 266
515 266
521 265
527 262
533 259
539 253
543 247
546 241
547 235
549 229
549 223
549 217
550 211
550 205
551 199
553 193
555 187
558 181
563 175
569 170
575 166
581 164
587 163
593 163
599 164
605 166
611 170
617 176
621 182
623 188
624 194
624 200
622 206
620 212
618 218
617 224
617 230
619 236
621 242
625 248
631 253
637 257
643 259
649 259
655 259
661 258
667 256
673 254
679 252
685 250
691 249
697 248
703 248
709 247
715 247
721 245
727 243
733 239
738 233
741 227
743 221
744 215
743 209
742 203
739 197
737 191
736 185
736 179
738 173
741 167
746 161
752 157
758 154
764 153
770 152
776 153
782 155
788 158
794 164
798 170
800 176
800 182
799 188
798 194
797 200
796 206
797 212
799 218
802 224
807 230
813 235
819 238
825 239
831 240
837 240
843 240
849 239
855 239
861 238
867 237
873 235
879 233
885 230
891 226
897 221
903 217
909 214
915 212
921 213
927 215
933 219
939 225
943 231
948 237
954 242
960 245
966 247
972 247
978 247
984 245
990 244
996 242
1002 240
1008 239
1014 237
1020 235
1026 233
1032 229
1038 224
1042 218
1045 212
1046 206
1047 200
1047 194
1047 188
1048 182
1050 176
1054 170
1060 164
1066 161
1072 159
1078 158
1084 159
1090 161
1096 164
1102 170
1106 176
1108 182
1108 188
1107 194
1105 200
1103 206
1102 212
1102 218
1103 224
1105 230
1109 236
1115 241
1121 244
1127 245
1133 244
1139 242
1145 238
1151 234
1157 231
1163 229
1169 229
1175 230
1181 234
1187 239
1193 244
