0 236
6 237
12 235
18 231
23 225
26 219
28 213
29 207
30 201
32 195
35 189
41 183
47 181
53 180
59 181
65 184
71 190
74 196
76 202
77 208
77 214
78 220
79 226
81 232
84 238
90 244
96 248
102 250
108 250
114 249
120 247
126 242
132 236
135 230
137 224
139 218
141 212
144 206
147 200
151 194
157 188
163 185
169 183
175 182
181 182
187 183
193 186
199 190
204 196
207 202
210 208
211 214
213 220
214 226
217 232
221 238
227 243
233 246
239 247
245 247
251 246
257 242
263 237
267 231
269 225
270 219
271 213
271 207
270 201
270 195
271 189
272 183
275 177
281 171
287 168
293 166
299 166
305 167
311 169
317 174
321 180
324 186
325 192
325 198
325 204
324 210
325 216
326 222
328 228
331 234
337 240
343 245
349 248
355 249
361 250
367 251
373 250
379 250
385 248
391 246
397 243
403 239
409 234
413 228
416 222
418 216
420 210
420 204
421 198
422 192
424 186
428 180
434 174
440 171
446 170
452 169
458 171
464 173
470 178
474 184
477 190
478 196
479 202
478 208
478 214
478 220
479 226
481 232
484 238
488 244
494 249
500 252
506 253
512 253
518 253
524 250
530 247
536 242
540 236
543 230
546 224
548 218
549 212
551 206
553 200
555 194
559 188
563 182
569 177
575 173
581 171
587 170
593 170
599 171
605 174
611 178
616 184
619 190
620 196
620 202
620 208
620 214
621 220
622 226
625 232
629 238
635 243
641 245
647 247
653 247
659 246
665 244
671 242
677 240
683 238
689 237
695 237
701 237
707 237
713 237
719 236
725 234
731 230
736 224
739 218
741 212
742 206
741 200
741 194
741 188
742 182
744 176
748 170
754 165
760 162
766 161
772 161
778 162
784 165
790 170
794 176
796 182
797 188
798 194
798 200
799 206
802 212
805 218
811 224
817 227
823 229
829 230
835 230
841 230
847 229
853 229
859 228
865 228
871 227
877 226
883 224
889 221
895 217
901 214
907 211
913 209
919 209
925 210
931 213
937 218
943 223
949 228
955 232
961 234
967 235
973 235
979 234
985 233
991 232
997 230
1003 229
1009 228
1015 227
1021 225
1027 223
1033 220
1039 214
1043 208
1046 202
1048 196
1050 190
1052 184
1055 178
1061 172
1067 169
1073 167
1079 166
1085 167
1091 170
1097 174
1101 180
1104 186
1105 192
1105 198
1105 204
1105 210
1106 216
1108 222
1113 228
1119 233
1125 235
1131 235
1137 234
1143 231
1149 227
1155 224
1161 221
1167 220
1173 221
1179 224
1185 228
1191 233
