0 215
6 215
12 214
18 213
24 210
30 207
36 204
42 201
48 200
54 200
60 201
66 203
72 206
78 210
84 213
90 216
96 218
102 219
108 219
114 218
120 216
126 214
132 212
138 209
144 207
150 205
156 204
162 202
168 202
174 201
180 201
186 201
192 202
198 203
204 205
210 207
216 210
222 213
228 216
234 217
240 218
246 218
252 217
258 214
264 210
270 206
276 201
282 198
288 195
294 194
300 195
306 196
312 199
318 203
324 207
330 211
336 214
342 216
348 217
354 218
360 218
366 218
372 218
378 218
384 217
390 217
396 216
402 215
408 213
414 211
420 208
426 205
432 201
438 198
444 197
450 196
456 196
462 198
468 201
474 205
480 209
486 213
492 216
498 218
504 220
510 220
516 219
522 218
528 216
534 214
540 212
546 209
552 207
558 204
564 202
570 200
576 198
582 197
588 197
594 197
600 198
606 200
612 202
618 206
624 209
630 213
636 215
642 217
648 218
654 218
660 218
666 217
672 216
678 215
684 214
690 214
696 214
702 215
708 215
714 215
720 215
726 213
732 211
738 208
744 204
750 200
756 196
762 194
768 193
774 193
780 195
786 197
792 200
798 204
804 207
810 210
816 211
822 212
828 213
834 212
840 212
846 212
852 212
858 212
864 212
870 212
876 212
882 212
888 212
894 211
900 210
906 209
912 209
918 208
924 209
930 209
936 210
942 212
948 213
954 214
960 214
966 215
972 214
978 214
984 213
990 213
996 212
1002 212
1008 212
1014 212
1020 211
1026 211
1032 210
1038 208
1044 206
1050 204
1056 201
1062 199
1068 197
1074 196
1080 195
1086 196
1092 198
1098 201
1104 204
1110 208
1116 211
1122 213
1128 214
1134 215
1140 214
1146 213
1152 212
1158 210
1164 210
1170 210
1176 210
1182 211
1188 213
