0 212
6 212
12 211
18 208
24 204
30 199
36 195
42 191
48 189
54 189
60 190
66 193
72 198
78 204
84 209
90 213
96 215
102 217
108 217
114 216
120 214
126 211
132 207
138 204
144 200
150 197
156 195
162 193
168 192
174 191
180 191
186 191
192 192
198 194
204 197
210 201
216 205
222 210
228 213
234 215
240 216
246 216
252 214
258 211
264 206
269 200
273 194
279 188
285 184
291 182
297 182
303 183
309 185
315 190
320 196
326 202
332 208
338 211
344 214
350 216
356 216
362 217
368 217
374 216
380 216
386 215
392 214
398 213
404 211
410 208
416 204
422 199
428 194
434 189
440 186
446 184
452 184
458 185
464 188
470 192
476 198
481 204
487 210
493 214
499 217
505 218
511 219
517 218
523 216
529 214
535 210
541 207
547 203
553 199
559 195
565 192
571 189
577 187
583 185
589 185
595 185
601 187
607 189
613 194
619 199
625 205
631 210
637 213
643 215
649 216
655 216
661 215
667 214
673 213
679 211
685 211
691 211
697 211
703 212
709 212
715 212
721 211
727 209
733 205
739 200
745 194
751 188
757 183
763 181
769 180
775 180
781 182
787 186
793 191
799 196
805 201
811 204
817 207
823 208
829 208
835 208
841 208
847 207
853 207
859 207
865 207
871 208
877 207
883 207
889 206
895 205
901 204
907 202
913 202
919 202
925 202
931 203
937 205
943 207
949 208
955 210
961 210
967 211
973 210
979 210
985 209
991 208
997 208
1003 207
1009 207
1015 207
1021 206
1027 205
1033 204
1039 201
1045 198
1051 195
1057 191
1063 187
1069 185
1075 183
1081 183
1087 185
1093 187
1099 192
1105 197
1111 203
1117 207
1123 210
1129 211
1135 211
1141 210
1147 208
1153 207
1159 205
1165 204
1171 204
1177 205
1183 207
1189 209
