0 249
6 251
12 251
18 249
24 245
30 240
35 234
38 228
41 222
44 216
46 210
47 204
48 198
49 192
49 186
47 180
44 174
38 171
32 171
26 175
20 176
14 172
12 166
11 160
12 154
14 148
17 142
22 136
28 131
34 128
40 126
46 125
52 125
58 126
64 128
70 131
76 136
81 142
84 148
87 154
89 160
91 166
92 172
93 178
94 184
94 190
94 196
88 202
82 199
77 205
76 211
74 217
73 223
72 229
72 235
72 241
72 247
72 253
74 259
76 265
79 271
85 277
91 282
97 284
103 286
109 286
115 286
121 284
127 282
133 278
139 272
144 266
147 260
150 254
152 248
153 242
154 236
155 230
155 224
155 218
154 212
151 206
145 202
139 205
133 203
131 197
130 191
130 185
130 179
130 173
131 167
133 161
134 155
137 149
140 143
144 137
150 132
156 128
162 125
168 124
174 124
180 124
186 125
192 128
198 131
204 136
210 142
214 148
218 154
222 160
225 166
227 172
229 178
231 184
232 190
232 196
230 202
224 205
218 202
212 198
206 201
203 207
201 213
201 219
201 225
202 231
203 237
205 243
207 249
211 255
215 261
221 266
227 269
233 271
239 271
245 271
251 269
257 266
263 260
268 254
272 248
275 242
278 236
280 230
282 224
284 218
286 212
287 206
289 200
290 194
291 188
291 182
291 176
291 170
289 164
283 160
278 166
275 172
269 174
265 168
263 162
261 156
260 150
259 144
260 138
260 132
262 126
265 120
269 114
275 108
281 104
287 101
293 100
299 99
305 100
311 101
317 103
323 106
329 110
335 115
339 121
343 127
346 133
348 139
349 145
350 151
351 157
351 163
351 169
350 175
349 181
346 187
340 186
337 180
335 174
332 168
326 165
322 171
320 177
319 183
318 189
317 195
317 201
317 207
316 213
316 219
317 225
317 231
318 237
318 243
320 249
321 255
324 261
327 267
331 273
337 279
343 283
349 286
355 288
361 290
367 290
373 290
379 289
385 287
391 284
397 280
403 275
408 269
412 263
416 257
418 251
421 245
423 239
424 233
426 227
427 221
428 215
429 209
429 203
430 197
430 191
429 185
428 179
424 173
418 173
413 179
410 185
404 189
399 183
398 177
398 171
398 165
398 159
400 153
401 147
403 141
406 135
409 129
414 123
420 117
426 113
432 110
438 108
444 107
450 107
456 108
462 109
468 112
474 116
480 122
485 128
488 134
491 140
493 146
494 152
496 158
496 164
497 170
497 176
496 182
495 188
493 194
487 197
484 191
481 185
475 179
469 184
467 190
466 196
465 202
465 208
465 214
465 220
465 226
466 232
467 238
468 244
470 250
472 256
475 262
478 268
483 274
489 280
495 284
501 286
507 288
513 288
519 287
525 286
531 283
537 279
543 273
548 267
551 261
553 255
555 249
556 243
558 237
558 231
559 225
559 219
559 213
559 207
559 201
558 195
555 189
549 189
543 194
537 188
536 182
537 176
537 170
538 164
539 158
540 152
542 146
544 140
546 134
549 128
553 122
559 116
565 111
571 108
577 105
583 104
589 103
595 103
601 104
607 105
613 107
619 111
625 115
631 121
636 127
640 133
643 139
645 145
646 151
647 157
648 163
648 169
647 175
645 181
641 187
635 190
629 185
626 179
623 173
617 169
611 170
605 175
602 181
600 187
600 193
599 199
599 205
599 211
600 217
601 223
602 229
604 235
606 241
608 247
611 253
615 259
620 265
626 270
632 274
638 276
644 277
650 278
656 278
662 276
668 274
674 272
680 269
686 267
692 264
698 261
704 259
710 256
716 253
722 249
728 244
734 238
738 232
742 226
744 220
746 214
747 208
748 202
749 196
749 190
749 184
749 178
749 172
748 166
748 160
746 154
744 148
738 143
732 147
729 153
726 159
724 165
718 168
714 162
712 156
711 150
711 144
711 138
712 132
714 126
716 120
719 114
722 108
727 102
733 97
739 92
745 89
751 86
757 85
763 84
769 83
775 83
781 84
787 85
793 88
799 91
805 94
811 100
816 106
819 112
822 118
823 124
823 130
822 136
820 142
814 147
808 147
803 141
799 135
793 131
787 132
781 138
779 144
778 150
778 156
779 162
779 168
780 174
782 180
783 186
785 192
787 198
789 204
792 210
795 216
799 222
803 228
809 234
815 238
821 241
827 243
833 245
839 245
845 245
851 244
857 242
863 240
869 236
875 230
879 224
882 218
884 212
885 206
887 200
889 194
893 188
899 183
905 180
911 178
917 178
923 178
929 180
935 182
941 187
946 193
948 199
949 205
948 211
946 217
944 223
942 229
942 235
943 241
946 247
949 253
955 259
961 262
967 264
973 266
979 266
985 265
991 264
997 261
1003 258
1009 254
1015 249
1021 243
1026 237
1031 231
1035 225
1038 219
1041 213
1044 207
1046 201
1048 195
1050 189
1052 183
1053 177
1054 171
1055 165
1056 159
1056 153
1055 147
1052 141
1046 139
1040 142
1034 147
1028 146
1025 140
1024 134
1024 128
1026 122
1028 116
1032 110
1037 104
1043 99
1049 95
1055 92
1061 90
1067 89
1073 88
1079 88
1085 89
1091 90
1097 92
1103 95
1109 99
1115 104
1121 110
1125 116
1128 122
1129 128
1131 134
1131 140
1130 146
1128 152
1124 158
1118 160
1112 154
1108 148
1102 144
1096 146
1092 152
1089 158
1088 164
1087 170
1086 176
1086 182
1086 188
1086 194
1087 200
1088 206
1089 212
1091 218
1094 224
1097 230
1102 236
1108 240
1114 242
1120 242
1126 239
1132 233
1138 227
1144 224
1150 222
1156 221
1162 221
1168 222
1174 224
1180 227
1186 232
1190 238
