0 216
6 216
12 216
18 215
24 214
30 213
36 212
42 212
48 211
54 211
60 211
66 212
72 213
78 214
84 215
90 216
96 217
102 217
108 217
114 217
120 216
126 215
132 215
138 214
144 213
150 213
156 212
162 212
168 212
174 212
180 211
186 212
192 212
198 212
204 213
210 213
216 214
222 215
228 216
234 217
240 217
246 217
252 216
258 215
264 214
270 213
276 211
282 210
288 209
294 209
300 209
306 210
312 211
318 212
324 214
330 215
336 216
342 216
348 217
354 217
360 217
366 217
372 217
378 217
384 217
390 217
396 216
402 216
408 216
414 215
420 214
426 213
432 212
438 211
444 210
450 210
456 210
462 211
468 212
474 213
480 214
486 215
492 216
498 217
504 217
510 218
516 217
522 217
528 216
534 215
540 215
546 214
552 213
558 213
564 212
570 211
576 211
582 210
588 210
594 210
600 210
606 211
612 212
618 213
624 214
630 215
636 216
642 217
648 217
654 217
660 217
666 217
672 216
678 216
684 216
690 216
696 216
702 216
708 216
714 216
720 216
726 215
732 215
738 214
744 212
750 211
756 210
762 209
768 209
774 209
780 209
786 210
792 211
798 212
804 213
810 214
816 215
822 215
828 215
834 215
840 215
846 215
852 215
858 215
864 215
870 215
876 215
882 215
888 215
894 215
900 215
906 214
912 214
918 214
924 214
930 214
936 215
942 215
948 216
954 216
960 216
966 216
972 216
978 216
984 216
990 215
996 215
1002 215
1008 215
1014 215
1020 215
1026 215
1032 214
1038 214
1044 213
1050 212
1056 211
1062 211
1068 210
1074 210
1080 209
1086 210
1092 210
1098 211
1104 212
1110 214
1116 215
1122 215
1128 216
1134 216
1140 216
1146 215
1152 215
1158 214
1164 214
1170 214
1176 214
1182 215
1188 215
