0 214
6 214
12 214
18 214
24 214
30 214
36 214
42 213
48 213
54 213
60 213
66 214
72 214
78 214
84 214
90 214
96 214
102 214
108 214
114 214
120 214
126 214
132 214
138 214
144 214
150 214
156 214
162 214
168 214
174 213
180 213
186 213
192 213
198 213
204 214
210 214
216 214
222 214
228 214
234 214
240 214
246 214
252 214
258 214
264 214
270 214
276 213
282 213
288 213
294 213
300 213
306 213
312 213
318 214
324 214
330 214
336 214
342 214
348 214
354 214
360 214
366 214
372 214
378 214
384 214
390 214
396 214
402 214
408 214
414 214
420 214
426 214
432 214
438 213
444 213
450 213
456 213
462 213
468 213
474 214
480 214
486 214
492 214
498 214
504 214
510 214
516 214
522 214
528 214
534 214
540 214
546 214
552 214
558 214
564 214
570 213
576 213
582 213
588 213
594 213
600 213
606 213
612 213
618 214
624 214
630 214
636 214
642 214
648 214
654 214
660 214
666 214
672 214
678 214
684 214
690 214
696 214
702 214
708 214
714 214
720 214
726 214
732 214
738 214
744 214
750 213
756 213
762 213
768 213
774 213
780 213
786 213
792 213
798 214
804 214
810 214
816 214
822 214
828 214
834 214
840 214
846 214
852 214
858 214
864 214
870 214
876 214
882 214
888 214
894 214
900 214
906 214
912 214
918 214
924 214
930 214
936 214
942 214
948 214
954 214
960 214
966 214
972 214
978 214
984 214
990 214
996 214
1002 214
1008 214
1014 214
1020 214
1026 214
1032 214
1038 214
1044 214
1050 214
1056 213
1062 213
1068 213
1074 213
1080 213
1086 213
1092 213
1098 213
1104 214
1110 214
1116 214
1122 214
1128 214
1134 214
1140 214
1146 214
1152 214
1158 214
1164 214
1170 214
1176 214
1182 214
1188 214
