30 133
35 131
36 136
41 139
46 143
51 147
56 152
60 157
64 162
68 167
72 172
75 177
79 182
82 187
85 192
89 197
92 202
95 207
97 212
100 217
103 222
105 227
108 232
110 237
112 242
114 247
115 252
117 257
118 262
120 267
121 272
122 277
124 282
124 287
124 292
122 297
117 300
112 301
107 300
102 298
97 293
93 288
90 283
86 278
82 273
79 268
76 263
71 258
66 255
61 256
56 260
52 265
49 270
47 275
46 280
44 285
43 290
43 295
43 300
43 305
44 310
45 315
46 320
48 325
51 330
54 335
58 340
63 344
68 348
73 350
78 352
83 354
88 356
93 357
98 357
103 358
108 358
113 358
118 358
123 357
128 357
133 355
138 354
143 352
148 350
153 347
158 344
163 340
168 335
172 330
175 325
178 320
180 315
182 310
183 305
184 300
184 295
184 290
184 285
183 280
182 275
181 270
179 265
177 260
174 255
171 250
168 245
164 240
161 235
158 230
156 225
154 220
149 218
146 223
145 228
145 233
146 238
146 243
146 248
146 253
146 258
145 263
144 268
139 273
135 268
134 263
134 258
134 253
133 248
132 243
130 238
129 233
127 228
126 223
124 218
123 213
121 208
120 203
118 198
117 193
116 188
115 183
114 178
114 173
113 168
112 163
111 158
111 153
110 148
110 143
109 138
109 133
109 128
109 123
110 118
111 113
113 108
115 103
117 98
121 93
125 88
130 83
135 80
140 77
145 74
150 72
155 71
160 70
165 69
170 69
175 69
180 70
185 70
190 72
195 73
200 76
205 78
210 82
215 86
220 91
224 96
227 101
229 106
231 111
233 116
234 121
235 126
236 131
236 136
237 141
236 146
236 151
235 156
234 161
233 166
231 171
226 176
221 177
216 176
211 172
206 167
201 162
196 157
191 152
186 147
181 144
176 143
171 144
166 147
163 152
160 157
160 162
159 167
160 172
162 177
164 182
167 187
170 192
175 197
179 202
184 206
189 211
194 215
199 219
204 223
209 226
214 229
219 232
224 234
229 237
234 239
239 241
244 242
249 243
254 244
259 245
264 246
269 246
274 246
279 245
284 245
289 244
294 243
299 242
304 241
309 240
314 239
319 237
324 236
329 234
334 233
339 231
344 230
349 228
354 226
359 223
364 219
368 214
369 209
369 204
367 199
364 194
359 189
354 186
349 184
344 184
339 184
334 185
329 186
324 187
319 189
314 190
309 192
304 194
299 196
294 197
289 197
284 196
279 193
275 188
273 183
273 178
274 173
275 168
276 163
278 158
280 153
283 148
286 143
289 138
293 133
298 128
303 124
308 121
313 119
318 118
323 117
328 117
333 117
338 118
343 120
348 123
353 126
358 129
363 134
368 139
372 144
376 149
380 154
384 159
388 164
392 169
396 174
400 179
403 184
407 189
410 194
413 199
416 204
418 209
420 214
422 219
424 224
425 229
426 234
427 239
428 244
428 249
429 254
429 259
429 264
429 269
429 274
428 279
428 284
427 289
426 294
425 299
424 304
423 309
422 314
422 319
422 324
422 329
421 334
418 339
413 342
408 342
403 340
398 337
394 332
392 327
391 322
390 317
389 312
388 307
386 302
385 297
383 292
382 287
381 282
380 277
380 272
379 267
377 262
372 259
367 260
362 262
357 265
352 267
347 270
342 274
337 278
332 283
327 288
323 293
320 298
318 303
316 308
315 313
314 318
314 323
314 328
314 333
316 338
317 343
320 348
324 353
329 358
334 362
339 365
344 367
349 369
354 370
359 372
364 373
369 374
374 374
379 375
384 375
389 376
394 376
399 377
404 377
409 377
414 377
419 377
424 377
429 377
434 376
439 376
444 374
449 372
454 370
459 367
464 363
468 358
472 353
475 348
478 343
479 338
480 333
481 328
481 323
481 318
480 313
480 308
479 303
478 298
477 293
475 288
474 283
473 278
472 273
471 268
470 263
469 258
468 253
468 248
467 243
467 238
467 233
466 228
466 223
467 218
467 213
467 208
469 203
470 198
471 193
466 191
463 196
461 201
461 206
460 211
459 216
459 221
458 226
458 231
458 236
458 241
457 246
457 251
457 256
457 261
456 266
456 271
456 276
455 281
455 286
454 291
453 296
452 301
451 306
449 311
446 316
441 321
436 321
434 316
437 311
440 306
442 301
443 296
444 291
444 286
444 281
445 276
445 271
445 266
446 261
446 256
446 251
446 246
446 241
446 236
446 231
446 226
446 221
446 216
446 211
445 206
444 201
444 196
443 191
442 186
441 181
440 176
438 171
437 166
436 161
435 156
434 151
433 146
432 141
431 136
430 131
429 126
429 121
429 116
429 111
430 106
431 101
432 96
434 91
436 86
439 81
443 76
448 71
453 67
458 63
463 60
468 58
473 55
478 54
483 52
488 51
493 50
498 50
503 50
508 50
513 50
518 50
523 51
528 52
533 53
538 54
543 56
548 58
553 61
558 64
563 68
568 72
572 77
576 82
579 87
582 92
584 97
586 102
587 107
588 112
588 117
588 122
588 127
588 132
587 137
586 142
585 147
583 152
582 157
580 162
578 167
576 172
573 177
571 182
568 187
566 192
563 197
560 202
557 207
554 212
551 217
547 222
542 226
537 224
534 219
532 214
532 209
531 204
531 199
531 194
530 189
529 184
528 179
526 174
525 169
524 164
523 159
523 154
522 149
519 144
514 140
509 139
504 140
499 143
494 148
492 153
491 158
490 163
490 168
491 173
491 178
492 183
493 188
493 193
494 198
494 203
495 208
496 213
497 218
498 223
499 228
500 233
502 238
503 243
506 248
508 253
510 258
513 263
516 268
520 273
523 278
527 283
531 288
535 293
539 298
543 303
547 308
551 313
556 318
561 323
566 328
571 332
576 336
581 339
586 341
591 344
596 345
601 347
606 348
611 348
616 349
621 348
626 348
631 347
636 346
641 344
646 341
651 338
656 334
661 329
665 324
668 319
670 314
672 309
673 304
674 299
674 294
675 289
675 284
674 279
674 274
673 269
672 264
670 259
668 254
666 249
662 244
657 239
652 237
647 237
642 240
637 244
633 249
629 254
625 259
621 264
616 269
611 274
606 276
601 276
596 276
591 274
586 272
581 267
577 262
575 257
574 252
575 247
576 242
578 237
580 232
583 227
587 222
590 217
594 212
598 207
602 202
606 197
610 192
615 187
619 182
624 177
629 173
634 168
639 164
644 160
649 156
654 153
659 150
664 148
669 146
674 144
679 143
684 142
689 142
694 142
699 142
704 143
709 144
714 145
719 147
724 150
729 152
734 155
739 159
744 163
749 167
754 171
759 176
764 181
768 186
772 191
776 196
779 201
781 206
782 211
782 216
780 221
775 226
770 227
765 227
760 226
755 224
750 221
745 219
740 216
735 214
730 212
725 211
720 211
715 214
712 219
711 224
712 229
713 234
714 239
716 244
719 249
722 254
725 259
729 264
734 269
739 274
744 278
749 281
754 284
759 286
764 288
769 288
774 289
779 289
784 288
789 287
794 285
799 283
804 280
809 277
814 274
819 270
824 265
829 261
834 256
839 251
843 246
848 241
852 236
855 231
859 226
862 221
865 216
867 211
870 206
872 201
874 196
875 191
877 186
879 181
880 176
882 171
883 166
884 161
885 156
886 151
885 146
884 141
882 136
878 131
873 128
868 126
863 126
858 128
853 133
851 138
849 143
846 148
844 153
841 158
839 163
837 168
836 173
834 178
830 183
825 186
820 185
815 182
810 177
807 172
803 167
801 162
798 157
796 152
794 147
792 142
791 137
790 132
789 127
788 122
788 117
789 112
789 107
790 102
792 97
794 92
796 87
800 82
803 77
808 72
813 68
818 64
823 61
828 59
833 57
838 56
843 54
848 53
853 53
858 52
863 52
868 52
873 53
878 54
883 55
888 56
893 58
898 60
903 62
908 65
913 69
918 73
922 78
926 83
929 88
931 93
933 98
935 103
936 108
936 113
936 118
936 123
936 128
936 133
935 138
934 143
933 148
932 153
931 158
930 163
929 168
928 173
926 178
925 183
923 188
922 193
921 198
920 203
919 208
918 213
917 218
916 223
915 228
914 233
913 238
913 243
912 248
912 253
912 258
912 263
913 268
913 273
908 275
904 270
903 265
903 260
903 255
903 250
903 245
903 240
903 235
904 230
904 225
905 220
905 215
905 210
905 205
905 200
905 195
904 190
899 186
897 191
897 196
897 201
897 206
897 211
896 216
895 221
894 226
892 231
891 236
889 241
887 246
885 251
884 256
882 261
879 266
877 271
876 276
874 281
872 286
871 291
870 296
869 301
869 306
869 311
869 316
870 321
871 326
873 331
875 336
878 341
882 346
887 351
892 354
897 357
902 360
907 362
912 363
917 365
922 366
927 367
932 367
937 367
942 367
947 367
952 367
957 367
962 366
967 365
972 364
977 362
982 361
987 359
992 356
997 353
1002 349
1007 344
1010 339
1013 334
1015 329
1016 324
1017 319
1018 314
1018 309
1017 304
1017 299
1016 294
1015 289
1013 284
1011 279
1009 274
1006 269
1003 264
1000 259
995 254
990 251
985 251
980 254
976 259
974 264
972 269
969 274
967 279
964 284
961 289
959 294
957 299
954 304
949 309
944 311
939 312
934 311
929 308
925 303
924 298
924 293
925 288
926 283
927 278
928 273
929 268
929 263
930 258
931 253
932 248
933 243
935 238
936 233
938 228
940 223
942 218
945 213
947 208
950 203
953 198
956 193
959 188
963 183
966 178
970 173
974 168
977 163
981 158
986 153
990 148
995 143
1000 138
1005 134
1010 130
1015 127
1020 124
1025 122
1030 120
1035 119
1040 118
1045 118
1050 118
1055 119
1060 120
1065 122
1070 125
1075 128
1080 132
1084 137
1088 142
1091 147
1093 152
1095 157
1097 162
1098 167
1099 172
1100 177
1100 182
1100 187
1100 192
1099 197
1098 202
1096 207
1092 212
1087 215
1082 215
1077 213
1072 211
1067 208
1062 205
1057 202
1052 201
1047 201
1042 203
1037 208
1035 213
1035 218
1035 223
1036 228
1038 233
1041 238
1044 243
1047 248
1051 253
1056 258
1060 263
1065 268
1070 272
1075 276
1080 280
1085 284
1090 287
1095 290
1100 292
1105 295
1110 296
1115 297
1120 298
1125 299
1130 299
1135 299
1140 298
1145 297
1150 295
1155 294
1160 291
1165 288
1170 285
1175 281
1180 277
1185 272
1190 267
1194 262
1197 257
0 252
3 247
5 242
7 237
8 232
8 227
7 222
5 217
0 213
1195 212
1190 212
1185 214
1180 216
1175 219
1170 220
1165 221
1160 220
1155 216
1153 211
1151 206
1151 201
1151 196
1151 191
1152 186
1153 181
1155 176
1156 171
1158 166
1161 161
1164 156
1167 151
1171 146
1176 141
1181 137
1186 134
1191 132
1196 130
1 129
6 129
11 129
16 129
21 130
