0 162
6 160
12 159
18 158
24 159
30 160
36 163
42 166
48 170
54 176
59 182
63 188
65 194
68 200
69 206
70 212
70 218
69 224
67 230
65 236
63 242
61 248
61 254
61 260
63 266
66 272
70 278
76 284
82 288
88 291
94 293
100 295
106 295
112 295
118 294
124 292
130 289
136 285
142 280
147 274
151 268
154 262
156 256
157 250
157 244
157 238
156 232
153 226
150 220
144 215
138 209
133 203
130 197
128 191
127 185
126 179
126 173
127 167
129 161
131 155
134 149
138 143
143 137
149 132
155 128
161 126
167 124
173 123
179 123
185 123
191 124
197 127
203 130
209 134
214 140
218 146
220 152
221 158
222 164
221 170
219 176
217 182
215 188
215 194
215 200
217 206
219 212
223 218
229 224
235 229
241 232
247 234
253 235
259 235
265 234
271 232
277 229
283 225
289 219
294 213
296 207
298 201
298 195
298 189
297 183
296 177
296 171
297 165
299 159
303 153
308 147
314 143
320 141
326 139
332 139
338 139
344 141
350 143
356 146
362 150
368 156
373 162
377 168
380 174
383 180
385 186
387 192
389 198
391 204
392 210
392 216
393 222
392 228
391 234
388 240
382 245
376 246
370 247
364 247
358 249
352 253
348 259
346 265
345 271
345 277
346 283
347 289
350 295
353 301
357 307
363 313
369 317
375 320
381 323
387 325
393 326
399 327
405 327
411 327
417 326
423 324
429 322
435 320
441 316
447 312
453 306
458 300
462 294
465 288
467 282
469 276
470 270
471 264
472 258
471 252
471 246
469 240
465 234
459 230
453 230
447 229
441 227
436 221
434 215
433 209
433 203
432 197
433 191
433 185
434 179
435 173
436 167
437 161
439 155
442 149
445 143
448 137
453 131
459 125
465 120
471 116
477 113
483 110
489 109
495 108
501 107
507 107
513 108
519 109
525 111
531 113
537 116
543 120
549 126
554 132
558 138
562 144
564 150
565 156
566 162
567 168
566 174
565 180
563 186
559 192
553 197
547 201
541 207
538 213
537 219
537 225
538 231
539 237
541 243
543 249
546 255
550 261
554 267
559 273
565 279
571 283
577 287
583 290
589 292
595 293
601 294
607 294
613 293
619 292
625 289
631 286
637 282
642 276
646 270
649 264
650 258
651 252
650 246
649 240
646 234
644 228
642 222
641 216
641 210
642 204
643 198
646 192
650 186
654 180
660 174
666 169
672 166
678 164
684 162
690 162
696 162
702 163
708 164
714 167
720 171
726 177
731 183
734 189
736 195
738 201
739 207
739 213
739 219
740 225
742 231
744 237
748 243
753 249
759 253
765 256
771 258
777 258
783 258
789 257
795 255
801 252
807 248
813 242
818 236
821 230
824 224
826 218
828 212
828 206
828 200
826 194
823 188
818 182
813 176
810 170
808 164
807 158
808 152
809 146
811 140
814 134
819 128
825 122
831 118
837 115
843 113
849 111
855 110
861 110
867 110
873 111
879 113
885 115
891 118
897 122
903 127
908 133
913 139
916 145
918 151
920 157
922 163
922 169
923 175
923 181
922 187
921 193
919 199
915 205
909 211
903 214
897 218
891 224
889 230
887 236
887 242
887 248
887 254
888 260
890 266
892 272
895 278
899 284
905 290
911 295
917 299
923 302
929 304
935 306
941 306
947 306
953 306
959 305
965 303
971 300
977 296
983 291
988 285
991 279
993 273
995 267
995 261
994 255
992 249
989 243
984 237
980 231
978 225
977 219
976 213
977 207
979 201
981 195
983 189
986 183
990 177
995 171
1001 165
1007 160
1013 157
1019 154
1025 152
1031 151
1037 151
1043 152
1049 153
1055 155
1061 158
1067 163
1072 169
1076 175
1079 181
1080 187
1081 193
1082 199
1083 205
1083 211
1085 217
1087 223
1090 229
1094 235
1100 241
1106 245
1112 248
1118 250
1124 251
1130 251
1136 250
1142 249
1148 246
1154 242
1160 236
1164 230
1167 224
1170 218
1171 212
1172 206
1173 200
1174 194
1176 188
1179 182
1182 176
1188 170
