0 208
6 208
12 208
18 208
24 208
30 208
36 208
42 208
48 209
54 209
60 210
66 210
72 211
78 211
84 212
90 212
96 212
102 212
108 212
114 212
120 212
126 211
132 210
138 210
144 209
150 208
156 207
162 206
168 205
174 205
180 204
186 204
192 204
198 205
204 205
210 206
216 206
222 207
228 208
234 208
240 209
246 209
252 210
258 210
264 209
270 209
276 209
282 208
288 207
294 207
300 206
306 206
312 205
318 205
324 205
330 206
336 206
342 207
348 208
354 209
360 210
366 211
372 212
378 213
384 214
390 215
396 215
402 216
408 216
414 215
420 215
426 214
432 213
438 212
444 211
450 210
456 209
462 208
468 207
474 206
480 206
486 205
492 205
498 204
504 204
510 204
516 205
522 205
528 206
534 206
540 207
546 208
552 208
558 209
564 210
570 211
576 211
582 212
588 212
594 212
600 212
606 212
612 212
618 212
624 212
630 212
636 211
642 211
648 211
654 210
660 210
666 209
672 209
678 209
684 208
690 208
696 208
702 208
708 208
714 208
720 208
726 208
732 209
738 209
744 209
750 210
756 210
762 210
768 210
774 211
780 211
786 210
792 210
798 210
804 209
810 208
816 208
822 207
828 206
834 205
840 205
846 204
852 204
858 204
864 204
870 205
876 205
882 206
888 207
894 208
900 209
906 210
912 211
918 211
924 212
930 213
936 213
942 213
948 214
954 213
960 213
966 213
972 212
978 212
984 211
990 210
996 210
1002 209
1008 209
1014 208
1020 208
1026 208
1032 208
1038 208
1044 208
1050 208
1056 208
1062 208
1068 208
1074 209
1080 209
1086 209
1092 209
1098 210
1104 210
1110 210
1116 210
1122 210
1128 210
1134 210
1140 210
1146 210
1152 210
1158 210
1164 209
1170 209
1176 209
1182 209
1188 209
