0 200
6 199
12 199
18 199
24 199
30 199
36 199
42 200
48 201
54 201
60 202
66 203
72 204
78 205
84 205
90 206
96 206
102 207
108 207
114 206
120 206
126 205
132 204
138 202
144 201
150 199
156 198
162 197
168 196
174 195
180 194
186 194
192 194
198 195
204 195
210 196
216 197
222 198
228 199
234 200
240 201
246 202
252 202
258 202
264 202
270 201
276 201
282 200
288 199
294 198
300 197
306 196
312 195
318 195
324 195
330 196
336 197
342 198
348 199
354 201
360 203
366 205
372 207
378 208
384 210
390 211
396 211
402 212
408 212
414 211
420 211
426 210
432 208
438 207
444 205
450 203
456 201
462 200
468 198
474 197
480 196
486 195
492 194
498 194
504 194
510 194
516 194
522 195
528 196
534 197
540 198
546 199
552 200
558 201
564 203
570 204
576 205
582 205
588 206
594 206
600 207
606 207
612 207
618 206
624 206
630 206
636 205
642 204
648 204
654 203
660 202
666 201
672 201
678 200
684 200
690 199
696 199
702 199
708 199
714 199
720 200
726 200
732 200
738 201
744 202
750 202
756 203
762 203
768 204
774 204
780 204
786 203
792 203
798 202
804 201
810 200
816 199
822 198
828 197
834 196
840 195
846 194
852 194
858 194
864 194
870 194
876 195
882 196
888 197
894 199
900 200
906 202
912 204
918 205
924 206
930 207
936 208
942 208
948 208
954 208
960 208
966 207
972 206
978 205
984 204
990 203
996 202
1002 201
1008 200
1014 200
1020 199
1026 199
1032 199
1038 199
1044 199
1050 199
1056 199
1062 200
1068 200
1074 200
1080 201
1086 201
1092 202
1098 202
1104 202
1110 203
1116 203
1122 203
1128 203
1134 203
1140 203
1146 203
1152 202
1158 202
1164 202
1170 201
1176 201
1182 201
1188 200
