0 200
6 200
12 200
18 200
24 200
30 200
36 200
42 200
48 200
54 200
60 200
66 201
72 201
78 201
84 201
90 201
96 201
102 201
108 201
114 201
120 201
126 201
132 201
138 200
144 200
150 200
156 200
162 199
168 199
174 199
180 199
186 199
192 199
198 199
204 199
210 199
216 199
222 200
228 200
234 200
240 200
246 200
252 200
258 201
264 200
270 200
276 200
282 200
288 200
294 200
300 199
306 199
312 199
318 199
324 199
330 199
336 200
342 200
348 200
354 200
360 201
366 201
372 201
378 202
384 202
390 202
396 202
402 202
408 202
414 202
420 202
426 202
432 202
438 201
444 201
450 201
456 200
462 200
468 200
474 200
480 200
486 199
492 199
498 199
504 199
510 199
516 199
522 199
528 200
534 200
540 200
546 200
552 200
558 201
564 201
570 201
576 201
582 201
588 201
594 201
600 201
606 201
612 201
618 201
624 201
630 201
636 201
642 201
648 201
654 201
660 201
666 201
672 200
678 200
684 200
690 200
696 200
702 200
708 200
714 200
720 200
726 200
732 200
738 200
744 200
750 200
756 201
762 201
768 201
774 201
780 201
786 201
792 201
798 201
804 200
810 200
816 200
822 200
828 200
834 199
840 199
846 199
852 199
858 199
864 199
870 199
876 199
882 199
888 200
894 200
900 200
906 201
912 201
918 201
924 201
930 201
936 202
942 202
948 202
954 202
960 202
966 201
972 201
978 201
984 201
990 201
996 201
1002 200
1008 200
1014 200
1020 200
1026 200
1032 200
1038 200
1044 200
1050 200
1056 200
1062 200
1068 200
1074 200
1080 200
1086 201
1092 201
1098 201
1104 201
1110 201
1116 201
1122 201
1128 201
1134 201
1140 201
1146 201
1152 201
1158 201
1164 201
1170 201
1176 200
1182 200
1188 200
