0 206
6 206
12 206
18 206
24 206
30 206
36 207
42 208
48 209
54 210
60 212
66 213
72 215
78 216
84 218
90 219
96 219
102 220
108 219
114 219
120 218
126 216
132 214
138 212
144 209
150 207
156 204
162 202
168 200
174 199
180 198
186 198
192 198
198 199
204 200
210 202
216 203
222 205
228 207
234 209
240 210
246 211
252 212
258 212
264 211
270 210
276 209
282 207
288 206
294 204
300 202
306 201
312 200
318 199
324 200
330 200
336 202
342 204
348 206
354 209
360 212
366 216
372 219
378 222
384 224
390 226
396 228
402 228
408 228
414 228
420 226
426 225
432 222
438 219
444 216
450 213
456 210
462 206
468 204
474 201
480 199
486 198
492 197
498 196
504 196
510 196
516 197
522 198
528 199
534 201
540 203
546 205
552 208
558 210
564 212
570 214
576 216
582 217
588 218
594 219
600 219
606 220
612 219
618 219
624 218
630 217
636 216
642 215
648 214
654 212
660 211
666 210
672 209
678 208
684 207
690 206
696 206
702 206
708 206
714 206
720 207
726 208
732 209
738 210
744 211
750 212
756 213
762 214
768 214
774 214
780 214
786 214
792 213
798 211
804 210
810 208
816 206
822 204
828 202
834 200
840 198
846 197
852 197
858 196
864 197
870 197
876 199
882 201
888 203
894 205
900 208
906 211
912 214
918 217
924 219
930 220
936 221
942 222
948 222
954 222
960 221
966 220
972 219
978 217
984 215
990 213
996 211
1002 210
1008 208
1014 207
1020 206
1026 205
1032 205
1038 205
1044 205
1050 205
1056 206
1062 206
1068 207
1074 208
1080 209
1086 210
1092 210
1098 211
1104 212
1110 212
1116 212
1122 213
1128 213
1134 213
1140 213
1146 212
1152 212
1158 211
1164 211
1170 210
1176 209
1182 209
1188 208
