0 209
6 208
12 208
18 208
24 208
30 209
36 210
42 211
48 213
54 215
60 217
66 220
72 222
78 225
84 226
90 228
96 229
102 229
108 229
114 228
120 226
126 224
132 221
138 218
144 214
150 210
156 206
162 203
168 200
174 199
180 198
186 197
192 198
198 199
204 200
210 203
216 205
222 208
228 211
234 214
240 216
246 217
252 218
258 218
264 217
270 216
276 214
282 211
288 208
294 206
300 203
306 201
312 200
318 199
324 199
330 200
336 202
342 204
348 208
354 212
360 218
366 223
372 229
378 233
384 236
390 239
396 241
402 241
408 241
414 241
420 239
426 237
432 234
438 230
444 225
450 219
456 213
462 208
468 204
474 200
480 198
486 196
492 194
498 194
504 193
510 194
516 195
522 196
528 198
534 201
540 204
546 207
552 211
558 214
564 218
570 221
576 223
582 226
588 227
594 228
600 229
606 229
612 229
618 228
624 227
630 226
636 224
642 222
648 220
654 218
660 216
666 214
672 212
678 211
684 209
690 209
696 208
702 208
708 208
714 209
720 210
726 211
732 213
738 215
744 216
750 218
756 220
762 221
768 222
774 222
780 222
786 221
792 219
798 217
804 215
810 212
816 209
822 205
828 202
834 200
840 197
846 196
852 195
858 195
864 195
870 196
876 198
882 200
888 204
894 207
900 212
906 217
912 221
918 225
924 228
930 230
936 232
942 233
948 233
954 233
960 232
966 230
972 228
978 225
984 223
990 220
996 217
1002 214
1008 212
1014 210
1020 208
1026 207
1032 207
1038 206
1044 207
1050 207
1056 208
1062 209
1068 210
1074 212
1080 213
1086 214
1092 215
1098 216
1104 217
1110 218
1116 219
1122 219
1128 219
1134 219
1140 219
1146 218
1152 218
1158 217
1164 216
1170 215
1176 214
1182 212
1188 211
