0 205
6 205
12 205
18 205
24 205
30 205
36 205
42 205
48 205
54 205
60 205
66 205
72 205
78 206
84 206
90 206
96 206
102 206
108 206
114 206
120 206
126 206
132 205
138 205
144 205
150 205
156 205
162 205
168 205
174 205
180 205
186 205
192 205
198 205
204 205
210 205
216 205
222 205
228 205
234 205
240 205
246 205
252 205
258 205
264 205
270 205
276 205
282 205
288 205
294 205
300 205
306 205
312 205
318 205
324 205
330 205
336 205
342 205
348 205
354 205
360 206
366 206
372 206
378 206
384 206
390 206
396 206
402 206
408 206
414 206
420 206
426 206
432 206
438 206
444 206
450 206
456 205
462 205
468 205
474 205
480 205
486 205
492 205
498 205
504 205
510 205
516 205
522 205
528 205
534 205
540 205
546 205
552 205
558 205
564 206
570 206
576 206
582 206
588 206
594 206
600 206
606 206
612 206
618 206
624 206
630 206
636 206
642 206
648 206
654 206
660 206
666 205
672 205
678 205
684 205
690 205
696 205
702 205
708 205
714 205
720 205
726 205
732 205
738 205
744 205
750 205
756 205
762 205
768 205
774 205
780 206
786 206
792 205
798 205
804 205
810 205
816 205
822 205
828 205
834 205
840 205
846 205
852 205
858 205
864 205
870 205
876 205
882 205
888 205
894 205
900 205
906 205
912 206
918 206
924 206
930 206
936 206
942 206
948 206
954 206
960 206
966 206
972 206
978 206
984 206
990 206
996 205
1002 205
1008 205
1014 205
1020 205
1026 205
1032 205
1038 205
1044 205
1050 205
1056 205
1062 205
1068 205
1074 205
1080 205
1086 205
1092 205
1098 205
1104 206
1110 205
1116 205
1122 205
1128 205
1134 205
1140 205
1146 205
1152 205
1158 205
1164 205
1170 205
1176 205
1182 205
1188 205
