0 141
6 139
12 139
18 139
24 139
30 141
36 143
42 146
48 150
54 156
60 162
65 168
69 174
73 180
77 186
80 192
83 198
86 204
89 210
91 216
93 222
94 228
95 234
94 240
91 246
85 250
79 251
73 251
67 251
61 252
55 258
52 264
51 270
51 276
51 282
53 288
55 294
58 300
62 306
68 312
74 316
80 320
86 322
92 324
98 325
104 326
110 326
116 325
122 324
128 323
134 320
140 317
146 314
152 309
157 303
162 297
165 291
168 285
170 279
171 273
172 267
172 261
172 255
172 249
171 243
169 237
167 231
165 225
161 219
155 214
149 215
143 219
137 223
131 223
125 217
123 211
121 205
119 199
118 193
117 187
116 181
116 175
115 169
115 163
115 157
116 151
117 145
118 139
120 133
122 127
125 121
129 115
135 109
141 104
147 100
153 97
159 95
165 94
171 93
177 93
183 93
189 94
195 96
201 99
207 103
213 107
218 113
223 119
226 125
228 131
230 137
231 143
231 149
230 155
227 161
221 165
215 166
209 167
203 167
197 170
192 176
192 182
192 188
194 194
198 200
201 206
206 212
212 218
218 223
224 228
230 232
236 235
242 237
248 239
254 240
260 241
266 240
272 240
278 239
284 237
290 235
296 233
302 230
308 226
314 222
320 216
324 210
326 204
326 198
324 192
318 187
312 184
306 183
300 181
294 177
290 171
289 165
289 159
290 153
292 147
296 141
300 135
306 130
312 126
318 123
324 122
330 121
336 121
342 122
348 124
354 127
360 131
366 136
372 142
376 148
380 154
384 160
387 166
390 172
393 178
395 184
398 190
400 196
402 202
405 208
406 214
408 220
410 226
412 232
413 238
414 244
415 250
416 256
417 262
417 268
417 274
414 280
408 286
402 287
396 286
390 281
384 275
380 269
375 263
370 257
364 252
358 251
352 253
346 258
341 264
337 270
334 276
332 282
331 288
330 294
330 300
331 306
332 312
334 318
337 324
341 330
347 336
353 341
359 345
365 348
371 350
377 352
383 353
389 354
395 355
401 355
407 355
413 354
419 353
425 352
431 350
437 348
443 345
449 341
455 337
461 331
465 325
469 319
472 313
474 307
476 301
477 295
478 289
479 283
479 277
479 271
479 265
479 259
478 253
477 247
476 241
475 235
474 229
472 223
469 217
463 219
460 225
458 231
456 237
454 243
452 249
450 255
447 261
441 266
436 260
436 254
436 248
435 242
435 236
434 230
434 224
433 218
432 212
432 206
432 200
431 194
431 188
431 182
431 176
431 170
432 164
432 158
432 152
433 146
434 140
435 134
436 128
438 122
440 116
443 110
447 104
452 98
458 93
464 88
470 84
476 82
482 79
488 78
494 76
500 76
506 76
512 76
518 77
524 78
530 79
536 82
542 85
548 88
554 93
560 99
565 105
569 111
572 117
574 123
576 129
577 135
578 141
578 147
578 153
578 159
577 165
576 171
574 177
572 183
569 189
565 195
559 201
553 202
547 199
542 193
537 187
532 181
526 178
520 178
514 183
511 189
509 195
509 201
509 207
510 213
511 219
513 225
515 231
518 237
521 243
524 249
527 255
530 261
534 267
537 273
541 279
546 285
551 291
556 297
562 303
568 307
574 311
580 315
586 317
592 319
598 320
604 321
610 321
616 321
622 320
628 318
634 315
640 312
646 307
652 301
656 295
659 289
661 283
663 277
663 271
663 265
662 259
660 253
656 247
650 244
644 243
638 244
632 244
626 243
620 240
616 234
614 228
613 222
614 216
616 210
618 204
621 198
624 192
628 186
632 180
637 174
643 168
649 162
655 158
661 154
667 151
673 148
679 147
685 146
691 145
697 146
703 147
709 148
715 151
721 154
727 158
733 163
739 169
743 175
747 181
750 187
752 193
752 199
750 205
746 211
740 216
734 222
732 228
732 234
733 240
735 246
739 252
743 258
749 263
755 268
761 271
767 273
773 274
779 274
785 273
791 272
797 270
803 267
809 263
815 258
821 253
826 247
831 241
835 235
839 229
843 223
846 217
849 211
852 205
854 199
856 193
857 187
858 181
857 175
854 169
848 163
842 163
836 165
830 168
824 171
818 173
812 172
806 168
802 162
799 156
798 150
796 144
796 138
796 132
797 126
799 120
801 114
804 108
808 102
813 96
819 91
825 87
831 84
837 81
843 80
849 78
855 78
861 77
867 78
873 78
879 80
885 82
891 84
897 87
903 91
909 96
915 102
919 108
923 114
925 120
927 126
929 132
930 138
931 144
931 150
932 156
931 162
931 168
931 174
930 180
929 186
928 192
927 198
925 204
924 210
922 216
920 222
914 227
908 224
904 218
901 212
897 206
891 204
886 210
884 216
882 222
880 228
879 234
878 240
877 246
876 252
876 258
876 264
876 270
877 276
878 282
879 288
881 294
883 300
886 306
890 312
896 318
902 323
908 327
914 331
920 333
926 335
932 336
938 337
944 337
950 337
956 337
962 336
968 334
974 332
980 329
986 325
992 320
997 314
1001 308
1004 302
1006 296
1007 290
1008 284
1007 278
1007 272
1005 266
1002 260
997 254
991 252
985 252
979 254
973 257
967 259
961 260
955 257
950 251
949 245
948 239
949 233
950 227
952 221
955 215
957 209
960 203
963 197
966 191
970 185
973 179
977 173
981 167
985 161
990 155
996 149
1002 144
1008 139
1014 136
1020 133
1026 131
1032 130
1038 130
1044 130
1050 131
1056 133
1062 135
1068 139
1074 144
1079 150
1082 156
1085 162
1087 168
1087 174
1087 180
1086 186
1084 192
1079 198
1073 204
1069 210
1067 216
1067 222
1068 228
1070 234
1073 240
1077 246
1082 252
1088 258
1094 262
1100 266
1106 269
1112 271
1118 272
1124 273
1130 273
1136 273
1142 271
1148 269
1154 267
1160 263
1166 258
1172 252
1176 246
1179 240
1181 234
1182 228
1182 222
1181 216
1178 210
1174 204
1170 198
1168 192
1167 186
1167 180
1169 174
1171 168
1174 162
1178 156
1184 150
1190 146
