0 139
6 137
12 137
18 137
24 138
30 139
36 142
42 145
48 150
54 155
60 161
65 167
69 173
73 179
77 185
80 191
84 197
87 203
90 209
93 215
95 221
98 227
99 233
101 239
101 245
100 251
97 257
91 260
85 260
79 258
73 256
67 255
61 255
55 259
52 265
50 271
49 277
49 283
49 289
50 295
52 301
55 307
59 313
65 319
71 324
77 328
83 331
89 333
95 334
101 335
107 335
113 335
119 334
125 333
131 331
137 329
143 326
149 322
155 316
161 310
165 304
168 298
171 292
173 286
174 280
175 274
175 268
175 262
174 256
173 250
171 244
170 238
167 232
164 226
161 220
155 215
149 217
144 223
139 229
133 232
127 228
124 222
122 216
121 210
119 204
118 198
117 192
116 186
115 180
115 174
114 168
114 162
114 156
114 150
115 144
116 138
117 132
119 126
122 120
126 114
130 108
136 102
142 98
148 94
154 92
160 90
166 89
172 88
178 88
184 89
190 90
196 92
202 95
208 99
214 104
219 110
224 116
227 122
229 128
231 134
232 140
232 146
232 152
231 158
227 164
221 167
215 167
209 166
203 165
197 165
191 167
186 173
185 179
185 185
187 191
190 197
194 203
199 209
204 215
210 220
216 225
222 230
228 234
234 237
240 239
246 241
252 243
258 243
264 244
270 243
276 243
282 242
288 240
294 238
300 236
306 233
312 230
318 227
324 222
330 216
334 210
335 204
334 198
330 192
324 188
318 186
312 185
306 185
300 184
294 182
288 176
286 170
286 164
287 158
288 152
291 146
295 140
299 134
305 129
311 125
317 122
323 121
329 120
335 120
341 121
347 123
353 126
359 130
365 135
371 141
376 147
380 153
383 159
387 165
390 171
393 177
396 183
398 189
401 195
403 201
406 207
408 213
410 219
411 225
413 231
415 237
416 243
417 249
418 255
419 261
420 267
420 273
420 279
420 285
419 291
416 297
410 300
404 300
398 298
392 293
388 287
384 281
380 275
377 269
373 263
369 257
363 254
357 255
351 258
345 264
339 270
335 276
332 282
330 288
328 294
328 300
327 306
328 312
329 318
331 324
334 330
337 336
343 342
349 347
355 351
361 354
367 357
373 359
379 360
385 361
391 362
397 362
403 362
409 362
415 361
421 361
427 359
433 358
439 355
445 352
451 349
457 344
463 338
467 332
471 326
473 320
476 314
477 308
478 302
479 296
479 290
480 284
479 278
479 272
479 266
478 260
477 254
476 248
475 242
474 236
473 230
472 224
471 218
465 215
461 221
459 227
458 233
457 239
456 245
454 251
453 257
451 263
449 269
446 275
440 279
437 273
438 267
438 261
438 255
438 249
437 243
437 237
436 231
435 225
435 219
434 213
433 207
433 201
433 195
432 189
432 183
432 177
432 171
432 165
432 159
432 153
432 147
433 141
433 135
434 129
436 123
438 117
440 111
443 105
447 99
452 93
458 87
464 83
470 79
476 77
482 74
488 73
494 72
500 71
506 71
512 71
518 72
524 73
530 74
536 76
542 79
548 83
554 87
560 92
565 98
569 104
573 110
575 116
577 122
579 128
580 134
580 140
580 146
580 152
579 158
578 164
577 170
575 176
573 182
571 188
568 194
564 200
558 206
552 207
546 204
541 198
538 192
535 186
531 180
526 174
520 172
514 173
508 179
505 185
503 191
503 197
503 203
504 209
505 215
507 221
509 227
512 233
514 239
517 245
520 251
523 257
527 263
530 269
534 275
538 281
542 287
546 293
551 299
557 305
563 311
569 316
575 320
581 323
587 325
593 327
599 329
605 329
611 329
617 329
623 328
629 326
635 324
641 321
647 316
653 310
658 304
661 298
663 292
665 286
666 280
666 274
666 268
665 262
663 256
659 250
653 246
647 245
641 247
635 249
629 251
623 251
617 250
611 245
608 239
606 233
606 227
607 221
609 215
612 209
615 203
618 197
622 191
627 185
631 179
637 173
643 167
649 161
655 157
661 153
667 150
673 148
679 146
685 145
691 145
697 145
703 146
709 148
715 150
721 153
727 157
733 162
739 167
744 173
749 179
752 185
755 191
757 197
757 203
755 209
749 214
743 217
737 219
731 224
728 230
728 236
729 242
731 248
734 254
739 260
744 266
750 271
756 274
762 277
768 279
774 279
780 280
786 279
792 277
798 275
804 272
810 268
816 263
822 257
827 251
832 245
837 239
841 233
845 227
848 221
852 215
855 209
858 203
861 197
863 191
864 185
865 179
864 173
863 167
859 161
853 157
847 157
841 160
835 164
829 170
823 174
817 176
811 174
805 169
801 163
798 157
796 151
795 145
795 139
794 133
795 127
796 121
798 115
800 109
803 103
807 97
813 91
819 86
825 82
831 79
837 77
843 75
849 74
855 73
861 73
867 73
873 74
879 75
885 77
891 79
897 82
903 86
909 90
915 96
919 102
923 108
926 114
928 120
930 126
931 132
932 138
932 144
932 150
932 156
932 162
932 168
931 174
930 180
929 186
928 192
927 198
925 204
924 210
922 216
921 222
919 228
917 234
911 236
907 230
905 224
903 218
901 212
899 206
893 201
888 207
886 213
884 219
882 225
881 231
879 237
878 243
877 249
876 255
875 261
875 267
875 273
875 279
875 285
876 291
877 297
879 303
882 309
885 315
889 321
894 327
900 332
906 336
912 339
918 342
924 344
930 345
936 346
942 346
948 346
954 346
960 345
966 344
972 342
978 339
984 336
990 332
996 326
1001 320
1004 314
1007 308
1008 302
1010 296
1010 290
1010 284
1009 278
1007 272
1005 266
1001 260
995 255
989 254
983 256
977 260
971 264
965 268
959 271
953 270
947 266
943 260
942 254
942 248
943 242
944 236
946 230
949 224
951 218
954 212
957 206
960 200
964 194
967 188
971 182
974 176
978 170
982 164
987 158
992 152
998 146
1004 141
1010 137
1016 133
1022 131
1028 129
1034 128
1040 128
1046 128
1052 129
1058 131
1064 134
1070 138
1076 143
1081 149
1084 155
1087 161
1089 167
1090 173
1090 179
1089 185
1087 191
1083 197
1077 202
1071 205
1065 210
1062 216
1061 222
1062 228
1063 234
1066 240
1069 246
1074 252
1079 258
1085 264
1091 268
1097 272
1103 275
1109 278
1115 279
1121 280
1127 281
1133 280
1139 280
1145 278
1151 276
1157 273
1163 269
1169 264
1175 258
1179 252
1183 246
1185 240
1187 234
1187 228
1186 222
1183 216
1177 210
1171 205
1167 199
1165 193
1164 187
1165 181
1166 175
1168 169
1171 163
1175 157
1180 151
1186 146
1192 142
