0 210
6 210
12 209
18 209
24 209
30 210
36 211
42 212
48 213
54 215
60 217
66 220
72 222
78 224
84 226
90 227
96 228
102 228
108 228
114 227
120 226
126 223
132 221
138 218
144 214
150 211
156 207
162 204
168 202
174 201
180 200
186 199
192 200
198 201
204 202
210 204
216 207
222 209
228 212
234 214
240 216
246 217
252 218
258 218
264 217
270 216
276 214
282 212
288 209
294 207
300 205
306 203
312 202
318 201
324 201
330 202
336 204
342 206
348 209
354 213
360 218
366 223
372 228
378 231
384 234
390 237
396 238
402 239
408 239
414 238
420 237
426 235
432 232
438 228
444 224
450 219
456 214
462 210
468 206
474 203
480 200
486 198
492 197
498 196
504 196
510 196
516 197
522 199
528 201
534 203
540 206
546 209
552 212
558 215
564 218
570 221
576 223
582 225
588 226
594 227
600 228
606 228
612 228
618 227
624 226
630 225
636 224
642 222
648 220
654 218
660 216
666 215
672 213
678 212
684 211
690 210
696 209
702 209
708 209
714 210
720 211
726 212
732 213
738 215
744 217
750 218
756 219
762 220
768 221
774 221
780 221
786 220
792 219
798 217
804 215
810 213
816 210
822 207
828 204
834 202
840 200
846 198
852 197
858 197
864 197
870 198
876 200
882 202
888 205
894 209
900 213
906 217
912 221
918 224
924 227
930 229
936 231
942 231
948 232
954 231
960 230
966 229
972 227
978 225
984 222
990 219
996 217
1002 215
1008 212
1014 211
1020 209
1026 208
1032 208
1038 208
1044 208
1050 209
1056 209
1062 210
1068 211
1074 212
1080 214
1086 215
1092 216
1098 217
1104 218
1110 218
1116 219
1122 219
1128 219
1134 219
1140 219
1146 218
1152 218
1158 217
1164 216
1170 215
1176 214
1182 213
1188 212
