0 209
6 208
12 208
18 208
24 208
30 208
36 209
42 210
48 211
54 213
60 215
66 217
72 219
78 220
84 222
90 223
96 224
102 224
108 224
114 223
120 222
126 220
132 218
138 215
144 212
150 209
156 206
162 204
168 202
174 200
180 199
186 199
192 199
198 200
204 201
210 203
216 205
222 208
228 210
234 212
240 213
246 215
252 215
258 215
264 214
270 213
276 212
282 210
288 208
294 206
300 204
306 202
312 201
318 201
324 201
330 202
336 203
342 205
348 208
354 212
360 215
366 220
372 224
378 227
384 230
390 232
396 233
402 234
408 234
414 233
420 232
426 230
432 227
438 224
444 220
450 216
456 212
462 208
468 205
474 202
480 200
486 198
492 197
498 196
504 196
510 197
516 197
522 199
528 200
534 202
540 205
546 207
552 210
558 213
564 215
570 217
576 219
582 221
588 222
594 223
600 224
606 224
612 224
618 223
624 222
630 221
636 220
642 219
648 217
654 216
660 214
666 212
672 211
678 210
684 209
690 208
696 208
702 208
708 208
714 208
720 209
726 210
732 211
738 213
744 214
750 215
756 216
762 217
768 218
774 218
780 218
786 217
792 216
798 215
804 213
810 210
816 208
822 206
828 203
834 201
840 199
846 198
852 197
858 197
864 197
870 198
876 200
882 202
888 204
894 208
900 211
906 214
912 218
918 221
924 223
930 225
936 226
942 227
948 227
954 227
960 226
966 225
972 223
978 221
984 219
990 217
996 214
1002 212
1008 211
1014 209
1020 208
1026 207
1032 207
1038 207
1044 207
1050 207
1056 208
1062 209
1068 210
1074 211
1080 212
1086 212
1092 213
1098 214
1104 215
1110 215
1116 216
1122 216
1128 216
1134 216
1140 216
1146 215
1152 215
1158 214
1164 214
1170 213
1176 212
1182 211
1188 210
