0 186
6 184
12 183
18 183
24 183
30 185
36 187
42 191
48 197
53 203
56 209
58 215
60 221
62 227
63 233
65 239
68 245
71 251
77 257
83 262
89 265
95 267
101 268
107 268
113 267
119 265
125 262
131 258
136 252
140 246
142 240
144 234
144 228
144 222
143 216
142 210
141 204
140 198
141 192
142 186
144 180
147 174
152 168
158 163
164 159
170 157
176 156
182 155
188 156
194 158
200 161
206 165
211 171
215 177
217 183
219 189
221 195
222 201
224 207
227 213
232 219
238 224
244 227
250 229
256 229
262 228
268 226
274 222
280 216
284 210
287 204
290 198
292 192
295 186
298 180
303 174
309 169
315 166
321 164
327 164
333 164
339 165
345 168
351 171
357 176
362 182
366 188
368 194
370 200
371 206
371 212
371 218
369 224
367 230
364 236
362 242
360 248
359 254
359 260
361 266
363 272
367 278
372 284
378 288
384 292
390 294
396 295
402 296
408 296
414 296
420 294
426 292
432 289
438 285
444 280
449 274
452 268
455 262
456 256
457 250
457 244
456 238
454 232
452 226
449 220
447 214
446 208
445 202
446 196
446 190
448 184
450 178
453 172
457 166
462 160
468 154
474 150
480 147
486 145
492 143
498 143
504 142
510 143
516 144
522 146
528 149
534 153
540 158
546 164
549 170
552 176
554 182
555 188
555 194
555 200
555 206
554 212
554 218
555 224
556 230
557 236
560 242
564 248
569 254
575 259
581 262
587 265
593 267
599 268
605 268
611 268
617 266
623 264
629 261
635 256
640 250
644 244
647 238
649 232
651 226
653 220
655 214
658 208
661 202
666 196
672 191
678 188
684 185
690 184
696 184
702 184
708 186
714 189
720 192
726 198
731 204
735 210
738 216
742 222
746 228
751 234
757 238
763 242
769 243
775 244
781 244
787 243
793 240
799 236
805 230
809 224
812 218
813 212
814 206
815 200
815 194
815 188
816 182
818 176
820 170
824 164
829 158
835 153
841 150
847 148
853 147
859 146
865 146
871 147
877 149
883 152
889 156
895 161
900 167
903 173
906 179
907 185
908 191
908 197
907 203
906 209
904 215
903 221
901 227
901 233
901 239
902 245
904 251
907 257
912 263
918 269
924 273
930 275
936 277
942 278
948 278
954 277
960 275
966 273
972 269
978 264
982 258
985 252
987 246
989 240
989 234
990 228
991 222
992 216
993 210
996 204
999 198
1004 192
1010 186
1016 182
1022 180
1028 178
1034 177
1040 177
1046 178
1052 180
1058 183
1064 187
1070 191
1075 197
1080 203
1085 209
1089 215
1095 221
1101 226
1107 230
1113 233
1119 235
1125 236
1131 236
1137 235
1143 233
1149 231
1155 227
1161 222
1167 216
1172 210
1177 204
1183 198
1189 193
