0 214
6 214
12 214
18 214
24 214
30 214
36 214
42 214
48 214
54 215
60 215
66 215
72 216
78 216
84 217
90 217
96 217
102 217
108 217
114 217
120 217
126 216
132 216
138 215
144 215
150 214
156 213
162 213
168 212
174 212
180 211
186 211
192 211
198 211
204 212
210 212
216 213
222 213
228 214
234 214
240 215
246 215
252 215
258 215
264 215
270 215
276 214
282 214
288 213
294 213
300 213
306 212
312 212
318 212
324 212
330 212
336 213
342 213
348 214
354 215
360 216
366 217
372 217
378 218
384 219
390 219
396 220
402 220
408 220
414 219
420 219
426 219
432 218
438 217
444 216
450 216
456 215
462 214
468 213
474 213
480 212
486 212
492 212
498 211
504 211
510 211
516 212
522 212
528 212
534 213
540 213
546 214
552 214
558 215
564 215
570 216
576 216
582 217
588 217
594 217
600 217
606 217
612 217
618 217
624 217
630 217
636 217
642 216
648 216
654 216
660 215
666 215
672 215
678 215
684 214
690 214
696 214
702 214
708 214
714 214
720 214
726 214
732 214
738 215
744 215
750 215
756 215
762 216
768 216
774 216
780 216
786 216
792 215
798 215
804 215
810 214
816 214
822 213
828 213
834 212
840 212
846 211
852 211
858 211
864 211
870 211
876 212
882 212
888 213
894 214
900 214
906 215
912 216
918 217
924 217
930 218
936 218
942 218
948 218
954 218
960 218
966 217
972 217
978 217
984 216
990 216
996 215
1002 215
1008 214
1014 214
1020 214
1026 214
1032 214
1038 214
1044 214
1050 214
1056 214
1062 214
1068 214
1074 215
1080 215
1086 215
1092 215
1098 215
1104 215
1110 215
1116 215
1122 215
1128 215
1134 215
1140 215
1146 215
1152 215
1158 215
1164 215
1170 215
1176 215
1182 215
1188 214
