0 137
6 136
12 135
18 136
24 137
30 138
36 141
42 144
48 149
54 154
59 160
64 166
69 172
73 178
76 184
80 190
84 196
87 202
90 208
93 214
96 220
99 226
102 232
104 238
106 244
107 250
108 256
107 262
104 268
98 271
92 271
86 269
80 265
74 261
68 259
62 258
56 261
51 267
49 273
48 279
47 285
47 291
48 297
49 303
51 309
54 315
58 321
64 327
70 332
76 335
82 338
88 340
94 341
100 342
106 342
112 342
118 342
124 341
130 339
136 337
142 334
148 331
154 326
160 321
165 315
169 309
172 303
174 297
176 291
177 285
177 279
177 273
177 267
176 261
175 255
173 249
171 243
168 237
165 231
162 225
159 219
153 216
147 221
144 227
142 233
139 239
133 243
128 237
126 231
124 225
122 219
121 213
119 207
118 201
117 195
116 189
115 183
114 177
113 171
113 165
113 159
113 153
113 147
113 141
114 135
116 129
117 123
120 117
123 111
128 105
134 99
140 94
146 90
152 88
158 86
164 85
170 84
176 84
182 84
188 86
194 87
200 90
206 93
212 98
218 104
223 110
226 116
229 122
231 128
233 134
233 140
234 146
234 152
233 158
230 164
224 170
218 170
212 168
206 166
200 163
194 161
188 162
182 165
179 171
178 177
179 183
181 189
184 195
187 201
192 207
198 213
204 219
210 224
216 229
222 233
228 237
234 240
240 242
246 244
252 245
258 246
264 247
270 247
276 246
282 245
288 244
294 242
300 240
306 238
312 236
318 233
324 230
330 226
336 221
341 215
343 209
343 203
341 197
335 191
329 188
323 187
317 187
311 188
305 188
299 188
293 187
287 182
284 176
283 170
283 164
285 158
287 152
289 146
293 140
298 134
304 128
310 124
316 122
322 120
328 119
334 119
340 120
346 122
352 125
358 129
364 134
370 140
375 146
379 152
383 158
386 164
390 170
393 176
396 182
399 188
402 194
404 200
407 206
409 212
411 218
413 224
415 230
417 236
418 242
419 248
420 254
421 260
422 266
422 272
422 278
422 284
423 290
423 296
422 302
420 308
414 313
408 314
402 312
396 307
392 301
389 295
386 289
383 283
379 277
377 271
374 265
370 259
364 257
358 259
352 262
346 267
340 273
335 279
332 285
329 291
327 297
325 303
325 309
325 315
325 321
327 327
329 333
332 339
337 345
343 350
349 355
355 358
361 361
367 363
373 364
379 366
385 366
391 367
397 367
403 367
409 367
415 367
421 366
427 365
433 363
439 361
445 359
451 355
457 351
463 345
468 339
472 333
474 327
476 321
478 315
479 309
479 303
479 297
479 291
479 285
479 279
478 273
477 267
476 261
475 255
474 249
473 243
473 237
472 231
471 225
471 219
470 213
464 213
461 219
460 225
459 231
458 237
457 243
456 249
456 255
455 261
453 267
452 273
450 279
448 285
444 291
438 285
439 279
440 273
440 267
440 261
440 255
440 249
439 243
439 237
438 231
437 225
437 219
436 213
435 207
435 201
434 195
434 189
433 183
433 177
433 171
433 165
432 159
432 153
432 147
432 141
432 135
433 129
434 123
435 117
437 111
440 105
443 99
447 93
452 87
458 82
464 77
470 74
476 71
482 69
488 68
494 66
500 66
506 66
512 66
518 66
524 67
530 69
536 71
542 73
548 77
554 81
560 86
566 92
570 98
574 104
576 110
578 116
580 122
581 128
582 134
582 140
582 146
581 152
580 158
579 164
578 170
576 176
574 182
572 188
569 194
566 200
561 206
555 212
549 213
543 209
540 203
537 197
535 191
533 185
530 179
527 173
522 167
516 166
510 167
504 173
500 179
499 185
498 191
498 197
499 203
500 209
502 215
503 221
505 227
507 233
510 239
513 245
516 251
519 257
522 263
526 269
529 275
533 281
537 287
542 293
546 299
551 305
557 311
563 317
569 322
575 326
581 329
587 331
593 333
599 335
605 336
611 336
617 336
623 335
629 333
635 331
641 328
647 324
653 319
658 313
662 307
665 301
667 295
668 289
669 283
669 277
668 271
667 265
665 259
662 253
656 248
650 246
644 247
638 250
632 254
626 257
620 259
614 259
608 257
602 251
600 245
598 239
599 233
600 227
602 221
605 215
608 209
612 203
616 197
620 191
625 185
630 179
636 173
642 167
648 162
654 157
660 154
666 150
672 148
678 146
684 145
690 145
696 145
702 146
708 147
714 149
720 152
726 156
732 160
738 165
744 171
750 177
754 183
758 189
761 195
762 201
763 207
760 213
754 218
748 219
742 219
736 220
730 222
725 228
724 234
724 240
726 246
729 252
732 258
736 264
742 270
748 275
754 279
760 281
766 283
772 284
778 285
784 284
790 283
796 281
802 278
808 274
814 270
820 264
826 258
831 252
836 246
840 240
844 234
848 228
852 222
856 216
859 210
862 204
865 198
867 192
869 186
871 180
871 174
871 168
869 162
865 156
859 151
853 151
847 153
841 159
835 165
830 171
824 177
818 179
812 178
806 173
802 167
799 161
797 155
795 149
794 143
793 137
793 131
793 125
794 119
795 113
798 107
800 101
804 95
809 89
815 84
821 79
827 76
833 73
839 71
845 69
851 68
857 68
863 68
869 68
875 69
881 70
887 72
893 74
899 77
905 81
911 86
917 92
921 98
925 104
927 110
930 116
931 122
932 128
933 134
933 140
933 146
933 152
933 158
932 164
932 170
931 176
930 182
929 188
927 194
926 200
925 206
923 212
921 218
920 224
919 230
918 236
917 242
911 247
907 241
905 235
904 229
903 223
903 217
902 211
900 205
895 199
890 205
889 211
887 217
886 223
884 229
882 235
880 241
879 247
877 253
876 259
875 265
874 271
874 277
874 283
874 289
874 295
875 301
876 307
878 313
881 319
885 325
890 331
896 337
902 342
908 345
914 348
920 350
926 351
932 352
938 353
944 353
950 353
956 352
962 352
968 350
974 348
980 346
986 342
992 338
998 333
1003 327
1006 321
1009 315
1011 309
1012 303
1012 297
1012 291
1011 285
1009 279
1007 273
1004 267
1000 261
994 257
988 256
982 259
976 264
970 270
964 276
958 281
952 282
946 281
940 277
937 271
936 265
936 259
937 253
938 247
940 241
942 235
945 229
947 223
950 217
953 211
956 205
960 199
963 193
967 187
970 181
974 175
978 169
983 163
987 157
992 151
998 145
1004 140
1010 135
1016 132
1022 129
1028 127
1034 126
1040 126
1046 126
1052 127
1058 129
1064 131
1070 135
1076 140
1081 146
1085 152
1088 158
1090 164
1092 170
1092 176
1093 182
1092 188
1090 194
1086 200
1080 204
1074 206
1068 207
1062 209
1057 215
1055 221
1055 227
1056 233
1058 239
1061 245
1065 251
1070 257
1075 263
1081 268
1087 273
1093 277
1099 281
1105 283
1111 285
1117 287
1123 287
1129 288
1135 287
1141 286
1147 285
1153 282
1159 279
1165 275
1171 270
1177 264
1182 258
1186 252
1189 246
1191 240
1192 234
1192 228
1190 222
1184 216
1178 213
1172 210
1166 206
1163 200
1161 194
1161 188
1162 182
1163 176
1165 170
1168 164
1172 158
1177 152
1183 146
1189 142
