0 142
4 148
8 154
12 160
16 166
20 172
24 178
28 184
32 190
35 196
38 202
42 208
48 213
51 207
51 201
50 195
48 189
46 183
43 177
41 171
39 165
37 159
36 153
42 149
48 153
54 159
58 165
62 171
64 177
67 183
69 189
70 195
72 201
72 207
72 213
72 219
71 225
69 231
66 237
62 243
56 249
50 254
44 258
38 262
32 265
26 268
20 271
14 274
8 277
2 281
1196 286
1190 290
1184 295
1178 298
1172 300
1166 302
1160 302
1154 302
1148 300
1142 296
1136 290
1133 284
1131 278
1130 272
1130 266
1131 260
1133 254
1136 248
1140 242
1145 236
1151 230
1157 225
1163 220
1169 216
1175 213
1181 212
1187 214
1191 220
1191 226
1190 232
1186 238
1182 244
1182 250
1188 252
1194 253
0 252
6 250
12 247
18 242
22 236
23 230
23 224
22 218
20 212
18 206
15 200
12 194
8 188
4 182
1199 176
1193 170
1187 164
1181 159
1175 155
1169 151
1163 146
1157 142
1151 138
1145 134
1139 130
1133 126
1127 122
1121 119
1115 116
1109 115
1103 115
1097 116
1091 119
1085 123
1080 129
1076 135
1074 141
1072 147
1072 153
1072 159
1074 165
1078 171
1084 175
1090 177
1096 176
1102 171
1104 165
1108 159
1114 155
1120 154
1126 154
1132 155
1138 158
1144 161
1150 166
1155 172
1156 178
1154 184
1151 190
1145 196
1139 202
1133 207
1127 211
1121 215
1115 219
1109 223
1103 226
1097 229
1091 231
1085 233
1079 234
1073 234
1067 234
1061 234
1055 232
1049 230
1043 226
1037 223
1031 220
1025 218
1019 217
1013 217
1007 217
1001 218
995 219
989 221
983 223
977 226
971 228
965 231
959 235
953 239
947 245
942 251
938 257
936 263
936 269
937 275
939 281
942 287
948 293
954 296
960 297
966 297
972 293
974 287
976 281
980 275
986 271
992 270
998 270
1004 273
1010 278
1014 284
1015 290
1016 296
1015 302
1014 308
1011 314
1006 320
1000 326
994 330
988 332
982 334
976 335
970 336
964 336
958 335
952 333
946 331
940 328
934 324
928 320
922 314
917 308
913 302
910 296
906 290
904 284
902 278
900 272
898 266
897 260
896 254
896 248
896 242
897 236
897 230
899 224
900 218
902 212
904 206
907 200
910 194
913 188
916 182
921 176
927 171
933 169
936 175
935 181
932 187
930 193
927 199
925 205
931 209
937 205
943 201
949 197
955 193
961 187
967 181
971 175
974 169
976 163
978 157
979 151
979 145
979 139
978 133
977 127
975 121
973 115
970 109
966 103
961 97
955 91
949 86
943 82
937 79
931 77
925 76
919 75
913 74
907 75
901 75
895 77
889 79
883 82
877 86
871 91
865 97
861 103
858 109
856 115
854 121
852 127
852 133
851 139
851 145
851 151
851 157
852 163
854 169
860 172
863 166
867 160
873 159
874 165
873 171
872 177
870 183
868 189
866 195
863 201
860 207
857 213
853 219
849 225
846 231
842 237
838 243
835 249
833 255
831 261
831 267
837 273
839 279
840 285
840 291
840 297
838 303
836 309
833 315
830 321
825 327
819 332
813 336
807 339
801 341
795 343
789 344
783 345
777 344
771 344
765 343
759 341
753 339
747 335
741 331
735 326
730 320
727 314
724 308
722 302
720 296
720 290
720 284
720 278
721 272
722 266
724 260
726 254
729 248
733 242
737 236
743 230
749 224
755 220
761 215
767 212
773 209
779 207
785 207
787 213
785 219
783 225
780 231
776 237
773 243
771 249
777 251
783 247
789 241
793 235
797 229
801 223
804 217
807 211
809 205
810 199
811 193
811 187
811 181
811 175
810 169
809 163
807 157
805 151
803 145
800 139
797 133
794 127
790 121
786 115
781 109
776 103
770 98
764 93
758 90
752 87
746 85
740 84
734 84
728 84
722 85
716 87
710 90
704 94
698 100
694 106
691 112
689 118
689 124
689 130
691 136
695 142
701 145
707 144
713 140
717 134
720 128
726 122
732 119
738 118
744 119
750 121
756 125
762 131
765 137
767 143
767 149
765 155
761 161
755 166
749 171
743 174
737 177
731 180
725 183
719 185
713 188
707 190
701 192
695 194
689 197
683 199
677 201
671 203
665 206
659 209
653 213
647 217
641 222
635 228
630 234
627 240
625 246
626 252
632 253
638 252
644 252
647 258
647 264
646 270
643 276
639 282
633 288
627 293
621 296
615 298
609 299
603 300
597 299
591 297
585 295
579 292
573 287
568 281
564 275
560 269
557 263
554 257
552 251
550 245
548 239
547 233
545 227
544 221
544 215
544 209
544 203
547 197
553 193
559 194
565 199
568 205
571 211
577 214
583 211
588 205
590 199
592 193
593 187
593 181
592 175
590 169
586 163
582 157
576 152
570 149
564 147
558 145
552 145
546 146
540 147
534 149
528 152
522 155
516 158
510 162
504 166
498 170
492 175
486 181
480 187
476 193
472 199
469 205
466 211
465 217
464 223
465 229
467 235
473 240
479 242
485 238
488 232
489 226
491 220
495 214
501 210
507 210
512 216
515 222
517 228
518 234
519 240
520 246
520 252
520 258
520 264
518 270
516 276
513 282
507 288
501 291
495 293
489 293
483 292
477 289
471 286
465 281
459 277
453 272
447 267
441 262
435 257
429 251
424 245
421 239
419 233
418 227
419 221
420 215
421 209
423 203
425 197
427 191
429 185
431 179
433 173
434 167
436 161
437 155
438 149
440 143
442 137
446 131
452 128
457 134
457 140
455 146
454 152
452 158
450 164
449 170
455 176
459 170
464 164
469 158
473 152
478 146
481 140
484 134
486 128
488 122
488 116
487 110
485 104
482 98
477 92
471 87
465 83
459 81
453 79
447 79
441 79
435 80
429 82
423 85
417 90
411 96
408 102
406 108
405 114
405 120
406 126
408 132
412 138
418 142
422 148
424 154
424 160
423 166
421 172
420 178
417 184
415 190
412 196
408 202
404 208
401 214
398 220
395 226
393 232
391 238
391 244
390 250
391 256
393 262
399 268
405 271
411 276
415 282
419 288
421 294
422 300
422 306
421 312
417 318
412 324
406 328
400 331
394 332
388 333
382 333
376 332
370 330
364 327
358 322
353 316
349 310
347 304
345 298
345 292
345 286
345 280
346 274
347 268
348 262
349 256
351 250
352 244
353 238
355 232
356 226
357 220
358 214
364 212
365 218
365 224
366 230
366 236
366 242
366 248
366 254
366 260
367 266
368 272
374 266
374 260
374 254
374 248
374 242
375 236
376 230
377 224
379 218
381 212
383 206
384 200
386 194
386 188
386 182
384 176
382 170
378 164
374 158
369 152
364 146
358 141
352 136
346 133
340 131
334 129
328 129
322 130
316 132
310 135
304 139
298 144
292 150
288 156
284 162
280 168
277 174
274 180
271 186
269 192
267 198
265 204
264 210
265 216
268 222
274 226
280 225
286 220
290 214
292 208
294 202
297 196
300 190
304 184
310 179
316 177
322 178
328 183
330 189
331 195
331 201
330 207
330 213
328 219
327 225
325 231
323 237
321 243
318 249
315 255
312 261
307 267
303 273
297 278
291 283
285 286
279 288
273 289
267 289
261 288
255 287
249 285
243 282
237 279
231 275
225 271
219 266
213 261
207 255
201 249
195 243
190 237
186 231
182 225
178 219
176 213
173 207
171 201
170 195
169 189
168 183
168 177
169 171
169 165
171 159
173 153
176 147
179 141
185 135
191 130
197 128
203 128
209 132
213 138
213 144
213 150
212 156
210 162
208 168
206 174
207 180
208 186
214 191
220 190
226 185
230 179
233 173
236 167
239 161
241 155
244 149
245 143
247 137
248 131
249 125
249 119
249 113
248 107
246 101
244 95
241 89
237 83
231 77
225 73
219 69
213 67
207 65
201 64
195 64
189 65
183 65
177 67
171 70
165 73
159 78
153 84
148 90
145 96
143 102
141 108
139 114
137 120
136 126
134 132
133 138
131 144
130 150
129 156
128 162
127 168
126 174
125 180
125 186
125 192
125 198
125 204
125 210
126 216
126 222
126 228
126 234
127 240
127 246
127 252
127 258
128 264
128 270
128 276
128 282
129 288
129 294
129 300
130 306
133 312
138 306
138 300
138 294
137 288
136 282
136 276
136 270
135 264
135 258
135 252
134 246
134 240
134 234
134 228
134 222
140 219
142 225
144 231
147 237
150 243
153 249
157 255
160 261
164 267
168 273
171 279
174 285
177 291
179 297
181 303
182 309
182 315
181 321
180 327
178 333
174 339
169 345
163 351
157 355
151 358
145 361
139 363
133 364
127 365
121 366
115 366
109 366
103 365
97 364
91 363
85 361
79 358
73 355
67 351
61 345
56 339
53 333
50 327
49 321
49 315
50 309
52 303
55 297
58 291
63 285
68 279
74 273
80 267
85 261
90 255
94 249
96 243
97 237
103 243
108 237
108 231
107 225
106 219
106 213
105 207
103 201
102 195
100 189
98 183
96 177
94 171
92 165
90 159
88 153
86 147
85 141
83 135
82 129
80 123
79 117
77 111
74 105
71 99
67 93
61 87
55 82
49 79
43 77
37 76
31 76
25 76
19 77
13 79
7 83
1 88
1196 94
1193 100
1191 106
1191 112
1191 118
1192 124
1194 130
