0 211
6 206
12 202
18 198
24 195
30 193
36 193
42 194
48 195
54 198
60 202
66 206
72 210
78 215
84 218
90 221
96 223
102 225
108 226
114 226
120 226
126 225
132 223
138 221
144 218
150 214
156 209
162 204
168 200
174 196
180 194
186 193
192 192
198 193
204 195
210 198
216 201
222 204
228 207
234 209
240 211
246 212
252 213
258 214
264 214
270 214
276 215
282 215
288 214
294 213
300 212
306 209
312 206
318 204
324 201
330 199
336 199
342 200
348 202
354 206
360 211
366 216
372 220
378 222
384 223
390 223
396 221
402 217
408 212
414 206
420 200
426 197
432 195
438 195
444 196
450 199
456 203
462 207
468 211
474 214
480 216
486 217
492 217
498 216
504 214
510 212
516 210
522 208
528 207
534 205
540 205
546 205
552 205
558 206
564 207
570 208
576 209
582 211
588 212
594 213
600 214
606 214
612 214
618 213
624 212
630 211
636 209
642 208
648 208
654 208
660 208
666 209
672 209
678 210
684 210
690 209
696 207
702 205
708 203
714 200
720 198
726 197
732 197
738 198
744 200
750 204
756 208
762 213
768 216
774 218
780 220
786 220
792 220
798 219
804 218
810 216
816 215
822 214
828 213
834 212
840 211
846 210
852 209
858 208
864 207
870 205
876 204
882 202
888 201
894 200
900 199
906 199
912 199
918 199
924 200
930 202
936 205
942 208
948 211
954 215
960 217
966 219
972 220
978 220
984 219
990 218
996 215
1002 213
1008 210
1014 209
1020 207
1026 207
1032 207
1038 208
1044 209
1050 210
1056 210
1062 211
1068 211
1074 211
1080 210
1086 208
1092 206
1098 204
1104 202
1110 200
1116 199
1122 199
1128 199
1134 201
1140 203
1146 207
1152 211
1158 215
1164 218
1170 220
1176 220
1182 220
1188 218
