0 203
6 202
12 202
18 201
24 201
30 201
36 201
42 201
48 201
54 202
60 202
66 202
72 203
78 203
84 204
90 204
96 204
102 204
108 204
114 204
120 204
126 204
132 204
138 204
144 203
150 203
156 203
162 202
168 202
174 201
180 201
186 201
192 201
198 201
204 201
210 201
216 202
222 202
228 202
234 202
240 203
246 203
252 203
258 203
264 203
270 203
276 203
282 203
288 203
294 203
300 203
306 203
312 202
318 202
324 202
330 202
336 201
342 201
348 202
354 202
360 203
366 203
372 204
378 204
384 204
390 204
396 204
402 203
408 203
414 202
420 202
426 201
432 201
438 201
444 201
450 202
456 202
462 202
468 203
474 203
480 203
486 203
492 203
498 203
504 203
510 203
516 203
522 202
528 202
534 202
540 202
546 202
552 202
558 202
564 202
570 203
576 203
582 203
588 203
594 203
600 203
606 203
612 203
618 203
624 203
630 203
636 203
642 202
648 202
654 202
660 202
666 202
672 202
678 203
684 203
690 203
696 202
702 202
708 202
714 202
720 201
726 201
732 201
738 201
744 202
750 202
756 203
762 203
768 203
774 204
780 204
786 204
792 204
798 204
804 203
810 203
816 203
822 203
828 203
834 203
840 203
846 203
852 203
858 203
864 202
870 202
876 202
882 202
888 202
894 202
900 202
906 202
912 202
918 202
924 202
930 202
936 202
942 202
948 203
954 203
960 203
966 204
972 204
978 204
984 204
990 204
996 203
1002 203
1008 203
1014 203
1020 202
1026 202
1032 202
1038 202
1044 203
1050 203
1056 203
1062 203
1068 203
1074 203
1080 202
1086 202
1092 202
1098 202
1104 202
1110 202
1116 202
1122 201
1128 201
1134 202
1140 202
1146 202
1152 203
1158 203
1164 203
1170 204
1176 204
1182 204
1188 203
