0 257
5 251
9 245
12 239
14 233
15 227
16 221
15 215
13 209
9 203
5 197
4 191
3 185
4 179
6 173
9 167
14 161
20 157
26 154
32 152
38 151
44 152
50 153
56 155
62 159
68 165
73 171
77 177
79 183
81 189
82 195
82 201
81 207
78 213
73 219
69 225
68 231
67 237
67 243
68 249
69 255
71 261
74 267
79 273
85 279
91 283
97 286
103 288
109 289
115 290
121 289
127 288
133 286
139 283
145 279
151 273
156 267
159 261
161 255
162 249
163 243
163 237
162 231
160 225
155 219
149 214
144 208
142 202
142 196
143 190
144 184
146 178
149 172
152 166
158 160
164 155
170 151
176 149
182 147
188 147
194 147
200 149
206 152
212 156
218 162
221 168
223 174
223 180
221 186
219 192
218 198
218 204
219 210
221 216
224 222
228 228
232 234
238 240
244 245
250 248
256 251
262 252
268 253
274 253
280 252
286 250
292 247
298 242
302 236
306 230
308 224
309 218
309 212
309 206
308 200
309 194
311 188
315 182
321 177
327 175
333 174
339 174
345 176
351 179
357 185
361 191
364 197
366 203
367 209
367 215
365 221
362 227
358 233
356 239
356 245
357 251
359 257
363 263
369 268
375 272
381 273
387 273
393 273
399 270
405 266
411 260
414 254
416 248
417 242
417 236
417 230
415 224
412 218
408 212
405 206
404 200
404 194
405 188
406 182
409 176
412 170
418 165
424 161
430 159
436 158
442 159
448 161
454 165
460 171
463 177
464 183
464 189
462 195
458 201
455 207
454 213
454 219
455 225
457 231
460 237
463 243
469 249
475 254
481 256
487 257
493 256
499 254
505 251
510 245
513 239
514 233
515 227
515 221
516 215
518 209
521 203
526 197
532 193
538 190
544 189
550 189
556 191
562 195
568 201
571 207
573 213
574 219
576 225
579 231
583 237
589 243
595 246
601 247
607 247
613 246
619 244
625 239
629 233
633 227
638 221
644 217
650 215
656 215
662 216
668 218
674 220
680 220
686 220
692 218
698 214
703 208
706 202
708 196
708 190
708 184
709 178
711 172
717 166
723 163
729 161
735 161
741 162
747 164
753 167
759 173
763 179
766 185
767 191
767 197
766 203
763 209
758 215
754 221
752 227
750 233
750 239
751 245
754 251
757 257
762 263
768 267
774 270
780 271
786 272
792 272
798 270
804 268
810 264
816 259
822 253
827 247
832 241
837 235
843 229
849 223
854 217
859 211
862 205
865 199
868 193
871 187
874 181
879 175
885 170
891 167
897 164
903 163
909 162
915 163
921 164
927 167
933 171
939 176
943 182
946 188
947 194
947 200
946 206
944 212
941 218
938 224
936 230
936 236
937 242
939 248
941 254
946 260
952 265
958 269
964 271
970 272
976 271
982 270
988 268
994 263
998 257
1001 251
1001 245
1001 239
1000 233
1001 227
1003 221
1007 215
1013 210
1019 207
1025 206
1031 208
1037 210
1043 215
1049 220
1055 224
1061 228
1067 229
1073 229
1079 228
1085 224
1091 218
1094 212
1096 206
1097 200
1097 194
1097 188
1099 182
1103 176
1109 172
1115 170
1121 169
1127 170
1133 172
1139 175
1145 180
1150 186
1153 192
1155 198
1156 204
1156 210
1155 216
1151 222
1148 228
1147 234
1147 240
1148 246
1151 252
1155 258
1161 262
1167 265
1173 266
1179 266
1185 265
1191 263
