0 213
6 213
12 213
18 213
24 213
30 213
36 213
42 213
48 213
54 213
60 213
66 213
72 213
78 213
84 214
90 214
96 214
102 214
108 214
114 214
120 214
126 214
132 214
138 214
144 214
150 213
156 213
162 213
168 213
174 213
180 213
186 213
192 213
198 213
204 213
210 213
216 213
222 213
228 213
234 213
240 213
246 213
252 213
258 213
264 213
270 213
276 213
282 213
288 213
294 213
300 213
306 213
312 213
318 213
324 213
330 213
336 213
342 213
348 213
354 213
360 213
366 213
372 214
378 214
384 214
390 214
396 214
402 214
408 213
414 213
420 213
426 213
432 213
438 213
444 213
450 213
456 213
462 213
468 213
474 213
480 214
486 214
492 214
498 213
504 213
510 213
516 213
522 213
528 213
534 213
540 213
546 213
552 213
558 213
564 213
570 213
576 213
582 213
588 213
594 213
600 213
606 214
612 214
618 214
624 213
630 213
636 213
642 213
648 213
654 213
660 213
666 213
672 213
678 213
684 213
690 213
696 213
702 213
708 213
714 213
720 213
726 213
732 213
738 213
744 213
750 213
756 213
762 214
768 214
774 214
780 214
786 214
792 214
798 214
804 214
810 214
816 214
822 213
828 214
834 214
840 213
846 213
852 213
858 213
864 213
870 213
876 213
882 213
888 213
894 213
900 213
906 213
912 213
918 213
924 213
930 213
936 213
942 213
948 213
954 213
960 214
966 214
972 214
978 214
984 214
990 214
996 214
1002 213
1008 213
1014 213
1020 213
1026 213
1032 213
1038 213
1044 213
1050 213
1056 213
1062 213
1068 213
1074 213
1080 213
1086 213
1092 213
1098 213
1104 213
1110 213
1116 213
1122 213
1128 213
1134 213
1140 213
1146 213
1152 213
1158 213
1164 213
1170 214
1176 214
1182 214
1188 214
