0 221
6 219
12 217
18 215
24 214
30 213
36 213
42 213
48 214
54 216
60 217
66 219
72 221
78 223
84 225
90 226
96 227
102 228
108 229
114 229
120 229
126 228
132 227
138 226
144 225
150 223
156 221
162 219
168 216
174 215
180 213
186 212
192 212
198 213
204 214
210 215
216 216
222 218
228 219
234 220
240 221
246 222
252 222
258 222
264 222
270 223
276 223
282 223
288 223
294 222
300 222
306 221
312 219
318 218
324 217
330 216
336 215
342 216
348 217
354 219
360 221
366 223
372 225
378 227
384 228
390 227
396 226
402 224
408 222
414 219
420 216
426 214
432 213
438 213
444 214
450 216
456 218
462 220
468 222
474 223
480 224
486 224
492 224
498 224
504 223
510 222
516 221
522 220
528 219
534 219
540 218
546 218
552 219
558 219
564 219
570 220
576 221
582 221
588 222
594 222
600 223
606 223
612 223
618 222
624 222
630 221
636 221
642 220
648 220
654 220
660 220
666 220
672 220
678 221
684 221
690 220
696 220
702 219
708 217
714 216
720 215
726 214
732 214
738 215
744 216
750 218
756 220
762 222
768 224
774 225
780 226
786 226
792 226
798 225
804 225
810 224
816 223
822 223
828 222
834 222
840 222
846 221
852 221
858 220
864 219
870 219
876 218
882 217
888 217
894 216
900 216
906 216
912 215
918 216
924 216
930 217
936 218
942 220
948 221
954 223
960 224
966 225
972 226
978 226
984 226
990 225
996 224
1002 222
1008 221
1014 220
1020 220
1026 219
1032 220
1038 220
1044 220
1050 221
1056 221
1062 221
1068 221
1074 221
1080 221
1086 220
1092 219
1098 218
1104 217
1110 216
1116 216
1122 215
1128 216
1134 216
1140 218
1146 219
1152 221
1158 223
1164 224
1170 225
1176 226
1182 226
1188 225
