0 223
3 217
5 211
6 205
7 199
8 193
10 187
13 181
17 175
23 171
29 168
35 167
41 167
47 169
53 172
59 176
63 182
67 188
69 194
70 200
71 206
72 212
73 218
75 224
78 230
83 236
89 242
95 245
101 248
107 249
113 250
119 249
125 248
131 246
137 243
143 239
148 233
152 227
154 221
155 215
156 209
156 203
157 197
158 191
160 185
163 179
168 173
174 169
180 166
186 165
192 165
198 167
204 170
210 174
214 180
218 186
221 192
224 198
227 204
233 210
239 215
245 219
251 221
257 223
263 224
269 225
275 225
281 225
287 223
293 221
299 216
305 210
308 204
312 198
316 192
321 186
327 183
333 181
339 181
345 183
351 188
355 194
358 200
359 206
360 212
361 218
362 224
365 230
371 236
377 239
383 241
389 241
395 239
401 235
406 229
409 223
411 217
411 211
411 205
411 199
412 193
414 187
417 181
423 176
429 173
435 172
441 172
447 175
453 180
457 186
459 192
460 198
461 204
463 210
466 216
471 222
477 226
483 228
489 229
495 228
501 226
507 222
512 216
517 210
522 204
528 199
534 196
540 194
546 193
552 194
558 196
564 199
570 203
576 208
582 213
588 217
594 219
600 221
606 221
612 220
618 219
624 216
630 212
636 209
642 207
648 205
654 205
660 206
666 207
672 209
678 209
684 209
690 207
696 204
702 198
706 192
711 186
717 180
723 177
729 175
735 175
741 177
747 181
752 187
754 193
756 199
757 205
757 211
759 217
762 223
766 229
772 233
778 236
784 237
790 237
796 236
802 233
808 230
814 227
820 223
826 220
832 217
838 214
844 212
850 209
856 206
862 202
868 198
874 193
880 189
886 185
892 182
898 180
904 178
910 178
916 179
922 180
928 184
934 189
938 195
941 201
943 207
945 213
947 219
951 225
957 231
963 235
969 236
975 237
981 236
987 233
993 229
999 223
1003 217
1007 211
1013 205
1019 202
1025 201
1031 201
1037 202
1043 205
1049 208
1055 211
1061 213
1067 213
1073 213
1079 211
1085 207
1091 202
1096 196
1101 190
1107 185
1113 182
1119 180
1125 180
1131 182
1137 186
1143 192
1146 198
1148 204
1149 210
1151 216
1154 222
1158 228
1164 233
1170 235
1176 236
1182 236
1188 234
