0 207
5 201
9 195
15 189
21 184
27 181
33 180
39 180
45 181
51 184
57 188
63 194
68 200
73 206
79 212
85 218
91 221
97 224
103 226
109 227
115 227
121 227
127 226
133 223
139 220
145 216
151 210
155 204
160 198
164 192
170 186
176 182
182 180
188 179
194 179
200 181
206 183
212 187
218 192
224 197
230 201
236 204
242 207
248 208
254 210
260 210
266 211
272 211
278 212
284 211
290 210
296 208
302 206
308 202
314 197
320 193
326 190
332 188
338 188
344 190
350 194
356 200
360 206
365 212
371 218
377 221
383 222
389 222
395 220
401 216
407 210
410 204
414 198
417 192
423 187
429 183
435 182
441 183
447 185
453 190
458 196
463 202
469 207
475 211
481 214
487 215
493 214
499 213
505 211
511 208
517 204
523 201
529 199
535 197
541 196
547 196
553 197
559 198
565 199
571 202
577 204
583 206
589 208
595 209
601 210
607 210
613 209
619 208
625 207
631 205
637 203
643 202
649 201
655 201
661 202
667 203
673 203
679 204
685 204
691 202
697 200
703 197
709 193
715 189
721 187
727 185
733 185
739 187
745 190
751 196
756 202
762 208
768 213
774 217
780 218
786 219
792 219
798 218
804 216
810 214
816 212
822 210
828 209
834 207
840 206
846 205
852 203
858 202
864 200
870 197
876 195
882 193
888 191
894 189
900 188
906 187
912 187
918 188
924 190
930 193
936 196
942 201
948 207
954 212
960 215
966 218
972 219
978 219
984 218
990 216
996 212
1002 209
1008 205
1014 202
1020 200
1026 199
1032 200
1038 201
1044 202
1050 204
1056 205
1062 206
1068 206
1074 205
1080 204
1086 202
1092 199
1098 196
1104 193
1110 190
1116 188
1122 188
1128 189
1134 191
1140 195
1146 200
1152 206
1158 212
1164 216
1170 218
1176 219
1182 219
1188 217
