0 259
6 253
10 247
13 241
15 235
17 229
18 223
19 217
19 211
17 205
12 199
6 194
3 188
2 182
2 176
3 170
5 164
8 158
13 152
19 147
25 144
31 143
37 142
43 142
49 143
55 145
61 148
67 153
73 159
77 165
80 171
82 177
84 183
85 189
85 195
85 201
84 207
78 213
72 216
68 222
66 228
65 234
65 240
65 246
66 252
68 258
70 264
73 270
77 276
82 282
88 286
94 290
100 292
106 294
112 294
118 294
124 294
130 292
136 290
142 286
148 282
153 276
158 270
161 264
163 258
164 252
165 246
165 240
164 234
163 228
161 222
157 216
151 213
145 212
141 206
139 200
139 194
139 188
140 182
141 176
143 170
146 164
149 158
154 152
160 146
166 142
172 140
178 138
184 137
190 137
196 138
202 140
208 142
214 146
219 152
223 158
225 164
225 170
223 176
219 182
216 188
215 194
215 200
217 206
218 212
221 218
224 224
228 230
232 236
238 242
244 246
250 250
256 252
262 254
268 255
274 254
280 253
286 251
292 248
298 243
303 237
306 231
309 225
310 219
311 213
310 207
308 201
307 195
307 189
308 183
311 177
317 171
323 168
329 166
335 165
341 166
347 169
353 173
359 179
363 185
365 191
367 197
369 203
369 209
369 215
367 221
361 227
357 233
355 239
355 245
355 251
357 257
360 263
366 269
372 273
378 275
384 276
390 276
396 275
402 272
408 267
412 261
415 255
417 249
418 243
419 237
418 231
417 225
415 219
411 213
406 207
404 201
403 195
403 189
403 183
404 177
406 171
409 165
413 159
419 154
425 151
431 149
437 149
443 150
449 152
455 155
461 161
464 167
466 173
466 179
464 185
460 191
455 197
452 203
451 209
452 215
453 221
454 227
456 233
459 239
463 245
469 251
475 255
481 257
487 258
493 258
499 256
505 252
510 246
513 240
514 234
514 228
514 222
514 216
514 210
516 204
519 198
523 192
529 187
535 184
541 182
547 181
553 182
559 185
565 190
569 196
572 202
573 208
574 214
574 220
576 226
578 232
582 238
588 244
594 247
600 249
606 249
612 248
618 246
624 241
629 235
632 229
635 223
640 217
646 213
652 212
658 212
664 213
670 215
676 216
682 217
688 216
694 213
700 209
705 203
708 197
710 191
710 185
709 179
708 173
708 167
711 161
717 156
723 153
729 151
735 151
741 151
747 153
753 156
759 161
764 167
768 173
770 179
771 185
771 191
770 197
767 203
761 209
755 214
751 220
749 226
748 232
748 238
749 244
750 250
753 256
757 262
763 268
769 272
775 274
781 275
787 276
793 275
799 274
805 271
811 268
817 263
822 257
826 251
830 245
835 239
839 233
844 227
849 221
853 215
857 209
860 203
863 197
865 191
867 185
869 179
872 173
876 167
882 162
888 158
894 155
900 153
906 152
912 152
918 153
924 155
930 158
936 162
942 168
946 174
948 180
949 186
950 192
949 198
947 204
943 210
938 216
935 222
933 228
933 234
933 240
935 246
937 252
940 258
945 264
951 269
957 272
963 274
969 275
975 275
981 274
987 272
993 268
998 262
1001 256
1002 250
1001 244
999 238
998 232
998 226
1000 220
1003 214
1009 208
1015 204
1021 202
1027 203
1033 204
1039 208
1045 213
1051 219
1057 223
1063 226
1069 227
1075 227
1081 225
1087 222
1092 216
1096 210
1098 204
1098 198
1098 192
1097 186
1096 180
1098 174
1101 168
1107 163
1113 161
1119 160
1125 160
1131 162
1137 164
1143 169
1149 175
1153 181
1156 187
1158 193
1159 199
1159 205
1159 211
1155 217
1150 223
1147 229
1145 235
1145 241
1147 247
1149 253
1154 259
1160 264
1166 267
1172 268
1178 269
1184 268
1190 266
