0 284
6 286
12 288
18 289
24 289
30 289
36 288
42 286
48 283
54 278
60 273
64 267
67 261
70 255
71 249
72 243
72 237
70 231
68 225
65 219
61 213
58 207
57 201
56 195
56 189
57 183
59 177
61 171
64 165
69 159
74 153
80 148
86 145
92 142
98 141
104 140
110 139
116 140
122 141
128 143
134 146
140 149
146 155
151 161
155 167
158 173
160 179
161 185
161 191
160 197
159 203
156 209
153 215
151 221
149 227
148 233
149 239
150 245
152 251
155 257
158 263
164 269
170 274
176 278
182 281
188 282
194 283
200 283
206 283
212 282
218 280
224 277
230 272
236 267
241 261
244 255
247 249
248 243
249 237
249 231
248 225
246 219
245 213
243 207
242 201
242 195
243 189
244 183
246 177
249 171
253 165
258 159
264 154
270 149
276 146
282 144
288 142
294 140
300 140
306 140
312 140
318 141
324 143
330 146
336 149
342 153
348 158
353 164
357 170
360 176
363 182
364 188
365 194
366 200
365 206
364 212
362 218
359 224
356 230
354 236
353 242
353 248
354 254
356 260
358 266
362 272
367 278
373 284
379 288
385 291
391 294
397 295
403 296
409 297
415 296
421 295
427 294
433 291
439 288
445 283
451 277
455 271
458 265
460 259
461 253
461 247
460 241
458 235
455 229
453 223
451 217
449 211
449 205
449 199
451 193
452 187
455 181
459 175
463 169
469 163
475 159
481 156
487 153
493 152
499 151
505 151
511 151
517 153
523 155
529 158
535 163
540 169
544 175
546 181
548 187
549 193
549 199
548 205
548 211
548 217
548 223
549 229
552 235
555 241
559 247
565 252
571 256
577 258
583 260
589 260
595 260
601 258
607 255
613 252
619 246
623 240
625 234
627 228
628 222
628 216
628 210
627 204
626 198
626 192
627 186
629 180
631 174
635 168
641 162
647 158
653 155
659 153
665 152
671 152
677 152
683 154
689 156
695 160
701 165
707 171
710 177
713 183
715 189
716 195
716 201
715 207
714 213
712 219
710 225
709 231
708 237
708 243
709 249
711 255
714 261
718 267
724 273
730 277
736 280
742 282
748 283
754 283
760 283
766 281
772 279
778 276
784 272
790 267
794 261
797 255
799 249
801 243
801 237
800 231
799 225
798 219
797 213
797 207
797 201
798 195
800 189
803 183
807 177
812 171
818 166
824 162
830 158
836 156
842 154
848 153
854 153
860 152
866 153
872 153
878 154
884 156
890 158
896 160
902 163
908 166
914 169
920 173
926 178
932 183
938 188
943 194
948 200
952 206
955 212
958 218
959 224
961 230
962 236
963 242
964 248
966 254
969 260
972 266
976 272
982 278
988 282
994 286
1000 289
1006 291
1012 292
1018 292
1024 293
1030 292
1036 291
1042 289
1048 287
1054 284
1060 280
1066 274
1071 268
1075 262
1078 256
1080 250
1082 244
1082 238
1082 232
1081 226
1078 220
1075 214
1072 208
1070 202
1069 196
1068 190
1068 184
1070 178
1071 172
1074 166
1077 160
1082 154
1088 148
1094 143
1100 140
1106 137
1112 135
1118 134
1124 133
1130 133
1136 134
1142 135
1148 137
1154 139
1160 142
1166 147
1172 152
1177 158
1180 164
1183 170
1185 176
1187 182
1188 188
1188 194
1187 200
1185 206
1183 212
1179 218
1176 224
1174 230
1173 236
1173 242
1173 248
1175 254
1177 260
1181 266
1185 272
1191 278
