0 230
6 234
12 236
18 237
24 238
30 237
36 236
42 233
48 229
54 223
58 217
62 211
65 205
67 199
70 193
74 187
79 181
85 176
91 172
97 170
103 168
109 168
115 168
121 170
127 172
133 175
139 180
144 186
149 192
152 198
155 204
159 210
163 216
169 222
175 227
181 230
187 232
193 233
199 233
205 232
211 231
217 229
223 225
229 220
235 215
240 209
245 203
250 197
255 191
261 186
267 181
273 178
279 175
285 173
291 172
297 171
303 171
309 171
315 172
321 173
327 176
333 179
339 183
345 188
351 194
355 200
359 206
363 212
368 218
373 224
379 229
385 233
391 236
397 238
403 239
409 240
415 239
421 238
427 236
433 233
439 229
445 224
450 218
455 212
459 206
463 200
468 194
474 188
480 184
486 180
492 178
498 177
504 176
510 176
516 177
522 179
528 181
534 185
540 189
546 195
552 201
558 207
564 212
570 216
576 219
582 220
588 221
594 221
600 219
606 217
612 213
618 209
623 203
629 197
634 191
640 186
646 182
652 179
658 177
664 176
670 176
676 177
682 179
688 181
694 185
700 191
705 197
709 203
713 209
718 215
724 221
730 225
736 228
742 230
748 231
754 231
760 231
766 229
772 227
778 223
784 218
790 213
796 207
801 201
807 196
813 191
819 187
825 184
831 182
837 180
843 179
849 178
855 178
861 178
867 179
873 179
879 180
885 181
891 182
897 184
903 185
909 187
915 189
921 190
927 193
933 195
939 198
945 201
951 204
957 207
963 211
969 215
975 219
981 223
987 227
993 230
999 232
1005 234
1011 236
1017 237
1023 237
1029 237
1035 236
1041 234
1047 231
1053 228
1059 224
1065 218
1070 212
1074 206
1078 200
1082 194
1087 188
1092 182
1098 177
1104 173
1110 170
1116 168
1122 167
1128 166
1134 166
1140 167
1146 168
1152 171
1158 174
1164 179
1170 185
1174 191
1178 197
1181 203
1184 209
1187 215
1191 221
