0 256
5 250
5 244
5 238
5 232
4 226
4 220
4 214
4 208
3 202
3 196
3 190
2 184
2 178
1 172
0 166
1199 160
1198 154
1197 148
1196 142
1194 136
1193 130
1190 124
1188 118
1185 112
1182 106
1178 100
1173 94
1167 89
1161 84
1155 81
1149 78
1143 75
1137 74
1131 73
1125 72
1119 72
1113 73
1107 73
1101 75
1095 77
1089 79
1083 83
1077 87
1071 92
1065 98
1061 104
1057 110
1053 116
1051 122
1048 128
1046 134
1045 140
1044 146
1043 152
1042 158
1041 164
1041 170
1041 176
1041 182
1042 188
1042 194
1043 200
1044 206
1046 212
1048 218
1050 224
1054 230
1060 236
1066 237
1072 234
1076 228
1078 222
1080 216
1082 210
1084 204
1086 198
1088 192
1091 186
1095 180
1101 178
1107 180
1112 186
1114 192
1115 198
1115 204
1116 210
1115 216
1115 222
1115 228
1114 234
1113 240
1113 246
1112 252
1110 258
1109 264
1108 270
1106 276
1104 282
1102 288
1100 294
1098 300
1095 306
1093 312
1089 318
1085 324
1080 330
1075 336
1069 341
1063 345
1057 348
1051 350
1045 353
1039 354
1033 356
1027 356
1021 357
1015 357
1009 357
1003 357
997 357
991 356
985 354
979 353
973 351
967 348
961 344
955 340
949 335
943 329
939 323
936 317
933 311
931 305
929 299
928 293
927 287
927 281
927 275
928 269
930 263
932 257
937 251
943 247
949 248
955 253
960 259
966 265
972 269
978 269
984 265
987 259
989 253
990 247
990 241
990 235
988 229
987 223
985 217
983 211
980 205
978 199
975 193
972 187
969 181
966 175
963 169
960 163
956 157
953 151
949 145
945 139
940 133
935 127
930 121
924 116
918 110
912 106
906 103
900 99
894 97
888 95
882 93
876 92
870 92
864 91
858 92
852 92
846 93
840 95
834 97
828 100
822 103
816 108
810 113
804 119
800 125
796 131
793 137
790 143
787 149
785 155
783 161
782 167
780 173
779 179
777 185
776 191
775 197
774 203
773 209
772 215
772 221
771 227
771 233
771 239
771 245
771 251
773 257
777 263
783 265
789 263
794 257
799 251
802 245
807 239
812 233
818 230
824 231
830 237
833 243
835 249
836 255
836 261
836 267
836 273
835 279
833 285
831 291
829 297
826 303
822 309
818 315
813 321
807 327
801 332
795 336
789 339
783 341
777 343
771 344
765 345
759 345
753 345
747 345
741 344
735 342
729 340
723 337
717 333
711 329
705 323
701 317
698 311
695 305
693 299
692 293
691 287
690 281
690 275
690 269
690 263
691 257
692 251
693 245
694 239
695 233
697 227
703 222
709 225
713 231
717 237
720 243
723 249
727 255
733 260
739 259
742 253
743 247
743 241
743 235
743 229
742 223
742 217
741 211
740 205
739 199
738 193
737 187
735 181
734 175
732 169
730 163
728 157
726 151
724 145
721 139
717 133
713 127
708 121
702 115
696 111
690 108
684 105
678 104
672 103
666 103
660 103
654 105
648 107
642 110
636 114
630 120
624 126
620 132
617 138
614 144
612 150
610 156
608 162
607 168
605 174
605 180
604 186
603 192
603 198
604 204
605 210
608 216
614 219
620 217
626 213
632 207
638 202
644 197
650 194
656 194
662 199
664 205
664 211
664 217
662 223
660 229
658 235
655 241
652 247
649 253
645 259
641 265
637 271
632 277
626 283
620 288
614 292
608 295
602 297
596 298
590 299
584 298
578 297
572 296
566 293
560 290
554 286
548 281
542 276
536 270
531 264
526 258
522 252
518 246
514 240
510 234
508 228
505 222
504 216
503 210
504 204
507 198
513 194
519 194
525 197
531 201
537 206
543 212
549 216
555 218
561 216
565 210
566 204
567 198
567 192
567 186
566 180
565 174
564 168
563 162
561 156
560 150
557 144
555 138
552 132
548 126
543 120
537 114
531 110
525 106
519 104
513 102
507 101
501 101
495 102
489 103
483 105
477 108
471 111
465 116
459 122
453 128
449 134
445 140
442 146
439 152
436 158
434 164
431 170
429 176
427 182
425 188
423 194
421 200
419 206
417 212
416 218
414 224
413 230
412 236
411 242
410 248
410 254
410 260
410 266
411 272
416 278
422 280
428 278
433 272
437 266
440 260
442 254
445 248
448 242
451 236
457 231
463 232
468 238
471 244
474 250
476 256
478 262
480 268
481 274
482 280
483 286
483 292
483 298
482 304
481 310
479 316
477 322
474 328
470 334
464 340
458 345
452 349
446 352
440 354
434 356
428 357
422 358
416 358
410 358
404 358
398 358
392 357
386 355
380 353
374 351
368 348
362 344
356 340
350 334
345 328
341 322
338 316
335 310
333 304
331 298
329 292
328 286
327 280
326 274
325 268
325 262
324 256
324 250
324 244
325 238
325 232
326 226
328 220
330 214
336 209
342 210
346 216
349 222
351 228
353 234
356 240
358 246
360 252
363 258
366 264
372 269
378 268
381 262
382 256
383 250
383 244
384 238
384 232
384 226
384 220
384 214
384 208
384 202
384 196
384 190
384 184
383 178
382 172
382 166
381 160
380 154
379 148
377 142
375 136
373 130
371 124
368 118
364 112
360 106
354 100
348 95
342 90
336 87
330 85
324 83
318 81
312 81
306 80
300 81
294 82
288 83
282 85
276 87
270 90
264 94
258 99
252 105
248 111
243 117
240 123
237 129
234 135
232 141
230 147
228 153
226 159
224 165
223 171
221 177
220 183
219 189
218 195
217 201
217 207
216 213
216 219
215 225
216 231
216 237
218 243
224 248
230 248
236 243
240 237
244 231
247 225
250 219
254 213
258 207
262 201
268 198
274 199
279 205
281 211
282 217
282 223
282 229
281 235
280 241
279 247
278 253
276 259
274 265
272 271
270 277
268 283
265 289
262 295
258 301
254 307
250 313
244 319
238 324
232 328
226 331
220 333
214 335
208 336
202 336
196 336
190 335
184 333
178 331
172 328
166 324
160 320
155 314
150 308
146 302
143 296
140 290
137 284
135 278
133 272
131 266
129 260
127 254
126 248
124 242
123 236
122 230
121 224
120 218
119 212
118 206
118 200
118 194
120 188
126 184
132 186
137 192
141 198
144 204
148 210
151 216
155 222
158 228
161 234
165 240
171 244
177 243
181 237
182 231
182 225
183 219
183 213
182 207
182 201
182 195
181 189
181 183
180 177
179 171
178 165
177 159
175 153
174 147
172 141
170 135
167 129
164 123
161 117
156 111
151 105
145 100
139 96
133 93
127 91
121 89
115 89
109 88
103 89
97 90
91 92
85 95
79 99
73 104
67 110
62 116
58 122
55 128
52 134
50 140
47 146
45 152
43 158
42 164
40 170
39 176
38 182
36 188
35 194
34 200
34 206
33 212
32 218
31 224
31 230
30 236
30 242
30 248
30 254
34 260
40 260
46 254
49 248
52 242
55 236
58 230
61 224
64 218
67 212
70 206
73 200
78 194
84 193
88 199
88 205
89 211
89 217
89 223
89 229
89 235
89 241
89 247
88 253
88 259
88 265
87 271
86 277
85 283
83 289
82 295
80 301
77 307
74 313
70 319
65 325
59 330
53 334
47 337
41 339
35 341
29 341
23 341
17 341
11 339
5 337
1199 335
1193 331
1187 327
1181 321
1176 315
1172 309
1169 303
1166 297
1164 291
1162 285
1160 279
1158 273
1157 267
1155 261
1154 255
1153 249
1152 243
1151 237
1151 231
1150 225
1150 219
1149 213
1149 207
1149 201
1149 195
1150 189
1156 184
1162 188
1165 194
1168 200
1171 206
1174 212
1176 218
1179 224
1182 230
1185 236
1187 242
1190 248
