0 216
6 216
12 216
18 216
24 216
30 216
36 216
42 216
48 216
54 216
60 215
66 215
72 215
78 215
84 215
90 215
96 215
102 215
108 215
114 215
120 215
126 215
132 215
138 215
144 215
150 215
156 215
162 216
168 216
174 216
180 216
186 216
192 216
198 216
204 216
210 216
216 216
222 215
228 215
234 215
240 215
246 215
252 215
258 215
264 215
270 215
276 215
282 215
288 215
294 215
300 215
306 215
312 215
318 215
324 215
330 215
336 215
342 215
348 215
354 215
360 215
366 216
372 216
378 216
384 216
390 216
396 216
402 216
408 216
414 216
420 216
426 216
432 216
438 216
444 216
450 216
456 216
462 215
468 215
474 215
480 215
486 215
492 215
498 215
504 215
510 215
516 215
522 215
528 215
534 215
540 215
546 215
552 215
558 215
564 215
570 215
576 215
582 216
588 216
594 216
600 216
606 215
612 215
618 215
624 215
630 215
636 215
642 215
648 215
654 215
660 215
666 215
672 215
678 215
684 215
690 215
696 215
702 215
708 215
714 215
720 216
726 216
732 216
738 216
744 216
750 216
756 216
762 216
768 216
774 215
780 215
786 215
792 215
798 215
804 215
810 215
816 215
822 215
828 215
834 215
840 215
846 215
852 215
858 215
864 215
870 215
876 215
882 215
888 215
894 215
900 215
906 215
912 215
918 215
924 215
930 215
936 215
942 215
948 215
954 215
960 216
966 216
972 216
978 216
984 216
990 216
996 216
1002 216
1008 216
1014 216
1020 216
1026 216
1032 216
1038 216
1044 216
1050 216
1056 216
1062 216
1068 216
1074 215
1080 215
1086 215
1092 215
1098 215
1104 215
1110 215
1116 215
1122 215
1128 215
1134 215
1140 215
1146 215
1152 215
1158 215
1164 215
1170 215
1176 215
1182 215
1188 215
