0 207
6 207
12 208
18 209
24 209
30 209
36 208
42 208
48 207
54 206
60 205
66 203
72 202
78 201
84 200
90 199
96 198
102 198
108 198
114 198
120 198
126 199
132 200
138 201
144 202
150 203
156 204
162 205
168 206
174 207
180 207
186 208
192 208
198 208
204 207
210 207
216 207
222 206
228 205
234 204
240 204
246 203
252 202
258 201
264 201
270 200
276 200
282 199
288 199
294 199
300 199
306 199
312 199
318 199
324 200
330 200
336 201
342 201
348 202
354 203
360 204
366 205
372 206
378 207
384 208
390 208
396 209
402 209
408 209
414 209
420 209
426 209
432 208
438 207
444 207
450 206
456 205
462 204
468 203
474 202
480 201
486 201
492 200
498 200
504 200
510 200
516 200
522 200
528 200
534 201
540 201
546 202
552 203
558 203
564 204
570 205
576 205
582 206
588 206
594 206
600 206
606 205
612 205
618 204
624 203
630 202
636 201
642 201
648 200
654 199
660 199
666 199
672 199
678 199
684 200
690 201
696 201
702 202
708 203
714 204
720 205
726 206
732 207
738 207
744 207
750 208
756 207
762 207
768 207
774 206
780 205
786 205
792 204
798 203
804 202
810 202
816 201
822 201
828 200
834 200
840 200
846 200
852 200
858 200
864 200
870 200
876 200
882 200
888 200
894 200
900 201
906 201
912 201
918 202
924 202
930 202
936 203
942 203
948 204
954 204
960 205
966 205
972 206
978 206
984 207
990 207
996 208
1002 208
1008 209
1014 209
1020 209
1026 209
1032 209
1038 208
1044 208
1050 208
1056 207
1062 206
1068 205
1074 204
1080 203
1086 202
1092 201
1098 201
1104 200
1110 199
1116 199
1122 198
1128 198
1134 198
1140 198
1146 198
1152 199
1158 199
1164 200
1170 201
1176 202
1182 203
1188 205
