0 225
6 227
12 229
18 230
24 230
30 230
36 229
42 227
48 225
54 222
60 219
66 215
72 212
78 208
84 205
90 203
96 201
102 200
108 200
114 200
120 201
126 202
132 204
138 207
144 210
150 213
156 216
162 219
168 222
174 224
180 226
186 227
192 228
198 228
204 227
210 226
216 225
222 223
228 221
234 219
240 217
246 214
252 212
258 210
264 208
270 206
276 205
282 203
288 202
294 202
300 202
306 202
312 202
318 203
324 204
330 205
336 207
342 209
348 212
354 214
360 217
366 220
372 223
378 225
384 227
390 229
396 230
402 231
408 231
414 231
420 230
426 229
432 228
438 226
444 224
450 221
456 219
462 216
468 213
474 211
480 209
486 207
492 206
498 205
504 204
510 204
516 204
522 205
528 206
534 208
540 210
546 212
552 214
558 216
564 218
570 220
576 221
582 222
588 222
594 222
600 222
606 220
612 219
618 217
624 215
630 212
636 210
642 208
648 206
654 205
660 204
666 203
672 204
678 204
684 206
690 207
696 210
702 212
708 215
714 218
720 221
726 223
732 225
738 226
744 227
750 227
756 227
762 226
768 225
774 224
780 222
786 220
792 218
798 215
804 213
810 211
816 210
822 208
828 207
834 206
840 205
846 205
852 205
858 205
864 205
870 205
876 206
882 206
888 207
894 207
900 208
906 208
912 209
918 210
924 211
930 212
936 213
942 214
948 215
954 217
960 218
966 220
972 221
978 223
984 224
990 226
996 227
1002 228
1008 229
1014 230
1020 230
1026 230
1032 229
1038 229
1044 228
1050 226
1056 224
1062 222
1068 220
1074 217
1080 214
1086 211
1092 209
1098 206
1104 204
1110 202
1116 201
1122 200
1128 199
1134 199
1140 200
1146 200
1152 202
1158 204
1164 206
1170 209
1176 212
1182 216
1188 219
