0 213
6 213
12 213
18 213
24 213
30 213
36 213
42 213
48 213
54 213
60 213
66 212
72 212
78 212
84 212
90 212
96 212
102 212
108 212
114 212
120 212
126 212
132 212
138 212
144 212
150 212
156 212
162 213
168 213
174 213
180 213
186 213
192 213
198 213
204 213
210 213
216 213
222 213
228 212
234 212
240 212
246 212
252 212
258 212
264 212
270 212
276 212
282 212
288 212
294 212
300 212
306 212
312 212
318 212
324 212
330 212
336 212
342 212
348 212
354 212
360 212
366 213
372 213
378 213
384 213
390 213
396 213
402 213
408 213
414 213
420 213
426 213
432 213
438 213
444 213
450 213
456 213
462 212
468 212
474 212
480 212
486 212
492 212
498 212
504 212
510 212
516 212
522 212
528 212
534 212
540 212
546 212
552 212
558 212
564 212
570 212
576 212
582 213
588 213
594 213
600 213
606 213
612 212
618 212
624 212
630 212
636 212
642 212
648 212
654 212
660 212
666 212
672 212
678 212
684 212
690 212
696 212
702 212
708 212
714 212
720 213
726 213
732 213
738 213
744 213
750 213
756 213
762 213
768 213
774 213
780 212
786 212
792 212
798 212
804 212
810 212
816 212
822 212
828 212
834 212
840 212
846 212
852 212
858 212
864 212
870 212
876 212
882 212
888 212
894 212
900 212
906 212
912 212
918 212
924 212
930 212
936 212
942 212
948 212
954 213
960 213
966 213
972 213
978 213
984 213
990 213
996 213
1002 213
1008 213
1014 213
1020 213
1026 213
1032 213
1038 213
1044 213
1050 213
1056 213
1062 213
1068 213
1074 213
1080 212
1086 212
1092 212
1098 212
1104 212
1110 212
1116 212
1122 212
1128 212
1134 212
1140 212
1146 212
1152 212
1158 212
1164 212
1170 212
1176 212
1182 212
1188 212
