0 213
6 214
12 215
18 216
24 216
30 216
36 216
42 215
48 213
54 211
60 209
66 207
72 205
78 203
84 201
90 199
96 198
102 197
108 197
114 197
120 198
126 199
132 200
138 202
144 204
150 205
156 208
162 209
168 211
174 212
180 214
186 214
192 215
198 215
204 214
210 214
216 213
222 212
228 210
234 209
240 208
246 206
252 205
258 203
264 202
270 201
276 200
282 199
288 199
294 199
300 198
306 198
312 199
318 199
324 200
330 201
336 202
342 203
348 205
354 206
360 208
366 210
372 212
378 213
384 214
390 215
396 216
402 217
408 217
414 217
420 217
426 216
432 215
438 214
444 212
450 211
456 209
462 208
468 206
474 204
480 203
486 202
492 201
498 200
504 200
510 200
516 200
522 200
528 201
534 202
540 203
546 205
552 206
558 207
564 208
570 210
576 210
582 211
588 211
594 211
600 211
606 210
612 209
618 208
624 206
630 205
636 203
642 202
648 201
654 200
660 199
666 199
672 199
678 200
684 201
690 202
696 203
702 205
708 207
714 209
720 210
726 212
732 213
738 214
744 214
750 214
756 214
762 214
768 213
774 212
780 211
786 209
792 208
798 207
804 205
810 204
816 203
822 202
828 202
834 201
840 201
846 200
852 200
858 200
864 200
870 200
876 201
882 201
888 201
894 202
900 202
906 203
912 203
918 204
924 204
930 205
936 206
942 206
948 207
954 208
960 209
966 210
972 211
978 212
984 213
990 214
996 215
1002 215
1008 216
1014 216
1020 216
1026 216
1032 216
1038 216
1044 215
1050 214
1056 213
1062 211
1068 210
1074 208
1080 207
1086 205
1092 203
1098 201
1104 200
1110 199
1116 198
1122 197
1128 197
1134 197
1140 197
1146 198
1152 199
1158 200
1164 201
1170 203
1176 205
1182 207
1188 209
