0 164
1 170
2 176
3 182
3 188
4 194
4 200
4 206
3 212
2 218
0 224
1194 228
1188 225
1182 219
1177 213
1173 207
1167 202
1161 201
1155 207
1154 213
1153 219
1153 225
1153 231
1153 237
1154 243
1155 249
1157 255
1158 261
1160 267
1162 273
1165 279
1168 285
1171 291
1176 297
1181 303
1187 309
1193 313
1199 317
5 319
11 321
17 322
23 323
29 323
35 322
41 320
47 318
53 315
59 311
65 305
70 299
74 293
77 287
80 281
82 275
84 269
85 263
86 257
87 251
88 245
88 239
89 233
88 227
88 221
87 215
84 209
78 206
72 208
66 214
61 220
56 226
50 230
44 231
38 225
37 219
36 213
36 207
36 201
37 195
38 189
39 183
40 177
42 171
43 165
45 159
47 153
49 147
52 141
55 135
58 129
63 123
68 117
74 111
80 107
86 103
92 101
98 99
104 98
110 98
116 98
122 99
128 100
134 103
140 106
146 110
152 115
157 121
162 127
165 133
168 139
171 145
173 151
174 157
176 163
177 169
178 175
179 181
179 187
179 193
178 199
177 205
175 211
170 217
164 218
158 214
152 209
146 203
140 199
134 198
128 203
126 209
125 215
126 221
126 227
127 233
128 239
130 245
132 251
134 257
136 263
138 269
141 275
144 281
148 287
152 293
158 299
164 305
170 309
176 312
182 314
188 316
194 317
200 317
206 317
212 316
218 314
224 312
230 309
236 306
242 301
248 295
253 289
257 283
260 277
263 271
266 265
268 259
270 253
271 247
272 241
273 235
273 229
272 223
271 217
267 211
261 209
255 210
249 214
243 219
237 222
231 222
225 216
223 210
222 204
222 198
222 192
223 186
224 180
225 174
226 168
228 162
230 156
232 150
235 144
238 138
241 132
245 126
249 120
255 114
261 108
267 104
273 101
279 98
285 96
291 94
297 94
303 93
309 93
315 94
321 95
327 97
333 99
339 102
345 106
351 111
357 116
361 122
366 128
369 134
372 140
374 146
376 152
378 158
379 164
380 170
381 176
382 182
383 188
383 194
383 200
383 206
383 212
382 218
381 224
379 230
374 236
368 237
362 233
356 227
350 221
344 218
338 219
334 225
332 231
330 237
330 243
330 249
330 255
330 261
331 267
333 273
334 279
336 285
339 291
342 297
345 303
349 309
355 315
361 321
367 325
373 329
379 332
385 334
391 336
397 337
403 338
409 338
415 338
421 337
427 336
433 335
439 332
445 330
451 326
457 321
463 315
468 309
471 303
474 297
476 291
477 285
478 279
479 273
479 267
478 261
477 255
476 249
474 243
471 237
465 232
459 232
453 236
447 241
441 245
435 246
429 244
425 238
423 232
422 226
422 220
422 214
423 208
424 202
426 196
427 190
429 184
431 178
433 172
435 166
438 160
441 154
444 148
448 142
452 136
457 130
463 124
469 120
475 116
481 114
487 112
493 110
499 110
505 110
511 110
517 112
523 114
529 117
535 121
541 126
546 132
550 138
554 144
556 150
558 156
560 162
561 168
561 174
561 180
561 186
559 192
553 198
547 199
541 199
535 199
529 201
523 207
522 213
522 219
523 225
525 231
527 237
531 243
534 249
538 255
543 261
549 267
555 272
561 276
567 279
573 282
579 283
585 284
591 284
597 283
603 282
609 280
615 276
621 272
627 266
632 260
637 254
640 248
643 242
646 236
648 230
649 224
650 218
650 212
648 206
642 201
636 200
630 200
624 200
618 198
613 192
611 186
610 180
610 174
611 168
612 162
614 156
616 150
619 144
622 138
627 132
632 126
638 121
644 117
650 115
656 113
662 111
668 111
674 111
680 112
686 114
692 116
698 119
704 124
710 129
715 135
719 141
722 147
725 153
727 159
730 165
731 171
733 177
734 183
735 189
736 195
736 201
736 207
736 213
734 219
731 225
725 229
719 228
713 225
707 223
701 224
696 230
694 236
693 242
692 248
692 254
692 260
693 266
694 272
695 278
698 284
700 290
704 296
708 302
714 308
720 313
726 316
732 319
738 321
744 322
750 323
756 323
762 323
768 322
774 321
780 319
786 316
792 313
798 309
804 304
809 298
814 292
817 286
820 280
822 274
824 268
825 262
825 256
825 250
824 244
822 238
818 232
812 230
806 230
800 232
794 234
788 234
782 229
779 223
778 217
777 211
777 205
778 199
779 193
780 187
781 181
782 175
784 169
786 163
789 157
791 151
794 145
798 139
803 133
808 127
814 122
820 117
826 114
832 111
838 109
844 107
850 106
856 105
862 105
868 105
874 105
880 106
886 108
892 110
898 112
904 115
910 118
916 122
922 127
928 132
934 138
939 144
944 150
948 156
952 162
956 168
959 174
963 180
966 186
968 192
971 198
973 204
974 210
976 216
976 222
976 228
975 234
973 240
967 245
961 246
955 247
949 249
943 255
941 261
940 267
940 273
941 279
943 285
945 291
947 297
951 303
955 309
961 315
967 321
973 325
979 328
985 331
991 333
997 334
1003 336
1009 336
1015 336
1021 336
1027 336
1033 335
1039 333
1045 332
1051 329
1057 326
1063 323
1069 318
1075 313
1080 307
1085 301
1089 295
1092 289
1095 283
1097 277
1099 271
1101 265
1103 259
1105 253
1106 247
1107 241
1108 235
1108 229
1108 223
1108 217
1107 211
1106 205
1102 199
1096 195
1090 197
1084 202
1079 208
1073 214
1067 216
1061 214
1056 208
1052 202
1050 196
1048 190
1047 184
1047 178
1047 172
1047 166
1047 160
1048 154
1050 148
1051 142
1053 136
1056 130
1059 124
1063 118
1067 112
1073 106
1079 101
1085 96
1091 93
1097 90
1103 88
1109 87
1115 86
1121 85
1127 85
1133 86
1139 87
1145 89
1151 91
1157 94
1163 97
1169 102
1175 108
1180 114
1184 120
1188 126
1190 132
1193 138
1195 144
1197 150
1198 156
