0 205
6 205
12 205
18 205
24 206
30 206
36 206
42 206
48 206
54 206
60 206
66 206
72 206
78 205
84 205
90 205
96 205
102 205
108 205
114 205
120 205
126 206
132 206
138 206
144 206
150 206
156 206
162 206
168 206
174 206
180 206
186 206
192 206
198 206
204 206
210 206
216 206
222 206
228 206
234 206
240 206
246 206
252 206
258 206
264 206
270 206
276 206
282 206
288 206
294 206
300 205
306 205
312 205
318 205
324 205
330 205
336 205
342 205
348 205
354 205
360 206
366 205
372 205
378 205
384 205
390 205
396 205
402 205
408 205
414 205
420 205
426 205
432 205
438 205
444 206
450 206
456 206
462 206
468 206
474 206
480 206
486 206
492 205
498 205
504 205
510 205
516 205
522 205
528 205
534 205
540 206
546 206
552 206
558 206
564 206
570 206
576 206
582 205
588 206
594 206
600 205
606 205
612 205
618 206
624 206
630 206
636 206
642 206
648 206
654 205
660 205
666 205
672 205
678 205
684 206
690 206
696 206
702 206
708 206
714 206
720 206
726 206
732 205
738 205
744 205
750 205
756 205
762 205
768 206
774 206
780 206
786 206
792 206
798 206
804 205
810 206
816 206
822 206
828 206
834 206
840 206
846 206
852 206
858 205
864 205
870 205
876 205
882 205
888 205
894 205
900 205
906 205
912 205
918 205
924 205
930 205
936 205
942 205
948 205
954 205
960 206
966 206
972 206
978 206
984 206
990 206
996 206
1002 206
1008 205
1014 206
1020 206
1026 206
1032 206
1038 206
1044 206
1050 206
1056 206
1062 206
1068 206
1074 206
1080 206
1086 206
1092 206
1098 206
1104 206
1110 206
1116 206
1122 205
1128 205
1134 205
1140 205
1146 205
1152 205
1158 206
1164 206
1170 206
1176 206
1182 206
1188 206
