0 188
6 187
12 189
18 195
21 201
23 207
24 213
25 219
27 225
29 231
35 236
41 239
47 240
53 240
59 237
65 232
69 226
72 220
73 214
74 208
74 202
74 196
75 190
77 184
80 178
86 172
92 169
98 167
104 167
110 168
116 170
122 175
127 181
130 187
132 193
134 199
135 205
137 211
140 217
144 223
150 229
156 233
162 236
168 237
174 238
180 238
186 236
192 234
198 231
204 225
209 219
213 213
218 207
224 201
230 199
236 198
242 200
248 204
254 209
260 215
266 221
272 224
278 225
284 225
290 223
296 219
301 213
306 207
312 201
318 197
324 194
330 192
336 191
342 189
348 188
354 186
360 184
366 182
372 180
378 179
384 178
390 177
396 178
402 179
408 182
414 185
420 191
424 197
426 203
428 209
429 215
431 221
432 227
434 233
439 239
445 245
451 248
457 249
463 249
469 248
475 245
481 240
485 234
487 228
488 222
488 216
488 210
487 204
487 198
488 192
490 186
493 180
499 174
505 172
511 171
517 172
523 175
528 181
530 187
532 193
534 199
536 205
538 211
543 217
549 221
555 224
561 224
567 223
573 220
579 215
585 210
591 206
597 204
603 203
609 204
615 205
621 206
627 206
633 205
639 202
645 197
651 193
657 189
663 188
669 189
675 192
680 198
682 204
684 210
685 216
686 222
688 228
693 234
699 238
705 240
711 239
717 237
723 232
727 226
729 220
730 214
731 208
733 202
736 196
741 190
747 187
753 187
759 188
765 191
771 196
777 201
783 206
789 209
795 211
801 213
807 216
813 218
819 220
825 223
831 224
837 224
843 223
849 220
855 215
859 209
862 203
865 197
870 191
876 186
882 184
888 184
894 184
900 186
906 188
912 189
918 190
924 191
930 192
936 194
942 197
948 203
952 209
957 215
963 220
969 222
975 223
981 221
987 218
993 214
999 209
1005 206
1011 204
1017 205
1023 208
1029 212
1035 215
1041 217
1047 218
1053 217
1059 216
1065 214
1071 213
1077 213
1083 214
1089 215
1095 216
1101 216
1107 214
1113 210
1118 204
1124 198
1130 194
1136 193
1142 194
1148 196
1154 200
1160 204
1166 206
1172 206
1178 203
1184 199
1190 193
