0 284
1 289
4 294
7 299
12 304
17 307
22 310
27 311
32 311
37 311
42 310
47 307
52 303
56 298
59 293
61 288
62 283
62 278
63 273
64 268
66 263
69 258
72 253
75 248
79 243
83 238
87 233
91 228
95 223
99 218
102 213
105 208
108 203
111 198
113 193
115 188
117 183
118 178
120 173
121 168
121 163
122 158
122 153
122 148
122 143
121 138
120 133
118 128
117 123
114 118
109 113
104 111
99 111
95 116
94 121
95 126
95 131
90 136
85 137
80 136
75 134
70 131
65 127
61 122
59 117
57 112
57 107
57 102
59 97
60 92
63 87
67 82
72 77
77 73
82 70
87 68
92 66
97 64
102 64
107 63
112 63
117 64
122 64
127 66
132 67
137 69
142 72
147 76
152 80
157 85
160 90
163 95
166 100
168 105
169 110
170 115
171 120
171 125
171 130
170 135
169 140
167 145
165 150
162 155
158 160
153 163
148 158
149 153
149 148
150 143
150 138
150 133
149 128
147 123
143 118
138 117
134 122
133 127
133 132
133 137
133 142
132 147
132 152
132 157
131 162
130 167
130 172
129 177
128 182
127 187
126 192
125 197
124 202
122 207
121 212
120 217
119 222
118 227
117 232
116 237
115 242
115 247
114 252
114 257
113 262
113 267
113 272
114 277
114 282
115 287
116 292
118 297
120 302
122 307
125 312
129 317
133 322
138 326
143 329
148 331
153 333
158 335
163 335
168 336
173 336
178 335
183 334
188 333
193 331
198 329
203 325
208 321
212 316
215 311
217 306
219 301
220 296
220 291
219 286
218 281
217 276
215 271
212 266
207 261
202 257
197 255
192 255
187 256
183 261
181 266
181 271
180 276
175 281
170 280
165 276
161 271
159 266
158 261
157 256
157 251
157 246
158 241
160 236
162 231
165 226
168 221
173 216
178 212
183 209
188 206
193 203
198 202
203 200
208 199
213 199
218 199
223 199
228 200
233 201
238 204
243 206
248 210
253 215
257 220
260 225
261 230
256 233
251 235
250 240
251 245
254 250
257 255
261 260
265 265
270 270
275 274
280 277
285 279
290 281
295 281
300 282
305 282
310 281
315 279
320 277
325 274
330 270
335 266
339 261
343 256
346 251
349 246
351 241
354 236
355 231
357 226
358 221
358 216
359 211
359 206
358 201
357 196
356 191
354 186
350 181
345 178
340 177
335 179
332 184
330 189
329 194
324 199
319 197
315 192
312 187
311 182
310 177
310 172
310 167
310 162
311 157
312 152
314 147
315 142
317 137
320 132
322 127
325 122
328 117
332 112
336 107
340 102
345 97
350 93
355 90
360 88
365 86
370 84
375 83
380 82
385 82
390 82
395 82
400 83
405 84
410 86
415 88
420 91
425 95
430 100
434 105
438 110
440 115
443 120
444 125
446 130
447 135
447 140
448 145
448 150
448 155
447 160
446 165
445 170
443 175
442 180
440 185
438 190
437 195
435 200
433 205
432 210
431 215
430 220
429 225
428 230
427 235
426 240
425 245
425 250
425 255
425 260
425 265
425 270
425 275
426 280
426 285
426 290
421 287
420 282
419 277
418 272
418 267
417 262
417 257
417 252
416 247
416 242
415 237
410 237
407 242
406 247
404 252
402 257
401 262
400 267
399 272
398 277
397 282
397 287
396 292
396 297
397 302
397 307
398 312
400 317
402 322
405 327
408 332
413 337
418 342
423 345
428 347
433 349
438 351
443 352
448 352
453 353
458 353
463 352
468 351
473 350
478 348
483 345
488 342
493 338
498 333
501 328
504 323
505 318
506 313
506 308
504 303
502 298
499 293
494 288
489 285
484 282
479 280
474 278
469 277
464 277
459 279
455 284
455 289
455 294
450 299
447 294
444 289
442 284
441 279
439 274
439 269
438 264
438 259
438 254
438 249
439 244
440 239
442 234
444 229
446 224
449 219
452 214
456 209
460 204
464 199
469 194
474 189
479 184
483 179
488 174
491 169
495 164
498 159
501 154
502 149
503 144
503 139
503 134
503 129
504 124
506 119
509 114
514 109
519 106
524 105
529 105
534 105
539 107
544 109
549 113
553 118
556 123
558 128
559 133
559 138
559 143
558 148
557 153
555 158
553 163
550 168
545 173
540 178
535 181
531 176
533 171
535 166
535 161
534 156
529 153
524 155
519 158
514 163
509 168
504 173
500 178
495 183
491 188
487 193
483 198
479 203
475 208
472 213
470 218
468 223
467 228
467 233
469 238
472 243
477 247
482 250
487 253
492 255
497 256
502 258
507 259
512 261
517 262
522 263
527 263
532 264
537 265
542 265
547 265
552 264
557 263
562 262
567 260
572 256
577 251
579 246
578 241
573 238
568 238
563 239
558 241
553 241
548 236
550 231
555 226
560 223
565 220
570 217
575 214
580 212
585 211
590 209
595 207
600 206
605 205
610 204
615 203
620 201
625 200
630 199
635 197
640 196
645 194
650 191
655 188
660 183
663 178
663 173
662 168
658 163
653 161
648 160
644 155
646 150
650 145
655 142
660 140
665 140
670 140
675 142
680 146
685 151
689 156
692 161
695 166
697 171
699 176
701 181
702 186
704 191
705 196
705 201
706 206
706 211
706 216
706 221
706 226
706 231
706 236
706 241
705 246
705 251
704 256
703 261
702 266
701 271
699 276
697 281
692 286
687 281
686 276
686 271
686 266
685 261
683 256
678 254
673 256
668 260
665 265
663 270
661 275
661 280
661 285
661 290
662 295
663 300
666 305
669 310
673 315
678 320
683 323
688 326
693 328
698 329
703 329
708 329
713 329
718 328
723 326
728 323
733 319
738 314
741 309
744 304
745 299
746 294
746 289
746 284
746 279
744 274
743 269
740 264
737 259
732 258
728 263
726 268
725 273
720 277
719 272
718 267
718 262
718 257
718 252
719 247
719 242
720 237
721 232
721 227
722 222
723 217
724 212
725 207
725 202
726 197
727 192
727 187
728 182
728 177
728 172
728 167
729 162
729 157
730 152
732 147
734 142
738 137
743 133
748 131
753 130
758 130
763 132
768 134
773 137
778 141
782 146
785 151
788 156
790 161
792 166
793 171
794 176
794 181
794 186
791 191
786 189
781 191
778 196
777 201
776 206
776 211
777 216
778 221
779 226
781 231
783 236
785 241
787 246
790 251
792 256
795 261
799 266
802 271
806 276
811 281
816 284
821 287
826 290
831 291
836 292
841 293
846 292
851 291
856 289
861 287
866 283
871 278
875 273
877 268
879 263
881 258
882 253
883 248
884 243
884 238
884 233
885 228
884 223
884 218
884 213
884 208
883 203
883 198
882 193
882 188
880 183
879 178
877 173
873 168
868 166
863 167
860 172
858 177
857 182
856 187
856 192
854 197
849 199
846 194
843 189
841 184
840 179
839 174
838 169
838 164
837 159
837 154
838 149
838 144
839 139
840 134
842 129
844 124
847 119
850 114
854 109
859 105
864 102
869 99
874 97
879 95
884 94
889 94
894 94
899 94
904 95
909 96
914 98
919 100
924 102
929 106
934 110
939 114
943 119
946 124
949 129
951 134
953 139
954 144
955 149
955 154
955 159
954 164
952 169
948 174
943 177
938 177
935 172
933 167
928 162
923 161
918 164
915 169
913 174
911 179
911 184
910 189
910 194
910 199
910 204
911 209
912 214
912 219
913 224
915 229
916 234
918 239
919 244
922 249
924 254
927 259
931 264
936 269
941 273
946 276
951 277
956 277
961 277
966 275
971 270
974 265
975 260
974 255
972 250
967 246
962 244
959 239
959 234
961 229
965 224
970 220
975 217
980 215
985 213
990 212
995 211
1000 211
1005 211
1010 212
1015 213
1020 216
1025 221
1027 226
1027 231
1023 236
1019 241
1018 246
1018 251
1020 256
1022 261
1025 266
1029 271
1034 274
1039 277
1044 279
1049 280
1054 280
1059 279
1064 278
1069 276
1074 274
1079 271
1084 268
1089 266
1094 263
1099 260
1104 258
1109 255
1114 252
1119 248
1124 244
1129 239
1133 234
1136 229
1138 224
1139 219
1139 214
1138 209
1137 204
1133 199
1128 195
1123 192
1118 191
1113 190
1108 192
1103 196
1098 197
1093 192
1090 187
1089 182
1089 177
1090 172
1091 167
1093 162
1097 157
1102 152
1107 149
1112 147
1117 147
1122 147
1127 149
1132 154
1137 159
1142 164
1147 168
1152 171
1157 174
1162 176
1167 179
1172 181
1177 183
1182 185
1187 186
1192 187
1197 188
2 189
7 189
12 189
17 189
22 189
27 188
32 187
37 185
42 180
41 175
36 172
31 169
36 165
41 165
46 165
51 166
56 166
61 167
66 169
71 170
76 172
81 175
86 179
89 184
90 189
90 194
89 199
87 204
85 209
82 214
79 219
75 224
72 229
68 234
63 239
59 244
54 249
49 253
44 257
39 259
34 254
36 249
38 244
40 239
39 234
34 232
29 232
24 233
19 235
14 238
9 243
5 248
3 253
1 258
0 263
1199 268
1199 273
1199 278
