0 189
6 189
12 191
18 196
21 202
23 208
24 214
24 220
24 226
25 232
28 238
33 244
39 247
45 249
51 249
57 247
63 243
69 237
72 231
74 225
75 219
75 213
75 207
74 201
74 195
75 189
77 183
80 177
85 171
91 167
97 165
103 165
109 165
115 168
121 172
126 178
130 184
131 190
133 196
133 202
134 208
135 214
137 220
140 226
144 232
150 238
156 242
162 245
168 246
174 247
180 247
186 245
192 243
198 239
204 233
208 227
211 221
214 215
218 209
224 204
230 201
236 201
242 203
248 207
253 213
258 219
264 225
270 230
276 232
282 232
288 231
294 228
300 222
304 216
308 210
313 204
319 199
325 196
331 194
337 192
343 190
349 189
355 187
361 184
367 182
373 180
379 178
385 177
391 177
397 177
403 179
409 182
415 186
420 192
424 198
426 204
428 210
428 216
429 222
429 228
430 234
432 240
435 246
441 252
447 256
453 258
459 259
465 258
471 257
477 253
483 248
486 242
488 236
489 230
489 224
489 218
487 212
486 206
486 200
486 194
488 188
491 182
495 176
501 172
507 170
513 170
519 172
525 177
528 183
530 189
531 195
532 201
534 207
536 213
539 219
544 225
550 229
556 231
562 231
568 229
574 226
580 220
586 214
592 210
598 207
604 207
610 208
616 209
622 210
628 210
634 208
640 205
646 199
652 194
658 190
664 189
670 190
676 194
680 200
682 206
683 212
684 218
684 224
685 230
687 236
692 242
698 246
704 248
710 248
716 246
722 242
727 236
729 230
730 224
731 218
731 212
732 206
734 200
738 194
744 189
750 187
756 188
762 190
768 195
774 201
780 207
786 212
792 215
798 218
804 220
810 223
816 226
822 229
828 231
834 231
840 231
846 229
852 225
857 219
860 213
862 207
865 201
868 195
873 189
879 185
885 184
891 184
897 185
903 187
909 189
915 191
921 192
927 193
933 195
939 198
945 203
949 209
952 215
956 221
962 226
968 229
974 230
980 228
986 225
992 220
998 214
1004 210
1010 208
1016 209
1022 212
1028 216
1034 220
1040 223
1046 224
1052 224
1058 222
1064 220
1070 219
1076 218
1082 219
1088 220
1094 221
1100 221
1106 220
1112 216
1117 210
1121 204
1127 198
1133 195
1139 195
1145 197
1151 201
1157 205
1163 209
1169 210
1175 208
1181 205
1187 199
1193 193
