0 204
6 204
12 204
18 204
24 205
30 206
36 206
42 206
48 206
54 206
60 206
66 205
72 205
78 204
84 204
90 204
96 203
102 204
108 204
114 204
120 204
126 204
132 205
138 205
144 205
150 206
156 206
162 206
168 206
174 206
180 206
186 206
192 206
198 206
204 206
210 206
216 205
222 205
228 205
234 205
240 205
246 205
252 205
258 205
264 205
270 206
276 206
282 205
288 205
294 205
300 205
306 204
312 204
318 204
324 204
330 204
336 204
342 204
348 204
354 204
360 204
366 204
372 204
378 204
384 204
390 203
396 204
402 204
408 204
414 204
420 204
426 205
432 205
438 205
444 206
450 206
456 206
462 207
468 207
474 206
480 206
486 205
492 204
498 204
504 203
510 203
516 203
522 204
528 204
534 205
540 205
546 205
552 205
558 205
564 205
570 205
576 205
582 205
588 205
594 205
600 205
606 205
612 205
618 205
624 205
630 205
636 205
642 205
648 205
654 204
660 204
666 204
672 204
678 205
684 205
690 206
696 206
702 206
708 206
714 206
720 206
726 205
732 205
738 204
744 204
750 204
756 204
762 204
768 205
774 205
780 205
786 205
792 205
798 205
804 205
810 205
816 205
822 205
828 205
834 205
840 205
846 205
852 205
858 205
864 204
870 204
876 204
882 204
888 204
894 204
900 204
906 204
912 204
918 204
924 204
930 204
936 204
942 204
948 204
954 205
960 205
966 205
972 205
978 205
984 205
990 205
996 205
1002 205
1008 205
1014 205
1020 205
1026 205
1032 205
1038 205
1044 205
1050 205
1056 205
1062 205
1068 205
1074 205
1080 205
1086 205
1092 205
1098 205
1104 205
1110 205
1116 205
1122 205
1128 204
1134 204
1140 204
1146 204
1152 204
1158 205
1164 205
1170 205
1176 205
1182 205
1188 204
