0 177
6 173
12 173
18 175
24 179
30 185
34 191
37 197
40 203
41 209
42 215
41 221
39 227
33 232
27 233
21 239
19 245
19 251
20 257
23 263
29 269
35 273
41 275
47 275
53 275
59 273
65 269
71 264
75 258
79 252
81 246
83 240
84 234
85 228
86 222
86 216
85 210
84 204
82 198
77 192
73 186
71 180
69 174
68 168
68 162
69 156
70 150
73 144
78 138
84 133
90 129
96 128
102 127
108 126
114 127
120 129
126 132
132 136
138 142
142 148
144 154
146 160
147 166
146 172
144 178
139 184
133 189
129 195
128 201
127 207
126 213
126 219
127 225
127 231
128 237
130 243
132 249
135 255
139 261
144 267
150 272
156 275
162 278
168 279
174 279
180 279
186 277
192 274
198 270
203 264
206 258
208 252
208 246
207 240
204 234
202 228
201 222
201 216
203 210
207 204
212 198
218 194
224 192
230 191
236 193
242 196
248 202
251 208
254 214
256 220
258 226
260 232
264 238
269 244
275 249
281 251
287 252
293 252
299 250
305 246
311 240
315 234
316 228
317 222
316 216
313 210
311 204
311 198
312 192
315 186
320 180
326 174
332 170
338 167
344 163
350 160
356 156
362 152
368 149
374 146
380 144
386 143
392 143
398 144
404 146
410 148
416 152
422 158
426 164
429 170
432 176
434 182
435 188
436 194
437 200
438 206
438 212
438 218
437 224
434 230
428 233
422 235
418 241
416 247
416 253
417 259
418 265
421 271
424 277
429 283
435 287
441 291
447 293
453 294
459 295
465 294
471 292
477 289
483 285
488 279
492 273
494 267
495 261
495 255
495 249
493 243
491 237
488 231
483 225
477 221
474 215
473 209
473 203
473 197
474 191
475 185
476 179
477 173
479 167
482 161
485 155
491 149
497 144
503 142
509 140
515 141
521 142
527 145
533 151
536 157
537 163
537 169
532 175
526 178
520 184
518 190
517 196
517 202
519 208
521 214
524 220
527 226
532 232
538 238
544 242
550 244
556 246
562 245
568 243
574 237
577 231
578 225
579 219
583 213
589 207
595 204
601 203
607 203
613 203
619 204
625 204
631 203
637 200
643 195
648 189
650 183
653 177
658 171
664 169
670 169
676 172
682 177
686 183
689 189
691 195
692 201
693 207
693 213
692 219
691 225
686 231
680 237
677 243
677 249
678 255
680 261
683 267
689 272
695 276
701 278
707 278
713 278
719 276
725 272
731 266
734 260
736 254
737 248
736 242
734 236
730 230
726 224
724 218
723 212
723 206
724 200
725 194
726 188
728 182
731 176
737 170
743 166
749 165
755 165
761 166
767 171
771 177
774 183
775 189
777 195
779 201
782 207
786 213
790 219
795 225
800 231
806 237
812 243
818 247
824 250
830 252
836 253
842 252
848 251
854 248
860 242
864 236
867 230
868 224
869 218
868 212
866 206
862 200
858 194
856 188
855 182
856 176
858 170
862 164
868 158
874 155
880 153
886 152
892 152
898 153
904 155
910 158
916 160
922 163
928 167
934 171
940 176
944 182
947 188
948 194
947 200
945 206
942 212
942 218
942 224
943 230
946 236
951 242
957 246
963 248
969 248
975 246
981 242
985 236
988 230
990 224
993 218
998 212
1004 207
1010 205
1016 206
1022 210
1025 216
1028 222
1031 228
1035 234
1041 238
1047 239
1053 239
1059 237
1065 234
1071 232
1077 231
1083 231
1089 231
1095 232
1101 232
1107 230
1113 227
1117 221
1119 215
1119 209
1118 203
1117 197
1116 191
1117 185
1121 179
1127 176
1133 175
1139 176
1145 180
1151 186
1156 192
1162 198
1168 201
1174 202
1180 202
1186 199
1192 194
1195 188
