0 199
6 200
12 201
18 205
24 211
30 216
36 220
42 222
48 222
54 221
60 218
66 213
72 207
78 201
84 196
90 193
96 192
102 191
108 192
114 194
120 197
126 200
132 204
138 208
144 212
150 215
156 217
162 219
168 220
174 220
180 220
186 219
192 219
198 217
204 215
210 213
216 210
222 208
228 206
234 205
240 205
246 206
252 208
258 211
264 213
270 214
276 215
282 214
288 213
294 211
300 209
306 207
312 205
318 203
324 202
330 202
336 201
342 201
348 200
354 199
360 199
366 198
372 197
378 197
384 196
390 196
396 196
402 197
408 198
414 200
420 203
426 207
432 211
438 216
444 220
450 224
456 226
462 226
468 226
474 223
480 219
485 213
490 207
494 201
500 196
506 193
512 192
518 193
524 196
530 200
536 205
542 209
548 212
554 214
560 215
566 214
572 213
578 211
584 209
590 207
596 206
602 206
608 206
614 207
620 208
626 208
632 208
638 207
644 205
650 203
656 201
662 200
668 201
674 203
680 207
686 212
692 217
698 220
704 221
710 221
716 220
722 217
728 212
734 207
740 203
746 200
752 200
758 200
764 202
770 204
776 206
782 208
788 209
794 209
800 210
806 210
812 211
818 212
824 213
830 214
836 214
842 213
848 212
854 210
860 207
866 204
872 201
878 200
884 199
890 199
896 199
902 200
908 201
914 202
920 202
926 202
932 202
938 203
944 204
950 206
956 209
962 211
968 213
974 214
980 214
986 213
992 211
998 209
1004 207
1010 207
1016 207
1022 208
1028 210
1034 211
1040 212
1046 212
1052 212
1058 211
1064 210
1070 210
1076 210
1082 210
1088 211
1094 211
1100 211
1106 211
1112 209
1118 207
1124 205
1130 203
1136 202
1142 202
1148 204
1154 205
1160 207
1166 208
1172 208
1178 207
1184 204
1190 202
