0 186
6 186
12 188
18 194
21 200
23 206
25 212
27 218
30 224
36 229
42 231
48 232
54 231
60 228
66 223
69 217
72 211
73 205
74 199
75 193
76 187
79 181
84 175
90 171
96 169
102 168
108 169
114 171
120 175
126 181
129 187
132 193
135 199
137 205
141 211
145 217
151 222
157 225
163 228
169 229
175 229
181 229
187 228
193 226
199 222
205 218
210 212
216 206
222 200
228 197
234 196
240 197
246 199
252 203
258 209
264 213
270 217
276 218
282 218
288 217
294 214
300 208
306 203
312 198
318 195
324 192
330 191
336 189
342 188
348 187
354 186
360 184
366 182
372 181
378 179
384 178
390 178
396 178
402 180
408 182
414 185
420 191
424 197
427 203
429 209
431 215
434 221
437 227
443 233
449 237
455 239
461 240
467 239
473 237
479 233
483 227
486 221
487 215
488 209
488 203
488 197
489 191
491 185
495 179
501 174
507 172
513 172
519 173
525 178
529 184
532 190
534 196
537 202
541 208
547 214
553 217
559 218
565 217
571 215
577 212
583 207
589 204
595 201
601 200
607 200
613 201
619 202
625 203
631 202
637 200
643 197
649 192
655 189
661 187
667 187
673 190
679 196
682 202
684 208
686 214
688 220
693 226
699 230
705 231
711 231
717 229
723 224
727 218
729 212
731 206
733 200
736 194
742 189
748 186
754 186
760 187
766 190
772 195
778 199
784 203
790 205
796 207
802 208
808 210
814 212
820 215
826 216
832 217
838 217
844 216
850 213
856 208
860 202
865 196
870 190
876 186
882 184
888 183
894 184
900 185
906 187
912 188
918 189
924 190
930 191
936 192
942 195
948 200
954 206
960 211
966 215
972 216
978 216
984 214
990 211
996 207
1002 203
1008 201
1014 201
1020 203
1026 206
1032 209
1038 211
1044 212
1050 212
1056 211
1062 210
1068 208
1074 208
1080 208
1086 209
1092 210
1098 211
1104 210
1110 207
1116 203
1122 197
1128 193
1134 191
1140 191
1146 193
1152 196
1158 200
1164 202
1170 202
1176 201
1182 197
1188 192
