0 198
6 198
12 199
18 199
24 200
30 201
36 202
42 203
48 203
54 203
60 202
66 201
72 200
78 199
84 198
90 197
96 197
102 197
108 197
114 198
120 198
126 199
132 200
138 200
144 201
150 201
156 202
162 202
168 202
174 202
180 202
186 202
192 202
198 202
204 202
210 201
216 201
222 200
228 200
234 200
240 200
246 200
252 200
258 201
264 201
270 201
276 201
282 201
288 201
294 200
300 200
306 200
312 199
318 199
324 199
330 199
336 199
342 198
348 198
354 198
360 198
366 198
372 198
378 198
384 198
390 198
396 198
402 198
408 198
414 199
420 199
426 200
432 200
438 201
444 202
450 203
456 203
462 204
468 203
474 203
480 202
486 201
492 199
498 198
504 197
510 197
516 197
522 198
528 198
534 199
540 200
546 201
552 201
558 201
564 201
570 201
576 201
582 200
588 200
594 200
600 200
606 200
612 200
618 200
624 200
630 200
636 200
642 200
648 199
654 199
660 199
666 199
672 199
678 200
684 200
690 201
696 202
702 203
708 203
714 203
720 202
726 201
732 200
738 199
744 199
750 199
756 199
762 199
768 200
774 200
780 200
786 200
792 200
798 200
804 200
810 200
816 201
822 201
828 201
834 201
840 201
846 201
852 200
858 200
864 199
870 199
876 198
882 198
888 198
894 198
900 199
906 199
912 199
918 199
924 199
930 199
936 199
942 199
948 199
954 200
960 200
966 201
972 201
978 201
984 201
990 201
996 200
1002 200
1008 200
1014 200
1020 200
1026 200
1032 201
1038 201
1044 201
1050 201
1056 201
1062 201
1068 200
1074 200
1080 200
1086 201
1092 201
1098 201
1104 201
1110 201
1116 200
1122 200
1128 199
1134 199
1140 199
1146 199
1152 199
1158 200
1164 200
1170 200
1176 200
1182 200
1188 199
