0 298
3 303
7 308
12 312
17 314
22 316
27 317
32 316
37 315
42 313
47 310
52 305
55 300
56 295
57 290
57 285
56 280
57 275
58 270
61 265
64 260
68 255
72 250
76 245
81 240
86 235
90 230
95 225
99 220
103 215
107 210
110 205
113 200
116 195
118 190
121 185
123 180
124 175
126 170
127 165
128 160
129 155
129 150
129 145
129 140
128 135
127 130
126 125
124 120
122 115
120 110
116 105
111 101
106 100
101 100
96 103
94 108
96 113
97 118
99 123
97 128
92 131
87 132
82 132
77 131
72 129
67 127
62 122
58 117
56 112
55 107
54 102
55 97
56 92
58 87
60 82
64 77
69 72
74 67
79 64
84 62
89 60
94 58
99 57
104 57
109 56
114 56
119 57
124 58
129 59
134 61
139 63
144 66
149 69
154 73
158 78
162 83
165 88
168 93
170 98
172 103
173 108
174 113
174 118
175 123
174 128
174 133
172 138
171 143
169 148
166 153
162 158
157 161
152 159
151 154
151 149
152 144
152 139
153 134
153 129
152 124
151 119
150 114
147 109
142 105
137 107
136 112
136 117
136 122
136 127
137 132
137 137
137 142
137 147
136 152
136 157
135 162
134 167
133 172
132 177
131 182
130 187
128 192
127 197
126 202
124 207
123 212
122 217
120 222
119 227
118 232
117 237
116 242
115 247
114 252
113 257
112 262
112 267
111 272
111 277
112 282
112 287
113 292
114 297
115 302
116 307
118 312
121 317
125 322
129 327
134 331
139 335
144 337
149 339
154 341
159 342
164 343
169 343
174 343
179 342
184 341
189 340
194 338
199 335
204 332
209 327
213 322
216 317
219 312
220 307
221 302
221 297
220 292
219 287
217 282
214 277
211 272
207 267
202 263
197 261
192 260
187 261
182 265
180 270
179 275
180 280
180 285
180 290
175 294
170 294
165 292
160 288
157 283
154 278
153 273
152 268
151 263
152 258
152 253
153 248
154 243
156 238
159 233
162 228
166 223
171 219
176 215
181 212
186 209
191 207
196 206
201 205
206 204
211 203
216 203
221 204
226 205
231 206
236 208
241 210
246 213
251 217
256 222
260 227
263 232
265 237
260 240
255 239
250 240
249 245
250 250
253 255
256 260
260 265
264 270
269 275
274 279
279 282
284 284
289 286
294 287
299 288
304 288
309 287
314 286
319 284
324 282
329 279
334 275
339 270
343 265
347 260
350 255
353 250
355 245
357 240
359 235
361 230
362 225
363 220
363 215
364 210
363 205
363 200
362 195
361 190
360 185
357 180
353 175
348 172
343 171
338 173
335 178
333 183
332 188
332 193
331 198
327 203
322 201
317 196
314 191
312 186
310 181
309 176
308 171
308 166
308 161
309 156
310 151
311 146
312 141
313 136
315 131
317 126
320 121
322 116
325 111
328 106
332 101
337 96
342 91
347 87
352 84
357 81
362 79
367 77
372 76
377 75
382 74
387 74
392 74
397 75
402 76
407 77
412 79
417 82
422 84
427 88
432 93
437 98
440 103
443 108
446 113
448 118
449 123
450 128
451 133
452 138
452 143
452 148
452 153
451 158
449 163
448 168
446 173
443 178
441 183
438 188
436 193
434 198
432 203
430 208
428 213
427 218
425 223
424 228
423 233
422 238
421 243
421 248
420 253
420 258
420 263
420 268
420 273
421 278
422 283
422 288
423 293
424 298
419 303
418 298
417 293
416 288
415 283
415 278
414 273
414 268
413 263
413 258
413 253
413 248
412 243
407 244
405 249
404 254
403 259
402 264
400 269
399 274
398 279
397 284
396 289
396 294
395 299
395 304
395 309
396 314
397 319
398 324
400 329
403 334
407 339
412 344
417 348
422 351
427 354
432 356
437 357
442 358
447 359
452 359
457 359
462 359
467 358
472 357
477 355
482 353
487 350
492 347
497 342
501 337
504 332
506 327
507 322
508 317
507 312
505 307
501 302
496 297
491 294
486 292
481 291
476 289
471 289
466 288
461 289
456 291
454 296
453 301
455 306
457 311
459 316
454 319
449 316
445 311
441 306
439 301
436 296
434 291
433 286
432 281
431 276
431 271
430 266
430 261
431 256
432 251
433 246
434 241
436 236
439 231
442 226
445 221
449 216
454 211
459 206
464 202
469 198
474 194
479 190
484 186
489 181
494 176
498 171
502 166
505 161
508 156
509 151
510 146
510 141
509 136
507 131
507 126
508 121
510 116
514 111
519 106
524 104
529 103
534 103
539 104
544 106
549 109
554 114
558 119
560 124
561 129
562 134
563 139
562 144
562 149
560 154
558 159
556 164
553 169
549 174
544 179
539 183
534 186
530 181
533 176
535 171
537 166
538 161
537 156
532 154
527 156
522 160
517 165
513 170
508 175
503 180
499 185
494 190
489 195
484 200
479 205
474 210
469 215
465 220
462 225
460 230
458 235
457 240
458 245
460 250
465 255
470 258
475 261
480 262
485 264
490 265
495 266
500 267
505 268
510 268
515 269
520 269
525 270
530 270
535 270
540 270
545 269
550 269
555 268
560 266
565 264
570 261
575 257
578 252
578 247
573 243
568 243
563 244
558 246
553 247
548 248
543 247
541 242
545 237
550 232
555 229
560 226
565 223
570 221
575 218
580 216
585 214
590 213
595 211
600 210
605 209
610 207
615 206
620 205
625 203
630 202
635 200
640 199
645 196
650 194
655 191
660 187
663 182
665 177
664 172
662 167
657 163
652 162
647 162
642 157
643 152
645 147
650 143
655 140
660 139
665 138
670 139
675 141
680 145
685 150
689 155
693 160
695 165
698 170
700 175
702 180
704 185
706 190
707 195
708 200
708 205
709 210
709 215
709 220
709 225
708 230
708 235
708 240
707 245
707 250
706 255
705 260
704 265
704 270
703 275
701 280
700 285
699 290
696 295
691 299
686 297
683 292
683 287
684 282
684 277
685 272
684 267
681 262
676 261
671 263
666 268
663 273
661 278
660 283
659 288
659 293
659 298
660 303
662 308
665 313
668 318
672 323
677 327
682 330
687 332
692 334
697 335
702 336
707 336
712 335
717 334
722 333
727 330
732 327
737 322
740 317
743 312
745 307
746 302
746 297
746 292
745 287
744 282
742 277
740 272
736 267
731 267
728 272
726 277
725 282
724 287
723 292
718 292
717 287
716 282
717 277
717 272
717 267
717 262
718 257
718 252
719 247
720 242
721 237
722 232
723 227
724 222
725 217
726 212
727 207
728 202
729 197
730 192
730 187
731 182
731 177
731 172
731 167
730 162
730 157
731 152
732 147
733 142
736 137
741 132
746 130
751 128
756 128
761 128
766 130
771 132
776 136
781 141
785 146
788 151
791 156
793 161
795 166
797 171
798 176
799 181
799 186
799 191
798 196
793 199
788 195
783 196
780 201
778 206
777 211
777 216
777 221
778 226
779 231
780 236
781 241
783 246
785 251
788 256
790 261
793 266
795 271
799 276
803 281
807 286
812 290
817 294
822 297
827 299
832 300
837 301
842 301
847 301
852 300
857 298
862 296
867 292
872 287
875 282
878 277
880 272
882 267
883 262
884 257
884 252
884 247
885 242
885 237
884 232
884 227
884 222
884 217
883 212
883 207
882 202
882 197
881 192
881 187
880 182
879 177
878 172
876 167
873 162
868 160
863 163
860 168
858 173
858 178
857 183
857 188
857 193
857 198
855 203
850 204
845 199
843 194
841 189
840 184
839 179
838 174
838 169
837 164
837 159
836 154
836 149
837 144
837 139
838 134
839 129
841 124
843 119
845 114
849 109
853 104
858 99
863 96
868 93
873 91
878 89
883 88
888 87
893 87
898 87
903 88
908 89
913 90
918 92
923 94
928 97
933 101
938 105
943 110
946 115
949 120
952 125
954 130
956 135
957 140
957 145
958 150
957 155
956 160
954 165
951 170
946 175
941 177
936 176
933 171
933 166
931 161
928 156
923 154
918 155
913 159
910 164
908 169
907 174
906 179
906 184
906 189
906 194
906 199
906 204
907 209
908 214
909 219
910 224
911 229
912 234
914 239
916 244
918 249
920 254
923 259
926 264
930 269
934 274
939 278
944 281
949 283
954 283
959 283
964 281
969 277
972 272
974 267
974 262
972 257
968 252
963 250
958 249
953 245
951 240
952 235
955 230
960 225
965 222
970 220
975 218
980 216
985 215
990 215
995 214
1000 214
1005 215
1010 216
1015 218
1020 221
1025 226
1028 231
1030 236
1026 241
1021 243
1017 248
1016 253
1017 258
1018 263
1020 268
1023 273
1027 278
1032 283
1037 285
1042 288
1047 289
1052 289
1057 289
1062 288
1067 287
1072 285
1077 282
1082 279
1087 276
1092 273
1097 270
1102 267
1107 264
1112 260
1117 256
1122 252
1127 247
1131 242
1135 237
1137 232
1139 227
1141 222
1141 217
1141 212
1139 207
1136 202
1131 197
1126 194
1121 192
1116 192
1111 192
1106 195
1102 200
1097 203
1092 201
1088 196
1086 191
1085 186
1085 181
1085 176
1086 171
1087 166
1090 161
1093 156
1098 152
1103 148
1108 146
1113 146
1118 146
1123 148
1128 152
1132 157
1137 162
1142 165
1147 168
1152 171
1157 174
1162 176
1167 178
1172 180
1177 182
1182 183
1187 185
1192 186
1197 187
2 188
7 189
12 189
17 190
22 190
27 190
32 189
37 188
42 187
47 185
51 180
50 175
45 172
44 167
49 166
54 166
59 166
64 166
69 166
74 166
79 167
84 168
89 169
94 172
98 177
99 182
99 187
98 192
96 197
94 202
91 207
88 212
84 217
81 222
76 227
72 232
68 237
63 242
58 247
53 252
48 257
43 261
38 265
33 267
28 262
31 257
34 252
37 247
39 242
38 237
33 235
28 235
23 236
18 237
13 240
8 245
4 250
1 255
1199 260
1198 265
1197 270
1196 275
1196 280
1196 285
1197 290
