0 208
6 208
12 208
18 209
24 209
30 209
36 209
42 209
48 209
54 209
60 209
66 209
72 208
78 208
84 208
90 208
96 208
102 208
108 208
114 208
120 209
126 208
132 208
138 209
144 209
150 209
156 209
162 209
168 209
174 209
180 209
186 209
192 209
198 209
204 209
210 209
216 209
222 209
228 209
234 209
240 209
246 209
252 209
258 209
264 209
270 209
276 209
282 209
288 209
294 209
300 208
306 209
312 208
318 208
324 208
330 208
336 208
342 208
348 208
354 208
360 208
366 208
372 208
378 208
384 208
390 208
396 208
402 208
408 208
414 208
420 208
426 209
432 208
438 209
444 209
450 209
456 209
462 209
468 209
474 209
480 209
486 209
492 209
498 208
504 208
510 208
516 208
522 208
528 208
534 209
540 209
546 209
552 209
558 209
564 209
570 209
576 209
582 209
588 209
594 208
600 208
606 209
612 209
618 208
624 209
630 209
636 209
642 209
648 209
654 208
660 208
666 208
672 209
678 209
684 209
690 209
696 209
702 209
708 209
714 209
720 209
726 209
732 209
738 208
744 208
750 208
756 208
762 209
768 209
774 209
780 209
786 209
792 209
798 209
804 209
810 209
816 209
822 209
828 209
834 209
840 209
846 209
852 209
858 209
864 209
870 208
876 208
882 208
888 208
894 208
900 208
906 208
912 209
918 209
924 209
930 208
936 208
942 208
948 209
954 208
960 209
966 209
972 209
978 209
984 209
990 209
996 209
1002 209
1008 208
1014 208
1020 209
1026 209
1032 209
1038 209
1044 209
1050 209
1056 209
1062 209
1068 209
1074 209
1080 209
1086 209
1092 209
1098 209
1104 209
1110 209
1116 209
1122 209
1128 209
1134 209
1140 208
1146 209
1152 208
1158 209
1164 209
1170 209
1176 209
1182 209
1188 209
