0 188
6 188
12 188
18 187
24 185
30 181
31 175
25 170
19 165
25 162
31 162
37 163
43 164
49 166
55 168
61 170
67 173
73 177
79 183
82 189
83 195
82 201
81 207
78 213
75 219
72 225
68 231
63 237
57 243
51 249
45 253
39 255
35 249
37 243
38 237
32 231
26 232
20 234
14 238
9 244
6 250
3 256
2 262
2 268
3 274
4 280
7 286
11 292
17 297
23 301
29 302
35 303
41 302
47 300
53 297
59 291
62 285
65 279
66 273
68 267
70 261
73 255
76 249
79 243
83 237
87 231
91 225
95 219
99 213
102 207
105 201
107 195
109 189
111 183
113 177
114 171
114 165
115 159
115 153
114 147
113 141
111 135
108 129
102 125
97 131
96 137
91 143
85 143
79 141
73 138
67 133
62 127
60 121
59 115
58 109
60 103
62 97
65 91
70 85
76 80
82 76
88 73
94 71
100 70
106 69
112 69
118 70
124 71
130 73
136 76
142 79
148 84
154 90
159 96
162 102
165 108
167 114
168 120
168 126
168 132
168 138
166 144
164 150
161 156
157 162
151 168
145 166
144 160
144 154
145 148
145 142
144 136
138 130
133 136
131 142
130 148
129 154
129 160
128 166
127 172
126 178
125 184
124 190
123 196
122 202
121 208
120 214
119 220
118 226
117 232
117 238
116 244
116 250
116 256
116 262
117 268
117 274
119 280
120 286
123 292
126 298
130 304
135 310
141 315
147 319
153 321
159 323
165 324
171 324
177 324
183 323
189 321
195 318
201 315
207 309
212 303
215 297
217 291
218 285
218 279
217 273
215 267
211 261
206 255
200 251
194 251
188 254
185 260
182 266
176 269
170 267
166 261
163 255
162 249
162 243
163 237
164 231
167 225
170 219
175 213
181 208
187 203
193 200
199 197
205 195
211 194
217 193
223 194
229 195
235 197
241 200
247 204
253 210
257 216
260 222
260 228
254 234
254 240
257 246
260 252
265 258
271 263
277 268
283 271
289 273
295 274
301 274
307 274
313 272
319 269
325 265
331 260
337 254
341 248
344 242
347 236
349 230
351 224
352 218
353 212
352 206
352 200
350 194
346 188
340 184
334 186
330 192
327 198
321 200
315 195
312 189
310 183
310 177
310 171
310 165
311 159
313 153
315 147
318 141
321 135
325 129
329 123
333 117
338 111
344 105
350 100
356 96
362 93
368 91
374 89
380 88
386 88
392 88
398 89
404 90
410 93
416 96
422 100
428 105
433 111
437 117
439 123
442 129
443 135
444 141
445 147
445 153
445 159
445 165
444 171
442 177
441 183
440 189
438 195
437 201
436 207
435 213
433 219
433 225
432 231
431 237
430 243
430 249
430 255
430 261
430 267
430 273
429 279
423 282
421 276
421 270
420 264
420 258
419 252
418 246
418 240
412 236
408 242
405 248
403 254
402 260
400 266
399 272
399 278
398 284
399 290
399 296
401 302
403 308
405 314
409 320
415 326
421 331
427 335
433 338
439 339
445 341
451 341
457 341
463 341
469 339
475 337
481 335
487 331
493 325
498 319
501 313
503 307
503 301
503 295
501 289
497 283
491 277
485 273
479 270
473 268
467 267
461 270
459 276
459 282
453 284
449 278
447 272
446 266
445 260
445 254
445 248
445 242
446 236
447 230
449 224
451 218
454 212
457 206
461 200
465 194
470 188
474 182
479 176
483 170
487 164
490 158
493 152
495 146
496 140
497 134
498 128
500 122
504 116
510 111
516 107
522 106
528 106
534 107
540 110
546 114
551 120
554 126
556 132
556 138
556 144
555 150
554 156
551 162
547 168
541 174
535 178
529 172
530 166
531 160
525 155
519 157
513 161
507 167
501 173
496 179
492 185
488 191
484 197
481 203
478 209
477 215
477 221
478 227
482 233
488 239
494 243
500 246
506 249
512 251
518 253
524 255
530 257
536 258
542 259
548 259
554 259
560 258
566 255
572 252
576 246
578 240
572 235
566 236
560 236
554 235
552 229
556 223
562 218
568 214
574 211
580 208
586 206
592 204
598 202
604 201
610 200
616 199
622 197
628 196
634 194
640 192
646 190
652 186
658 180
660 174
659 168
653 162
647 159
646 153
649 147
655 143
661 141
667 140
673 142
679 145
685 150
689 156
693 162
695 168
698 174
700 180
701 186
703 192
704 198
704 204
705 210
705 216
705 222
705 228
705 234
704 240
704 246
703 252
702 258
700 264
698 270
692 275
686 269
686 263
685 257
681 251
675 251
669 256
666 262
664 268
663 274
663 280
664 286
666 292
669 298
674 304
680 310
686 314
692 316
698 318
704 318
710 318
716 317
722 315
728 312
734 307
739 301
742 295
744 289
745 283
746 277
745 271
743 265
741 259
747 263
745 257
743 251
737 254
731 254
728 260
726 266
720 267
719 261
718 255
718 249
719 243
719 237
719 231
720 225
721 219
722 213
722 207
723 201
724 195
724 189
725 183
726 177
726 171
727 165
727 159
729 153
731 147
735 141
741 136
747 133
753 132
759 132
765 134
771 137
777 142
782 148
785 154
788 160
790 166
791 172
791 178
790 184
784 187
778 193
777 199
777 205
778 211
780 217
782 223
784 229
787 235
790 241
793 247
797 253
801 259
806 265
811 271
817 275
823 279
829 281
835 283
841 283
847 282
853 281
859 278
865 274
871 268
875 262
878 256
880 250
881 244
882 238
883 232
883 226
883 220
883 214
883 208
883 202
882 196
880 190
879 184
876 178
870 173
864 173
860 179
859 185
857 191
851 196
845 190
842 184
840 178
839 172
838 166
838 160
838 154
839 148
840 142
842 136
844 130
847 124
851 118
857 112
863 107
869 104
875 102
881 100
887 99
893 99
899 100
905 101
911 102
917 105
923 108
929 112
935 117
941 123
945 129
949 135
952 141
953 147
954 153
955 159
954 165
952 171
948 177
942 181
936 178
930 172
924 172
918 178
916 184
915 190
915 196
915 202
915 208
916 214
917 220
918 226
920 232
922 238
924 244
927 250
931 256
936 262
942 266
948 269
954 270
960 270
966 268
972 263
975 257
975 251
971 245
965 239
964 233
966 227
970 221
976 216
982 212
988 210
994 208
1000 207
1006 206
1012 207
1018 209
1024 214
1027 220
1028 226
1024 232
1021 238
1021 244
1023 250
1026 256
1031 262
1037 266
1043 268
1049 269
1055 269
1061 268
1067 266
1073 264
1079 260
1085 258
1091 255
1097 252
1103 250
1109 247
1115 244
1121 240
1127 234
1132 228
1135 222
1136 216
1136 210
1134 204
1130 198
1124 193
1118 191
1112 191
1106 194
1100 193
1095 187
1093 181
1093 175
1094 169
1096 163
1100 157
1106 151
1112 148
1118 147
1124 147
1130 149
1136 154
1141 160
1147 166
1153 171
1159 175
1165 178
1171 181
1177 183
1183 185
1189 187
