0 216
6 216
12 217
18 219
24 222
30 225
36 226
42 228
48 228
54 227
60 225
66 223
72 220
78 217
84 215
90 213
96 213
102 213
108 213
114 214
120 215
126 217
132 219
138 221
144 223
150 224
156 225
162 226
168 226
174 227
180 227
186 227
192 226
198 225
204 225
210 223
216 222
222 221
228 220
234 220
240 219
246 220
252 221
258 222
264 223
270 224
276 224
282 224
288 223
294 222
300 221
306 220
312 219
318 218
324 218
330 217
336 217
342 217
348 217
354 216
360 216
366 215
372 215
378 215
384 214
390 215
396 215
402 215
408 216
414 217
420 218
426 220
432 222
438 224
444 226
450 228
456 230
462 230
468 229
474 228
480 226
486 222
492 219
498 216
504 213
510 213
516 213
522 214
528 216
534 219
540 221
546 222
552 224
558 224
564 224
570 223
576 222
582 222
588 220
594 220
600 220
606 220
612 220
618 220
624 221
630 221
636 221
642 220
648 219
654 218
660 217
666 217
672 218
678 219
684 222
690 224
696 226
702 228
708 228
714 227
720 225
726 223
732 221
738 219
744 217
750 217
756 217
762 218
768 219
774 220
780 220
786 221
792 221
798 221
804 221
810 222
816 222
822 223
828 223
834 224
840 223
846 223
852 222
858 220
864 219
870 218
876 217
882 216
888 216
894 216
900 217
906 217
912 218
918 218
924 218
930 218
936 218
942 218
948 219
954 220
960 222
966 223
972 223
978 224
984 223
990 223
996 221
1002 220
1008 220
1014 220
1020 221
1026 221
1032 222
1038 223
1044 223
1050 223
1056 222
1062 222
1068 221
1074 222
1080 221
1086 222
1092 222
1098 222
1104 222
1110 222
1116 220
1122 219
1128 218
1134 218
1140 218
1146 218
1152 219
1158 220
1164 221
1170 221
1176 220
1182 219
1188 218
