0 198
6 198
12 198
18 199
24 199
30 200
36 201
42 201
48 201
54 201
60 201
66 200
72 199
78 198
84 198
90 197
96 197
102 197
108 197
114 198
120 198
126 198
132 199
138 199
144 200
150 200
156 201
162 201
168 201
174 201
180 201
186 201
192 201
198 201
204 201
210 200
216 200
222 200
228 199
234 199
240 199
246 199
252 199
258 200
264 200
270 200
276 200
282 200
288 200
294 199
300 199
306 199
312 198
318 198
324 198
330 198
336 198
342 198
348 198
354 198
360 198
366 197
372 197
378 197
384 197
390 197
396 197
402 198
408 198
414 198
420 198
426 199
432 199
438 200
444 200
450 201
456 202
462 202
468 202
474 201
480 201
486 200
492 199
498 198
504 197
510 197
516 197
522 197
528 198
534 199
540 199
546 200
552 200
558 200
564 200
570 200
576 200
582 199
588 199
594 199
600 199
606 199
612 199
618 199
624 199
630 199
636 199
642 199
648 199
654 199
660 198
666 198
672 198
678 199
684 199
690 200
696 201
702 201
708 201
714 201
720 201
726 200
732 199
738 199
744 198
750 198
756 198
762 199
768 199
774 199
780 199
786 199
792 199
798 199
804 199
810 199
816 199
822 200
828 200
834 200
840 200
846 200
852 200
858 199
864 199
870 198
876 198
882 198
888 198
894 198
900 198
906 198
912 198
918 198
924 198
930 198
936 198
942 198
948 199
954 199
960 200
966 200
972 200
978 200
984 200
990 200
996 199
1002 199
1008 199
1014 199
1020 199
1026 200
1032 200
1038 200
1044 200
1050 200
1056 200
1062 200
1068 199
1074 199
1080 199
1086 200
1092 200
1098 200
1104 200
1110 200
1116 199
1122 199
1128 198
1134 198
1140 198
1146 198
1152 199
1158 199
1164 199
1170 199
1176 199
1182 199
1188 199
