0 217
6 217
12 218
18 218
24 218
30 218
36 219
42 219
48 219
54 219
60 218
66 218
72 218
78 218
84 217
90 217
96 217
102 217
108 217
114 217
120 218
126 218
132 218
138 218
144 218
150 218
156 219
162 219
168 219
174 219
180 219
186 219
192 219
198 219
204 219
210 218
216 218
222 218
228 218
234 218
240 218
246 218
252 218
258 218
264 218
270 218
276 218
282 218
288 218
294 218
300 218
306 218
312 218
318 218
324 218
330 217
336 217
342 217
348 217
354 217
360 217
366 217
372 217
378 217
384 217
390 217
396 217
402 217
408 217
414 218
420 218
426 218
432 218
438 218
444 218
450 219
456 219
462 219
468 219
474 219
480 218
486 218
492 218
498 217
504 217
510 217
516 217
522 217
528 218
534 218
540 218
546 218
552 218
558 218
564 218
570 218
576 218
582 218
588 218
594 218
600 218
606 218
612 218
618 218
624 218
630 218
636 218
642 218
648 218
654 218
660 218
666 218
672 218
678 218
684 218
690 218
696 219
702 219
708 219
714 219
720 218
726 218
732 218
738 218
744 218
750 218
756 218
762 218
768 218
774 218
780 218
786 218
792 218
798 218
804 218
810 218
816 218
822 218
828 218
834 218
840 218
846 218
852 218
858 218
864 218
870 218
876 217
882 217
888 217
894 217
900 218
906 218
912 218
918 218
924 218
930 218
936 218
942 218
948 218
954 218
960 218
966 218
972 218
978 218
984 218
990 218
996 218
1002 218
1008 218
1014 218
1020 218
1026 218
1032 218
1038 218
1044 218
1050 218
1056 218
1062 218
1068 218
1074 218
1080 218
1086 218
1092 218
1098 218
1104 218
1110 218
1116 218
1122 218
1128 218
1134 218
1140 218
1146 218
1152 218
1158 218
1164 218
1170 218
1176 218
1182 218
1188 218
